,Country,Item,Element,2000,2001,2002,2003,2004,2005,2006,2007,2008,2009,2010,2011,2012,2013,2014,2015,2016,2017
0,Kuwait,Cereals - Excluding Beer,Production,3.0,3.0,5.0,3.0,3.0,4.0,4.0,3.0,3.0,13.0,20.0,20.0,23.0,22.0,54.0,9.0,5.0,6.0
1,Kuwait,Vegetables,Losses,30.0,30.0,27.0,28.0,31.0,32.0,43.0,37.0,31.0,35.0,32.0,36.0,34.0,53.0,41.0,50.0,40.0,43.0
2,Kuwait,Vegetables,Other uses (non-food),0.0,0.0,0.0,0.0,0.0,0.0,0.0,0.0,0.0,0.0,0.0,0.0,0.0,0.0,0.0,0.0,0.0,0.0
3,Kuwait,Vegetables,Human Consumption,401.0,399.0,363.0,361.0,404.0,412.0,583.0,544.0,445.0,470.0,451.0,521.0,470.0,752.0,699.0,656.0,675.0,725.0
4,Kuwait,Vegetable Oils,Production,0.0,0.0,0.0,0.0,0.0,0.0,1.0,2.0,1.0,1.0,1.0,1.0,1.0,1.0,0.0,0.0,1.0,1.0
5,Kuwait,Vegetable Oils,Import,57.0,54.0,48.0,57.0,57.0,62.0,110.0,77.0,138.0,106.0,106.0,116.0,115.0,110.0,132.0,101.0,100.0,113.0
6,Kuwait,Vegetable Oils,Stock Variation,-4.0,0.0,4.0,-3.0,-1.0,-1.0,-32.0,0.0,-10.0,-4.0,6.0,1.0,2.0,3.0,23.0,-10.0,-3.0,-4.0
7,Kuwait,Vegetable Oils,Export,3.0,4.0,4.0,0.0,0.0,3.0,6.0,3.0,2.0,5.0,4.0,4.0,4.0,6.0,9.0,10.0,7.0,8.0
8,Kuwait,Vegetable Oils,Domestic supply,50.0,51.0,48.0,54.0,56.0,59.0,73.0,77.0,127.0,98.0,109.0,114.0,114.0,107.0,101.0,102.0,96.0,109.0
9,Kuwait,Vegetable Oils,Losses,0.0,0.0,0.0,0.0,0.0,0.0,0.0,0.0,0.0,0.0,0.0,0.0,0.0,0.0,0.0,0.0,0.0,0.0
10,Kuwait,Vegetable Oils,Other uses (non-food),18.0,13.0,9.0,15.0,20.0,23.0,31.0,33.0,74.0,48.0,51.0,53.0,51.0,53.0,47.0,43.0,35.0,47.0
11,Kuwait,Vegetable Oils,Human Consumption,32.0,37.0,40.0,39.0,37.0,36.0,44.0,44.0,54.0,52.0,59.0,62.0,64.0,57.0,57.0,63.0,64.0,67.0
12,Kuwait,Sugar & Sweeteners,Import,80.0,83.0,75.0,104.0,94.0,76.0,232.0,170.0,119.0,105.0,95.0,102.0,129.0,172.0,208.0,191.0,192.0,198.0
13,Kuwait,Sugar & Sweeteners,Stock Variation,-2.0,-5.0,17.0,-3.0,1.0,21.0,-134.0,-65.0,-11.0,14.0,16.0,11.0,1.0,-29.0,17.0,-20.0,-9.0,-19.0
14,Kuwait,Sugar & Sweeteners,Export,2.0,5.0,4.0,3.0,1.0,3.0,3.0,3.0,3.0,8.0,4.0,3.0,3.0,13.0,116.0,195.0,149.0,64.0
15,Kuwait,Sugar & Sweeteners,Domestic supply,77.0,72.0,89.0,98.0,94.0,94.0,95.0,102.0,105.0,111.0,107.0,110.0,127.0,130.0,75.0,16.0,52.0,152.0
16,Kuwait,Vegetables,Domestic supply,431.0,429.0,390.0,389.0,435.0,444.0,626.0,582.0,476.0,504.0,482.0,557.0,503.0,806.0,740.0,706.0,715.0,764.0
17,Kuwait,Vegetables,Export,6.0,5.0,2.0,1.0,1.0,1.0,1.0,2.0,1.0,13.0,1.0,2.0,4.0,17.0,12.0,35.0,37.0,24.0
18,Kuwait,Vegetables,Stock Variation,0.0,0.0,0.0,0.0,0.0,0.0,0.0,0.0,0.0,0.0,0.0,0.0,0.0,0.0,14.0,10.0,7.0,2.0
19,Kuwait,Vegetables,Import,264.0,251.0,208.0,183.0,224.0,218.0,384.0,335.0,227.0,227.0,182.0,255.0,215.0,525.0,462.0,450.0,441.0,434.0
20,Kuwait,Stimulants,Import,12.0,14.0,10.0,9.0,11.0,15.0,11.0,11.0,22.0,21.0,24.0,23.0,24.0,30.0,15.0,16.0,18.0,19.0
21,Kuwait,Stimulants,Stock Variation,-1.0,0.0,1.0,-1.0,0.0,0.0,0.0,0.0,0.0,0.0,0.0,0.0,0.0,0.0,0.0,1.0,2.0,2.0
22,Kuwait,Stimulants,Export,1.0,1.0,0.0,0.0,0.0,1.0,1.0,1.0,0.0,1.0,0.0,1.0,0.0,2.0,1.0,1.0,1.0,2.0
23,Kuwait,Stimulants,Domestic supply,11.0,13.0,11.0,8.0,11.0,14.0,11.0,11.0,21.0,20.0,24.0,22.0,24.0,28.0,14.0,13.0,15.0,15.0
24,Kuwait,Stimulants,Human Consumption,11.0,13.0,11.0,8.0,11.0,14.0,11.0,11.0,21.0,20.0,24.0,22.0,24.0,28.0,14.0,13.0,15.0,15.0
25,Kuwait,Fruits - Excluding Wine,Production,11.0,12.0,14.0,17.0,18.0,18.0,18.0,18.0,18.0,32.0,35.0,24.0,30.0,39.0,145.0,117.0,120.0,109.0
26,Kuwait,Fruits - Excluding Wine,Import,230.0,238.0,102.0,101.0,110.0,136.0,291.0,306.0,176.0,253.0,250.0,280.0,336.0,532.0,501.0,556.0,477.0,442.0
27,Kuwait,Sugar & Sweeteners,Feed,0.0,0.0,0.0,0.0,0.0,0.0,0.0,0.0,0.0,0.0,0.0,0.0,0.0,0.0,0.0,0.0,0.0,0.0
28,Kuwait,Fruits - Excluding Wine,Stock Variation,-20.0,-14.0,24.0,10.0,3.0,15.0,-38.0,-70.0,2.0,17.0,30.0,36.0,7.0,15.0,2.0,11.0,8.0,-1.0
29,Kuwait,Fruits - Excluding Wine,Domestic supply,197.0,201.0,115.0,111.0,122.0,143.0,238.0,208.0,183.0,222.0,203.0,231.0,287.0,395.0,439.0,408.0,446.0,318.0
30,Kuwait,Fruits - Excluding Wine,Feed,0.0,0.0,0.0,0.0,0.0,0.0,0.0,0.0,0.0,0.0,0.0,0.0,0.0,0.0,0.0,0.0,0.0,0.0
31,Kuwait,Fruits - Excluding Wine,Losses,8.0,8.0,6.0,6.0,6.0,6.0,11.0,8.0,9.0,15.0,11.0,13.0,11.0,20.0,28.0,30.0,27.0,24.0
32,Kuwait,Fruits - Excluding Wine,Processing,0.0,0.0,0.0,0.0,0.0,0.0,0.0,0.0,0.0,0.0,0.0,0.0,0.0,0.0,44.0,31.0,46.0,31.0
33,Kuwait,Fruits - Excluding Wine,Other uses (non-food),0.0,0.0,0.0,0.0,0.0,0.0,0.0,0.0,0.0,7.0,3.0,2.0,5.0,9.0,1.0,1.0,1.0,1.0
34,Kuwait,Fruits - Excluding Wine,Human Consumption,189.0,193.0,109.0,106.0,116.0,137.0,227.0,200.0,174.0,216.0,192.0,216.0,272.0,367.0,387.0,350.0,373.0,296.0
35,Kuwait,Vegetables,Production,173.0,183.0,184.0,208.0,212.0,227.0,244.0,248.0,251.0,291.0,302.0,305.0,292.0,298.0,305.0,302.0,318.0,357.0
36,Kuwait,Fruits - Excluding Wine,Export,25.0,34.0,25.0,17.0,8.0,25.0,33.0,45.0,13.0,81.0,111.0,109.0,86.0,192.0,204.0,253.0,143.0,233.0
37,Kuwait,Sugar & Sweeteners,Other uses (non-food),0.0,0.0,0.0,0.0,0.0,0.0,0.0,0.0,0.0,0.0,0.0,0.0,0.0,0.0,0.0,0.0,0.0,0.0
38,Kuwait,Sugar & Sweeteners,Human Consumption,77.0,72.0,89.0,98.0,94.0,94.0,95.0,102.0,105.0,111.0,107.0,110.0,127.0,131.0,140.0,156.0,153.0,163.0
39,Kuwait,Pulses,Import,17.0,15.0,14.0,19.0,18.0,17.0,20.0,26.0,20.0,19.0,19.0,17.0,13.0,28.0,30.0,28.0,31.0,39.0
40,Kuwait,Starchy Roots,Production,18.0,32.0,17.0,21.0,21.0,21.0,21.0,24.0,24.0,34.0,37.0,45.0,46.0,47.0,48.0,59.0,42.0,52.0
41,Kuwait,Starchy Roots,Import,57.0,61.0,15.0,27.0,39.0,18.0,47.0,53.0,70.0,75.0,79.0,87.0,93.0,190.0,166.0,157.0,139.0,150.0
42,Kuwait,Starchy Roots,Stock Variation,0.0,0.0,0.0,0.0,0.0,0.0,0.0,0.0,0.0,0.0,0.0,0.0,0.0,0.0,7.0,1.0,3.0,3.0
43,Kuwait,Starchy Roots,Export,0.0,0.0,0.0,0.0,0.0,0.0,0.0,0.0,0.0,1.0,1.0,1.0,1.0,2.0,11.0,10.0,4.0,7.0
44,Kuwait,Starchy Roots,Domestic supply,75.0,92.0,32.0,48.0,59.0,39.0,68.0,76.0,94.0,109.0,115.0,131.0,138.0,235.0,196.0,206.0,174.0,192.0
45,Kuwait,Starchy Roots,Feed,0.0,0.0,0.0,0.0,0.0,0.0,0.0,0.0,2.0,1.0,1.0,1.0,0.0,2.0,2.0,2.0,2.0,2.0
46,Kuwait,Starchy Roots,Seed,1.0,1.0,1.0,1.0,1.0,1.0,1.0,1.0,1.0,1.0,2.0,2.0,2.0,1.0,2.0,3.0,2.0,3.0
47,Kuwait,Oilcrops,Human Consumption,9.0,8.0,8.0,8.0,8.0,10.0,11.0,15.0,11.0,15.0,18.0,22.0,18.0,20.0,14.0,16.0,15.0,16.0
48,Kuwait,Starchy Roots,Losses,3.0,3.0,2.0,2.0,3.0,2.0,3.0,4.0,3.0,3.0,3.0,4.0,4.0,8.0,5.0,6.0,4.0,5.0
49,Kuwait,Starchy Roots,Human Consumption,71.0,88.0,30.0,45.0,55.0,36.0,63.0,71.0,87.0,103.0,109.0,124.0,131.0,221.0,183.0,193.0,164.0,180.0
50,Kuwait,Sugar Crops,Import,1.0,0.0,0.0,0.0,0.0,0.0,0.0,0.0,0.0,0.0,0.0,0.0,0.0,2.0,1.0,0.0,1.0,2.0
51,Kuwait,Sugar Crops,Stock Variation,0.0,0.0,0.0,0.0,0.0,0.0,0.0,0.0,0.0,0.0,0.0,0.0,0.0,0.0,0.0,0.0,0.0,0.0
52,Kuwait,Sugar Crops,Export,0.0,0.0,0.0,0.0,0.0,0.0,0.0,0.0,0.0,0.0,0.0,0.0,0.0,0.0,0.0,0.0,0.0,0.0
53,Kuwait,Sugar Crops,Domestic supply,1.0,0.0,0.0,0.0,0.0,0.0,0.0,0.0,0.0,0.0,0.0,0.0,0.0,2.0,1.0,0.0,1.0,2.0
54,Kuwait,Sugar Crops,Feed,0.0,0.0,0.0,0.0,0.0,0.0,0.0,0.0,0.0,0.0,0.0,0.0,0.0,0.0,0.0,0.0,0.0,0.0
55,Kuwait,Sugar Crops,Human Consumption,0.0,0.0,0.0,0.0,0.0,0.0,0.0,0.0,0.0,0.0,0.0,0.0,0.0,2.0,1.0,0.0,1.0,2.0
56,Kuwait,Starchy Roots,Other uses (non-food),0.0,0.0,0.0,0.0,0.0,1.0,0.0,0.0,1.0,1.0,1.0,1.0,0.0,3.0,3.0,2.0,2.0,1.0
57,Kuwait,Stimulants,Production,0.0,0.0,0.0,0.0,0.0,0.0,0.0,0.0,0.0,0.0,0.0,0.0,0.0,0.0,0.0,0.0,0.0,0.0
58,Kuwait,Oilcrops,Other uses (non-food),0.0,0.0,0.0,0.0,0.0,0.0,0.0,0.0,0.0,0.0,0.0,0.0,0.0,1.0,1.0,0.0,1.0,1.0
59,Kuwait,Oilcrops,Losses,0.0,0.0,0.0,0.0,0.0,0.0,0.0,0.0,0.0,0.0,0.0,0.0,0.0,0.0,0.0,0.0,0.0,0.0
60,Kuwait,Pulses,Stock Variation,0.0,0.0,0.0,0.0,0.0,0.0,0.0,-3.0,0.0,0.0,0.0,0.0,0.0,0.0,8.0,6.0,8.0,14.0
61,Kuwait,Pulses,Domestic supply,17.0,15.0,14.0,19.0,18.0,17.0,20.0,23.0,20.0,19.0,19.0,17.0,13.0,28.0,21.0,21.0,22.0,24.0
62,Kuwait,Pulses,Feed,0.0,0.0,0.0,0.0,0.0,0.0,0.0,0.0,0.0,0.0,0.0,0.0,0.0,0.0,0.0,0.0,0.0,0.0
63,Kuwait,Pulses,Human Consumption,17.0,15.0,14.0,19.0,18.0,17.0,20.0,23.0,20.0,19.0,19.0,17.0,13.0,28.0,21.0,21.0,22.0,24.0
64,Kuwait,Treenuts,Import,6.0,5.0,3.0,6.0,5.0,7.0,10.0,8.0,11.0,11.0,12.0,14.0,11.0,19.0,8.0,9.0,9.0,10.0
65,Kuwait,Treenuts,Stock Variation,0.0,0.0,0.0,0.0,-1.0,1.0,0.0,0.0,-2.0,2.0,0.0,0.0,0.0,0.0,1.0,0.0,0.0,1.0
66,Kuwait,Treenuts,Export,0.0,1.0,0.0,0.0,0.0,1.0,2.0,1.0,0.0,5.0,4.0,3.0,2.0,1.0,1.0,2.0,4.0,1.0
67,Kuwait,Oilcrops,Processing,2.0,1.0,0.0,0.0,1.0,1.0,3.0,6.0,2.0,1.0,2.0,2.0,4.0,1.0,1.0,1.0,1.0,1.0
68,Kuwait,Treenuts,Domestic supply,5.0,5.0,3.0,5.0,4.0,7.0,7.0,7.0,8.0,8.0,8.0,11.0,9.0,17.0,6.0,6.0,5.0,8.0
69,Kuwait,Treenuts,Human Consumption,5.0,5.0,3.0,5.0,4.0,7.0,7.0,7.0,8.0,8.0,8.0,11.0,9.0,17.0,6.0,6.0,7.0,8.0
70,Kuwait,Oilcrops,Production,0.0,0.0,0.0,0.0,0.0,0.0,0.0,0.0,0.0,0.0,0.0,0.0,0.0,0.0,0.0,0.0,0.0,0.0
71,Kuwait,Oilcrops,Import,12.0,9.0,11.0,8.0,9.0,12.0,15.0,20.0,14.0,17.0,20.0,24.0,22.0,29.0,24.0,25.0,21.0,20.0
72,Kuwait,Oilcrops,Stock Variation,0.0,1.0,-2.0,1.0,1.0,-1.0,-1.0,1.0,-1.0,0.0,0.0,0.0,0.0,0.0,0.0,0.0,0.0,-1.0
73,Kuwait,Oilcrops,Export,0.0,0.0,0.0,0.0,0.0,0.0,0.0,0.0,0.0,0.0,0.0,0.0,0.0,3.0,0.0,0.0,1.0,3.0
74,Kuwait,Oilcrops,Domestic supply,12.0,9.0,9.0,8.0,9.0,12.0,15.0,21.0,14.0,17.0,20.0,24.0,22.0,26.0,24.0,25.0,20.0,18.0
75,Kuwait,Oilcrops,Feed,0.0,0.0,0.0,0.0,0.0,0.0,0.0,0.0,1.0,0.0,0.0,0.0,0.0,5.0,8.0,8.0,4.0,1.0
76,Kuwait,Treenuts,Losses,0.0,0.0,0.0,0.0,0.0,0.0,0.0,0.0,0.0,0.0,0.0,0.0,0.0,0.0,0.0,0.0,0.0,0.0
77,Kuwait,Spices,Human Consumption,6.0,6.0,5.0,5.0,5.0,7.0,8.0,9.0,8.0,7.0,7.0,9.0,8.0,14.0,12.0,12.0,12.0,11.0
78,Kuwait,Pulses,Export,0.0,0.0,0.0,0.0,0.0,0.0,0.0,0.0,0.0,0.0,0.0,0.0,0.0,0.0,1.0,1.0,1.0,1.0
79,Kuwait,Spices,Export,0.0,0.0,0.0,0.0,0.0,0.0,0.0,0.0,0.0,0.0,0.0,0.0,0.0,0.0,0.0,0.0,1.0,1.0
80,Kuwait,"Fish, Seafood",Other uses (non-food),0.0,0.0,0.0,0.0,0.0,0.0,0.0,0.0,0.0,0.0,0.0,0.0,0.0,0.0,0.0,0.0,0.0,0.0
81,Kuwait,"Fish, Seafood",Human Consumption,20.0,19.0,19.0,25.0,23.0,27.0,29.0,34.0,30.0,50.0,59.0,49.0,45.0,47.0,47.0,47.0,47.0,47.0
82,Kuwait,Eggs,Production,21.0,24.0,17.0,20.0,22.0,26.0,28.0,30.0,31.0,35.0,40.0,40.0,47.0,57.0,70.0,77.0,85.0,91.0
83,Kuwait,Eggs,Import,10.0,7.0,5.0,9.0,15.0,13.0,13.0,25.0,8.0,1.0,4.0,1.0,0.0,2.0,2.0,1.0,1.0,2.0
84,Kuwait,Eggs,Stock Variation,0.0,0.0,0.0,0.0,0.0,0.0,0.0,0.0,0.0,0.0,0.0,0.0,0.0,0.0,0.0,0.0,0.0,0.0
85,Kuwait,Eggs,Export,2.0,1.0,1.0,0.0,0.0,0.0,0.0,0.0,0.0,0.0,2.0,2.0,1.0,11.0,8.0,14.0,10.0,7.0
86,Kuwait,Eggs,Domestic supply,30.0,30.0,20.0,29.0,37.0,39.0,41.0,55.0,39.0,36.0,42.0,39.0,47.0,48.0,64.0,64.0,76.0,86.0
87,Kuwait,"Fish, Seafood",Feed,0.0,0.0,1.0,3.0,6.0,3.0,1.0,3.0,3.0,4.0,0.0,0.0,0.0,0.0,0.0,0.0,0.0,0.0
88,Kuwait,Eggs,Seed,2.0,3.0,3.0,3.0,3.0,2.0,2.0,2.0,2.0,3.0,3.0,3.0,3.0,3.0,5.0,5.0,6.0,8.0
89,Kuwait,Eggs,Other uses (non-food),0.0,0.0,0.0,0.0,0.0,0.0,0.0,0.0,0.0,0.0,0.0,0.0,0.0,0.0,0.0,0.0,0.0,0.0
90,Kuwait,Eggs,Human Consumption,26.0,26.0,17.0,25.0,32.0,35.0,36.0,50.0,35.0,31.0,37.0,35.0,42.0,42.0,56.0,55.0,66.0,74.0
91,Kuwait,Milk - Excluding Butter,Production,35.0,45.0,37.0,43.0,47.0,48.0,46.0,46.0,46.0,44.0,60.0,62.0,66.0,57.0,63.0,62.0,71.0,72.0
92,Kuwait,Milk - Excluding Butter,Import,295.0,380.0,262.0,239.0,204.0,268.0,355.0,463.0,317.0,342.0,377.0,379.0,382.0,612.0,142.0,204.0,204.0,205.0
93,Kuwait,Milk - Excluding Butter,Stock Variation,9.0,-27.0,6.0,3.0,-6.0,4.0,-4.0,-126.0,3.0,32.0,29.0,72.0,42.0,-18.0,4.0,2.0,5.0,3.0
94,Kuwait,Milk - Excluding Butter,Export,3.0,2.0,5.0,1.0,2.0,12.0,11.0,13.0,5.0,16.0,28.0,84.0,72.0,124.0,110.0,112.0,102.0,85.0
95,Kuwait,Milk - Excluding Butter,Domestic supply,336.0,396.0,299.0,284.0,243.0,308.0,387.0,370.0,361.0,401.0,438.0,430.0,418.0,527.0,91.0,152.0,168.0,189.0
96,Kuwait,Eggs,Losses,2.0,2.0,1.0,1.0,2.0,2.0,2.0,3.0,2.0,2.0,2.0,2.0,2.0,3.0,3.0,4.0,4.0,4.0
97,Kuwait,Milk - Excluding Butter,Feed,0.0,0.0,0.0,0.0,0.0,0.0,0.0,0.0,0.0,0.0,0.0,0.0,0.0,0.0,10.0,0.0,3.0,1.0
98,Kuwait,"Fish, Seafood",Export,1.0,0.0,0.0,0.0,0.0,0.0,5.0,1.0,1.0,2.0,1.0,1.0,1.0,0.0,0.0,0.0,0.0,0.0
99,Kuwait,"Fish, Seafood",Import,14.0,13.0,14.0,24.0,24.0,26.0,28.0,33.0,30.0,51.0,54.0,46.0,41.0,42.0,42.0,42.0,42.0,42.0
100,Kuwait,Spices,Domestic supply,6.0,6.0,5.0,5.0,5.0,7.0,8.0,9.0,8.0,6.0,7.0,9.0,8.0,14.0,12.0,12.0,12.0,11.0
101,Kuwait,Cereals - Excluding Beer,Import,760.0,662.0,608.0,579.0,686.0,851.0,863.0,791.0,921.0,1003.0,851.0,923.0,946.0,1170.0,1519.0,1181.0,1330.0,1621.0
102,Kuwait,Cereals - Excluding Beer,Stock Variation,-79.0,-34.0,55.0,40.0,-115.0,-80.0,-115.0,-44.0,-51.0,-40.0,75.0,-43.0,60.0,0.0,117.0,-96.0,37.0,37.0
103,Kuwait,Cereals - Excluding Beer,Export,35.0,15.0,9.0,5.0,1.0,10.0,13.0,13.0,3.0,58.0,52.0,56.0,60.0,92.0,98.0,108.0,121.0,122.0
104,Kuwait,Cereals - Excluding Beer,Domestic supply,648.0,616.0,659.0,617.0,573.0,765.0,739.0,738.0,870.0,919.0,894.0,843.0,969.0,1100.0,1358.0,1178.0,1177.0,1468.0
105,Kuwait,Cereals - Excluding Beer,Feed,322.0,277.0,280.0,232.0,160.0,333.0,293.0,268.0,369.0,405.0,336.0,232.0,356.0,515.0,746.0,550.0,526.0,774.0
106,Kuwait,Cereals - Excluding Beer,Seed,0.0,0.0,0.0,0.0,0.0,0.0,0.0,0.0,0.0,0.0,0.0,0.0,0.0,0.0,0.0,0.0,0.0,0.0
107,Kuwait,"Fish, Seafood",Stock Variation,0.0,0.0,0.0,0.0,0.0,-1.0,1.0,0.0,0.0,0.0,0.0,0.0,0.0,0.0,0.0,0.0,0.0,0.0
108,Kuwait,Cereals - Excluding Beer,Losses,41.0,38.0,40.0,37.0,36.0,46.0,45.0,46.0,54.0,62.0,62.0,63.0,67.0,74.0,32.0,24.0,20.0,30.0
109,Kuwait,Cereals - Excluding Beer,Human Consumption,277.0,292.0,333.0,342.0,363.0,371.0,383.0,403.0,432.0,436.0,478.0,522.0,532.0,495.0,562.0,582.0,611.0,637.0
110,Kuwait,"Aquatic Products, Other",Import,0.0,0.0,0.0,0.0,0.0,0.0,0.0,0.0,0.0,0.0,0.0,0.0,0.0,0.0,0.0,0.0,0.0,0.0
111,Kuwait,"Aquatic Products, Other",Export,0.0,0.0,0.0,0.0,0.0,0.0,0.0,0.0,0.0,0.0,0.0,0.0,0.0,0.0,0.0,0.0,0.0,0.0
112,Kuwait,"Aquatic Products, Other",Domestic supply,0.0,0.0,0.0,0.0,0.0,0.0,0.0,0.0,0.0,0.0,0.0,0.0,0.0,0.0,0.0,0.0,0.0,0.0
113,Kuwait,"Aquatic Products, Other",Other uses (non-food),0.0,0.0,0.0,0.0,0.0,0.0,0.0,0.0,0.0,0.0,0.0,0.0,0.0,0.0,0.0,0.0,0.0,0.0
114,Kuwait,"Aquatic Products, Other",Human Consumption,0.0,0.0,0.0,0.0,0.0,0.0,0.0,0.0,0.0,0.0,0.0,0.0,0.0,0.0,0.0,0.0,0.0,0.0
115,Kuwait,"Fish, Seafood",Production,7.0,6.0,6.0,4.0,5.0,5.0,6.0,5.0,4.0,5.0,7.0,4.0,4.0,5.0,5.0,5.0,5.0,5.0
116,Kuwait,Cereals - Excluding Beer,Other uses (non-food),8.0,8.0,6.0,6.0,13.0,14.0,18.0,21.0,15.0,17.0,18.0,26.0,14.0,17.0,18.0,22.0,21.0,26.0
117,Kuwait,Milk - Excluding Butter,Other uses (non-food),0.0,0.0,0.0,0.0,0.0,0.0,24.0,22.0,0.0,0.0,0.0,0.0,0.0,0.0,0.0,0.0,0.0,0.0
118,Kuwait,"Fish, Seafood",Domestic supply,20.0,19.0,19.0,28.0,29.0,30.0,30.0,37.0,33.0,55.0,60.0,49.0,45.0,47.0,47.0,47.0,47.0,47.0
119,Kuwait,Animal fats,Production,5.0,5.0,6.0,6.0,6.0,7.0,6.0,6.0,6.0,6.0,5.0,5.0,5.0,6.0,3.0,3.0,3.0,3.0
120,Kuwait,Meat,Domestic supply,150.0,165.0,151.0,189.0,228.0,277.0,228.0,265.0,312.0,359.0,316.0,283.0,267.0,277.0,256.0,270.0,270.0,274.0
121,Kuwait,Meat,Other uses (non-food),0.0,0.0,0.0,0.0,0.0,0.0,0.0,0.0,25.0,25.0,15.0,5.0,0.0,0.0,1.0,1.0,1.0,1.0
122,Kuwait,Meat,Human Consumption,150.0,165.0,151.0,189.0,228.0,278.0,228.0,265.0,287.0,334.0,301.0,278.0,267.0,279.0,255.0,268.0,269.0,272.0
123,Kuwait,Miscellaneous,Import,3.0,3.0,3.0,3.0,5.0,5.0,7.0,4.0,4.0,4.0,5.0,5.0,5.0,7.0,59.0,55.0,52.0,54.0
124,Kuwait,Miscellaneous,Stock Variation,0.0,0.0,0.0,0.0,0.0,0.0,0.0,0.0,0.0,0.0,0.0,0.0,0.0,0.0,-1.0,0.0,0.0,0.0
125,Kuwait,Miscellaneous,Export,0.0,0.0,0.0,0.0,0.0,0.0,0.0,0.0,0.0,0.0,0.0,0.0,0.0,0.0,8.0,4.0,2.0,7.0
126,Kuwait,Miscellaneous,Human Consumption,3.0,3.0,3.0,3.0,5.0,5.0,7.0,3.0,4.0,4.0,5.0,5.0,5.0,7.0,53.0,51.0,51.0,48.0
127,Kuwait,Alcoholic Beverages,Import,0.0,0.0,0.0,1.0,0.0,0.0,0.0,1.0,1.0,4.0,0.0,0.0,0.0,1.0,1.0,1.0,1.0,1.0
128,Kuwait,Alcoholic Beverages,Stock Variation,0.0,0.0,0.0,0.0,0.0,0.0,0.0,0.0,0.0,0.0,0.0,0.0,0.0,0.0,0.0,0.0,0.0,0.0
129,Kuwait,Alcoholic Beverages,Export,0.0,0.0,0.0,0.0,0.0,0.0,0.0,0.0,0.0,0.0,0.0,0.0,0.0,0.0,0.0,0.0,0.0,0.0
130,Kuwait,Alcoholic Beverages,Domestic supply,0.0,0.0,0.0,1.0,0.0,0.0,0.0,1.0,1.0,4.0,0.0,0.0,0.0,1.0,1.0,1.0,1.0,1.0
131,Kuwait,Alcoholic Beverages,Other uses (non-food),0.0,0.0,0.0,0.0,0.0,0.0,0.0,0.0,0.0,0.0,0.0,0.0,0.0,1.0,1.0,1.0,1.0,1.0
132,Kuwait,Alcoholic Beverages,Human Consumption,0.0,0.0,0.0,1.0,0.0,0.0,0.0,1.0,1.0,4.0,0.0,0.0,0.0,0.0,0.0,0.0,0.0,0.0
133,Kuwait,Spices,Production,0.0,0.0,0.0,0.0,0.0,0.0,0.0,0.0,0.0,0.0,0.0,1.0,1.0,1.0,0.0,0.0,0.0,0.0
134,Kuwait,Spices,Import,6.0,6.0,4.0,5.0,4.0,7.0,7.0,9.0,7.0,6.0,7.0,9.0,8.0,13.0,14.0,14.0,16.0,18.0
135,Kuwait,Milk - Excluding Butter,Human Consumption,336.0,396.0,299.0,284.0,243.0,308.0,363.0,349.0,361.0,401.0,438.0,430.0,418.0,531.0,110.0,166.0,175.0,194.0
136,Kuwait,Spices,Stock Variation,0.0,0.0,0.0,0.0,0.0,0.0,0.0,0.0,0.0,0.0,0.0,0.0,0.0,0.0,2.0,3.0,3.0,6.0
137,Kuwait,Meat,Export,2.0,1.0,0.0,0.0,0.0,0.0,0.0,0.0,0.0,2.0,1.0,1.0,1.0,7.0,4.0,6.0,6.0,10.0
138,Kuwait,Meat,Stock Variation,0.0,0.0,0.0,0.0,0.0,0.0,0.0,0.0,0.0,0.0,0.0,0.0,0.0,0.0,11.0,15.0,21.0,25.0
139,Kuwait,Miscellaneous,Domestic supply,3.0,3.0,3.0,3.0,5.0,5.0,7.0,3.0,4.0,4.0,5.0,5.0,5.0,7.0,53.0,51.0,51.0,48.0
140,Kuwait,Meat,Import,83.0,91.0,73.0,108.0,142.0,198.0,145.0,182.0,231.0,276.0,232.0,201.0,181.0,193.0,177.0,189.0,187.0,199.0
141,Kuwait,Animal fats,Import,11.0,14.0,13.0,9.0,8.0,11.0,13.0,14.0,8.0,9.0,8.0,7.0,10.0,15.0,5.0,4.0,5.0,7.0
142,Kuwait,Animal fats,Stock Variation,-1.0,1.0,0.0,0.0,0.0,0.0,0.0,0.0,0.0,0.0,0.0,0.0,0.0,0.0,0.0,0.0,0.0,0.0
143,Kuwait,Animal fats,Export,7.0,8.0,0.0,0.0,0.0,1.0,1.0,2.0,1.0,6.0,2.0,2.0,1.0,4.0,1.0,1.0,4.0,1.0
144,Kuwait,Animal fats,Domestic supply,8.0,11.0,19.0,15.0,14.0,17.0,18.0,18.0,13.0,8.0,11.0,10.0,14.0,18.0,7.0,6.0,5.0,9.0
145,Kuwait,Animal fats,Feed,0.0,0.0,0.0,0.0,0.0,0.0,0.0,0.0,0.0,0.0,0.0,0.0,0.0,0.0,0.0,0.0,0.0,0.0
146,Kuwait,Animal fats,Other uses (non-food),0.0,1.0,5.0,6.0,6.0,7.0,6.0,6.0,6.0,6.0,5.0,5.0,5.0,8.0,7.0,6.0,5.0,9.0
147,Kuwait,Animal fats,Human Consumption,9.0,12.0,14.0,9.0,8.0,11.0,11.0,12.0,7.0,7.0,7.0,5.0,9.0,10.0,0.0,0.0,0.0,0.0
148,Kuwait,Offals,Production,10.0,10.0,12.0,12.0,13.0,14.0,13.0,13.0,12.0,12.0,11.0,11.0,11.0,13.0,9.0,9.0,11.0,10.0
149,Kuwait,Animal fats,Losses,0.0,0.0,0.0,0.0,0.0,0.0,0.0,0.0,0.0,0.0,0.0,0.0,0.0,0.0,0.0,0.0,0.0,0.0
150,Kuwait,Offals,Export,0.0,0.0,0.0,0.0,0.0,0.0,0.0,0.0,0.0,0.0,0.0,1.0,0.0,0.0,0.0,0.0,0.0,0.0
151,Kuwait,Offals,Domestic supply,11.0,10.0,12.0,12.0,13.0,14.0,14.0,13.0,13.0,13.0,12.0,13.0,13.0,14.0,10.0,10.0,12.0,11.0
152,Kuwait,Offals,Losses,0.0,0.0,0.0,0.0,0.0,0.0,0.0,0.0,0.0,0.0,0.0,0.0,0.0,0.0,0.0,0.0,0.0,0.0
153,Kuwait,Offals,Other uses (non-food),0.0,0.0,0.0,0.0,0.0,0.0,0.0,0.0,0.0,0.0,0.0,0.0,0.0,0.0,0.0,0.0,0.0,0.0
154,Kuwait,Offals,Human Consumption,11.0,10.0,12.0,12.0,13.0,14.0,14.0,13.0,13.0,13.0,12.0,13.0,13.0,14.0,10.0,10.0,12.0,11.0
155,Kuwait,Meat,Production,69.0,76.0,79.0,81.0,86.0,80.0,83.0,82.0,81.0,85.0,85.0,83.0,87.0,91.0,94.0,103.0,111.0,110.0
156,Kuwait,Offals,Import,1.0,0.0,0.0,0.0,0.0,0.0,0.0,1.0,1.0,1.0,1.0,3.0,2.0,1.0,1.0,1.0,2.0,2.0
157,Kyrgyzstan,Vegetables,Human Consumption,641.0,709.0,546.0,664.0,665.0,668.0,762.0,764.0,769.0,808.0,812.0,795.0,829.0,839.0,883.0,1030.0,1123.0,1141.0
158,Kyrgyzstan,Vegetable Oils,Other uses (non-food),0.0,1.0,3.0,12.0,12.0,11.0,12.0,14.0,17.0,36.0,29.0,26.0,27.0,22.0,32.0,34.0,23.0,31.0
159,Kyrgyzstan,Vegetable Oils,Production,9.0,7.0,9.0,11.0,12.0,15.0,17.0,18.0,18.0,21.0,18.0,13.0,13.0,8.0,9.0,14.0,12.0,9.0
160,Kyrgyzstan,Vegetable Oils,Import,6.0,7.0,10.0,18.0,21.0,18.0,22.0,27.0,33.0,43.0,44.0,42.0,48.0,50.0,58.0,65.0,47.0,56.0
161,Kyrgyzstan,Vegetable Oils,Stock Variation,-1.0,0.0,0.0,1.0,0.0,-1.0,1.0,0.0,0.0,0.0,0.0,0.0,0.0,0.0,-2.0,8.0,-1.0,-1.0
162,Kyrgyzstan,Vegetable Oils,Export,0.0,0.0,0.0,0.0,0.0,0.0,0.0,0.0,0.0,0.0,0.0,0.0,0.0,0.0,0.0,0.0,0.0,0.0
163,Kyrgyzstan,Vegetable Oils,Domestic supply,13.0,14.0,19.0,29.0,33.0,32.0,40.0,45.0,51.0,64.0,62.0,55.0,61.0,58.0,69.0,71.0,59.0,66.0
164,Kyrgyzstan,Vegetable Oils,Processing,0.0,0.0,0.0,0.0,0.0,0.0,0.0,0.0,0.0,0.0,0.0,0.0,0.0,0.0,0.0,0.0,0.0,0.0
165,Kyrgyzstan,Vegetable Oils,Human Consumption,13.0,13.0,15.0,17.0,21.0,21.0,28.0,30.0,34.0,28.0,33.0,29.0,34.0,36.0,37.0,37.0,35.0,36.0
166,Kyrgyzstan,Sugar & Sweeteners,Other uses (non-food),0.0,0.0,0.0,0.0,0.0,0.0,0.0,0.0,0.0,0.0,0.0,0.0,0.0,0.0,0.0,0.0,0.0,0.0
167,Kyrgyzstan,Sugar & Sweeteners,Import,12.0,25.0,50.0,62.0,77.0,102.0,114.0,99.0,91.0,102.0,81.0,109.0,109.0,109.0,170.0,134.0,130.0,126.0
168,Kyrgyzstan,Sugar & Sweeteners,Stock Variation,-5.0,9.0,-20.0,-43.0,18.0,20.0,5.0,-4.0,31.0,25.0,42.0,23.0,23.0,39.0,-30.0,-48.0,4.0,-2.0
169,Kyrgyzstan,Sugar & Sweeteners,Export,4.0,7.0,16.0,23.0,71.0,38.0,15.0,17.0,4.0,3.0,4.0,5.0,2.0,1.0,3.0,5.0,6.0,10.0
170,Kyrgyzstan,Sugar & Sweeteners,Domestic supply,68.0,63.0,72.0,74.0,105.0,117.0,132.0,129.0,134.0,133.0,137.0,146.0,145.0,176.0,337.0,340.0,344.0,360.0
171,Kyrgyzstan,Sugar & Sweeteners,Feed,0.0,0.0,0.0,0.0,0.0,0.0,0.0,0.0,0.0,0.0,0.0,0.0,0.0,0.0,0.0,0.0,0.0,0.0
172,Kyrgyzstan,Sugar & Sweeteners,Processing,0.0,0.0,0.0,0.0,0.0,0.0,0.0,0.0,0.0,0.0,0.0,0.0,0.0,0.0,24.0,30.0,33.0,33.0
173,Kyrgyzstan,Sugar & Sweeteners,Losses,1.0,1.0,1.0,1.0,2.0,1.0,1.0,1.0,1.0,1.0,1.0,1.0,1.0,1.0,0.0,0.0,0.0,0.0
174,Kyrgyzstan,Vegetables,Processing,0.0,0.0,0.0,0.0,0.0,0.0,0.0,0.0,0.0,0.0,0.0,0.0,0.0,0.0,9.0,10.0,10.0,10.0
175,Kyrgyzstan,Sugar & Sweeteners,Production,65.0,35.0,58.0,78.0,81.0,33.0,29.0,51.0,15.0,10.0,18.0,19.0,15.0,29.0,141.0,163.0,224.0,242.0
176,Kyrgyzstan,Vegetables,Losses,35.0,38.0,30.0,37.0,38.0,41.0,44.0,45.0,43.0,45.0,40.0,40.0,40.0,35.0,55.0,64.0,64.0,65.0
177,Kyrgyzstan,Stimulants,Export,0.0,0.0,1.0,1.0,1.0,1.0,2.0,2.0,2.0,2.0,2.0,2.0,2.0,2.0,0.0,0.0,0.0,0.0
178,Kyrgyzstan,Vegetables,Domestic supply,786.0,774.0,588.0,744.0,797.0,744.0,834.0,865.0,878.0,877.0,860.0,848.0,963.0,966.0,1029.0,1218.0,1310.0,1331.0
179,Kyrgyzstan,Stimulants,Import,5.0,5.0,5.0,7.0,9.0,10.0,11.0,14.0,17.0,18.0,16.0,19.0,18.0,17.0,4.0,5.0,6.0,8.0
180,Kyrgyzstan,Sugar & Sweeteners,Human Consumption,67.0,62.0,71.0,73.0,104.0,116.0,131.0,128.0,133.0,132.0,136.0,145.0,144.0,175.0,313.0,311.0,318.0,328.0
181,Kyrgyzstan,Stimulants,Stock Variation,0.0,0.0,0.0,0.0,0.0,0.0,0.0,0.0,0.0,0.0,0.0,0.0,0.0,0.0,-1.0,0.0,0.0,1.0
182,Kyrgyzstan,Stimulants,Domestic supply,5.0,5.0,4.0,6.0,8.0,9.0,9.0,12.0,14.0,15.0,14.0,16.0,16.0,15.0,5.0,5.0,5.0,6.0
183,Kyrgyzstan,Stimulants,Human Consumption,5.0,5.0,4.0,6.0,8.0,9.0,9.0,12.0,14.0,15.0,14.0,16.0,16.0,15.0,5.0,5.0,5.0,6.0
184,Kyrgyzstan,Fruits - Excluding Wine,Production,188.0,192.0,174.0,158.0,190.0,158.0,201.0,195.0,196.0,213.0,198.0,222.0,231.0,242.0,251.0,217.0,226.0,247.0
185,Kyrgyzstan,Fruits - Excluding Wine,Import,6.0,7.0,11.0,13.0,29.0,52.0,91.0,91.0,81.0,69.0,60.0,48.0,40.0,46.0,43.0,53.0,83.0,75.0
186,Kyrgyzstan,Fruits - Excluding Wine,Stock Variation,0.0,0.0,0.0,-1.0,0.0,-1.0,2.0,-1.0,1.0,-12.0,13.0,0.0,0.0,0.0,0.0,0.0,0.0,0.0
187,Kyrgyzstan,Vegetables,Feed,110.0,27.0,12.0,41.0,94.0,34.0,27.0,56.0,66.0,25.0,7.0,12.0,94.0,91.0,82.0,114.0,113.0,115.0
188,Kyrgyzstan,Fruits - Excluding Wine,Export,49.0,28.0,20.0,15.0,19.0,22.0,38.0,54.0,92.0,84.0,86.0,86.0,93.0,87.0,50.0,14.0,17.0,43.0
189,Kyrgyzstan,Fruits - Excluding Wine,Feed,0.0,0.0,0.0,0.0,4.0,2.0,0.0,2.0,14.0,7.0,4.0,3.0,17.0,26.0,21.0,17.0,20.0,21.0
190,Kyrgyzstan,Fruits - Excluding Wine,Losses,5.0,7.0,6.0,5.0,7.0,6.0,9.0,9.0,7.0,7.0,8.0,10.0,8.0,10.0,14.0,13.0,15.0,17.0
191,Kyrgyzstan,Fruits - Excluding Wine,Processing,6.0,7.0,7.0,5.0,4.0,3.0,4.0,3.0,2.0,2.0,3.0,2.0,2.0,3.0,13.0,13.0,16.0,19.0
192,Kyrgyzstan,Fruits - Excluding Wine,Human Consumption,134.0,156.0,152.0,144.0,185.0,176.0,243.0,218.0,163.0,170.0,169.0,168.0,151.0,162.0,196.0,213.0,242.0,230.0
193,Kyrgyzstan,Vegetables,Production,814.0,901.0,500.0,764.0,831.0,823.0,860.0,910.0,951.0,973.0,970.0,973.0,1060.0,1078.0,1126.0,1307.0,1302.0,1328.0
194,Kyrgyzstan,Vegetables,Import,2.0,2.0,2.0,3.0,4.0,4.0,8.0,12.0,13.0,12.0,8.0,10.0,10.0,9.0,21.0,20.0,32.0,45.0
195,Kyrgyzstan,Vegetables,Stock Variation,0.0,-110.0,110.0,0.0,0.0,-48.0,18.0,10.0,0.0,-27.0,27.0,0.0,0.0,0.0,5.0,5.0,8.0,4.0
196,Kyrgyzstan,Vegetables,Export,29.0,18.0,24.0,24.0,38.0,35.0,51.0,67.0,86.0,81.0,146.0,135.0,107.0,121.0,113.0,105.0,17.0,39.0
197,Kyrgyzstan,Fruits - Excluding Wine,Domestic supply,145.0,170.0,165.0,154.0,200.0,187.0,257.0,231.0,186.0,186.0,184.0,184.0,178.0,201.0,244.0,257.0,291.0,280.0
198,Kyrgyzstan,Pulses,Production,19.0,29.0,39.0,37.0,37.0,46.0,58.0,74.0,71.0,71.0,74.0,76.0,81.0,65.0,90.0,186.0,193.0,196.0
199,Kyrgyzstan,Sugar Crops,Export,29.0,32.0,41.0,50.0,67.0,0.0,8.0,0.0,0.0,0.0,0.0,0.0,0.0,0.0,0.0,0.0,0.0,31.0
200,Kyrgyzstan,Pulses,Export,4.0,12.0,20.0,17.0,31.0,21.0,38.0,65.0,34.0,40.0,57.0,76.0,62.0,36.0,38.0,67.0,84.0,64.0
201,Kyrgyzstan,Starchy Roots,Production,1046.0,1168.0,1244.0,1308.0,1363.0,1141.0,1255.0,1374.0,1335.0,1393.0,1339.0,1379.0,1313.0,1332.0,1321.0,1416.0,1388.0,1416.0
202,Kyrgyzstan,Starchy Roots,Import,1.0,0.0,0.0,1.0,0.0,0.0,2.0,5.0,1.0,1.0,2.0,2.0,1.0,2.0,3.0,2.0,1.0,8.0
203,Kyrgyzstan,Starchy Roots,Stock Variation,0.0,0.0,0.0,0.0,0.0,0.0,0.0,0.0,0.0,0.0,0.0,0.0,0.0,0.0,-3.0,44.0,35.0,37.0
204,Kyrgyzstan,Starchy Roots,Export,12.0,8.0,2.0,1.0,3.0,1.0,0.0,1.0,2.0,1.0,76.0,90.0,62.0,45.0,27.0,20.0,7.0,13.0
205,Kyrgyzstan,Starchy Roots,Domestic supply,1034.0,1161.0,1242.0,1308.0,1360.0,1141.0,1256.0,1378.0,1335.0,1393.0,1265.0,1290.0,1251.0,1289.0,1299.0,1355.0,1348.0,1374.0
206,Kyrgyzstan,Starchy Roots,Feed,204.0,248.0,326.0,286.0,362.0,123.0,392.0,491.0,477.0,521.0,412.0,435.0,400.0,422.0,425.0,459.0,454.0,461.0
207,Kyrgyzstan,Starchy Roots,Seed,224.0,239.0,251.0,275.0,245.0,261.0,279.0,274.0,274.0,265.0,270.0,260.0,249.0,252.0,250.0,265.0,254.0,258.0
208,Kyrgyzstan,Starchy Roots,Losses,63.0,58.0,50.0,26.0,10.0,8.0,60.0,63.0,63.0,67.0,62.0,63.0,61.0,62.0,62.0,60.0,60.0,67.0
209,Kyrgyzstan,Oilcrops,Human Consumption,0.0,0.0,0.0,0.0,0.0,0.0,0.0,0.0,0.0,0.0,0.0,1.0,0.0,0.0,1.0,1.0,1.0,1.0
210,Kyrgyzstan,Starchy Roots,Processing,2.0,3.0,3.0,4.0,5.0,4.0,13.0,45.0,10.0,10.0,5.0,2.0,2.0,2.0,2.0,2.0,2.0,2.0
211,Kyrgyzstan,Starchy Roots,Human Consumption,541.0,613.0,612.0,717.0,738.0,745.0,513.0,505.0,511.0,530.0,517.0,530.0,539.0,551.0,559.0,568.0,577.0,585.0
212,Kyrgyzstan,Sugar Crops,Production,450.0,287.0,521.0,812.0,642.0,289.0,226.0,155.0,98.0,54.0,139.0,159.0,102.0,195.0,174.0,183.0,705.0,712.0
213,Kyrgyzstan,Sugar Crops,Import,9.0,5.0,0.0,0.0,0.0,0.0,0.0,0.0,0.0,0.0,0.0,0.0,0.0,0.0,0.0,0.0,0.0,0.0
214,Kyrgyzstan,Sugar Crops,Stock Variation,0.0,0.0,0.0,-80.0,80.0,-60.0,-20.0,80.0,0.0,0.0,0.0,0.0,0.0,0.0,-37.0,0.0,214.0,31.0
215,Kyrgyzstan,Sugar Crops,Domestic supply,430.0,259.0,480.0,682.0,655.0,229.0,198.0,235.0,98.0,54.0,139.0,159.0,102.0,195.0,210.0,183.0,491.0,650.0
216,Kyrgyzstan,Sugar Crops,Losses,2.0,1.0,3.0,4.0,4.0,1.0,1.0,1.0,0.0,0.0,1.0,1.0,1.0,1.0,9.0,9.0,4.0,4.0
217,Kyrgyzstan,Sugar Crops,Processing,428.0,258.0,477.0,678.0,652.0,227.0,197.0,234.0,98.0,54.0,138.0,158.0,102.0,194.0,202.0,180.0,488.0,647.0
218,Kyrgyzstan,Stimulants,Production,0.0,0.0,0.0,0.0,0.0,0.0,0.0,0.0,0.0,0.0,0.0,0.0,0.0,0.0,0.0,0.0,0.0,0.0
219,Kyrgyzstan,Starchy Roots,Other uses (non-food),0.0,0.0,0.0,0.0,0.0,0.0,0.0,0.0,0.0,0.0,0.0,1.0,0.0,0.0,0.0,1.0,1.0,1.0
220,Kyrgyzstan,Pulses,Import,0.0,0.0,0.0,0.0,0.0,0.0,0.0,0.0,0.0,0.0,3.0,1.0,2.0,2.0,2.0,2.0,1.0,2.0
221,Kyrgyzstan,Oilcrops,Other uses (non-food),28.0,41.0,34.0,42.0,51.0,33.0,7.0,0.0,1.0,0.0,0.0,0.0,0.0,0.0,0.0,0.0,5.0,0.0
222,Kyrgyzstan,Oilcrops,Losses,2.0,2.0,2.0,3.0,3.0,3.0,3.0,3.0,2.0,2.0,2.0,2.0,2.0,2.0,2.0,2.0,2.0,2.0
223,Kyrgyzstan,Pulses,Domestic supply,15.0,18.0,20.0,20.0,6.0,25.0,14.0,16.0,37.0,24.0,19.0,9.0,22.0,31.0,26.0,127.0,125.0,136.0
224,Kyrgyzstan,Pulses,Feed,0.0,0.0,0.0,1.0,1.0,1.0,1.0,1.0,3.0,2.0,1.0,1.0,2.0,1.0,1.0,89.0,90.0,93.0
225,Kyrgyzstan,Pulses,Losses,0.0,0.0,0.0,0.0,0.0,0.0,0.0,0.0,0.0,0.0,0.0,0.0,0.0,0.0,4.0,8.0,8.0,8.0
226,Kyrgyzstan,Pulses,Human Consumption,15.0,18.0,20.0,19.0,5.0,25.0,13.0,14.0,34.0,22.0,18.0,8.0,20.0,30.0,21.0,30.0,27.0,35.0
227,Kyrgyzstan,Treenuts,Production,6.0,7.0,9.0,7.0,9.0,9.0,11.0,14.0,16.0,14.0,14.0,15.0,15.0,18.0,15.0,16.0,17.0,17.0
228,Kyrgyzstan,Treenuts,Import,0.0,0.0,0.0,0.0,0.0,0.0,0.0,0.0,2.0,2.0,1.0,1.0,1.0,1.0,2.0,2.0,2.0,5.0
229,Kyrgyzstan,Treenuts,Stock Variation,-1.0,1.0,0.0,0.0,0.0,0.0,0.0,0.0,0.0,0.0,0.0,0.0,0.0,0.0,0.0,0.0,0.0,2.0
230,Kyrgyzstan,Treenuts,Export,2.0,3.0,5.0,2.0,3.0,2.0,3.0,6.0,8.0,4.0,5.0,6.0,7.0,8.0,8.0,6.0,2.0,5.0
231,Kyrgyzstan,Oilcrops,Processing,33.0,26.0,34.0,38.0,42.0,59.0,63.0,67.0,69.0,79.0,73.0,51.0,54.0,40.0,40.0,31.0,26.0,32.0
232,Kyrgyzstan,Treenuts,Domestic supply,3.0,4.0,4.0,6.0,7.0,8.0,8.0,8.0,10.0,11.0,10.0,10.0,10.0,11.0,9.0,12.0,16.0,15.0
233,Kyrgyzstan,Treenuts,Human Consumption,3.0,4.0,4.0,6.0,7.0,8.0,8.0,8.0,10.0,11.0,10.0,10.0,11.0,11.0,11.0,12.0,15.0,15.0
234,Kyrgyzstan,Oilcrops,Production,108.0,123.0,134.0,148.0,174.0,166.0,156.0,138.0,129.0,106.0,110.0,118.0,114.0,99.0,91.0,78.0,75.0,81.0
235,Kyrgyzstan,Oilcrops,Import,0.0,0.0,0.0,0.0,0.0,1.0,0.0,1.0,1.0,1.0,3.0,6.0,11.0,8.0,8.0,4.0,2.0,7.0
236,Kyrgyzstan,Oilcrops,Stock Variation,7.0,2.0,1.0,0.0,0.0,0.0,-23.0,-13.0,-12.0,27.0,10.0,-21.0,-13.0,-5.0,12.0,-2.0,-2.0,15.0
237,Kyrgyzstan,Oilcrops,Export,7.0,2.0,0.0,0.0,3.0,1.0,1.0,1.0,0.0,0.0,2.0,1.0,0.0,1.0,0.0,1.0,2.0,1.0
238,Kyrgyzstan,Oilcrops,Domestic supply,109.0,124.0,136.0,148.0,171.0,165.0,133.0,126.0,118.0,133.0,120.0,102.0,112.0,101.0,88.0,83.0,76.0,72.0
239,Kyrgyzstan,Oilcrops,Feed,42.0,49.0,59.0,60.0,70.0,65.0,55.0,51.0,42.0,47.0,40.0,44.0,52.0,56.0,42.0,47.0,39.0,35.0
240,Kyrgyzstan,Oilcrops,Seed,5.0,5.0,5.0,5.0,6.0,6.0,5.0,5.0,3.0,4.0,5.0,4.0,3.0,3.0,3.0,3.0,3.0,2.0
241,Kyrgyzstan,Treenuts,Losses,0.0,0.0,0.0,0.0,0.0,0.0,0.0,0.0,0.0,0.0,0.0,0.0,0.0,0.0,1.0,1.0,1.0,1.0
242,Kyrgyzstan,Spices,Human Consumption,0.0,0.0,0.0,0.0,0.0,1.0,0.0,1.0,1.0,1.0,1.0,2.0,2.0,2.0,2.0,2.0,2.0,2.0
243,Kyrgyzstan,Pulses,Stock Variation,0.0,0.0,0.0,0.0,0.0,0.0,-7.0,7.0,0.0,-8.0,0.0,8.0,0.0,0.0,29.0,-6.0,-15.0,-2.0
244,Kyrgyzstan,Spices,Domestic supply,0.0,0.0,0.0,0.0,0.0,1.0,0.0,1.0,1.0,1.0,1.0,2.0,2.0,2.0,2.0,2.0,2.0,2.0
245,Kyrgyzstan,"Fish, Seafood",Other uses (non-food),0.0,0.0,0.0,0.0,0.0,0.0,0.0,0.0,0.0,0.0,0.0,0.0,0.0,0.0,0.0,0.0,0.0,0.0
246,Kyrgyzstan,"Fish, Seafood",Human Consumption,4.0,4.0,5.0,6.0,7.0,7.0,9.0,12.0,13.0,10.0,11.0,13.0,13.0,13.0,18.0,11.0,7.0,7.0
247,Kyrgyzstan,Eggs,Production,12.0,13.0,14.0,15.0,17.0,18.0,19.0,21.0,21.0,21.0,21.0,22.0,23.0,24.0,25.0,24.0,26.0,29.0
248,Kyrgyzstan,Eggs,Import,2.0,1.0,1.0,1.0,0.0,0.0,0.0,1.0,1.0,1.0,4.0,4.0,3.0,3.0,4.0,2.0,0.0,1.0
249,Kyrgyzstan,Eggs,Stock Variation,0.0,0.0,0.0,0.0,0.0,0.0,0.0,0.0,0.0,0.0,0.0,0.0,0.0,0.0,0.0,0.0,0.0,0.0
250,Kyrgyzstan,Eggs,Export,0.0,0.0,0.0,0.0,0.0,0.0,0.0,0.0,0.0,0.0,0.0,0.0,0.0,0.0,0.0,0.0,0.0,0.0
251,Kyrgyzstan,Eggs,Domestic supply,14.0,13.0,14.0,16.0,17.0,18.0,19.0,22.0,22.0,22.0,24.0,26.0,26.0,27.0,29.0,26.0,26.0,29.0
252,Kyrgyzstan,Eggs,Seed,0.0,0.0,0.0,0.0,0.0,0.0,0.0,0.0,0.0,0.0,0.0,0.0,0.0,0.0,0.0,0.0,0.0,0.0
253,Kyrgyzstan,"Fish, Seafood",Feed,0.0,0.0,2.0,6.0,5.0,5.0,7.0,7.0,4.0,1.0,2.0,1.0,1.0,1.0,0.0,0.0,0.0,0.0
254,Kyrgyzstan,Eggs,Losses,0.0,0.0,0.0,0.0,0.0,0.0,0.0,0.0,0.0,0.0,0.0,0.0,0.0,0.0,1.0,1.0,1.0,1.0
255,Kyrgyzstan,Eggs,Human Consumption,13.0,13.0,14.0,15.0,16.0,17.0,19.0,20.0,21.0,22.0,24.0,25.0,25.0,26.0,27.0,24.0,24.0,27.0
256,Kyrgyzstan,Milk - Excluding Butter,Production,1105.0,1142.0,1173.0,1192.0,1165.0,1198.0,1212.0,1240.0,1275.0,1315.0,1360.0,1358.0,1382.0,1408.0,1446.0,1481.0,1537.0,1566.0
257,Kyrgyzstan,Milk - Excluding Butter,Import,1.0,2.0,6.0,2.0,5.0,6.0,8.0,16.0,19.0,17.0,16.0,13.0,15.0,21.0,25.0,16.0,12.0,82.0
258,Kyrgyzstan,Milk - Excluding Butter,Stock Variation,0.0,0.0,0.0,0.0,0.0,0.0,0.0,0.0,0.0,0.0,-18.0,18.0,0.0,0.0,4.0,0.0,3.0,43.0
259,Kyrgyzstan,Milk - Excluding Butter,Export,12.0,15.0,20.0,25.0,27.0,43.0,59.0,57.0,52.0,45.0,60.0,42.0,34.0,21.0,33.0,38.0,33.0,52.0
260,Kyrgyzstan,Milk - Excluding Butter,Domestic supply,1094.0,1129.0,1159.0,1169.0,1143.0,1161.0,1161.0,1199.0,1241.0,1286.0,1298.0,1347.0,1363.0,1408.0,1434.0,1460.0,1513.0,1553.0
261,Kyrgyzstan,Milk - Excluding Butter,Feed,102.0,109.0,127.0,152.0,121.0,122.0,225.0,222.0,270.0,234.0,212.0,209.0,207.0,224.0,226.0,233.0,245.0,247.0
262,Kyrgyzstan,Milk - Excluding Butter,Losses,11.0,11.0,11.0,12.0,11.0,12.0,12.0,12.0,12.0,13.0,13.0,13.0,14.0,14.0,14.0,15.0,15.0,15.0
263,Kyrgyzstan,Eggs,Other uses (non-food),0.0,0.0,0.0,0.0,0.0,1.0,1.0,1.0,1.0,0.0,1.0,1.0,1.0,0.0,1.0,1.0,1.0,1.0
264,Kyrgyzstan,Milk - Excluding Butter,Processing,0.0,0.0,0.0,0.0,0.0,0.0,0.0,0.0,0.0,0.0,0.0,0.0,0.0,0.0,0.0,0.0,0.0,0.0
265,Kyrgyzstan,"Fish, Seafood",Domestic supply,5.0,4.0,7.0,12.0,12.0,13.0,16.0,19.0,17.0,11.0,13.0,14.0,14.0,14.0,18.0,11.0,7.0,7.0
266,Kyrgyzstan,"Fish, Seafood",Stock Variation,0.0,0.0,0.0,0.0,0.0,0.0,0.0,0.0,0.0,0.0,0.0,0.0,0.0,0.0,0.0,0.0,0.0,0.0
267,Kyrgyzstan,Cereals - Excluding Beer,Production,1544.0,1789.0,1705.0,1628.0,1703.0,1616.0,1498.0,1412.0,1434.0,1851.0,1503.0,1498.0,1349.0,1719.0,1356.0,1754.0,1764.0,1721.0
268,Kyrgyzstan,Cereals - Excluding Beer,Import,247.0,97.0,198.0,120.0,123.0,369.0,363.0,568.0,520.0,505.0,475.0,524.0,669.0,609.0,600.0,451.0,277.0,427.0
269,Kyrgyzstan,Cereals - Excluding Beer,Stock Variation,-1.0,-2.0,3.0,0.0,0.0,0.0,0.0,0.0,0.0,0.0,0.0,1.0,0.0,0.0,-79.0,189.0,13.0,-134.0
270,Kyrgyzstan,Cereals - Excluding Beer,Export,26.0,12.0,10.0,12.0,2.0,2.0,3.0,5.0,5.0,5.0,7.0,5.0,3.0,3.0,2.0,2.0,2.0,4.0
271,Kyrgyzstan,Spices,Losses,0.0,0.0,0.0,0.0,0.0,0.0,0.0,0.0,0.0,0.0,0.0,0.0,0.0,0.0,0.0,0.0,0.0,0.0
272,Kyrgyzstan,Cereals - Excluding Beer,Feed,810.0,902.0,901.0,710.0,761.0,943.0,823.0,934.0,916.0,1271.0,888.0,914.0,927.0,1222.0,862.0,950.0,919.0,939.0
273,Kyrgyzstan,Cereals - Excluding Beer,Seed,79.0,80.0,77.0,78.0,81.0,80.0,77.0,81.0,80.0,77.0,76.0,75.0,77.0,78.0,77.0,75.0,75.0,101.0
274,Kyrgyzstan,Cereals - Excluding Beer,Losses,31.0,28.0,35.0,34.0,35.0,41.0,63.0,50.0,69.0,66.0,35.0,35.0,22.0,35.0,15.0,12.0,12.0,14.0
275,Kyrgyzstan,"Fish, Seafood",Export,0.0,0.0,0.0,0.0,0.0,0.0,0.0,1.0,1.0,0.0,0.0,0.0,0.0,0.0,0.0,0.0,0.0,2.0
276,Kyrgyzstan,Cereals - Excluding Beer,Processing,72.0,72.0,81.0,67.0,76.0,69.0,62.0,61.0,65.0,64.0,61.0,71.0,71.0,73.0,69.0,96.0,24.0,195.0
277,Kyrgyzstan,Cereals - Excluding Beer,Human Consumption,771.0,791.0,802.0,847.0,870.0,849.0,828.0,836.0,813.0,868.0,910.0,920.0,916.0,916.0,1005.0,987.0,995.0,1019.0
278,Kyrgyzstan,"Aquatic Products, Other",Import,0.0,0.0,0.0,0.0,0.0,0.0,0.0,0.0,0.0,0.0,0.0,0.0,0.0,0.0,0.0,0.0,0.0,0.0
279,Kyrgyzstan,"Aquatic Products, Other",Export,0.0,0.0,0.0,0.0,0.0,0.0,0.0,0.0,0.0,0.0,0.0,0.0,0.0,0.0,0.0,0.0,0.0,0.0
280,Kyrgyzstan,"Aquatic Products, Other",Domestic supply,0.0,0.0,0.0,0.0,0.0,0.0,0.0,0.0,0.0,0.0,0.0,0.0,0.0,0.0,0.0,0.0,0.0,0.0
281,Kyrgyzstan,"Aquatic Products, Other",Other uses (non-food),0.0,0.0,0.0,0.0,0.0,0.0,0.0,0.0,0.0,0.0,0.0,0.0,0.0,0.0,0.0,0.0,0.0,0.0
282,Kyrgyzstan,"Aquatic Products, Other",Human Consumption,0.0,0.0,0.0,0.0,0.0,0.0,0.0,0.0,0.0,0.0,0.0,0.0,0.0,0.0,0.0,0.0,0.0,0.0
283,Kyrgyzstan,"Fish, Seafood",Production,0.0,0.0,0.0,0.0,0.0,0.0,0.0,0.0,0.0,0.0,0.0,0.0,0.0,0.0,1.0,1.0,2.0,2.0
284,Kyrgyzstan,"Fish, Seafood",Import,5.0,4.0,7.0,12.0,12.0,13.0,16.0,20.0,18.0,11.0,13.0,13.0,13.0,13.0,17.0,10.0,5.0,7.0
285,Kyrgyzstan,Cereals - Excluding Beer,Other uses (non-food),1.0,0.0,0.0,0.0,1.0,1.0,4.0,13.0,5.0,5.0,2.0,3.0,3.0,3.0,4.0,3.0,2.0,2.0
286,Kyrgyzstan,Milk - Excluding Butter,Human Consumption,981.0,1009.0,1021.0,1006.0,1011.0,1027.0,924.0,965.0,959.0,1040.0,1073.0,1125.0,1143.0,1170.0,1193.0,1218.0,1259.0,1290.0
287,Kyrgyzstan,Cereals - Excluding Beer,Domestic supply,1764.0,1872.0,1896.0,1735.0,1824.0,1983.0,1858.0,1976.0,1949.0,2351.0,1972.0,2018.0,2016.0,2326.0,2032.0,2014.0,2027.0,2277.0
288,Kyrgyzstan,Animal fats,Import,0.0,1.0,0.0,0.0,1.0,3.0,8.0,9.0,10.0,9.0,6.0,5.0,5.0,7.0,17.0,6.0,6.0,15.0
289,Kyrgyzstan,Meat,Other uses (non-food),4.0,7.0,11.0,19.0,13.0,15.0,26.0,41.0,42.0,38.0,86.0,77.0,79.0,76.0,36.0,41.0,35.0,48.0
290,Kyrgyzstan,Meat,Human Consumption,191.0,192.0,189.0,178.0,181.0,176.0,178.0,174.0,180.0,195.0,200.0,199.0,192.0,178.0,205.0,189.0,195.0,189.0
291,Kyrgyzstan,Miscellaneous,Import,0.0,0.0,0.0,0.0,0.0,0.0,1.0,1.0,2.0,1.0,2.0,2.0,2.0,2.0,19.0,16.0,16.0,24.0
292,Kyrgyzstan,Miscellaneous,Stock Variation,0.0,0.0,0.0,0.0,0.0,0.0,0.0,0.0,0.0,0.0,0.0,0.0,0.0,0.0,3.0,-1.0,2.0,0.0
293,Kyrgyzstan,Miscellaneous,Export,0.0,0.0,0.0,0.0,0.0,0.0,1.0,1.0,1.0,0.0,1.0,1.0,2.0,2.0,1.0,4.0,2.0,3.0
294,Kyrgyzstan,Miscellaneous,Domestic supply,0.0,0.0,0.0,0.0,0.0,0.0,0.0,0.0,1.0,1.0,1.0,1.0,1.0,1.0,16.0,12.0,11.0,21.0
295,Kyrgyzstan,Miscellaneous,Human Consumption,0.0,0.0,0.0,0.0,0.0,0.0,0.0,0.0,1.0,1.0,1.0,1.0,1.0,1.0,16.0,12.0,11.0,21.0
296,Kyrgyzstan,Alcoholic Beverages,Production,50.0,44.0,46.0,46.0,46.0,41.0,38.0,40.0,42.0,41.0,43.0,49.0,50.0,53.0,66.0,64.0,91.0,112.0
297,Kyrgyzstan,Alcoholic Beverages,Import,5.0,9.0,13.0,19.0,31.0,35.0,34.0,45.0,34.0,29.0,36.0,39.0,35.0,29.0,28.0,20.0,15.0,16.0
298,Kyrgyzstan,Alcoholic Beverages,Stock Variation,0.0,0.0,0.0,0.0,0.0,0.0,0.0,0.0,0.0,0.0,0.0,0.0,0.0,0.0,0.0,-14.0,2.0,2.0
299,Kyrgyzstan,Alcoholic Beverages,Export,0.0,0.0,1.0,0.0,0.0,0.0,0.0,0.0,0.0,0.0,1.0,1.0,0.0,0.0,0.0,0.0,1.0,2.0
300,Kyrgyzstan,Alcoholic Beverages,Domestic supply,55.0,53.0,58.0,64.0,77.0,75.0,72.0,85.0,75.0,70.0,79.0,88.0,85.0,82.0,94.0,97.0,103.0,123.0
301,Kyrgyzstan,Alcoholic Beverages,Feed,0.0,0.0,0.0,0.0,0.0,0.0,0.0,0.0,0.0,0.0,0.0,0.0,0.0,0.0,0.0,0.0,0.0,0.0
302,Kyrgyzstan,Alcoholic Beverages,Other uses (non-food),20.0,13.0,11.0,10.0,10.0,10.0,10.0,10.0,10.0,10.0,10.0,10.0,10.0,10.0,12.0,13.0,41.0,59.0
303,Kyrgyzstan,Alcoholic Beverages,Human Consumption,35.0,40.0,46.0,54.0,67.0,65.0,62.0,74.0,65.0,60.0,69.0,78.0,75.0,72.0,81.0,85.0,61.0,64.0
304,Kyrgyzstan,Spices,Production,0.0,0.0,0.0,0.0,0.0,1.0,1.0,1.0,1.0,1.0,2.0,2.0,2.0,2.0,2.0,2.0,2.0,2.0
305,Kyrgyzstan,Spices,Stock Variation,0.0,0.0,0.0,0.0,0.0,0.0,0.0,0.0,0.0,0.0,0.0,0.0,0.0,0.0,0.0,0.0,1.0,1.0
306,Kyrgyzstan,Spices,Export,0.0,0.0,0.0,0.0,0.0,0.0,0.0,0.0,0.0,0.0,1.0,0.0,0.0,0.0,0.0,0.0,0.0,0.0
307,Kyrgyzstan,Animal fats,Production,14.0,15.0,14.0,14.0,15.0,15.0,24.0,25.0,25.0,22.0,15.0,13.0,12.0,12.0,9.0,17.0,19.0,19.0
308,Kyrgyzstan,Meat,Processing,0.0,0.0,0.0,0.0,0.0,0.0,0.0,0.0,0.0,0.0,0.0,0.0,0.0,0.0,0.0,0.0,0.0,0.0
309,Kyrgyzstan,Meat,Losses,3.0,3.0,3.0,3.0,2.0,4.0,4.0,2.0,3.0,2.0,3.0,1.0,4.0,4.0,3.0,3.0,3.0,3.0
310,Kyrgyzstan,Spices,Import,0.0,0.0,0.0,0.0,0.0,0.0,0.0,0.0,0.0,0.0,0.0,0.0,0.0,0.0,0.0,0.0,1.0,2.0
311,Kyrgyzstan,Meat,Export,0.0,0.0,0.0,0.0,0.0,0.0,0.0,0.0,0.0,0.0,1.0,0.0,1.0,1.0,0.0,1.0,1.0,1.0
312,Kyrgyzstan,Meat,Domestic supply,199.0,202.0,202.0,199.0,196.0,195.0,207.0,218.0,225.0,235.0,289.0,277.0,275.0,258.0,243.0,233.0,234.0,239.0
313,Kyrgyzstan,Animal fats,Stock Variation,0.0,0.0,0.0,0.0,0.0,0.0,0.0,0.0,0.0,0.0,0.0,0.0,0.0,0.0,3.0,0.0,-1.0,0.0
314,Kyrgyzstan,Animal fats,Domestic supply,14.0,15.0,14.0,14.0,16.0,17.0,26.0,28.0,28.0,25.0,18.0,17.0,17.0,19.0,23.0,22.0,23.0,31.0
315,Kyrgyzstan,Animal fats,Feed,0.0,0.0,0.0,0.0,0.0,0.0,0.0,0.0,0.0,0.0,0.0,0.0,0.0,0.0,0.0,0.0,0.0,0.0
316,Kyrgyzstan,Animal fats,Losses,0.0,0.0,0.0,0.0,0.0,0.0,0.0,0.0,0.0,0.0,0.0,0.0,0.0,0.0,0.0,0.0,0.0,0.0
317,Kyrgyzstan,Animal fats,Other uses (non-food),12.0,13.0,12.0,12.0,13.0,14.0,23.0,23.0,22.0,19.0,12.0,11.0,11.0,11.0,16.0,7.0,7.0,11.0
318,Kyrgyzstan,Animal fats,Human Consumption,2.0,2.0,2.0,2.0,3.0,3.0,3.0,5.0,6.0,6.0,7.0,6.0,6.0,8.0,7.0,15.0,16.0,19.0
319,Kyrgyzstan,Offals,Production,23.0,26.0,25.0,26.0,26.0,24.0,23.0,23.0,24.0,25.0,26.0,26.0,26.0,26.0,32.0,33.0,34.0,34.0
320,Kyrgyzstan,Offals,Import,0.0,0.0,0.0,0.0,0.0,0.0,0.0,0.0,0.0,0.0,0.0,0.0,1.0,0.0,0.0,0.0,1.0,2.0
321,Kyrgyzstan,Animal fats,Export,0.0,0.0,0.0,0.0,0.0,2.0,6.0,6.0,8.0,6.0,3.0,1.0,1.0,1.0,1.0,1.0,2.0,4.0
322,Kyrgyzstan,Offals,Domestic supply,23.0,26.0,25.0,26.0,26.0,24.0,23.0,23.0,24.0,25.0,26.0,26.0,26.0,26.0,33.0,33.0,34.0,35.0
323,Kyrgyzstan,Offals,Losses,0.0,0.0,0.0,0.0,0.0,0.0,0.0,0.0,0.0,0.0,0.0,0.0,0.0,0.0,1.0,1.0,1.0,1.0
324,Kyrgyzstan,Offals,Processing,0.0,0.0,0.0,0.0,0.0,0.0,0.0,0.0,0.0,0.0,0.0,0.0,0.0,0.0,0.0,0.0,0.0,0.0
325,Kyrgyzstan,Offals,Other uses (non-food),9.0,6.0,2.0,2.0,4.0,3.0,9.0,9.0,8.0,6.0,11.0,7.0,7.0,7.0,8.0,8.0,8.0,8.0
326,Kyrgyzstan,Offals,Human Consumption,13.0,19.0,23.0,24.0,22.0,21.0,14.0,14.0,16.0,18.0,14.0,19.0,19.0,18.0,24.0,24.0,25.0,26.0
327,Kyrgyzstan,Meat,Production,196.0,200.0,200.0,194.0,188.0,182.0,182.0,183.0,184.0,184.0,188.0,190.0,192.0,195.0,212.0,219.0,223.0,225.0
328,Kyrgyzstan,Meat,Import,3.0,2.0,2.0,6.0,9.0,14.0,24.0,35.0,56.0,37.0,102.0,87.0,83.0,63.0,56.0,35.0,21.0,27.0
329,Kyrgyzstan,Offals,Export,0.0,0.0,0.0,0.0,0.0,0.0,0.0,0.0,0.0,0.0,0.0,0.0,0.0,0.0,0.0,0.0,0.0,1.0
330,Kyrgyzstan,Meat,Stock Variation,0.0,0.0,0.0,0.0,0.0,-1.0,1.0,0.0,-15.0,15.0,0.0,0.0,0.0,0.0,25.0,20.0,9.0,12.0
331,Lao People's Democratic Republic,Vegetable Oils,Production,7.0,7.0,7.0,7.0,8.0,10.0,10.0,10.0,10.0,12.0,11.0,12.0,13.0,14.0,15.0,15.0,16.0,15.0
332,Lao People's Democratic Republic,Vegetable Oils,Import,0.0,0.0,0.0,0.0,0.0,0.0,0.0,0.0,0.0,0.0,0.0,0.0,0.0,0.0,11.0,9.0,10.0,12.0
333,Lao People's Democratic Republic,Vegetable Oils,Stock Variation,0.0,0.0,0.0,0.0,0.0,0.0,0.0,0.0,0.0,0.0,0.0,0.0,0.0,0.0,0.0,1.0,1.0,0.0
334,Lao People's Democratic Republic,Vegetable Oils,Export,0.0,0.0,0.0,0.0,0.0,0.0,0.0,0.0,0.0,0.0,0.0,0.0,0.0,0.0,0.0,0.0,0.0,0.0
335,Lao People's Democratic Republic,Vegetable Oils,Domestic supply,7.0,7.0,7.0,7.0,8.0,10.0,10.0,11.0,11.0,12.0,12.0,13.0,13.0,14.0,25.0,24.0,24.0,27.0
336,Lao People's Democratic Republic,Vegetable Oils,Other uses (non-food),0.0,0.0,0.0,0.0,0.0,0.0,0.0,0.0,0.0,0.0,0.0,0.0,0.0,0.0,0.0,0.0,0.0,0.0
337,Lao People's Democratic Republic,Vegetable Oils,Human Consumption,7.0,7.0,7.0,7.0,7.0,10.0,10.0,10.0,11.0,12.0,11.0,12.0,13.0,13.0,25.0,23.0,24.0,27.0
338,Lao People's Democratic Republic,Sugar & Sweeteners,Export,0.0,0.0,0.0,0.0,0.0,0.0,0.0,0.0,0.0,0.0,0.0,0.0,0.0,0.0,53.0,31.0,87.0,87.0
339,Lao People's Democratic Republic,Sugar & Sweeteners,Import,26.0,53.0,32.0,31.0,29.0,51.0,58.0,33.0,64.0,61.0,40.0,66.0,34.0,52.0,121.0,265.0,293.0,305.0
340,Lao People's Democratic Republic,Sugar & Sweeteners,Stock Variation,-2.0,-27.0,-8.0,-7.0,-6.0,-11.0,-16.0,13.0,-11.0,-14.0,5.0,-13.0,8.0,-5.0,-5.0,89.0,68.0,85.0
341,Lao People's Democratic Republic,Sugar & Sweeteners,Domestic supply,24.0,25.0,24.0,25.0,23.0,41.0,42.0,47.0,55.0,49.0,54.0,62.0,48.0,54.0,81.0,162.0,155.0,148.0
342,Lao People's Democratic Republic,Sugar & Sweeteners,Other uses (non-food),0.0,0.0,0.0,0.0,0.0,11.0,11.0,11.0,16.0,11.0,16.0,20.0,2.0,5.0,9.0,22.0,32.0,35.0
343,Lao People's Democratic Republic,Sugar & Sweeteners,Human Consumption,24.0,25.0,24.0,25.0,23.0,30.0,31.0,36.0,38.0,39.0,38.0,42.0,46.0,49.0,108.0,143.0,157.0,137.0
344,Lao People's Democratic Republic,Pulses,Production,15.0,17.0,18.0,17.0,16.0,18.0,18.0,17.0,18.0,19.0,20.0,21.0,21.0,21.0,22.0,22.0,22.0,22.0
345,Lao People's Democratic Republic,Vegetables,Human Consumption,601.0,594.0,861.0,708.0,681.0,752.0,682.0,769.0,588.0,781.0,974.0,1245.0,995.0,1425.0,1616.0,1778.0,1787.0,1438.0
346,Lao People's Democratic Republic,Pulses,Import,0.0,0.0,0.0,0.0,0.0,0.0,0.0,0.0,0.0,0.0,0.0,0.0,0.0,0.0,0.0,0.0,0.0,0.0
347,Lao People's Democratic Republic,Sugar & Sweeteners,Production,0.0,0.0,0.0,0.0,0.0,1.0,1.0,1.0,2.0,3.0,8.0,9.0,7.0,7.0,7.0,17.0,17.0,15.0
348,Lao People's Democratic Republic,Vegetables,Losses,65.0,64.0,81.0,68.0,67.0,75.0,66.0,74.0,52.0,72.0,95.0,123.0,46.0,66.0,122.0,135.0,135.0,164.0
349,Lao People's Democratic Republic,Fruits - Excluding Wine,Export,3.0,0.0,1.0,0.0,0.0,16.0,17.0,19.0,38.0,21.0,26.0,17.0,22.0,24.0,15.0,25.0,28.0,24.0
350,Lao People's Democratic Republic,Vegetables,Domestic supply,667.0,658.0,942.0,776.0,748.0,827.0,749.0,843.0,640.0,854.0,1069.0,1368.0,1041.0,1491.0,1740.0,1915.0,1922.0,1603.0
351,Lao People's Democratic Republic,Pulses,Stock Variation,0.0,0.0,0.0,0.0,0.0,0.0,0.0,0.0,0.0,0.0,0.0,0.0,0.0,0.0,-2.0,-2.0,-1.0,0.0
352,Lao People's Democratic Republic,Stimulants,Stock Variation,0.0,0.0,0.0,-2.0,2.0,0.0,0.0,0.0,0.0,0.0,0.0,0.0,0.0,0.0,3.0,1.0,2.0,4.0
353,Lao People's Democratic Republic,Stimulants,Export,17.0,18.0,17.0,14.0,16.0,14.0,7.0,17.0,14.0,17.0,17.0,25.0,21.0,31.0,22.0,25.0,24.0,36.0
354,Lao People's Democratic Republic,Stimulants,Domestic supply,7.0,8.0,17.0,14.0,12.0,15.0,24.0,24.0,34.0,38.0,42.0,40.0,83.0,79.0,105.0,124.0,127.0,130.0
355,Lao People's Democratic Republic,Stimulants,Losses,0.0,0.0,0.0,0.0,0.0,0.0,0.0,0.0,0.0,0.0,0.0,0.0,0.0,0.0,6.0,7.0,7.0,8.0
356,Lao People's Democratic Republic,Stimulants,Human Consumption,7.0,8.0,17.0,14.0,12.0,15.0,24.0,24.0,34.0,38.0,42.0,40.0,83.0,79.0,97.0,116.0,119.0,122.0
357,Lao People's Democratic Republic,Fruits - Excluding Wine,Production,193.0,202.0,252.0,292.0,324.0,333.0,347.0,413.0,355.0,394.0,389.0,438.0,565.0,606.0,728.0,1006.0,1018.0,1145.0
358,Lao People's Democratic Republic,Stimulants,Import,0.0,0.0,2.0,1.0,3.0,4.0,6.0,7.0,8.0,8.0,12.0,12.0,13.0,16.0,10.0,8.0,10.0,11.0
359,Lao People's Democratic Republic,Fruits - Excluding Wine,Import,2.0,2.0,1.0,3.0,33.0,55.0,62.0,52.0,26.0,27.0,51.0,47.0,20.0,5.0,36.0,51.0,56.0,50.0
360,Lao People's Democratic Republic,Fruits - Excluding Wine,Domestic supply,192.0,204.0,253.0,294.0,357.0,371.0,392.0,446.0,342.0,401.0,414.0,467.0,563.0,588.0,749.0,1032.0,1043.0,1164.0
361,Lao People's Democratic Republic,Fruits - Excluding Wine,Losses,10.0,10.0,13.0,15.0,16.0,17.0,18.0,21.0,18.0,20.0,21.0,24.0,28.0,30.0,37.0,54.0,54.0,61.0
362,Lao People's Democratic Republic,Fruits - Excluding Wine,Human Consumption,183.0,193.0,240.0,280.0,340.0,355.0,374.0,425.0,324.0,381.0,393.0,444.0,535.0,558.0,699.0,962.0,976.0,1089.0
363,Lao People's Democratic Republic,Vegetables,Production,667.0,658.0,942.0,776.0,747.0,827.0,748.0,843.0,640.0,854.0,1069.0,1368.0,1041.0,1490.0,1761.0,1943.0,1953.0,1629.0
364,Lao People's Democratic Republic,Vegetables,Import,0.0,0.0,0.0,0.0,1.0,0.0,0.0,0.0,0.0,0.0,0.0,0.0,0.0,0.0,4.0,8.0,8.0,8.0
365,Lao People's Democratic Republic,Vegetables,Stock Variation,0.0,0.0,0.0,0.0,0.0,0.0,0.0,0.0,0.0,0.0,0.0,0.0,0.0,0.0,0.0,0.0,0.0,2.0
366,Lao People's Democratic Republic,Vegetables,Export,0.0,0.0,0.0,0.0,0.0,0.0,0.0,0.0,0.0,0.0,0.0,0.0,0.0,0.0,25.0,36.0,39.0,33.0
367,Lao People's Democratic Republic,Fruits - Excluding Wine,Stock Variation,0.0,0.0,0.0,0.0,0.0,0.0,0.0,0.0,0.0,0.0,0.0,0.0,0.0,0.0,-1.0,0.0,3.0,7.0
368,Lao People's Democratic Republic,Pulses,Export,0.0,0.0,0.0,0.0,0.0,0.0,0.0,0.0,0.0,0.0,0.0,0.0,0.0,0.0,0.0,1.0,1.0,2.0
369,Lao People's Democratic Republic,Starchy Roots,Production,222.0,135.0,191.0,186.0,211.0,217.0,319.0,395.0,432.0,360.0,602.0,906.0,1175.0,1345.0,1741.0,2569.0,2597.0,2389.0
370,Lao People's Democratic Republic,Pulses,Feed,0.0,0.0,0.0,0.0,0.0,0.0,0.0,0.0,0.0,0.0,0.0,0.0,0.0,0.0,0.0,0.0,0.0,0.0
371,Lao People's Democratic Republic,Starchy Roots,Export,0.0,0.0,0.0,0.0,0.0,0.0,0.0,0.0,0.0,0.0,0.0,0.0,0.0,0.0,122.0,253.0,472.0,707.0
372,Lao People's Democratic Republic,Starchy Roots,Domestic supply,226.0,202.0,242.0,266.0,240.0,252.0,254.0,289.0,425.0,426.0,595.0,901.0,1191.0,1359.0,1646.0,2298.0,2104.0,1712.0
373,Lao People's Democratic Republic,Starchy Roots,Feed,21.0,17.0,87.0,47.0,27.0,32.0,37.0,48.0,56.0,75.0,65.0,139.0,126.0,135.0,198.0,314.0,309.0,286.0
374,Lao People's Democratic Republic,Starchy Roots,Seed,2.0,2.0,2.0,2.0,2.0,1.0,1.0,1.0,1.0,1.0,1.0,2.0,1.0,1.0,1.0,1.0,1.0,0.0
375,Lao People's Democratic Republic,Starchy Roots,Losses,22.0,19.0,23.0,25.0,23.0,24.0,32.0,39.0,43.0,41.0,60.0,91.0,117.0,134.0,167.0,256.0,258.0,238.0
376,Lao People's Democratic Republic,Starchy Roots,Other uses (non-food),0.0,0.0,0.0,0.0,0.0,0.0,0.0,0.0,100.0,54.0,200.0,380.0,680.0,800.0,920.0,1308.0,1105.0,760.0
377,Lao People's Democratic Republic,Starchy Roots,Human Consumption,180.0,164.0,129.0,192.0,188.0,195.0,183.0,200.0,225.0,254.0,269.0,290.0,266.0,289.0,367.0,436.0,453.0,430.0
378,Lao People's Democratic Republic,Starchy Roots,Stock Variation,-2.0,60.0,42.0,67.0,16.0,20.0,-80.0,-120.0,-20.0,50.0,-20.0,-20.0,0.0,0.0,-13.0,27.0,34.0,-9.0
379,Lao People's Democratic Republic,Sugar Crops,Production,297.0,209.0,222.0,308.0,223.0,196.0,218.0,324.0,417.0,434.0,819.0,1222.0,1056.0,865.0,1840.0,2019.0,2019.0,1764.0
380,Lao People's Democratic Republic,Sugar Crops,Export,0.0,0.0,0.0,0.0,0.0,0.0,0.0,0.0,0.0,0.0,0.0,0.0,19.0,23.0,28.0,24.0,21.0,32.0
381,Lao People's Democratic Republic,Sugar Crops,Domestic supply,297.0,209.0,222.0,308.0,223.0,196.0,218.0,324.0,417.0,434.0,819.0,1222.0,1036.0,842.0,1812.0,1994.0,1998.0,1733.0
382,Lao People's Democratic Republic,Sugar Crops,Feed,59.0,42.0,44.0,62.0,45.0,39.0,44.0,65.0,83.0,87.0,164.0,244.0,211.0,173.0,373.0,410.0,411.0,356.0
383,Lao People's Democratic Republic,Sugar Crops,Losses,15.0,10.0,11.0,15.0,11.0,10.0,11.0,16.0,21.0,22.0,41.0,61.0,53.0,43.0,92.0,101.0,101.0,88.0
384,Lao People's Democratic Republic,Sugar Crops,Processing,0.0,0.0,0.0,0.0,0.0,1.0,1.0,14.0,18.0,34.0,94.0,101.0,76.0,60.0,61.0,147.0,147.0,129.0
385,Lao People's Democratic Republic,Sugar Crops,Other uses (non-food),80.0,0.0,0.0,70.0,0.0,0.0,0.0,60.0,120.0,130.0,370.0,650.0,530.0,400.0,964.0,1061.0,1063.0,922.0
386,Lao People's Democratic Republic,Sugar Crops,Human Consumption,143.0,157.0,167.0,161.0,167.0,146.0,163.0,169.0,175.0,161.0,150.0,166.0,166.0,165.0,322.0,276.0,277.0,238.0
387,Lao People's Democratic Republic,Sugar Crops,Import,0.0,0.0,0.0,0.0,0.0,0.0,0.0,0.0,0.0,0.0,0.0,0.0,0.0,0.0,0.0,0.0,0.0,0.0
388,Lao People's Democratic Republic,Starchy Roots,Import,7.0,8.0,9.0,13.0,13.0,15.0,14.0,14.0,13.0,16.0,13.0,15.0,16.0,15.0,14.0,9.0,13.0,21.0
389,Lao People's Democratic Republic,Oilcrops,Human Consumption,11.0,9.0,10.0,11.0,13.0,20.0,20.0,21.0,21.0,26.0,25.0,28.0,27.0,32.0,40.0,43.0,44.0,44.0
390,Lao People's Democratic Republic,Oilcrops,Other uses (non-food),0.0,0.0,0.0,1.0,0.0,1.0,1.0,1.0,1.0,2.0,1.0,1.0,1.0,1.0,1.0,2.0,2.0,1.0
391,Lao People's Democratic Republic,Pulses,Seed,1.0,1.0,1.0,1.0,1.0,1.0,1.0,1.0,1.0,1.0,1.0,1.0,1.0,1.0,1.0,1.0,1.0,1.0
392,Lao People's Democratic Republic,Pulses,Losses,0.0,0.0,0.0,0.0,0.0,0.0,0.0,0.0,0.0,0.0,0.0,0.0,0.0,0.0,1.0,1.0,1.0,1.0
393,Lao People's Democratic Republic,Pulses,Human Consumption,14.0,16.0,17.0,16.0,15.0,17.0,17.0,16.0,17.0,18.0,18.0,20.0,20.0,20.0,21.0,21.0,20.0,18.0
394,Lao People's Democratic Republic,Treenuts,Import,0.0,0.0,0.0,0.0,0.0,0.0,0.0,0.0,0.0,0.0,0.0,0.0,0.0,0.0,0.0,0.0,1.0,1.0
395,Lao People's Democratic Republic,Treenuts,Stock Variation,0.0,0.0,0.0,0.0,0.0,0.0,0.0,0.0,0.0,0.0,0.0,0.0,0.0,0.0,0.0,0.0,0.0,0.0
396,Lao People's Democratic Republic,Treenuts,Export,0.0,0.0,0.0,0.0,0.0,0.0,0.0,0.0,0.0,0.0,0.0,0.0,0.0,0.0,0.0,0.0,0.0,0.0
397,Lao People's Democratic Republic,Treenuts,Domestic supply,0.0,0.0,0.0,0.0,0.0,0.0,0.0,0.0,0.0,0.0,0.0,0.0,0.0,0.0,0.0,0.0,1.0,0.0
398,Lao People's Democratic Republic,Treenuts,Human Consumption,0.0,0.0,0.0,0.0,0.0,0.0,0.0,0.0,0.0,0.0,0.0,0.0,0.0,0.0,0.0,0.0,1.0,0.0
399,Lao People's Democratic Republic,Oilcrops,Production,28.0,25.0,24.0,25.0,24.0,41.0,43.0,48.0,46.0,57.0,60.0,81.0,56.0,69.0,96.0,99.0,101.0,75.0
400,Lao People's Democratic Republic,Oilcrops,Import,0.0,0.0,0.0,0.0,0.0,0.0,1.0,0.0,0.0,0.0,0.0,0.0,0.0,0.0,4.0,9.0,8.0,7.0
401,Lao People's Democratic Republic,Oilcrops,Stock Variation,0.0,0.0,0.0,0.0,5.0,4.0,1.0,-2.0,1.0,3.0,-6.0,-22.0,-1.0,-4.0,0.0,6.0,4.0,-11.0
402,Lao People's Democratic Republic,Oilcrops,Export,1.0,1.0,0.0,1.0,2.0,2.0,3.0,3.0,3.0,6.0,5.0,5.0,5.0,5.0,10.0,7.0,9.0,6.0
403,Lao People's Democratic Republic,Oilcrops,Domestic supply,27.0,24.0,24.0,25.0,27.0,42.0,42.0,43.0,43.0,53.0,49.0,55.0,51.0,61.0,89.0,95.0,96.0,86.0
404,Lao People's Democratic Republic,Oilcrops,Feed,0.0,0.0,0.0,0.0,0.0,0.0,0.0,0.0,0.0,0.0,0.0,0.0,0.0,0.0,10.0,11.0,10.0,5.0
405,Lao People's Democratic Republic,Oilcrops,Seed,1.0,1.0,1.0,1.0,2.0,2.0,2.0,2.0,2.0,2.0,3.0,2.0,2.0,2.0,1.0,1.0,1.0,1.0
406,Lao People's Democratic Republic,Oilcrops,Losses,0.0,0.0,0.0,0.0,0.0,0.0,0.0,0.0,0.0,0.0,0.0,0.0,0.0,0.0,4.0,5.0,5.0,4.0
407,Lao People's Democratic Republic,Oilcrops,Processing,15.0,13.0,12.0,12.0,12.0,19.0,19.0,20.0,19.0,24.0,20.0,23.0,21.0,26.0,33.0,34.0,36.0,32.0
408,Lao People's Democratic Republic,Pulses,Domestic supply,15.0,17.0,18.0,17.0,16.0,18.0,18.0,17.0,18.0,19.0,20.0,21.0,21.0,21.0,23.0,23.0,22.0,20.0
409,Lao People's Democratic Republic,Spices,Human Consumption,8.0,7.0,9.0,10.0,9.0,12.0,12.0,13.0,14.0,15.0,15.0,14.0,16.0,17.0,17.0,18.0,16.0,16.0
410,Lao People's Democratic Republic,Stimulants,Production,24.0,26.0,32.0,28.0,23.0,25.0,25.0,33.0,40.0,47.0,47.0,53.0,91.0,95.0,122.0,142.0,144.0,158.0
411,Lao People's Democratic Republic,Spices,Domestic supply,8.0,7.0,9.0,10.0,9.0,12.0,12.0,13.0,14.0,15.0,15.0,14.0,16.0,17.0,17.0,19.0,17.0,17.0
412,Lao People's Democratic Republic,"Fish, Seafood",Export,0.0,0.0,0.0,0.0,0.0,0.0,0.0,0.0,0.0,0.0,0.0,0.0,0.0,0.0,0.0,0.0,0.0,0.0
413,Lao People's Democratic Republic,"Fish, Seafood",Domestic supply,76.0,87.0,99.0,101.0,105.0,95.0,94.0,99.0,104.0,120.0,132.0,148.0,148.0,148.0,169.0,160.0,172.0,176.0
414,Lao People's Democratic Republic,"Fish, Seafood",Feed,0.0,1.0,1.0,1.0,4.0,3.0,3.0,3.0,7.0,11.0,15.0,13.0,13.0,13.0,0.0,0.0,0.0,1.0
415,Lao People's Democratic Republic,"Fish, Seafood",Other uses (non-food),0.0,0.0,0.0,0.0,0.0,0.0,0.0,0.0,0.0,0.0,0.0,0.0,0.0,0.0,0.0,0.0,0.0,0.0
416,Lao People's Democratic Republic,"Fish, Seafood",Human Consumption,76.0,85.0,97.0,99.0,100.0,91.0,91.0,96.0,98.0,109.0,117.0,134.0,134.0,134.0,169.0,160.0,172.0,176.0
417,Lao People's Democratic Republic,Eggs,Production,10.0,12.0,13.0,13.0,13.0,13.0,14.0,14.0,15.0,15.0,15.0,16.0,16.0,17.0,17.0,14.0,15.0,15.0
418,Lao People's Democratic Republic,Eggs,Import,0.0,0.0,0.0,0.0,0.0,0.0,0.0,0.0,0.0,0.0,0.0,0.0,0.0,0.0,0.0,0.0,0.0,0.0
419,Lao People's Democratic Republic,"Fish, Seafood",Stock Variation,0.0,0.0,0.0,0.0,0.0,0.0,0.0,0.0,0.0,0.0,0.0,0.0,0.0,0.0,0.0,0.0,0.0,0.0
420,Lao People's Democratic Republic,Eggs,Domestic supply,10.0,12.0,13.0,13.0,13.0,13.0,14.0,14.0,15.0,15.0,15.0,16.0,16.0,17.0,17.0,15.0,15.0,15.0
421,Lao People's Democratic Republic,Eggs,Seed,1.0,1.0,1.0,1.0,1.0,2.0,2.0,2.0,2.0,2.0,2.0,2.0,2.0,2.0,2.0,1.0,1.0,1.0
422,Lao People's Democratic Republic,Eggs,Losses,1.0,1.0,1.0,1.0,1.0,1.0,1.0,1.0,1.0,1.0,1.0,1.0,1.0,1.0,1.0,1.0,1.0,1.0
423,Lao People's Democratic Republic,Eggs,Human Consumption,9.0,10.0,11.0,11.0,11.0,11.0,12.0,11.0,12.0,13.0,13.0,13.0,13.0,14.0,14.0,13.0,13.0,13.0
424,Lao People's Democratic Republic,Milk - Excluding Butter,Production,6.0,6.0,6.0,6.0,6.0,6.0,7.0,7.0,8.0,7.0,7.0,8.0,7.0,7.0,8.0,8.0,9.0,9.0
425,Lao People's Democratic Republic,Milk - Excluding Butter,Import,10.0,26.0,26.0,24.0,13.0,25.0,15.0,18.0,11.0,12.0,16.0,16.0,17.0,17.0,18.0,18.0,17.0,18.0
426,Lao People's Democratic Republic,Milk - Excluding Butter,Stock Variation,4.0,-6.0,-6.0,-7.0,7.0,-5.0,3.0,1.0,0.0,0.0,0.0,0.0,0.0,0.0,2.0,2.0,0.0,0.0
427,Lao People's Democratic Republic,Milk - Excluding Butter,Export,0.0,0.0,0.0,0.0,0.0,0.0,0.0,0.0,0.0,0.0,0.0,0.0,0.0,0.0,0.0,0.0,0.0,0.0
428,Lao People's Democratic Republic,Eggs,Feed,0.0,0.0,0.0,0.0,0.0,0.0,0.0,0.0,0.0,0.0,0.0,0.0,0.0,0.0,0.0,0.0,0.0,0.0
429,Lao People's Democratic Republic,Milk - Excluding Butter,Domestic supply,20.0,26.0,26.0,24.0,26.0,26.0,25.0,26.0,19.0,19.0,23.0,24.0,24.0,24.0,24.0,25.0,26.0,27.0
430,Lao People's Democratic Republic,"Fish, Seafood",Import,4.0,6.0,6.0,6.0,10.0,8.0,7.0,7.0,11.0,15.0,19.0,18.0,18.0,18.0,1.0,2.0,1.0,2.0
431,Lao People's Democratic Republic,"Aquatic Products, Other",Other uses (non-food),0.0,0.0,0.0,0.0,0.0,0.0,0.0,0.0,0.0,0.0,0.0,0.0,0.0,0.0,0.0,0.0,0.0,0.0
432,Lao People's Democratic Republic,Spices,Losses,0.0,0.0,0.0,0.0,0.0,0.0,0.0,0.0,0.0,0.0,0.0,0.0,0.0,0.0,1.0,1.0,1.0,1.0
433,Lao People's Democratic Republic,Cereals - Excluding Beer,Production,1586.0,1669.0,1736.0,1727.0,1890.0,2085.0,2227.0,2496.0,3089.0,3232.0,3069.0,3141.0,3453.0,3492.0,5415.0,5618.0,5701.0,5232.0
434,Lao People's Democratic Republic,Cereals - Excluding Beer,Import,31.0,43.0,62.0,48.0,60.0,58.0,54.0,53.0,43.0,74.0,67.0,65.0,30.0,38.0,81.0,396.0,423.0,200.0
435,Lao People's Democratic Republic,Cereals - Excluding Beer,Stock Variation,0.0,0.0,0.0,0.0,0.0,0.0,0.0,0.0,0.0,-3.0,0.0,-7.0,7.0,3.0,329.0,197.0,-186.0,-370.0
436,Lao People's Democratic Republic,Cereals - Excluding Beer,Export,1.0,3.0,1.0,8.0,35.0,47.0,127.0,23.0,127.0,232.0,225.0,203.0,207.0,222.0,156.0,375.0,344.0,310.0
437,Lao People's Democratic Republic,Cereals - Excluding Beer,Domestic supply,1616.0,1709.0,1797.0,1767.0,1916.0,2096.0,2154.0,2526.0,3005.0,3070.0,2911.0,2996.0,3284.0,3311.0,5010.0,5442.0,5967.0,5492.0
438,Lao People's Democratic Republic,Cereals - Excluding Beer,Feed,147.0,154.0,160.0,163.0,190.0,237.0,328.0,383.0,718.0,650.0,598.0,633.0,673.0,692.0,1030.0,955.0,1049.0,971.0
439,Lao People's Democratic Republic,"Aquatic Products, Other",Human Consumption,0.0,0.0,0.0,0.0,0.0,0.0,0.0,0.0,0.0,0.0,0.0,0.0,0.0,0.0,0.0,0.0,0.0,0.0
440,Lao People's Democratic Republic,Cereals - Excluding Beer,Seed,89.0,94.0,98.0,96.0,103.0,105.0,110.0,113.0,123.0,130.0,127.0,127.0,144.0,142.0,251.0,258.0,261.0,252.0
441,Lao People's Democratic Republic,Cereals - Excluding Beer,Processing,108.0,62.0,63.0,67.0,68.0,74.0,75.0,99.0,94.0,94.0,114.0,131.0,119.0,120.0,510.0,599.0,636.0,585.0
442,Lao People's Democratic Republic,Cereals - Excluding Beer,Other uses (non-food),245.0,358.0,415.0,360.0,446.0,541.0,490.0,761.0,862.0,929.0,790.0,795.0,1017.0,1000.0,1192.0,1577.0,1818.0,1493.0
443,Lao People's Democratic Republic,Cereals - Excluding Beer,Human Consumption,950.0,961.0,978.0,998.0,1021.0,1045.0,1053.0,1065.0,1086.0,1118.0,1138.0,1165.0,1168.0,1196.0,1790.0,1863.0,2021.0,2026.0
444,Lao People's Democratic Republic,"Aquatic Products, Other",Production,0.0,0.0,0.0,0.0,0.0,0.0,0.0,0.0,0.0,0.0,0.0,0.0,0.0,0.0,0.0,0.0,0.0,0.0
445,Lao People's Democratic Republic,"Aquatic Products, Other",Import,0.0,0.0,0.0,0.0,0.0,0.0,0.0,0.0,0.0,0.0,0.0,0.0,0.0,0.0,0.0,0.0,0.0,0.0
446,Lao People's Democratic Republic,"Aquatic Products, Other",Export,0.0,0.0,0.0,0.0,0.0,0.0,0.0,0.0,0.0,0.0,0.0,0.0,0.0,0.0,0.0,0.0,0.0,0.0
447,Lao People's Democratic Republic,"Aquatic Products, Other",Domestic supply,0.0,0.0,0.0,0.0,0.0,0.0,0.0,0.0,0.0,0.0,0.0,0.0,0.0,0.0,0.0,0.0,0.0,0.0
448,Lao People's Democratic Republic,Cereals - Excluding Beer,Losses,76.0,80.0,83.0,82.0,88.0,93.0,98.0,104.0,121.0,149.0,143.0,145.0,162.0,161.0,253.0,260.0,264.0,250.0
449,Lao People's Democratic Republic,Milk - Excluding Butter,Feed,3.0,3.0,3.0,3.0,3.0,3.0,3.0,3.0,4.0,4.0,4.0,4.0,4.0,4.0,5.0,6.0,6.0,7.0
450,Lao People's Democratic Republic,"Fish, Seafood",Production,71.0,81.0,93.0,95.0,95.0,87.0,87.0,92.0,93.0,105.0,113.0,130.0,130.0,130.0,169.0,159.0,171.0,175.0
451,Lao People's Democratic Republic,Milk - Excluding Butter,Human Consumption,17.0,22.0,22.0,20.0,22.0,23.0,21.0,22.0,14.0,15.0,19.0,20.0,20.0,20.0,18.0,18.0,19.0,20.0
452,Lao People's Democratic Republic,Miscellaneous,Import,0.0,1.0,1.0,1.0,0.0,0.0,0.0,0.0,1.0,1.0,1.0,1.0,1.0,1.0,32.0,35.0,38.0,46.0
453,Lao People's Democratic Republic,Miscellaneous,Stock Variation,0.0,0.0,0.0,0.0,0.0,0.0,0.0,0.0,0.0,0.0,0.0,0.0,0.0,0.0,1.0,1.0,0.0,4.0
454,Lao People's Democratic Republic,Miscellaneous,Export,0.0,0.0,0.0,0.0,0.0,0.0,0.0,0.0,0.0,0.0,0.0,0.0,0.0,0.0,0.0,0.0,0.0,0.0
455,Lao People's Democratic Republic,Miscellaneous,Domestic supply,0.0,1.0,1.0,1.0,0.0,0.0,0.0,0.0,1.0,1.0,1.0,1.0,1.0,1.0,30.0,34.0,38.0,42.0
456,Lao People's Democratic Republic,Miscellaneous,Human Consumption,0.0,1.0,1.0,1.0,0.0,0.0,0.0,0.0,1.0,1.0,1.0,1.0,1.0,1.0,30.0,34.0,38.0,42.0
457,Lao People's Democratic Republic,Alcoholic Beverages,Production,91.0,74.0,80.0,89.0,92.0,130.0,132.0,97.0,67.0,68.0,66.0,162.0,94.0,97.0,199.0,213.0,226.0,212.0
458,Lao People's Democratic Republic,Alcoholic Beverages,Stock Variation,0.0,0.0,0.0,0.0,0.0,-35.0,-35.0,15.0,30.0,15.0,40.0,-60.0,8.0,23.0,66.0,81.0,86.0,69.0
459,Lao People's Democratic Republic,Meat,Human Consumption,74.0,80.0,83.0,94.0,97.0,100.0,106.0,110.0,116.0,122.0,129.0,130.0,137.0,143.0,165.0,176.0,174.0,211.0
460,Lao People's Democratic Republic,Alcoholic Beverages,Export,0.0,0.0,0.0,0.0,0.0,0.0,0.0,0.0,0.0,1.0,1.0,1.0,1.0,2.0,6.0,20.0,21.0,2.0
461,Lao People's Democratic Republic,Alcoholic Beverages,Other uses (non-food),14.0,7.0,7.0,8.0,8.0,8.0,8.0,12.0,12.0,12.0,15.0,15.0,15.0,15.0,45.0,54.0,57.0,52.0
462,Lao People's Democratic Republic,Alcoholic Beverages,Human Consumption,80.0,68.0,76.0,83.0,87.0,91.0,94.0,104.0,88.0,74.0,94.0,91.0,90.0,108.0,87.0,67.0,70.0,97.0
463,Lao People's Democratic Republic,Spices,Production,8.0,8.0,9.0,10.0,9.0,12.0,12.0,13.0,14.0,15.0,15.0,14.0,16.0,16.0,15.0,15.0,16.0,16.0
464,Lao People's Democratic Republic,Spices,Import,0.0,0.0,0.0,0.0,0.0,0.0,0.0,0.0,0.0,0.0,0.0,0.0,0.0,0.0,1.0,2.0,1.0,1.0
465,Lao People's Democratic Republic,Spices,Stock Variation,0.0,0.0,0.0,0.0,0.0,0.0,0.0,0.0,0.0,0.0,0.0,0.0,0.0,0.0,-2.0,-1.0,0.0,0.0
466,Lao People's Democratic Republic,Milk - Excluding Butter,Losses,0.0,0.0,0.0,0.0,0.0,0.0,0.0,0.0,0.0,0.0,0.0,0.0,0.0,0.0,0.0,0.0,0.0,0.0
467,Lao People's Democratic Republic,Spices,Export,0.0,0.0,0.0,0.0,0.0,0.0,0.0,0.0,0.0,0.0,0.0,0.0,0.0,0.0,0.0,0.0,0.0,0.0
468,Lao People's Democratic Republic,Alcoholic Beverages,Domestic supply,93.0,75.0,83.0,91.0,95.0,99.0,102.0,116.0,100.0,86.0,109.0,106.0,105.0,123.0,132.0,121.0,127.0,150.0
469,Lao People's Democratic Republic,Meat,Domestic supply,74.0,80.0,83.0,94.0,97.0,100.0,106.0,110.0,116.0,122.0,129.0,130.0,137.0,143.0,165.0,177.0,174.0,212.0
470,Lao People's Democratic Republic,Alcoholic Beverages,Import,2.0,1.0,3.0,2.0,3.0,4.0,5.0,4.0,3.0,4.0,3.0,5.0,5.0,5.0,5.0,9.0,9.0,10.0
471,Lao People's Democratic Republic,Animal fats,Losses,0.0,0.0,0.0,0.0,0.0,0.0,0.0,0.0,0.0,0.0,0.0,0.0,0.0,0.0,0.0,0.0,0.0,0.0
472,Lao People's Democratic Republic,Meat,Export,0.0,0.0,0.0,0.0,0.0,0.0,0.0,0.0,0.0,0.0,0.0,0.0,0.0,0.0,0.0,0.0,0.0,0.0
473,Lao People's Democratic Republic,Animal fats,Production,3.0,3.0,4.0,4.0,4.0,4.0,4.0,5.0,5.0,5.0,6.0,6.0,6.0,6.0,9.0,9.0,10.0,10.0
474,Lao People's Democratic Republic,Animal fats,Stock Variation,0.0,0.0,0.0,0.0,0.0,0.0,0.0,0.0,0.0,0.0,0.0,0.0,0.0,0.0,0.0,0.0,0.0,0.0
475,Lao People's Democratic Republic,Animal fats,Export,0.0,0.0,0.0,0.0,0.0,0.0,0.0,0.0,0.0,0.0,0.0,0.0,0.0,0.0,0.0,0.0,0.0,0.0
476,Lao People's Democratic Republic,Animal fats,Domestic supply,4.0,3.0,4.0,4.0,4.0,4.0,4.0,5.0,5.0,6.0,6.0,6.0,6.0,6.0,9.0,9.0,10.0,12.0
477,Lao People's Democratic Republic,Animal fats,Feed,0.0,0.0,0.0,0.0,0.0,0.0,0.0,0.0,0.0,0.0,0.0,0.0,0.0,0.0,0.0,0.0,0.0,0.0
478,Lao People's Democratic Republic,Animal fats,Other uses (non-food),0.0,0.0,0.0,0.0,0.0,0.0,0.0,0.0,0.0,0.0,0.0,0.0,0.0,0.0,0.0,0.0,0.0,0.0
479,Lao People's Democratic Republic,Animal fats,Human Consumption,4.0,3.0,4.0,4.0,4.0,4.0,4.0,5.0,5.0,6.0,6.0,6.0,6.0,6.0,9.0,9.0,10.0,12.0
480,Lao People's Democratic Republic,Animal fats,Import,1.0,0.0,0.0,0.0,0.0,0.0,0.0,0.0,0.0,0.0,0.0,0.0,0.0,0.0,0.0,1.0,0.0,2.0
481,Lao People's Democratic Republic,Offals,Production,7.0,7.0,8.0,8.0,8.0,8.0,9.0,9.0,10.0,10.0,11.0,11.0,11.0,12.0,19.0,20.0,22.0,23.0
482,Lao People's Democratic Republic,Offals,Import,0.0,0.0,0.0,0.0,0.0,0.0,0.0,0.0,0.0,0.0,0.0,0.0,0.0,0.0,6.0,4.0,2.0,3.0
483,Lao People's Democratic Republic,Offals,Domestic supply,7.0,7.0,8.0,8.0,8.0,8.0,9.0,9.0,10.0,10.0,11.0,11.0,11.0,12.0,25.0,25.0,23.0,26.0
484,Lao People's Democratic Republic,Offals,Feed,0.0,0.0,0.0,0.0,0.0,0.0,0.0,0.0,0.0,0.0,0.0,0.0,0.0,0.0,4.0,4.0,4.0,5.0
485,Lao People's Democratic Republic,Offals,Losses,0.0,0.0,0.0,0.0,0.0,0.0,0.0,0.0,0.0,0.0,0.0,0.0,0.0,0.0,1.0,1.0,1.0,1.0
486,Lao People's Democratic Republic,Offals,Human Consumption,7.0,7.0,8.0,8.0,8.0,8.0,9.0,9.0,10.0,10.0,11.0,11.0,11.0,12.0,20.0,20.0,19.0,20.0
487,Lao People's Democratic Republic,Meat,Production,73.0,80.0,83.0,94.0,97.0,100.0,106.0,110.0,116.0,122.0,129.0,130.0,137.0,143.0,151.0,158.0,170.0,177.0
488,Lao People's Democratic Republic,Meat,Import,0.0,0.0,0.0,0.0,0.0,0.0,0.0,0.0,0.0,0.0,0.0,0.0,0.0,0.0,87.0,64.0,62.0,45.0
489,Lao People's Democratic Republic,Meat,Stock Variation,1.0,0.0,0.0,0.0,0.0,0.0,0.0,0.0,0.0,0.0,0.0,0.0,0.0,0.0,73.0,45.0,57.0,10.0
490,Latvia,Vegetable Oils,Other uses (non-food),18.0,24.0,24.0,20.0,19.0,14.0,21.0,31.0,50.0,43.0,73.0,89.0,118.0,91.0,109.0,96.0,74.0,78.0
491,Latvia,Vegetable Oils,Human Consumption,23.0,27.0,30.0,31.0,35.0,35.0,41.0,33.0,27.0,28.0,26.0,25.0,24.0,26.0,24.0,26.0,26.0,26.0
492,Latvia,Vegetable Oils,Processing,0.0,0.0,0.0,0.0,0.0,0.0,0.0,0.0,0.0,0.0,0.0,0.0,0.0,0.0,8.0,7.0,6.0,6.0
493,Latvia,Pulses,Stock Variation,0.0,0.0,0.0,0.0,0.0,0.0,0.0,0.0,0.0,0.0,0.0,0.0,0.0,0.0,1.0,-3.0,0.0,0.0
494,Latvia,Vegetable Oils,Domestic supply,41.0,52.0,54.0,51.0,54.0,49.0,62.0,64.0,77.0,71.0,99.0,115.0,142.0,117.0,140.0,129.0,105.0,109.0
495,Latvia,Sugar & Sweeteners,Production,64.0,62.0,93.0,75.0,74.0,79.0,67.0,2.0,2.0,2.0,2.0,2.0,2.0,3.0,4.0,5.0,3.0,4.0
496,Latvia,Vegetable Oils,Export,2.0,0.0,1.0,2.0,6.0,10.0,15.0,10.0,12.0,11.0,24.0,19.0,19.0,25.0,31.0,23.0,22.0,18.0
497,Latvia,Vegetable Oils,Feed,0.0,0.0,0.0,0.0,0.0,0.0,0.0,0.0,0.0,0.0,0.0,0.0,0.0,0.0,0.0,0.0,0.0,0.0
498,Latvia,Sugar & Sweeteners,Import,18.0,24.0,30.0,39.0,39.0,43.0,52.0,75.0,116.0,125.0,135.0,134.0,121.0,122.0,177.0,150.0,144.0,151.0
499,Latvia,Pulses,Production,4.0,4.0,4.0,5.0,5.0,4.0,2.0,3.0,3.0,5.0,5.0,8.0,10.0,16.0,33.0,100.0,125.0,171.0
500,Latvia,Sugar & Sweeteners,Export,17.0,6.0,7.0,30.0,29.0,35.0,35.0,19.0,14.0,13.0,24.0,26.0,40.0,54.0,57.0,44.0,46.0,45.0
501,Latvia,Sugar & Sweeteners,Domestic supply,95.0,116.0,112.0,100.0,93.0,99.0,84.0,74.0,82.0,76.0,100.0,129.0,107.0,101.0,115.0,105.0,96.0,96.0
502,Latvia,Sugar & Sweeteners,Losses,0.0,0.0,0.0,0.0,0.0,0.0,0.0,0.0,0.0,0.0,0.0,0.0,0.0,0.0,0.0,0.0,0.0,0.0
503,Latvia,Sugar & Sweeteners,Processing,12.0,15.0,16.0,17.0,5.0,8.0,8.0,2.0,0.0,2.0,22.0,48.0,24.0,13.0,0.0,0.0,0.0,0.0
504,Latvia,Sugar & Sweeteners,Other uses (non-food),3.0,1.0,2.0,2.0,4.0,5.0,6.0,8.0,7.0,4.0,3.0,4.0,1.0,0.0,0.0,0.0,0.0,0.0
505,Latvia,Sugar & Sweeteners,Human Consumption,80.0,100.0,93.0,80.0,83.0,86.0,71.0,63.0,75.0,70.0,75.0,78.0,82.0,87.0,115.0,105.0,96.0,96.0
506,Latvia,Pulses,Import,1.0,1.0,2.0,1.0,2.0,2.0,2.0,2.0,2.0,2.0,1.0,3.0,4.0,1.0,2.0,27.0,36.0,32.0
507,Latvia,Vegetable Oils,Stock Variation,-3.0,-2.0,0.0,0.0,0.0,0.0,0.0,0.0,-3.0,3.0,0.0,0.0,-9.0,-6.0,-1.0,1.0,-3.0,5.0
508,Latvia,Sugar & Sweeteners,Stock Variation,30.0,36.0,-4.0,15.0,8.0,11.0,0.0,16.0,-22.0,-38.0,-13.0,18.0,24.0,30.0,9.0,6.0,5.0,14.0
509,Latvia,Vegetable Oils,Import,45.0,51.0,51.0,50.0,54.0,51.0,62.0,54.0,58.0,61.0,68.0,82.0,113.0,100.0,105.0,90.0,63.0,73.0
510,Latvia,Fruits - Excluding Wine,Production,54.0,56.0,68.0,48.0,21.0,58.0,50.0,40.0,34.0,17.0,14.0,12.0,15.0,21.0,16.0,14.0,16.0,14.0
511,Latvia,Vegetables,Human Consumption,170.0,227.0,220.0,258.0,246.0,240.0,230.0,228.0,226.0,222.0,223.0,233.0,226.0,232.0,256.0,265.0,263.0,227.0
512,Latvia,Pulses,Export,0.0,0.0,0.0,0.0,1.0,0.0,0.0,0.0,0.0,0.0,0.0,1.0,4.0,2.0,8.0,55.0,123.0,86.0
513,Latvia,Stimulants,Processing,0.0,0.0,0.0,0.0,0.0,0.0,0.0,0.0,0.0,0.0,0.0,0.0,0.0,0.0,2.0,2.0,1.0,1.0
514,Latvia,Stimulants,Human Consumption,15.0,15.0,15.0,16.0,17.0,16.0,19.0,19.0,19.0,17.0,15.0,17.0,16.0,15.0,8.0,7.0,7.0,7.0
515,Latvia,Fruits - Excluding Wine,Import,112.0,110.0,122.0,134.0,136.0,136.0,146.0,172.0,148.0,132.0,145.0,165.0,175.0,179.0,164.0,169.0,154.0,179.0
516,Latvia,Fruits - Excluding Wine,Stock Variation,-1.0,0.0,-1.0,-5.0,0.0,-3.0,6.0,4.0,-8.0,6.0,1.0,1.0,-2.0,2.0,0.0,0.0,0.0,3.0
517,Latvia,Fruits - Excluding Wine,Export,16.0,21.0,39.0,44.0,36.0,39.0,48.0,51.0,46.0,41.0,50.0,69.0,77.0,85.0,64.0,83.0,66.0,73.0
518,Latvia,Fruits - Excluding Wine,Domestic supply,149.0,144.0,150.0,133.0,122.0,152.0,154.0,165.0,128.0,114.0,111.0,110.0,111.0,117.0,115.0,100.0,104.0,117.0
519,Latvia,Fruits - Excluding Wine,Feed,0.0,0.0,0.0,0.0,0.0,0.0,0.0,0.0,0.0,0.0,0.0,0.0,0.0,0.0,0.0,0.0,0.0,0.0
520,Latvia,Fruits - Excluding Wine,Losses,1.0,1.0,3.0,6.0,2.0,2.0,8.0,10.0,1.0,1.0,3.0,1.0,3.0,4.0,1.0,1.0,1.0,1.0
521,Latvia,Fruits - Excluding Wine,Processing,10.0,17.0,11.0,10.0,3.0,20.0,19.0,22.0,14.0,10.0,11.0,9.0,10.0,15.0,23.0,20.0,20.0,21.0
522,Latvia,Fruits - Excluding Wine,Human Consumption,139.0,127.0,137.0,118.0,118.0,130.0,127.0,134.0,113.0,103.0,97.0,100.0,98.0,98.0,91.0,79.0,83.0,94.0
523,Latvia,Vegetables,Production,106.0,159.0,149.0,218.0,181.0,173.0,186.0,163.0,143.0,183.0,151.0,169.0,162.0,141.0,191.0,195.0,206.0,165.0
524,Latvia,Vegetables,Import,72.0,77.0,83.0,83.0,90.0,100.0,101.0,114.0,120.0,108.0,110.0,127.0,124.0,129.0,129.0,130.0,141.0,158.0
525,Latvia,Vegetables,Stock Variation,0.0,0.0,0.0,0.0,0.0,0.0,0.0,0.0,0.0,0.0,0.0,0.0,-13.0,13.0,0.0,2.0,5.0,10.0
526,Latvia,Vegetables,Export,5.0,4.0,6.0,8.0,11.0,14.0,20.0,21.0,22.0,20.0,25.0,34.0,31.0,44.0,40.0,37.0,54.0,65.0
527,Latvia,Vegetables,Domestic supply,173.0,232.0,226.0,293.0,261.0,258.0,266.0,256.0,242.0,272.0,237.0,262.0,241.0,238.0,281.0,286.0,288.0,248.0
528,Latvia,Vegetables,Feed,0.0,0.0,0.0,26.0,8.0,9.0,29.0,19.0,8.0,31.0,5.0,16.0,4.0,0.0,9.0,6.0,8.0,4.0
529,Latvia,Vegetables,Losses,4.0,6.0,5.0,9.0,6.0,8.0,6.0,8.0,7.0,18.0,8.0,13.0,11.0,7.0,16.0,16.0,16.0,17.0
530,Latvia,Vegetables,Processing,0.0,0.0,0.0,0.0,0.0,1.0,1.0,1.0,1.0,1.0,1.0,1.0,1.0,1.0,0.0,0.0,0.0,0.0
531,Latvia,Vegetable Oils,Production,2.0,3.0,3.0,3.0,6.0,8.0,14.0,21.0,35.0,18.0,55.0,52.0,57.0,48.0,64.0,64.0,61.0,59.0
532,Latvia,Pulses,Domestic supply,5.0,5.0,6.0,6.0,5.0,6.0,3.0,5.0,4.0,7.0,6.0,10.0,10.0,16.0,27.0,75.0,38.0,116.0
533,Latvia,Sugar Crops,Feed,33.0,48.0,56.0,17.0,23.0,54.0,113.0,11.0,0.0,1.0,1.0,1.0,2.0,1.0,0.0,0.0,0.0,0.0
534,Latvia,Pulses,Seed,1.0,1.0,1.0,1.0,1.0,0.0,0.0,0.0,1.0,1.0,1.0,1.0,2.0,2.0,3.0,12.0,13.0,21.0
535,Latvia,Starchy Roots,Stock Variation,0.0,0.0,-78.0,-22.0,-36.0,46.0,32.0,0.0,-100.0,48.0,40.0,13.0,-21.0,21.0,1.0,90.0,85.0,3.0
536,Latvia,Starchy Roots,Export,35.0,27.0,32.0,43.0,41.0,74.0,76.0,26.0,57.0,57.0,78.0,68.0,56.0,42.0,48.0,38.0,42.0,49.0
537,Latvia,Starchy Roots,Domestic supply,728.0,617.0,708.0,707.0,560.0,679.0,546.0,655.0,579.0,600.0,530.0,506.0,558.0,510.0,495.0,414.0,409.0,416.0
538,Latvia,Starchy Roots,Feed,206.0,150.0,176.0,165.0,74.0,145.0,107.0,217.0,143.0,141.0,131.0,131.0,148.0,110.0,110.0,35.0,34.0,31.0
539,Latvia,Starchy Roots,Seed,187.0,201.0,195.0,195.0,180.0,180.0,160.0,150.0,138.0,109.0,110.0,113.0,104.0,100.0,105.0,105.0,102.0,100.0
540,Latvia,Starchy Roots,Losses,15.0,12.0,16.0,15.0,13.0,14.0,12.0,13.0,14.0,12.0,11.0,10.0,11.0,10.0,3.0,3.0,3.0,4.0
541,Latvia,Starchy Roots,Processing,36.0,26.0,30.0,35.0,1.0,58.0,9.0,58.0,53.0,51.0,33.0,17.0,35.0,42.0,33.0,29.0,26.0,26.0
542,Latvia,Starchy Roots,Other uses (non-food),3.0,6.0,6.0,6.0,9.0,10.0,4.0,4.0,6.0,3.0,3.0,4.0,9.0,9.0,12.0,11.0,15.0,15.0
543,Latvia,Starchy Roots,Human Consumption,281.0,222.0,286.0,292.0,284.0,272.0,253.0,213.0,225.0,284.0,243.0,232.0,251.0,239.0,232.0,231.0,228.0,241.0
544,Latvia,Sugar Crops,Production,408.0,491.0,622.0,532.0,506.0,520.0,474.0,11.0,0.0,0.0,0.0,0.0,0.0,0.0,0.0,0.0,0.0,0.0
545,Latvia,Sugar Crops,Import,14.0,1.0,0.0,0.0,0.0,0.0,0.0,0.0,0.0,1.0,1.0,1.0,2.0,1.0,1.0,0.0,0.0,1.0
546,Latvia,Sugar Crops,Stock Variation,0.0,0.0,0.0,0.0,0.0,0.0,0.0,0.0,0.0,0.0,0.0,0.0,0.0,0.0,0.0,0.0,0.0,0.0
547,Latvia,Sugar Crops,Export,0.0,0.0,0.0,25.0,6.0,38.0,0.0,0.0,0.0,0.0,0.0,0.0,0.0,0.0,2.0,0.0,7.0,0.0
548,Latvia,Sugar Crops,Domestic supply,422.0,492.0,622.0,508.0,500.0,482.0,474.0,11.0,0.0,1.0,1.0,1.0,2.0,1.0,-1.0,0.0,-7.0,0.0
549,Latvia,Sugar Crops,Seed,0.0,0.0,0.0,0.0,0.0,0.0,0.0,0.0,0.0,0.0,0.0,0.0,0.0,0.0,0.0,0.0,0.0,0.0
550,Latvia,Sugar Crops,Losses,0.0,0.0,0.0,0.0,0.0,0.0,0.0,0.0,0.0,0.0,0.0,0.0,0.0,0.0,0.0,0.0,0.0,0.0
551,Latvia,Sugar Crops,Processing,389.0,444.0,566.0,491.0,477.0,428.0,361.0,0.0,0.0,0.0,0.0,0.0,0.0,0.0,0.0,0.0,0.0,0.0
552,Latvia,Sugar Crops,Human Consumption,0.0,0.0,0.0,0.0,0.0,0.0,0.0,0.0,0.0,0.0,0.0,0.0,0.0,0.0,0.0,0.0,0.0,0.0
553,Latvia,Stimulants,Domestic supply,15.0,15.0,15.0,16.0,17.0,16.0,19.0,19.0,19.0,17.0,15.0,17.0,16.0,15.0,10.0,8.0,8.0,8.0
554,Latvia,Starchy Roots,Import,16.0,29.0,49.0,33.0,9.0,49.0,39.0,39.0,62.0,84.0,83.0,63.0,95.0,35.0,39.0,45.0,44.0,59.0
555,Latvia,Pulses,Feed,5.0,4.0,5.0,6.0,4.0,5.0,3.0,4.0,3.0,6.0,5.0,9.0,7.0,15.0,26.0,81.0,81.0,135.0
556,Latvia,Starchy Roots,Production,747.0,615.0,768.0,739.0,628.0,658.0,551.0,642.0,673.0,525.0,484.0,499.0,539.0,496.0,506.0,497.0,492.0,408.0
557,Latvia,Oilcrops,Other uses (non-food),0.0,0.0,2.0,1.0,0.0,1.0,1.0,0.0,0.0,0.0,1.0,1.0,1.0,0.0,1.0,1.0,1.0,1.0
558,Latvia,Pulses,Losses,0.0,0.0,0.0,0.0,0.0,0.0,0.0,0.0,0.0,0.0,0.0,0.0,0.0,0.0,1.0,4.0,5.0,7.0
559,Latvia,Pulses,Human Consumption,0.0,0.0,0.0,0.0,0.0,0.0,0.0,0.0,0.0,0.0,0.0,0.0,0.0,0.0,0.0,0.0,0.0,0.0
560,Latvia,Treenuts,Production,0.0,0.0,0.0,0.0,0.0,0.0,0.0,0.0,0.0,0.0,0.0,0.0,0.0,0.0,0.0,0.0,0.0,0.0
561,Latvia,Treenuts,Import,3.0,4.0,4.0,5.0,6.0,5.0,7.0,8.0,7.0,7.0,9.0,8.0,9.0,8.0,4.0,3.0,3.0,4.0
562,Latvia,Treenuts,Stock Variation,0.0,0.0,0.0,0.0,0.0,0.0,0.0,0.0,0.0,0.0,0.0,0.0,0.0,0.0,0.0,0.0,0.0,0.0
563,Latvia,Treenuts,Export,0.0,0.0,0.0,0.0,1.0,1.0,1.0,2.0,2.0,2.0,2.0,2.0,2.0,1.0,1.0,1.0,0.0,1.0
564,Latvia,Treenuts,Domestic supply,3.0,4.0,4.0,5.0,6.0,4.0,6.0,6.0,5.0,5.0,7.0,6.0,7.0,7.0,3.0,3.0,3.0,3.0
565,Latvia,Treenuts,Seed,0.0,0.0,0.0,0.0,0.0,0.0,0.0,0.0,0.0,0.0,0.0,0.0,0.0,0.0,0.0,0.0,0.0,0.0
566,Latvia,Treenuts,Losses,0.0,0.0,0.0,0.0,0.0,0.0,0.0,0.0,0.0,0.0,0.0,0.0,0.0,0.0,0.0,0.0,0.0,0.0
567,Latvia,Treenuts,Human Consumption,3.0,4.0,4.0,5.0,6.0,4.0,6.0,6.0,5.0,5.0,7.0,6.0,7.0,7.0,3.0,3.0,3.0,3.0
568,Latvia,Oilcrops,Production,11.0,14.0,35.0,39.0,105.0,148.0,123.0,199.0,201.0,207.0,229.0,223.0,306.0,299.0,186.0,294.0,283.0,328.0
569,Latvia,Oilcrops,Import,8.0,7.0,9.0,8.0,8.0,45.0,37.0,58.0,115.0,71.0,84.0,119.0,111.0,87.0,102.0,78.0,89.0,114.0
570,Latvia,Oilcrops,Stock Variation,2.0,2.0,2.0,-11.0,-35.0,-3.0,-4.0,-44.0,-52.0,-29.0,48.0,2.0,79.0,-11.0,-34.0,-22.0,-10.0,0.0
571,Latvia,Oilcrops,Export,9.0,12.0,28.0,12.0,40.0,129.0,72.0,105.0,147.0,180.0,197.0,195.0,335.0,240.0,174.0,239.0,234.0,312.0
572,Latvia,Oilcrops,Domestic supply,12.0,11.0,18.0,25.0,38.0,60.0,84.0,108.0,116.0,69.0,164.0,150.0,162.0,135.0,149.0,155.0,148.0,130.0
573,Latvia,Oilcrops,Feed,5.0,2.0,5.0,12.0,20.0,32.0,34.0,42.0,7.0,6.0,11.0,9.0,6.0,6.0,1.0,1.0,1.0,2.0
574,Latvia,Oilcrops,Seed,0.0,0.0,0.0,0.0,0.0,1.0,1.0,1.0,1.0,1.0,1.0,1.0,1.0,1.0,1.0,0.0,0.0,0.0
575,Latvia,Oilcrops,Losses,0.0,0.0,1.0,1.0,2.0,2.0,2.0,2.0,3.0,2.0,3.0,3.0,3.0,3.0,6.0,9.0,8.0,10.0
576,Latvia,Oilcrops,Processing,4.0,5.0,7.0,7.0,13.0,22.0,43.0,59.0,100.0,55.0,144.0,134.0,148.0,120.0,137.0,141.0,134.0,133.0
577,Latvia,Oilcrops,Human Consumption,3.0,3.0,3.0,3.0,3.0,3.0,4.0,4.0,5.0,4.0,4.0,4.0,4.0,4.0,4.0,4.0,4.0,4.0
578,Latvia,Stimulants,Export,2.0,1.0,2.0,3.0,5.0,6.0,5.0,5.0,5.0,5.0,8.0,7.0,9.0,9.0,5.0,5.0,6.0,6.0
579,Latvia,Sugar & Sweeteners,Feed,0.0,0.0,0.0,0.0,0.0,0.0,0.0,0.0,0.0,0.0,0.0,0.0,0.0,0.0,0.0,0.0,0.0,0.0
580,Latvia,Stimulants,Import,17.0,16.0,17.0,19.0,22.0,22.0,24.0,24.0,24.0,22.0,23.0,25.0,25.0,24.0,14.0,13.0,14.0,14.0
581,Latvia,"Fish, Seafood",Other uses (non-food),0.0,0.0,0.0,0.0,0.0,0.0,0.0,0.0,0.0,0.0,0.0,0.0,0.0,0.0,0.0,0.0,0.0,0.0
582,Latvia,"Fish, Seafood",Human Consumption,32.0,28.0,23.0,22.0,30.0,29.0,31.0,43.0,52.0,57.0,58.0,53.0,43.0,49.0,49.0,49.0,49.0,49.0
583,Latvia,Eggs,Production,25.0,27.0,30.0,30.0,32.0,33.0,36.0,42.0,40.0,43.0,45.0,42.0,42.0,40.0,41.0,44.0,47.0,48.0
584,Latvia,Eggs,Import,1.0,1.0,0.0,1.0,1.0,2.0,3.0,4.0,5.0,5.0,7.0,9.0,9.0,11.0,11.0,9.0,6.0,8.0
585,Latvia,Eggs,Stock Variation,0.0,0.0,0.0,0.0,0.0,0.0,0.0,0.0,0.0,0.0,0.0,0.0,0.0,0.0,0.0,0.0,0.0,0.0
586,Latvia,Eggs,Export,2.0,1.0,2.0,2.0,3.0,3.0,4.0,10.0,9.0,17.0,22.0,20.0,22.0,21.0,20.0,22.0,27.0,28.0
587,Latvia,Eggs,Domestic supply,23.0,27.0,29.0,29.0,29.0,31.0,35.0,36.0,36.0,31.0,30.0,30.0,30.0,30.0,31.0,31.0,26.0,28.0
588,Latvia,Eggs,Seed,0.0,0.0,0.0,1.0,1.0,1.0,1.0,1.0,1.0,1.0,1.0,1.0,1.0,1.0,1.0,1.0,1.0,1.0
589,Latvia,Eggs,Losses,0.0,0.0,0.0,0.0,0.0,0.0,0.0,0.0,0.0,0.0,0.0,0.0,0.0,0.0,2.0,2.0,2.0,2.0
590,Latvia,Eggs,Human Consumption,23.0,27.0,28.0,28.0,29.0,31.0,34.0,35.0,34.0,30.0,29.0,29.0,28.0,29.0,28.0,27.0,22.0,24.0
591,Latvia,Milk - Excluding Butter,Production,825.0,848.0,814.0,786.0,786.0,810.0,815.0,842.0,835.0,831.0,834.0,845.0,874.0,915.0,972.0,978.0,986.0,1000.0
592,Latvia,Milk - Excluding Butter,Import,105.0,157.0,153.0,122.0,106.0,87.0,136.0,140.0,162.0,143.0,196.0,198.0,228.0,228.0,239.0,251.0,307.0,298.0
593,Latvia,Milk - Excluding Butter,Stock Variation,4.0,0.0,0.0,0.0,-4.0,-4.0,8.0,-23.0,-8.0,8.0,0.0,-10.0,10.0,-20.0,3.0,0.0,13.0,5.0
594,Latvia,Milk - Excluding Butter,Export,161.0,184.0,161.0,150.0,174.0,177.0,299.0,310.0,335.0,331.0,339.0,393.0,602.0,627.0,709.0,669.0,679.0,693.0
595,Latvia,Milk - Excluding Butter,Domestic supply,774.0,822.0,806.0,758.0,714.0,717.0,659.0,648.0,654.0,652.0,691.0,640.0,510.0,496.0,498.0,560.0,601.0,600.0
596,Latvia,Milk - Excluding Butter,Feed,256.0,286.0,298.0,251.0,242.0,210.0,193.0,199.0,163.0,161.0,213.0,195.0,120.0,130.0,146.0,218.0,189.0,209.0
597,Latvia,Milk - Excluding Butter,Losses,2.0,3.0,2.0,2.0,2.0,2.0,2.0,2.0,2.0,2.0,2.0,2.0,2.0,2.0,2.0,2.0,2.0,2.0
598,Latvia,Milk - Excluding Butter,Processing,0.0,0.0,0.0,0.0,0.0,0.0,0.0,0.0,0.0,0.0,0.0,0.0,0.0,0.0,0.0,0.0,21.0,0.0
599,Latvia,Milk - Excluding Butter,Other uses (non-food),29.0,93.0,17.0,1.0,8.0,64.0,2.0,2.0,1.0,1.0,9.0,1.0,1.0,7.0,3.0,6.0,0.0,3.0
600,Latvia,"Fish, Seafood",Feed,0.0,0.0,1.0,1.0,1.0,1.0,1.0,1.0,1.0,1.0,2.0,1.0,1.0,1.0,1.0,1.0,1.0,1.0
601,Latvia,Milk - Excluding Butter,Human Consumption,487.0,440.0,490.0,504.0,463.0,442.0,462.0,446.0,490.0,488.0,468.0,442.0,388.0,357.0,348.0,380.0,389.0,434.0
602,Latvia,"Fish, Seafood",Domestic supply,32.0,28.0,24.0,23.0,31.0,30.0,32.0,44.0,53.0,58.0,60.0,55.0,44.0,49.0,49.0,49.0,49.0,49.0
603,Latvia,"Fish, Seafood",Stock Variation,-12.0,14.0,12.0,-2.0,12.0,-9.0,9.0,-4.0,3.0,-16.0,-17.0,-22.0,35.0,25.0,25.0,25.0,25.0,25.0
604,Latvia,Cereals - Excluding Beer,Import,123.0,78.0,83.0,83.0,133.0,214.0,124.0,175.0,441.0,619.0,550.0,388.0,585.0,448.0,497.0,412.0,841.0,858.0
605,Latvia,Cereals - Excluding Beer,Stock Variation,-79.0,57.0,-22.0,93.0,-48.0,33.0,15.0,-255.0,-15.0,35.0,192.0,-132.0,148.0,-159.0,-103.0,70.0,-94.0,117.0
606,Latvia,Cereals - Excluding Beer,Export,10.0,113.0,113.0,176.0,112.0,527.0,359.0,475.0,1188.0,1370.0,1376.0,727.0,1871.0,1420.0,1784.0,2435.0,2703.0,2599.0
607,Latvia,Cereals - Excluding Beer,Domestic supply,958.0,950.0,976.0,933.0,1033.0,1034.0,939.0,980.0,926.0,947.0,849.0,939.0,987.0,818.0,1045.0,929.0,935.0,836.0
608,Latvia,Cereals - Excluding Beer,Feed,519.0,496.0,535.0,488.0,550.0,606.0,466.0,507.0,453.0,476.0,399.0,495.0,522.0,348.0,514.0,450.0,398.0,341.0
609,Latvia,Cereals - Excluding Beer,Seed,106.0,105.0,97.0,102.0,111.0,120.0,123.0,126.0,128.0,128.0,129.0,128.0,141.0,142.0,162.0,166.0,174.0,154.0
610,Latvia,Cereals - Excluding Beer,Losses,22.0,23.0,27.0,21.0,20.0,22.0,30.0,27.0,27.0,24.0,20.0,22.0,24.0,25.0,11.0,12.0,15.0,15.0
611,Latvia,Cereals - Excluding Beer,Processing,29.0,27.0,48.0,41.0,83.0,35.0,69.0,68.0,81.0,82.0,61.0,46.0,51.0,51.0,61.0,56.0,46.0,54.0
612,Latvia,Cereals - Excluding Beer,Other uses (non-food),0.0,0.0,0.0,0.0,0.0,1.0,0.0,0.0,0.0,0.0,0.0,0.0,0.0,0.0,42.0,40.0,75.0,82.0
613,Latvia,Cereals - Excluding Beer,Human Consumption,281.0,299.0,269.0,281.0,268.0,251.0,252.0,253.0,238.0,237.0,240.0,248.0,248.0,251.0,256.0,245.0,249.0,235.0
614,Latvia,"Aquatic Products, Other",Production,0.0,0.0,0.0,0.0,0.0,0.0,0.0,0.0,0.0,0.0,0.0,0.0,0.0,0.0,0.0,0.0,0.0,0.0
615,Latvia,"Aquatic Products, Other",Import,0.0,0.0,0.0,0.0,0.0,0.0,0.0,0.0,0.0,0.0,0.0,0.0,0.0,0.0,0.0,0.0,0.0,0.0
616,Latvia,"Aquatic Products, Other",Stock Variation,0.0,0.0,0.0,0.0,0.0,0.0,0.0,0.0,0.0,0.0,0.0,0.0,0.0,0.0,0.0,0.0,0.0,0.0
617,Latvia,"Aquatic Products, Other",Export,0.0,0.0,0.0,0.0,0.0,0.0,0.0,0.0,0.0,0.0,0.0,0.0,0.0,0.0,0.0,0.0,0.0,0.0
618,Latvia,"Aquatic Products, Other",Domestic supply,0.0,0.0,0.0,0.0,0.0,0.0,0.0,0.0,0.0,0.0,0.0,0.0,0.0,0.0,0.0,0.0,0.0,0.0
619,Latvia,"Aquatic Products, Other",Other uses (non-food),0.0,0.0,0.0,0.0,0.0,0.0,0.0,0.0,0.0,0.0,0.0,0.0,0.0,0.0,0.0,0.0,0.0,0.0
620,Latvia,"Aquatic Products, Other",Human Consumption,0.0,0.0,0.0,0.0,0.0,0.0,0.0,0.0,0.0,0.0,0.0,0.0,0.0,0.0,0.0,0.0,0.0,0.0
621,Latvia,"Fish, Seafood",Production,137.0,129.0,118.0,115.0,126.0,151.0,141.0,156.0,159.0,164.0,165.0,156.0,95.0,117.0,117.0,117.0,117.0,117.0
622,Latvia,"Fish, Seafood",Import,50.0,65.0,61.0,45.0,46.0,63.0,71.0,75.0,91.0,100.0,103.0,85.0,89.0,98.0,98.0,98.0,98.0,98.0
623,Latvia,"Fish, Seafood",Export,143.0,180.0,167.0,135.0,153.0,175.0,189.0,183.0,200.0,189.0,192.0,164.0,175.0,190.0,190.0,190.0,190.0,190.0
624,Latvia,Animal fats,Production,37.0,39.0,40.0,41.0,42.0,43.0,52.0,53.0,48.0,49.0,54.0,56.0,60.0,60.0,48.0,49.0,48.0,52.0
625,Latvia,Cereals - Excluding Beer,Production,924.0,928.0,1029.0,932.0,1060.0,1314.0,1159.0,1535.0,1689.0,1663.0,1482.0,1410.0,2125.0,1949.0,2229.0,3022.0,2703.0,2693.0
626,Latvia,Animal fats,Stock Variation,0.0,0.0,0.0,0.0,0.0,0.0,-3.0,0.0,1.0,-2.0,4.0,0.0,0.0,0.0,1.0,0.0,0.0,0.0
627,Latvia,Meat,Human Consumption,88.0,93.0,107.0,120.0,125.0,133.0,134.0,140.0,147.0,138.0,136.0,142.0,132.0,125.0,123.0,128.0,130.0,134.0
628,Latvia,Miscellaneous,Import,1.0,1.0,1.0,1.0,1.0,1.0,1.0,1.0,1.0,1.0,1.0,1.0,1.0,1.0,31.0,30.0,33.0,37.0
629,Latvia,Miscellaneous,Stock Variation,0.0,0.0,0.0,0.0,0.0,0.0,0.0,0.0,0.0,0.0,0.0,0.0,0.0,0.0,0.0,0.0,0.0,0.0
630,Latvia,Miscellaneous,Export,0.0,0.0,0.0,0.0,0.0,0.0,0.0,0.0,0.0,0.0,1.0,1.0,1.0,1.0,17.0,16.0,20.0,27.0
631,Latvia,Miscellaneous,Domestic supply,1.0,1.0,1.0,1.0,1.0,1.0,1.0,1.0,1.0,1.0,1.0,1.0,1.0,1.0,14.0,14.0,13.0,10.0
632,Latvia,Miscellaneous,Human Consumption,1.0,1.0,1.0,1.0,1.0,1.0,1.0,1.0,1.0,1.0,1.0,1.0,1.0,1.0,14.0,14.0,13.0,10.0
633,Latvia,Alcoholic Beverages,Production,112.0,115.0,140.0,153.0,145.0,168.0,179.0,187.0,179.0,177.0,192.0,218.0,214.0,217.0,160.0,138.0,123.0,133.0
634,Latvia,Alcoholic Beverages,Stock Variation,0.0,-15.0,15.0,0.0,0.0,0.0,0.0,0.0,-8.0,0.0,5.0,3.0,0.0,0.0,8.0,-5.0,10.0,16.0
635,Latvia,Alcoholic Beverages,Export,9.0,11.0,42.0,43.0,65.0,66.0,81.0,96.0,99.0,94.0,135.0,161.0,181.0,184.0,172.0,143.0,150.0,215.0
636,Latvia,Alcoholic Beverages,Domestic supply,142.0,130.0,176.0,176.0,152.0,197.0,206.0,214.0,207.0,201.0,202.0,211.0,193.0,195.0,200.0,200.0,194.0,204.0
637,Latvia,Alcoholic Beverages,Other uses (non-food),1.0,1.0,7.0,2.0,4.0,2.0,2.0,1.0,1.0,1.0,4.0,13.0,11.0,10.0,12.0,11.0,8.0,4.0
638,Latvia,Alcoholic Beverages,Human Consumption,141.0,129.0,170.0,174.0,149.0,195.0,204.0,213.0,206.0,200.0,198.0,198.0,182.0,185.0,188.0,189.0,185.0,200.0
639,Latvia,Spices,Import,1.0,2.0,1.0,1.0,1.0,1.0,1.0,1.0,1.0,1.0,2.0,2.0,2.0,2.0,2.0,2.0,2.0,3.0
640,Latvia,Spices,Stock Variation,0.0,0.0,0.0,0.0,0.0,0.0,0.0,0.0,0.0,0.0,0.0,0.0,0.0,0.0,0.0,0.0,0.0,0.0
641,Latvia,Spices,Export,0.0,0.0,0.0,0.0,0.0,0.0,0.0,0.0,0.0,0.0,1.0,1.0,1.0,1.0,2.0,2.0,2.0,3.0
642,Latvia,Spices,Domestic supply,1.0,1.0,1.0,1.0,1.0,1.0,1.0,1.0,1.0,1.0,1.0,1.0,1.0,1.0,1.0,1.0,1.0,0.0
643,Latvia,Spices,Human Consumption,1.0,1.0,1.0,1.0,1.0,1.0,1.0,1.0,1.0,1.0,1.0,1.0,1.0,1.0,1.0,1.0,1.0,0.0
644,Latvia,Stimulants,Production,0.0,0.0,0.0,0.0,0.0,0.0,0.0,0.0,0.0,0.0,0.0,0.0,0.0,0.0,0.0,0.0,0.0,0.0
645,Latvia,Animal fats,Import,7.0,8.0,8.0,10.0,9.0,7.0,7.0,7.0,9.0,9.0,9.0,10.0,14.0,15.0,13.0,11.0,9.0,10.0
646,Latvia,Meat,Processing,0.0,0.0,0.0,0.0,0.0,0.0,0.0,0.0,0.0,0.0,0.0,0.0,0.0,0.0,0.0,0.0,0.0,0.0
647,Latvia,Meat,Losses,1.0,1.0,1.0,1.0,1.0,1.0,1.0,1.0,1.0,1.0,1.0,1.0,1.0,1.0,2.0,2.0,2.0,2.0
648,Latvia,Alcoholic Beverages,Import,39.0,42.0,64.0,67.0,72.0,95.0,108.0,123.0,135.0,118.0,141.0,151.0,160.0,162.0,220.0,199.0,231.0,303.0
649,Latvia,Meat,Export,2.0,2.0,3.0,5.0,6.0,9.0,19.0,20.0,20.0,23.0,27.0,33.0,37.0,43.0,43.0,34.0,40.0,46.0
650,Latvia,Meat,Domestic supply,89.0,94.0,108.0,121.0,126.0,134.0,135.0,142.0,148.0,139.0,137.0,143.0,133.0,126.0,125.0,129.0,131.0,136.0
651,Latvia,Animal fats,Domestic supply,41.0,44.0,45.0,47.0,44.0,46.0,51.0,51.0,49.0,50.0,59.0,57.0,64.0,63.0,47.0,51.0,45.0,47.0
652,Latvia,Animal fats,Losses,0.0,0.0,0.0,0.0,0.0,0.0,0.0,0.0,0.0,0.0,0.0,0.0,0.0,0.0,0.0,0.0,0.0,0.0
653,Latvia,Animal fats,Processing,0.0,0.0,0.0,0.0,0.0,0.0,0.0,0.0,0.0,0.0,0.0,0.0,0.0,0.0,0.0,0.0,0.0,0.0
654,Latvia,Animal fats,Other uses (non-food),4.0,5.0,6.0,10.0,6.0,9.0,7.0,6.0,6.0,6.0,11.0,8.0,10.0,9.0,3.0,4.0,3.0,3.0
655,Latvia,Animal fats,Human Consumption,37.0,39.0,39.0,36.0,38.0,37.0,44.0,45.0,43.0,44.0,48.0,49.0,54.0,54.0,44.0,47.0,42.0,43.0
656,Latvia,Offals,Production,9.0,8.0,7.0,8.0,8.0,8.0,8.0,8.0,8.0,8.0,8.0,8.0,7.0,7.0,7.0,7.0,7.0,7.0
657,Latvia,Offals,Import,1.0,2.0,2.0,2.0,3.0,5.0,10.0,9.0,9.0,7.0,10.0,11.0,9.0,9.0,6.0,6.0,7.0,6.0
658,Latvia,Offals,Stock Variation,0.0,0.0,0.0,0.0,0.0,0.0,0.0,0.0,0.0,0.0,0.0,0.0,0.0,0.0,0.0,0.0,0.0,0.0
659,Latvia,Stimulants,Stock Variation,0.0,0.0,0.0,0.0,0.0,0.0,0.0,0.0,0.0,0.0,0.0,0.0,0.0,0.0,-1.0,0.0,0.0,0.0
660,Latvia,Offals,Domestic supply,10.0,10.0,10.0,10.0,12.0,13.0,18.0,16.0,15.0,15.0,16.0,16.0,15.0,13.0,10.0,10.0,10.0,7.0
661,Latvia,Meat,Stock Variation,0.0,0.0,0.0,0.0,0.0,0.0,0.0,0.0,0.0,0.0,0.0,0.0,0.0,0.0,5.0,7.0,13.0,16.0
662,Latvia,Offals,Export,0.0,0.0,0.0,0.0,0.0,0.0,1.0,1.0,2.0,1.0,2.0,2.0,2.0,3.0,3.0,3.0,3.0,6.0
663,Latvia,Meat,Production,62.0,60.0,63.0,71.0,74.0,77.0,80.0,85.0,86.0,83.0,80.0,80.0,79.0,81.0,85.0,86.0,88.0,92.0
664,Latvia,Offals,Human Consumption,10.0,9.0,9.0,10.0,10.0,10.0,16.0,14.0,13.0,12.0,15.0,15.0,14.0,13.0,9.0,9.0,9.0,6.0
665,Latvia,Meat,Import,29.0,36.0,48.0,55.0,59.0,67.0,73.0,77.0,82.0,79.0,83.0,96.0,90.0,88.0,88.0,85.0,97.0,107.0
666,Latvia,Offals,Processing,0.0,0.0,0.0,0.0,0.0,0.0,0.0,0.0,0.0,0.0,0.0,0.0,0.0,0.0,0.0,1.0,1.0,0.0
667,Latvia,Offals,Losses,0.0,0.0,0.0,0.0,0.0,0.0,0.0,0.0,0.0,0.0,0.0,0.0,0.0,0.0,0.0,0.0,0.0,0.0
668,Latvia,Animal fats,Export,3.0,3.0,3.0,4.0,6.0,4.0,5.0,9.0,9.0,6.0,7.0,9.0,10.0,12.0,13.0,9.0,12.0,15.0
669,Latvia,Offals,Other uses (non-food),0.0,0.0,0.0,1.0,1.0,2.0,2.0,2.0,1.0,2.0,0.0,1.0,1.0,0.0,0.0,0.0,0.0,0.0
670,Lebanon,Sugar & Sweeteners,Production,35.0,3.0,1.0,1.0,7.0,9.0,6.0,6.0,6.0,1.0,1.0,1.0,1.0,2.0,2.0,2.0,2.0,2.0
671,Lebanon,Vegetable Oils,Stock Variation,-12.0,-7.0,-1.0,-4.0,-4.0,-5.0,-5.0,1.0,1.0,-3.0,-14.0,6.0,-3.0,-13.0,-31.0,-14.0,-1.0,0.0
672,Lebanon,Vegetable Oils,Export,8.0,8.0,6.0,7.0,12.0,9.0,8.0,9.0,8.0,7.0,9.0,9.0,18.0,19.0,16.0,17.0,22.0,21.0
673,Lebanon,Vegetable Oils,Domestic supply,76.0,79.0,83.0,82.0,89.0,90.0,108.0,111.0,105.0,120.0,124.0,124.0,127.0,134.0,198.0,199.0,196.0,224.0
674,Lebanon,Vegetable Oils,Processing,0.0,0.0,0.0,0.0,0.0,0.0,0.0,0.0,0.0,0.0,0.0,0.0,0.0,0.0,3.0,4.0,4.0,4.0
675,Lebanon,Vegetable Oils,Other uses (non-food),24.0,23.0,28.0,24.0,26.0,25.0,30.0,34.0,27.0,43.0,43.0,38.0,45.0,49.0,81.0,82.0,84.0,100.0
676,Lebanon,Vegetable Oils,Human Consumption,52.0,56.0,56.0,58.0,64.0,65.0,78.0,77.0,77.0,77.0,81.0,85.0,82.0,86.0,116.0,116.0,113.0,124.0
677,Lebanon,Sugar & Sweeteners,Import,107.0,132.0,176.0,182.0,179.0,157.0,134.0,242.0,221.0,251.0,269.0,268.0,274.0,315.0,528.0,639.0,583.0,587.0
678,Lebanon,Pulses,Export,1.0,3.0,3.0,1.0,2.0,1.0,5.0,6.0,3.0,7.0,7.0,4.0,2.0,4.0,3.0,9.0,13.0,10.0
679,Lebanon,Sugar & Sweeteners,Export,3.0,4.0,19.0,9.0,11.0,10.0,10.0,11.0,11.0,9.0,12.0,18.0,21.0,62.0,134.0,215.0,152.0,141.0
680,Lebanon,Sugar & Sweeteners,Domestic supply,131.0,141.0,150.0,160.0,159.0,158.0,164.0,219.0,211.0,229.0,251.0,253.0,243.0,244.0,490.0,469.0,475.0,458.0
681,Lebanon,Sugar & Sweeteners,Losses,0.0,0.0,0.0,0.0,0.0,0.0,0.0,0.0,0.0,0.0,0.0,0.0,0.0,0.0,0.0,0.0,0.0,0.0
682,Lebanon,Sugar & Sweeteners,Other uses (non-food),8.0,14.0,19.0,20.0,16.0,16.0,16.0,16.0,16.0,22.0,22.0,27.0,22.0,27.0,33.0,34.0,34.0,33.0
683,Lebanon,Sugar & Sweeteners,Human Consumption,157.0,129.0,131.0,140.0,148.0,149.0,153.0,207.0,200.0,208.0,229.0,226.0,222.0,216.0,467.0,476.0,449.0,431.0
684,Lebanon,Pulses,Production,13.0,13.0,15.0,16.0,10.0,9.0,8.0,9.0,8.0,7.0,9.0,10.0,10.0,11.0,11.0,10.0,9.0,9.0
685,Lebanon,Pulses,Import,31.0,38.0,33.0,28.0,31.0,29.0,40.0,41.0,42.0,37.0,34.0,35.0,36.0,42.0,44.0,38.0,38.0,44.0
686,Lebanon,Pulses,Stock Variation,1.0,-4.0,-2.0,1.0,0.0,0.0,0.0,0.0,0.0,-1.0,1.0,0.0,0.0,0.0,-9.0,-6.0,-4.0,-1.0
687,Lebanon,Vegetable Oils,Import,74.0,75.0,65.0,58.0,73.0,82.0,94.0,100.0,90.0,106.0,99.0,102.0,124.0,136.0,140.0,139.0,144.0,156.0
688,Lebanon,Sugar & Sweeteners,Stock Variation,-9.0,10.0,-9.0,-14.0,-16.0,2.0,35.0,-17.0,-5.0,-13.0,-8.0,1.0,-11.0,-11.0,-95.0,-42.0,-43.0,-10.0
689,Lebanon,Vegetable Oils,Production,21.0,19.0,26.0,36.0,33.0,23.0,26.0,19.0,22.0,25.0,48.0,24.0,23.0,30.0,44.0,64.0,72.0,89.0
690,Lebanon,Stimulants,Human Consumption,24.0,35.0,26.0,25.0,30.0,31.0,29.0,36.0,34.0,36.0,42.0,42.0,43.0,56.0,29.0,30.0,30.0,31.0
691,Lebanon,Vegetables,Other uses (non-food),21.0,15.0,10.0,7.0,7.0,7.0,6.0,6.0,6.0,6.0,6.0,6.0,6.0,6.0,5.0,5.0,5.0,6.0
692,Lebanon,Pulses,Domestic supply,44.0,45.0,43.0,45.0,39.0,37.0,43.0,44.0,46.0,36.0,37.0,41.0,44.0,50.0,61.0,46.0,39.0,45.0
693,Lebanon,Fruits - Excluding Wine,Production,841.0,826.0,811.0,948.0,951.0,923.0,905.0,947.0,948.0,900.0,791.0,790.0,860.0,844.0,894.0,893.0,881.0,868.0
694,Lebanon,Fruits - Excluding Wine,Import,29.0,38.0,49.0,51.0,53.0,53.0,43.0,49.0,51.0,55.0,57.0,61.0,65.0,101.0,48.0,55.0,51.0,64.0
695,Lebanon,Fruits - Excluding Wine,Stock Variation,0.0,-1.0,1.0,0.0,0.0,0.0,0.0,0.0,-9.0,1.0,8.0,0.0,0.0,0.0,-1.0,12.0,13.0,11.0
696,Lebanon,Fruits - Excluding Wine,Export,202.0,220.0,211.0,237.0,283.0,309.0,287.0,355.0,367.0,371.0,401.0,316.0,351.0,297.0,237.0,195.0,198.0,200.0
697,Lebanon,Fruits - Excluding Wine,Domestic supply,669.0,643.0,651.0,762.0,721.0,666.0,661.0,641.0,622.0,585.0,456.0,534.0,574.0,648.0,707.0,742.0,722.0,721.0
698,Lebanon,Fruits - Excluding Wine,Feed,5.0,5.0,8.0,9.0,3.0,3.0,3.0,3.0,3.0,3.0,3.0,3.0,3.0,3.0,3.0,2.0,2.0,2.0
699,Lebanon,Fruits - Excluding Wine,Losses,72.0,71.0,69.0,81.0,84.0,81.0,79.0,82.0,82.0,77.0,67.0,67.0,71.0,72.0,74.0,73.0,73.0,73.0
700,Lebanon,Fruits - Excluding Wine,Processing,56.0,53.0,51.0,52.0,54.0,56.0,58.0,63.0,57.0,59.0,52.0,52.0,56.0,57.0,81.0,84.0,80.0,78.0
701,Lebanon,Fruits - Excluding Wine,Other uses (non-food),20.0,20.0,29.0,28.0,17.0,15.0,12.0,15.0,13.0,15.0,14.0,14.0,14.0,14.0,14.0,14.0,14.0,14.0
702,Lebanon,Fruits - Excluding Wine,Human Consumption,516.0,494.0,493.0,592.0,564.0,511.0,510.0,478.0,467.0,430.0,320.0,399.0,450.0,512.0,536.0,583.0,572.0,586.0
703,Lebanon,Vegetables,Production,897.0,880.0,860.0,788.0,831.0,807.0,693.0,823.0,849.0,665.0,946.0,960.0,990.0,996.0,967.0,919.0,912.0,919.0
704,Lebanon,Vegetables,Import,115.0,126.0,113.0,125.0,148.0,159.0,162.0,140.0,140.0,140.0,155.0,154.0,177.0,158.0,140.0,138.0,118.0,141.0
705,Lebanon,Vegetables,Stock Variation,-7.0,-9.0,2.0,6.0,1.0,0.0,0.0,0.0,0.0,0.0,0.0,0.0,0.0,0.0,-4.0,2.0,4.0,13.0
706,Lebanon,Vegetables,Export,34.0,43.0,55.0,65.0,77.0,63.0,66.0,75.0,85.0,83.0,86.0,85.0,86.0,116.0,114.0,66.0,51.0,48.0
707,Lebanon,Vegetables,Domestic supply,971.0,953.0,919.0,854.0,902.0,903.0,789.0,888.0,904.0,722.0,1016.0,1029.0,1081.0,1038.0,997.0,989.0,974.0,999.0
708,Lebanon,Vegetables,Feed,4.0,5.0,3.0,2.0,2.0,2.0,3.0,3.0,2.0,2.0,2.0,2.0,2.0,2.0,2.0,2.0,2.0,2.0
709,Lebanon,Vegetables,Losses,96.0,95.0,92.0,86.0,92.0,91.0,80.0,90.0,92.0,74.0,102.0,103.0,105.0,103.0,99.0,94.0,92.0,94.0
710,Lebanon,Vegetables,Processing,0.0,0.0,0.0,0.0,0.0,0.0,0.0,0.0,0.0,0.0,0.0,0.0,0.0,0.0,15.0,15.0,15.0,15.0
711,Lebanon,Vegetables,Human Consumption,850.0,838.0,813.0,758.0,800.0,802.0,700.0,789.0,804.0,641.0,907.0,918.0,969.0,927.0,887.0,878.0,860.0,883.0
712,Lebanon,Pulses,Feed,5.0,5.0,5.0,5.0,4.0,3.0,3.0,3.0,2.0,1.0,1.0,1.0,1.0,1.0,1.0,1.0,1.0,1.0
713,Lebanon,Oilcrops,Processing,83.0,58.0,105.0,160.0,133.0,94.0,100.0,63.0,78.0,87.0,187.0,91.0,80.0,108.0,164.0,265.0,310.0,394.0
714,Lebanon,Pulses,Losses,1.0,1.0,1.0,1.0,1.0,1.0,1.0,1.0,1.0,1.0,1.0,1.0,1.0,2.0,0.0,0.0,0.0,0.0
715,Lebanon,Starchy Roots,Stock Variation,0.0,0.0,0.0,0.0,0.0,0.0,0.0,0.0,0.0,0.0,-5.0,1.0,1.0,2.0,-32.0,21.0,-3.0,0.0
716,Lebanon,Starchy Roots,Export,75.0,81.0,131.0,109.0,147.0,142.0,112.0,132.0,156.0,102.0,125.0,140.0,120.0,215.0,261.0,163.0,158.0,144.0
717,Lebanon,Starchy Roots,Domestic supply,249.0,234.0,348.0,396.0,450.0,490.0,385.0,535.0,479.0,475.0,334.0,315.0,327.0,338.0,342.0,384.0,348.0,363.0
718,Lebanon,Starchy Roots,Feed,0.0,0.0,0.0,0.0,0.0,0.0,0.0,0.0,0.0,0.0,0.0,0.0,0.0,0.0,0.0,0.0,0.0,0.0
719,Lebanon,Starchy Roots,Seed,12.0,17.0,19.0,20.0,20.0,20.0,20.0,20.0,19.0,11.0,12.0,12.0,16.0,16.0,26.0,28.0,22.0,22.0
720,Lebanon,Starchy Roots,Losses,13.0,13.0,19.0,20.0,23.0,24.0,14.0,25.0,18.0,20.0,17.0,16.0,16.0,19.0,22.0,22.0,19.0,19.0
721,Lebanon,Starchy Roots,Processing,0.0,0.0,0.0,0.0,0.0,0.0,0.0,0.0,0.0,0.0,0.0,0.0,0.0,0.0,0.0,0.0,0.0,0.0
722,Lebanon,Starchy Roots,Other uses (non-food),37.0,21.0,38.0,36.0,38.0,59.0,17.0,63.0,54.0,93.0,49.0,55.0,73.0,88.0,42.0,59.0,44.0,48.0
723,Lebanon,Starchy Roots,Human Consumption,188.0,184.0,272.0,321.0,368.0,388.0,333.0,426.0,388.0,351.0,258.0,232.0,222.0,215.0,253.0,275.0,265.0,274.0
724,Lebanon,Sugar Crops,Production,346.0,15.0,0.0,0.0,85.0,79.0,35.0,37.0,31.0,1.0,2.0,3.0,1.0,1.0,6.0,7.0,6.0,6.0
725,Lebanon,Sugar Crops,Import,0.0,0.0,0.0,0.0,0.0,0.0,0.0,0.0,0.0,0.0,0.0,0.0,0.0,0.0,0.0,0.0,0.0,0.0
726,Lebanon,Sugar Crops,Stock Variation,0.0,0.0,0.0,0.0,0.0,0.0,0.0,0.0,0.0,0.0,0.0,0.0,0.0,0.0,0.0,0.0,0.0,0.0
727,Lebanon,Sugar Crops,Export,0.0,0.0,0.0,0.0,0.0,0.0,0.0,0.0,0.0,0.0,0.0,0.0,0.0,0.0,0.0,0.0,0.0,0.0
728,Lebanon,Sugar Crops,Domestic supply,346.0,15.0,0.0,0.0,85.0,79.0,35.0,37.0,31.0,1.0,2.0,3.0,1.0,1.0,6.0,7.0,6.0,6.0
729,Lebanon,Sugar Crops,Feed,53.0,1.0,0.0,0.0,42.0,22.0,0.0,0.0,0.0,1.0,2.0,3.0,1.0,1.0,6.0,7.0,5.0,5.0
730,Lebanon,Sugar Crops,Losses,0.0,0.0,0.0,0.0,0.0,0.0,0.0,0.0,0.0,0.0,0.0,0.0,0.0,0.0,0.0,0.0,0.0,0.0
731,Lebanon,Sugar Crops,Processing,289.0,14.0,0.0,0.0,43.0,57.0,35.0,37.0,31.0,0.0,0.0,0.0,0.0,0.0,0.0,0.0,0.0,0.0
732,Lebanon,Sugar Crops,Human Consumption,5.0,0.0,0.0,0.0,0.0,0.0,0.0,0.0,0.0,0.0,0.0,0.0,0.0,0.0,0.0,0.0,0.0,0.0
733,Lebanon,Stimulants,Processing,0.0,0.0,0.0,0.0,0.0,0.0,0.0,0.0,0.0,0.0,0.0,0.0,0.0,0.0,5.0,5.0,5.0,5.0
734,Lebanon,Starchy Roots,Import,49.0,58.0,80.0,88.0,97.0,120.0,98.0,151.0,119.0,151.0,163.0,153.0,121.0,139.0,117.0,99.0,109.0,123.0
735,Lebanon,Pulses,Seed,1.0,1.0,1.0,1.0,1.0,1.0,0.0,0.0,0.0,0.0,0.0,0.0,0.0,0.0,1.0,0.0,0.0,0.0
736,Lebanon,Starchy Roots,Production,276.0,258.0,398.0,417.0,500.0,512.0,399.0,516.0,516.0,426.0,301.0,301.0,325.0,413.0,453.0,468.0,394.0,385.0
737,Lebanon,Oilcrops,Other uses (non-food),95.0,41.0,140.0,32.0,109.0,28.0,57.0,19.0,9.0,0.0,0.0,0.0,0.0,0.0,0.0,0.0,0.0,0.0
738,Lebanon,Pulses,Other uses (non-food),1.0,1.0,1.0,1.0,1.0,1.0,1.0,1.0,1.0,1.0,1.0,1.0,1.0,1.0,1.0,1.0,1.0,1.0
739,Lebanon,Pulses,Human Consumption,36.0,37.0,36.0,37.0,33.0,32.0,38.0,38.0,42.0,32.0,33.0,37.0,40.0,46.0,57.0,43.0,37.0,42.0
740,Lebanon,Treenuts,Production,28.0,28.0,26.0,32.0,32.0,33.0,33.0,34.0,34.0,39.0,34.0,32.0,32.0,34.0,35.0,35.0,35.0,35.0
741,Lebanon,Treenuts,Import,23.0,39.0,32.0,32.0,29.0,23.0,23.0,29.0,32.0,42.0,39.0,33.0,44.0,38.0,24.0,27.0,26.0,25.0
742,Lebanon,Treenuts,Stock Variation,3.0,-1.0,1.0,1.0,-1.0,0.0,0.0,0.0,0.0,0.0,0.0,0.0,0.0,0.0,5.0,9.0,0.0,3.0
743,Lebanon,Treenuts,Export,1.0,2.0,6.0,5.0,5.0,4.0,7.0,11.0,9.0,10.0,15.0,20.0,13.0,8.0,10.0,11.0,10.0,11.0
744,Lebanon,Treenuts,Domestic supply,53.0,64.0,53.0,60.0,55.0,52.0,48.0,52.0,57.0,70.0,57.0,46.0,63.0,65.0,43.0,42.0,51.0,46.0
745,Lebanon,Treenuts,Losses,0.0,0.0,0.0,0.0,0.0,0.0,0.0,0.0,0.0,0.0,0.0,0.0,0.0,0.0,2.0,2.0,2.0,2.0
746,Lebanon,Treenuts,Processing,0.0,0.0,0.0,0.0,0.0,0.0,0.0,0.0,0.0,0.0,0.0,0.0,2.0,0.0,0.0,0.0,0.0,0.0
747,Lebanon,Treenuts,Other uses (non-food),1.0,1.0,1.0,1.0,1.0,1.0,0.0,1.0,0.0,1.0,1.0,1.0,1.0,1.0,1.0,0.0,0.0,0.0
748,Lebanon,Treenuts,Human Consumption,53.0,63.0,53.0,59.0,54.0,51.0,48.0,51.0,57.0,69.0,56.0,45.0,61.0,64.0,41.0,40.0,49.0,44.0
749,Lebanon,Oilcrops,Production,195.0,91.0,189.0,88.0,172.0,81.0,182.0,82.0,91.0,86.0,206.0,94.0,76.0,104.0,124.0,139.0,163.0,149.0
750,Lebanon,Oilcrops,Import,32.0,45.0,102.0,153.0,121.0,87.0,33.0,52.0,35.0,45.0,50.0,41.0,48.0,51.0,54.0,62.0,66.0,115.0
751,Lebanon,Oilcrops,Stock Variation,0.0,0.0,0.0,0.0,0.0,0.0,0.0,0.0,0.0,0.0,0.0,0.0,0.0,0.0,-5.0,-1.0,-1.0,8.0
752,Lebanon,Oilcrops,Export,1.0,1.0,1.0,1.0,1.0,1.0,1.0,1.0,1.0,2.0,2.0,2.0,1.0,3.0,2.0,3.0,3.0,2.0
753,Lebanon,Oilcrops,Domestic supply,226.0,135.0,290.0,240.0,291.0,167.0,214.0,132.0,125.0,130.0,254.0,134.0,123.0,153.0,181.0,198.0,227.0,254.0
754,Lebanon,Oilcrops,Feed,0.0,0.0,6.0,9.0,5.0,4.0,0.0,0.0,1.0,2.0,2.0,1.0,0.0,0.0,0.0,0.0,1.0,5.0
755,Lebanon,Oilcrops,Seed,0.0,0.0,0.0,0.0,0.0,0.0,0.0,0.0,0.0,0.0,0.0,0.0,0.0,0.0,0.0,0.0,0.0,0.0
756,Lebanon,Oilcrops,Losses,5.0,3.0,7.0,6.0,7.0,3.0,3.0,2.0,2.0,2.0,4.0,2.0,2.0,3.0,2.0,2.0,2.0,5.0
757,Lebanon,Oilcrops,Human Consumption,43.0,32.0,32.0,32.0,37.0,38.0,54.0,47.0,35.0,39.0,61.0,39.0,41.0,42.0,54.0,52.0,63.0,42.0
758,Lebanon,Stimulants,Domestic supply,24.0,35.0,26.0,25.0,30.0,31.0,29.0,36.0,34.0,36.0,42.0,42.0,43.0,56.0,35.0,35.0,35.0,36.0
759,Lebanon,Spices,Import,2.0,3.0,2.0,2.0,3.0,2.0,2.0,3.0,2.0,3.0,2.0,3.0,3.0,4.0,4.0,4.0,5.0,5.0
760,Lebanon,Stimulants,Stock Variation,0.0,0.0,0.0,0.0,0.0,0.0,0.0,0.0,0.0,0.0,0.0,0.0,0.0,0.0,4.0,2.0,2.0,3.0
761,Lebanon,"Fish, Seafood",Human Consumption,24.0,31.0,27.0,29.0,36.0,33.0,39.0,39.0,41.0,47.0,53.0,51.0,51.0,51.0,59.0,52.0,60.0,60.0
762,Lebanon,Eggs,Production,43.0,44.0,46.0,47.0,45.0,45.0,40.0,46.0,46.0,47.0,39.0,19.0,19.0,24.0,19.0,21.0,20.0,19.0
763,Lebanon,Eggs,Import,0.0,0.0,0.0,0.0,0.0,0.0,0.0,0.0,0.0,0.0,0.0,0.0,0.0,0.0,0.0,0.0,0.0,1.0
764,Lebanon,Eggs,Stock Variation,0.0,0.0,0.0,0.0,0.0,0.0,0.0,0.0,0.0,0.0,0.0,0.0,0.0,0.0,0.0,0.0,0.0,0.0
765,Lebanon,Eggs,Export,1.0,0.0,3.0,4.0,4.0,4.0,4.0,13.0,10.0,9.0,9.0,3.0,0.0,0.0,0.0,2.0,1.0,0.0
766,Lebanon,Eggs,Domestic supply,42.0,44.0,43.0,43.0,42.0,42.0,37.0,33.0,35.0,38.0,30.0,16.0,19.0,24.0,19.0,20.0,19.0,20.0
767,Lebanon,Eggs,Feed,0.0,0.0,0.0,0.0,0.0,0.0,0.0,0.0,0.0,0.0,0.0,0.0,0.0,0.0,0.0,0.0,0.0,0.0
768,Lebanon,Eggs,Seed,6.0,6.0,6.0,6.0,6.0,6.0,7.0,7.0,7.0,6.0,4.0,4.0,4.0,4.0,3.0,4.0,3.0,3.0
769,Lebanon,"Fish, Seafood",Other uses (non-food),0.0,0.0,0.0,0.0,0.0,0.0,0.0,0.0,0.0,0.0,0.0,0.0,0.0,0.0,0.0,0.0,0.0,0.0
770,Lebanon,Eggs,Losses,4.0,4.0,5.0,5.0,5.0,5.0,4.0,5.0,5.0,5.0,4.0,2.0,2.0,2.0,1.0,1.0,2.0,2.0
771,Lebanon,Eggs,Human Consumption,31.0,33.0,31.0,31.0,29.0,29.0,26.0,22.0,24.0,27.0,23.0,11.0,13.0,18.0,15.0,15.0,14.0,15.0
772,Lebanon,Milk - Excluding Butter,Production,208.0,217.0,245.0,254.0,244.0,252.0,213.0,242.0,297.0,205.0,235.0,319.0,319.0,389.0,371.0,371.0,370.0,372.0
773,Lebanon,Milk - Excluding Butter,Import,305.0,286.0,318.0,309.0,341.0,317.0,304.0,295.0,261.0,342.0,337.0,327.0,363.0,410.0,209.0,162.0,167.0,165.0
774,Lebanon,Milk - Excluding Butter,Stock Variation,0.0,0.0,0.0,0.0,0.0,0.0,0.0,0.0,0.0,0.0,0.0,0.0,0.0,0.0,1.0,-1.0,0.0,0.0
775,Lebanon,Milk - Excluding Butter,Export,1.0,3.0,3.0,13.0,7.0,5.0,4.0,6.0,6.0,6.0,6.0,8.0,9.0,7.0,5.0,3.0,3.0,3.0
776,Lebanon,Milk - Excluding Butter,Domestic supply,511.0,499.0,560.0,551.0,578.0,564.0,512.0,532.0,552.0,540.0,567.0,638.0,673.0,791.0,573.0,531.0,534.0,534.0
777,Lebanon,Milk - Excluding Butter,Feed,0.0,0.0,0.0,0.0,0.0,0.0,0.0,0.0,0.0,0.0,0.0,0.0,0.0,0.0,0.0,0.0,0.0,0.0
778,Lebanon,Milk - Excluding Butter,Losses,10.0,11.0,12.0,13.0,12.0,13.0,11.0,12.0,15.0,10.0,12.0,16.0,16.0,20.0,13.0,13.0,11.0,11.0
779,Lebanon,Eggs,Other uses (non-food),1.0,1.0,1.0,1.0,2.0,2.0,0.0,0.0,0.0,0.0,0.0,0.0,0.0,0.0,0.0,0.0,0.0,0.0
780,Lebanon,"Fish, Seafood",Feed,23.0,23.0,17.0,14.0,16.0,12.0,5.0,8.0,4.0,8.0,6.0,6.0,6.0,6.0,6.0,10.0,5.0,3.0
781,Lebanon,"Fish, Seafood",Domestic supply,47.0,55.0,45.0,43.0,52.0,46.0,44.0,47.0,45.0,55.0,59.0,57.0,57.0,57.0,65.0,63.0,64.0,63.0
782,Lebanon,"Fish, Seafood",Export,0.0,0.0,0.0,0.0,0.0,0.0,0.0,1.0,1.0,2.0,1.0,1.0,1.0,1.0,1.0,1.0,1.0,1.0
783,Lebanon,Cereals - Excluding Beer,Production,123.0,153.0,140.0,146.0,165.0,177.0,189.0,153.0,177.0,147.0,112.0,159.0,189.0,179.0,179.0,177.0,176.0,166.0
784,Lebanon,Cereals - Excluding Beer,Import,871.0,861.0,898.0,971.0,996.0,879.0,735.0,882.0,917.0,1120.0,1074.0,1081.0,1149.0,1208.0,1312.0,1397.0,1450.0,1568.0
785,Lebanon,Cereals - Excluding Beer,Stock Variation,-36.0,-31.0,5.0,-67.0,-87.0,-3.0,84.0,17.0,-10.0,-110.0,9.0,-4.0,-20.0,10.0,-63.0,-161.0,-223.0,-107.0
786,Lebanon,Cereals - Excluding Beer,Export,6.0,7.0,13.0,43.0,48.0,18.0,16.0,34.0,71.0,43.0,57.0,33.0,45.0,72.0,54.0,75.0,41.0,25.0
787,Lebanon,Cereals - Excluding Beer,Domestic supply,951.0,976.0,1030.0,1007.0,1026.0,1036.0,992.0,1019.0,1013.0,1114.0,1139.0,1203.0,1273.0,1325.0,1499.0,1660.0,1809.0,1817.0
788,Lebanon,Cereals - Excluding Beer,Feed,433.0,434.0,465.0,460.0,451.0,437.0,389.0,445.0,442.0,523.0,495.0,540.0,581.0,624.0,566.0,646.0,748.0,754.0
789,Lebanon,Cereals - Excluding Beer,Seed,8.0,8.0,9.0,9.0,9.0,10.0,10.0,9.0,8.0,6.0,7.0,7.0,7.0,7.0,5.0,5.0,5.0,5.0
790,Lebanon,Cereals - Excluding Beer,Losses,24.0,24.0,25.0,27.0,28.0,26.0,25.0,26.0,27.0,31.0,28.0,30.0,32.0,33.0,25.0,25.0,22.0,25.0
791,Lebanon,Stimulants,Export,1.0,2.0,2.0,3.0,2.0,3.0,3.0,4.0,4.0,4.0,6.0,6.0,7.0,7.0,3.0,2.0,2.0,2.0
792,Lebanon,Cereals - Excluding Beer,Other uses (non-food),53.0,57.0,59.0,46.0,42.0,37.0,30.0,26.0,16.0,12.0,14.0,13.0,13.0,16.0,23.0,23.0,26.0,30.0
793,Lebanon,Cereals - Excluding Beer,Human Consumption,431.0,450.0,469.0,462.0,491.0,523.0,532.0,508.0,516.0,536.0,588.0,605.0,632.0,638.0,868.0,948.0,998.0,993.0
794,Lebanon,"Aquatic Products, Other",Import,0.0,0.0,0.0,0.0,0.0,0.0,0.0,0.0,0.0,0.0,0.0,0.0,0.0,0.0,0.0,0.0,0.0,0.0
795,Lebanon,"Aquatic Products, Other",Export,0.0,0.0,0.0,0.0,0.0,0.0,0.0,0.0,0.0,0.0,0.0,0.0,0.0,0.0,0.0,0.0,0.0,0.0
796,Lebanon,"Aquatic Products, Other",Domestic supply,0.0,0.0,0.0,0.0,0.0,0.0,0.0,0.0,0.0,0.0,0.0,0.0,0.0,0.0,0.0,0.0,0.0,0.0
797,Lebanon,"Aquatic Products, Other",Other uses (non-food),0.0,0.0,0.0,0.0,0.0,0.0,0.0,0.0,0.0,0.0,0.0,0.0,0.0,0.0,0.0,0.0,0.0,0.0
798,Lebanon,"Aquatic Products, Other",Human Consumption,0.0,0.0,0.0,0.0,0.0,0.0,0.0,0.0,0.0,0.0,0.0,0.0,0.0,0.0,0.0,0.0,0.0,0.0
799,Lebanon,"Fish, Seafood",Production,4.0,4.0,5.0,5.0,5.0,5.0,5.0,5.0,5.0,5.0,5.0,5.0,5.0,5.0,4.0,5.0,5.0,5.0
800,Lebanon,"Fish, Seafood",Import,43.0,51.0,40.0,39.0,47.0,42.0,39.0,43.0,41.0,52.0,55.0,53.0,53.0,53.0,62.0,59.0,59.0,59.0
801,Lebanon,"Fish, Seafood",Stock Variation,0.0,0.0,0.0,0.0,0.0,0.0,0.0,0.0,0.0,0.0,0.0,0.0,0.0,0.0,0.0,0.0,0.0,0.0
802,Lebanon,Milk - Excluding Butter,Processing,0.0,0.0,0.0,0.0,0.0,0.0,0.0,0.0,0.0,0.0,0.0,0.0,0.0,0.0,0.0,0.0,0.0,0.0
803,Lebanon,Milk - Excluding Butter,Other uses (non-food),125.0,122.0,92.0,99.0,125.0,108.0,51.0,82.0,85.0,146.0,152.0,163.0,167.0,219.0,119.0,106.0,98.0,97.0
804,Lebanon,Cereals - Excluding Beer,Processing,2.0,3.0,3.0,3.0,5.0,4.0,5.0,5.0,5.0,6.0,7.0,8.0,8.0,6.0,13.0,13.0,9.0,10.0
805,Lebanon,Animal fats,Production,2.0,3.0,3.0,4.0,3.0,3.0,3.0,3.0,3.0,3.0,3.0,3.0,3.0,3.0,3.0,3.0,3.0,3.0
806,Lebanon,Miscellaneous,Export,0.0,0.0,0.0,0.0,0.0,0.0,0.0,0.0,0.0,0.0,0.0,0.0,0.0,0.0,31.0,29.0,47.0,53.0
807,Lebanon,Miscellaneous,Domestic supply,1.0,1.0,2.0,2.0,2.0,2.0,2.0,3.0,3.0,4.0,5.0,5.0,6.0,6.0,12.0,15.0,-3.0,-6.0
808,Lebanon,Miscellaneous,Human Consumption,1.0,1.0,2.0,2.0,2.0,2.0,2.0,3.0,3.0,4.0,5.0,5.0,6.0,6.0,12.0,15.0,6.0,6.0
809,Lebanon,Alcoholic Beverages,Production,30.0,33.0,32.0,31.0,39.0,37.0,40.0,39.0,42.0,44.0,49.0,55.0,53.0,47.0,55.0,54.0,42.0,42.0
810,Lebanon,Alcoholic Beverages,Import,11.0,14.0,15.0,17.0,20.0,21.0,19.0,23.0,24.0,30.0,40.0,43.0,38.0,35.0,38.0,32.0,29.0,32.0
811,Lebanon,Alcoholic Beverages,Stock Variation,0.0,0.0,0.0,0.0,0.0,0.0,0.0,0.0,0.0,0.0,0.0,0.0,0.0,0.0,-3.0,-3.0,-6.0,0.0
812,Lebanon,Alcoholic Beverages,Export,1.0,2.0,2.0,4.0,5.0,5.0,4.0,6.0,5.0,6.0,7.0,8.0,10.0,8.0,8.0,9.0,8.0,8.0
813,Lebanon,Alcoholic Beverages,Domestic supply,40.0,46.0,45.0,44.0,54.0,52.0,55.0,57.0,62.0,68.0,83.0,90.0,81.0,74.0,87.0,80.0,69.0,67.0
814,Lebanon,Miscellaneous,Stock Variation,0.0,0.0,0.0,0.0,0.0,0.0,0.0,0.0,0.0,0.0,0.0,0.0,0.0,0.0,-1.0,-2.0,0.0,0.0
815,Lebanon,Alcoholic Beverages,Other uses (non-food),6.0,6.0,5.0,6.0,6.0,7.0,7.0,8.0,8.0,9.0,9.0,10.0,10.0,8.0,10.0,10.0,6.0,7.0
816,Lebanon,Spices,Production,0.0,0.0,0.0,0.0,0.0,0.0,0.0,0.0,0.0,0.0,1.0,1.0,1.0,1.0,1.0,1.0,1.0,1.0
817,Lebanon,Spices,Stock Variation,0.0,0.0,0.0,0.0,0.0,0.0,0.0,0.0,0.0,0.0,0.0,0.0,0.0,0.0,1.0,0.0,1.0,1.0
818,Lebanon,Spices,Export,0.0,1.0,1.0,0.0,1.0,1.0,1.0,1.0,1.0,1.0,1.0,1.0,1.0,1.0,2.0,2.0,2.0,2.0
819,Lebanon,Spices,Losses,0.0,0.0,0.0,0.0,0.0,0.0,0.0,0.0,0.0,0.0,0.0,0.0,0.0,0.0,0.0,0.0,0.0,0.0
820,Lebanon,Spices,Human Consumption,2.0,3.0,2.0,2.0,3.0,2.0,2.0,2.0,2.0,3.0,2.0,3.0,3.0,3.0,3.0,3.0,3.0,3.0
821,Lebanon,Stimulants,Production,0.0,0.0,0.0,0.0,0.0,0.0,0.0,0.0,0.0,0.0,0.0,0.0,0.0,0.0,0.0,0.0,0.0,0.0
822,Lebanon,Stimulants,Import,25.0,37.0,28.0,28.0,32.0,34.0,32.0,40.0,38.0,40.0,47.0,48.0,50.0,63.0,41.0,39.0,40.0,41.0
823,Lebanon,Milk - Excluding Butter,Human Consumption,376.0,366.0,456.0,439.0,440.0,443.0,451.0,437.0,452.0,383.0,403.0,459.0,490.0,552.0,442.0,412.0,425.0,426.0
824,Lebanon,Alcoholic Beverages,Human Consumption,34.0,40.0,40.0,37.0,48.0,45.0,48.0,49.0,53.0,59.0,74.0,79.0,71.0,66.0,77.0,70.0,63.0,60.0
825,Lebanon,Miscellaneous,Import,1.0,1.0,2.0,2.0,2.0,2.0,2.0,3.0,3.0,4.0,5.0,5.0,6.0,6.0,42.0,42.0,44.0,47.0
826,Lebanon,Spices,Domestic supply,2.0,3.0,2.0,2.0,3.0,2.0,2.0,2.0,2.0,3.0,2.0,3.0,3.0,3.0,3.0,3.0,3.0,3.0
827,Lebanon,Meat,Other uses (non-food),36.0,32.0,39.0,40.0,38.0,36.0,34.0,29.0,29.0,39.0,6.0,6.0,6.0,6.0,6.0,7.0,6.0,6.0
828,Lebanon,Animal fats,Import,16.0,10.0,13.0,12.0,14.0,10.0,10.0,11.0,8.0,11.0,10.0,11.0,9.0,10.0,5.0,4.0,5.0,5.0
829,Lebanon,Meat,Human Consumption,167.0,164.0,180.0,190.0,196.0,200.0,206.0,213.0,219.0,238.0,197.0,196.0,197.0,191.0,199.0,172.0,164.0,163.0
830,Lebanon,Animal fats,Stock Variation,-3.0,2.0,0.0,0.0,-1.0,1.0,1.0,0.0,0.0,0.0,0.0,0.0,0.0,0.0,1.0,0.0,1.0,1.0
831,Lebanon,Animal fats,Export,0.0,0.0,1.0,0.0,1.0,0.0,1.0,0.0,0.0,0.0,0.0,1.0,1.0,1.0,0.0,1.0,1.0,1.0
832,Lebanon,Animal fats,Feed,0.0,0.0,0.0,0.0,0.0,0.0,0.0,0.0,0.0,0.0,0.0,0.0,0.0,0.0,0.0,0.0,0.0,0.0
833,Lebanon,Animal fats,Losses,0.0,0.0,0.0,0.0,0.0,0.0,0.0,0.0,0.0,0.0,0.0,0.0,0.0,0.0,0.0,0.0,0.0,0.0
834,Lebanon,Animal fats,Other uses (non-food),5.0,2.0,2.0,1.0,1.0,1.0,0.0,0.0,0.0,0.0,0.0,0.0,0.0,0.0,0.0,0.0,0.0,0.0
835,Lebanon,Animal fats,Human Consumption,10.0,13.0,13.0,14.0,14.0,13.0,12.0,13.0,11.0,14.0,13.0,13.0,11.0,11.0,7.0,6.0,7.0,7.0
836,Lebanon,Offals,Production,8.0,8.0,8.0,9.0,8.0,8.0,7.0,7.0,7.0,9.0,9.0,6.0,6.0,6.0,6.0,8.0,7.0,7.0
837,Lebanon,Animal fats,Domestic supply,15.0,14.0,14.0,15.0,15.0,14.0,12.0,13.0,11.0,14.0,13.0,13.0,11.0,12.0,6.0,6.0,7.0,7.0
838,Lebanon,Offals,Export,0.0,0.0,0.0,0.0,0.0,0.0,0.0,0.0,0.0,0.0,0.0,0.0,0.0,0.0,0.0,0.0,0.0,0.0
839,Lebanon,Offals,Domestic supply,8.0,8.0,9.0,9.0,8.0,9.0,8.0,8.0,8.0,10.0,9.0,7.0,6.0,7.0,7.0,8.0,8.0,7.0
840,Lebanon,Meat,Domestic supply,203.0,196.0,219.0,230.0,234.0,235.0,240.0,241.0,248.0,276.0,203.0,201.0,202.0,196.0,204.0,178.0,170.0,169.0
841,Lebanon,Offals,Losses,0.0,0.0,0.0,0.0,0.0,0.0,0.0,0.0,0.0,0.0,0.0,0.0,0.0,0.0,0.0,0.0,0.0,0.0
842,Lebanon,Offals,Human Consumption,8.0,8.0,9.0,9.0,8.0,9.0,8.0,8.0,8.0,10.0,9.0,7.0,6.0,7.0,6.0,8.0,7.0,7.0
843,Lebanon,Meat,Production,174.0,174.0,189.0,194.0,198.0,196.0,195.0,195.0,197.0,209.0,140.0,153.0,157.0,147.0,140.0,139.0,130.0,128.0
844,Lebanon,Meat,Import,33.0,24.0,33.0,40.0,40.0,43.0,48.0,52.0,57.0,75.0,73.0,57.0,55.0,60.0,52.0,45.0,45.0,46.0
845,Lebanon,Meat,Stock Variation,-3.0,-2.0,-2.0,-1.0,1.0,2.0,1.0,0.0,1.0,0.0,-2.0,-1.0,2.0,0.0,-22.0,0.0,0.0,-2.0
846,Lebanon,Offals,Import,0.0,0.0,0.0,0.0,0.0,1.0,1.0,1.0,1.0,1.0,1.0,1.0,1.0,1.0,0.0,0.0,0.0,1.0
847,Lebanon,Meat,Export,0.0,0.0,1.0,4.0,5.0,6.0,4.0,6.0,8.0,7.0,8.0,7.0,12.0,12.0,11.0,7.0,5.0,7.0
848,Lesotho,Vegetables,Production,20.0,22.0,24.0,27.0,29.0,32.0,30.0,32.0,35.0,28.0,31.0,31.0,29.0,29.0,32.0,32.0,32.0,33.0
849,Lesotho,Vegetables,Import,24.0,23.0,22.0,20.0,19.0,18.0,17.0,16.0,17.0,17.0,17.0,17.0,18.0,12.0,23.0,23.0,25.0,26.0
850,Lesotho,Vegetables,Stock Variation,0.0,0.0,0.0,0.0,0.0,0.0,0.0,0.0,0.0,0.0,0.0,0.0,0.0,0.0,1.0,1.0,1.0,1.0
851,Lesotho,Vegetables,Export,0.0,0.0,0.0,0.0,0.0,0.0,0.0,0.0,0.0,0.0,0.0,0.0,0.0,0.0,0.0,0.0,0.0,0.0
852,Lesotho,Vegetables,Domestic supply,44.0,44.0,45.0,47.0,48.0,50.0,47.0,48.0,52.0,46.0,49.0,48.0,47.0,41.0,54.0,54.0,56.0,58.0
853,Lesotho,Vegetables,Feed,0.0,0.0,0.0,0.0,0.0,0.0,0.0,0.0,0.0,0.0,0.0,0.0,0.0,0.0,0.0,0.0,0.0,0.0
854,Lesotho,Vegetable Oils,Import,4.0,4.0,4.0,3.0,1.0,3.0,2.0,2.0,1.0,1.0,1.0,1.0,1.0,1.0,12.0,11.0,8.0,11.0
855,Lesotho,Vegetables,Human Consumption,39.0,40.0,40.0,41.0,42.0,43.0,41.0,42.0,45.0,40.0,42.0,45.0,44.0,38.0,51.0,51.0,52.0,54.0
856,Lesotho,Vegetable Oils,Production,1.0,1.0,1.0,1.0,1.0,1.0,1.0,1.0,1.0,1.0,1.0,1.0,1.0,1.0,1.0,1.0,1.0,1.0
857,Lesotho,Vegetable Oils,Stock Variation,0.0,0.0,0.0,0.0,2.0,-1.0,0.0,0.0,0.0,0.0,0.0,0.0,0.0,0.0,0.0,0.0,0.0,0.0
858,Lesotho,Vegetable Oils,Export,0.0,0.0,0.0,0.0,0.0,0.0,0.0,0.0,0.0,0.0,0.0,0.0,0.0,0.0,0.0,0.0,0.0,0.0
859,Lesotho,Fruits - Excluding Wine,Human Consumption,32.0,32.0,32.0,35.0,34.0,36.0,37.0,38.0,39.0,36.0,35.0,37.0,39.0,59.0,32.0,26.0,33.0,29.0
860,Lesotho,Vegetable Oils,Domestic supply,5.0,5.0,5.0,3.0,3.0,3.0,3.0,3.0,2.0,2.0,2.0,2.0,2.0,2.0,13.0,11.0,9.0,11.0
861,Lesotho,Vegetable Oils,Human Consumption,5.0,5.0,5.0,3.0,3.0,3.0,3.0,3.0,2.0,2.0,2.0,2.0,2.0,2.0,13.0,11.0,9.0,11.0
862,Lesotho,Vegetables,Losses,4.0,5.0,5.0,6.0,6.0,7.0,6.0,7.0,7.0,6.0,6.0,3.0,3.0,3.0,3.0,3.0,3.0,3.0
863,Lesotho,Fruits - Excluding Wine,Losses,3.0,3.0,3.0,3.0,3.0,3.0,3.0,3.0,3.0,3.0,3.0,2.0,2.0,2.0,1.0,1.0,1.0,1.0
864,Lesotho,Stimulants,Export,0.0,0.0,0.0,0.0,0.0,0.0,0.0,0.0,0.0,0.0,0.0,0.0,0.0,0.0,0.0,0.0,0.0,0.0
865,Lesotho,Fruits - Excluding Wine,Export,0.0,0.0,0.0,0.0,0.0,0.0,0.0,0.0,0.0,0.0,0.0,0.0,0.0,0.0,0.0,1.0,0.0,1.0
866,Lesotho,Spices,Stock Variation,0.0,0.0,0.0,0.0,0.0,0.0,0.0,0.0,0.0,0.0,0.0,0.0,0.0,0.0,0.0,0.0,0.0,0.0
867,Lesotho,Sugar & Sweeteners,Import,29.0,30.0,31.0,33.0,33.0,32.0,33.0,34.0,34.0,34.0,34.0,34.0,37.0,34.0,40.0,40.0,49.0,54.0
868,Lesotho,Spices,Export,0.0,0.0,0.0,0.0,0.0,0.0,0.0,0.0,0.0,0.0,0.0,0.0,0.0,0.0,0.0,0.0,0.0,0.0
869,Lesotho,Spices,Domestic supply,1.0,1.0,1.0,2.0,2.0,2.0,2.0,2.0,2.0,2.0,2.0,2.0,2.0,1.0,2.0,2.0,2.0,2.0
870,Lesotho,Spices,Human Consumption,1.0,1.0,1.0,2.0,2.0,2.0,2.0,2.0,2.0,2.0,2.0,2.0,2.0,1.0,2.0,2.0,2.0,2.0
871,Lesotho,Stimulants,Production,0.0,0.0,0.0,0.0,0.0,0.0,0.0,0.0,0.0,0.0,0.0,0.0,0.0,0.0,0.0,0.0,0.0,0.0
872,Lesotho,Fruits - Excluding Wine,Domestic supply,34.0,35.0,35.0,38.0,37.0,39.0,40.0,41.0,42.0,38.0,38.0,39.0,41.0,61.0,33.0,27.0,34.0,30.0
873,Lesotho,Stimulants,Import,0.0,0.0,0.0,0.0,0.0,0.0,0.0,0.0,0.0,0.0,0.0,0.0,0.0,1.0,1.0,1.0,1.0,1.0
874,Lesotho,Stimulants,Domestic supply,0.0,0.0,0.0,0.0,0.0,0.0,0.0,0.0,0.0,0.0,0.0,0.0,0.0,1.0,1.0,1.0,1.0,1.0
875,Lesotho,Stimulants,Human Consumption,0.0,0.0,0.0,0.0,0.0,0.0,0.0,0.0,0.0,0.0,0.0,0.0,0.0,1.0,1.0,1.0,0.0,1.0
876,Lesotho,Sugar Crops,Feed,0.0,0.0,0.0,0.0,0.0,0.0,0.0,0.0,0.0,0.0,0.0,0.0,0.0,0.0,0.0,0.0,0.0,0.0
877,Lesotho,Fruits - Excluding Wine,Production,15.0,15.0,16.0,16.0,17.0,17.0,18.0,18.0,19.0,15.0,15.0,15.0,16.0,20.0,14.0,13.0,12.0,11.0
878,Lesotho,Fruits - Excluding Wine,Import,20.0,20.0,20.0,20.0,21.0,22.0,22.0,23.0,23.0,23.0,24.0,24.0,25.0,41.0,20.0,15.0,22.0,19.0
879,Lesotho,Fruits - Excluding Wine,Stock Variation,0.0,0.0,0.0,2.0,0.0,0.0,0.0,0.0,0.0,0.0,0.0,0.0,0.0,0.0,0.0,0.0,0.0,0.0
880,Lesotho,Stimulants,Stock Variation,0.0,0.0,0.0,0.0,0.0,0.0,0.0,0.0,0.0,0.0,0.0,0.0,0.0,0.0,0.0,0.0,0.0,0.0
881,Lesotho,Sugar & Sweeteners,Stock Variation,0.0,0.0,0.0,0.0,0.0,0.0,0.0,0.0,0.0,0.0,0.0,0.0,0.0,0.0,4.0,6.0,14.0,18.0
882,Lesotho,Oilcrops,Domestic supply,2.0,2.0,2.0,2.0,2.0,2.0,2.0,2.0,2.0,2.0,2.0,2.0,2.0,2.0,7.0,3.0,5.0,3.0
883,Lesotho,Sugar & Sweeteners,Domestic supply,29.0,30.0,31.0,33.0,33.0,32.0,33.0,34.0,34.0,34.0,34.0,34.0,37.0,34.0,36.0,34.0,35.0,36.0
884,Lesotho,Oilcrops,Feed,0.0,0.0,0.0,0.0,0.0,0.0,0.0,0.0,0.0,0.0,0.0,0.0,0.0,0.0,3.0,0.0,1.0,0.0
885,Lesotho,Oilcrops,Processing,2.0,2.0,2.0,2.0,2.0,2.0,2.0,2.0,2.0,2.0,2.0,2.0,2.0,2.0,2.0,2.0,2.0,2.0
886,Lesotho,Oilcrops,Human Consumption,0.0,0.0,0.0,0.0,0.0,0.0,0.0,0.0,0.0,0.0,0.0,0.0,0.0,0.0,1.0,1.0,1.0,1.0
887,Lesotho,Starchy Roots,Production,87.0,88.0,90.0,82.0,98.0,97.0,102.0,93.0,97.0,91.0,99.0,112.0,115.0,125.0,131.0,122.0,123.0,124.0
888,Lesotho,Starchy Roots,Import,7.0,7.0,8.0,8.0,8.0,8.0,8.0,8.0,8.0,10.0,10.0,10.0,10.0,5.0,9.0,12.0,10.0,11.0
889,Lesotho,Starchy Roots,Stock Variation,0.0,0.0,0.0,0.0,0.0,0.0,0.0,0.0,0.0,0.0,0.0,0.0,0.0,0.0,-3.0,-17.0,-7.0,0.0
890,Lesotho,Oilcrops,Export,0.0,0.0,0.0,0.0,0.0,0.0,0.0,0.0,0.0,0.0,0.0,0.0,0.0,0.0,0.0,0.0,0.0,0.0
891,Lesotho,Starchy Roots,Export,0.0,0.0,0.0,0.0,0.0,0.0,0.0,0.0,0.0,0.0,0.0,0.0,0.0,0.0,0.0,0.0,0.0,0.0
892,Lesotho,Starchy Roots,Feed,0.0,0.0,0.0,0.0,0.0,0.0,0.0,0.0,0.0,0.0,0.0,0.0,0.0,0.0,12.0,21.0,17.0,6.0
893,Lesotho,Starchy Roots,Losses,9.0,10.0,10.0,9.0,11.0,10.0,11.0,10.0,10.0,10.0,11.0,12.0,13.0,13.0,14.0,13.0,13.0,13.0
894,Lesotho,Starchy Roots,Human Consumption,85.0,86.0,88.0,80.0,95.0,94.0,98.0,91.0,94.0,91.0,98.0,110.0,113.0,117.0,116.0,117.0,109.0,116.0
895,Lesotho,Sugar Crops,Import,0.0,0.0,0.0,0.0,0.0,0.0,0.0,0.0,0.0,0.0,0.0,0.0,0.0,0.0,0.0,0.0,0.0,0.0
896,Lesotho,Sugar Crops,Domestic supply,0.0,0.0,0.0,0.0,0.0,0.0,0.0,0.0,0.0,0.0,0.0,0.0,0.0,0.0,0.0,0.0,0.0,0.0
897,Lesotho,Spices,Import,1.0,1.0,1.0,2.0,2.0,2.0,2.0,2.0,2.0,2.0,2.0,2.0,2.0,1.0,2.0,1.0,2.0,2.0
898,Lesotho,Starchy Roots,Domestic supply,94.0,95.0,98.0,89.0,106.0,104.0,109.0,101.0,105.0,101.0,109.0,122.0,125.0,130.0,142.0,151.0,139.0,135.0
899,Lesotho,Oilcrops,Stock Variation,0.0,0.0,0.0,0.0,0.0,0.0,0.0,0.0,0.0,0.0,0.0,0.0,0.0,0.0,0.0,0.0,0.0,0.0
900,Lesotho,Oilcrops,Import,2.0,2.0,2.0,2.0,2.0,2.0,2.0,2.0,2.0,2.0,2.0,2.0,2.0,2.0,7.0,3.0,5.0,3.0
901,Lesotho,Treenuts,Human Consumption,0.0,0.0,0.0,0.0,0.0,0.0,0.0,0.0,0.0,0.0,0.0,0.0,0.0,0.0,0.0,0.0,0.0,0.0
902,Lesotho,Sugar & Sweeteners,Feed,0.0,0.0,0.0,0.0,0.0,0.0,0.0,0.0,0.0,0.0,0.0,0.0,0.0,0.0,0.0,0.0,0.0,0.0
903,Lesotho,Sugar & Sweeteners,Human Consumption,29.0,30.0,31.0,33.0,33.0,32.0,33.0,34.0,34.0,34.0,34.0,34.0,37.0,34.0,36.0,34.0,35.0,36.0
904,Lesotho,Pulses,Production,16.0,14.0,8.0,6.0,6.0,4.0,3.0,7.0,4.0,5.0,10.0,8.0,9.0,4.0,3.0,5.0,2.0,8.0
905,Lesotho,Pulses,Import,6.0,5.0,8.0,4.0,2.0,3.0,2.0,10.0,9.0,14.0,14.0,14.0,15.0,12.0,12.0,11.0,14.0,13.0
906,Lesotho,Pulses,Stock Variation,-6.0,-5.0,-1.0,4.0,6.0,7.0,11.0,3.0,0.0,0.0,0.0,0.0,0.0,0.0,-3.0,0.0,0.0,0.0
907,Lesotho,Pulses,Export,0.0,0.0,0.0,0.0,0.0,0.0,0.0,0.0,0.0,0.0,0.0,0.0,0.0,0.0,0.0,0.0,0.0,0.0
908,Lesotho,Pulses,Domestic supply,15.0,15.0,14.0,14.0,14.0,14.0,15.0,19.0,13.0,19.0,24.0,22.0,24.0,17.0,18.0,16.0,16.0,21.0
909,Lesotho,Pulses,Feed,0.0,0.0,0.0,0.0,0.0,0.0,0.0,0.0,0.0,0.0,0.0,0.0,0.0,0.0,1.0,2.0,1.0,1.0
910,Lesotho,Pulses,Seed,1.0,1.0,1.0,1.0,1.0,2.0,1.0,1.0,1.0,1.0,1.0,1.0,1.0,1.0,0.0,0.0,0.0,1.0
911,Lesotho,Pulses,Losses,1.0,1.0,1.0,1.0,1.0,1.0,1.0,1.0,1.0,1.0,1.0,1.0,1.0,0.0,0.0,0.0,0.0,0.0
912,Lesotho,Pulses,Human Consumption,13.0,13.0,13.0,13.0,13.0,12.0,13.0,18.0,12.0,17.0,22.0,20.0,22.0,16.0,16.0,14.0,14.0,19.0
913,Lesotho,Treenuts,Import,0.0,0.0,0.0,0.0,0.0,0.0,0.0,0.0,0.0,0.0,0.0,0.0,0.0,0.0,0.0,0.0,0.0,0.0
914,Lesotho,Treenuts,Stock Variation,0.0,0.0,0.0,0.0,0.0,0.0,0.0,0.0,0.0,0.0,0.0,0.0,0.0,0.0,0.0,0.0,0.0,0.0
915,Lesotho,Treenuts,Export,0.0,0.0,0.0,0.0,0.0,0.0,0.0,0.0,0.0,0.0,0.0,0.0,0.0,0.0,0.0,0.0,0.0,0.0
916,Lesotho,Treenuts,Domestic supply,0.0,0.0,0.0,0.0,0.0,0.0,0.0,0.0,0.0,0.0,0.0,0.0,0.0,0.0,0.0,0.0,0.0,0.0
917,Lesotho,Sugar & Sweeteners,Export,0.0,0.0,0.0,0.0,0.0,0.0,0.0,0.0,0.0,0.0,0.0,0.0,0.0,0.0,0.0,0.0,0.0,0.0
918,Lesotho,Alcoholic Beverages,Human Consumption,43.0,43.0,44.0,46.0,48.0,50.0,50.0,52.0,52.0,58.0,55.0,51.0,45.0,53.0,54.0,53.0,45.0,55.0
919,Lesotho,Meat,Export,0.0,0.0,0.0,0.0,0.0,0.0,0.0,0.0,0.0,0.0,0.0,0.0,0.0,0.0,0.0,0.0,0.0,0.0
920,Lesotho,Alcoholic Beverages,Export,0.0,0.0,0.0,0.0,0.0,0.0,0.0,0.0,0.0,0.0,0.0,0.0,0.0,0.0,0.0,0.0,0.0,0.0
921,Lesotho,"Fish, Seafood",Export,0.0,0.0,0.0,0.0,0.0,0.0,0.0,0.0,0.0,0.0,0.0,0.0,0.0,0.0,1.0,1.0,1.0,1.0
922,Lesotho,"Fish, Seafood",Domestic supply,1.0,3.0,7.0,2.0,2.0,1.0,1.0,1.0,2.0,2.0,2.0,2.0,2.0,2.0,6.0,3.0,4.0,4.0
923,Lesotho,"Fish, Seafood",Feed,0.0,1.0,4.0,0.0,1.0,0.0,0.0,0.0,0.0,0.0,0.0,0.0,0.0,0.0,0.0,0.0,0.0,0.0
924,Lesotho,"Fish, Seafood",Other uses (non-food),0.0,0.0,0.0,0.0,0.0,0.0,0.0,0.0,0.0,0.0,0.0,0.0,0.0,0.0,0.0,0.0,0.0,0.0
925,Lesotho,"Fish, Seafood",Human Consumption,1.0,2.0,3.0,2.0,1.0,1.0,1.0,1.0,2.0,2.0,2.0,2.0,2.0,2.0,6.0,3.0,4.0,4.0
926,Lesotho,Eggs,Production,2.0,2.0,2.0,2.0,2.0,2.0,2.0,2.0,2.0,2.0,2.0,2.0,2.0,2.0,1.0,1.0,1.0,1.0
927,Lesotho,"Fish, Seafood",Stock Variation,0.0,0.0,0.0,0.0,0.0,0.0,0.0,0.0,0.0,0.0,0.0,0.0,0.0,0.0,0.0,0.0,0.0,0.0
928,Lesotho,Eggs,Import,0.0,0.0,0.0,0.0,0.0,0.0,0.0,0.0,0.0,0.0,0.0,0.0,0.0,1.0,1.0,1.0,1.0,1.0
929,Lesotho,Eggs,Export,0.0,0.0,0.0,0.0,0.0,0.0,0.0,0.0,0.0,0.0,0.0,0.0,0.0,0.0,0.0,0.0,0.0,0.0
930,Lesotho,Eggs,Domestic supply,2.0,2.0,2.0,2.0,2.0,2.0,2.0,2.0,2.0,2.0,2.0,2.0,2.0,2.0,2.0,2.0,3.0,2.0
931,Lesotho,Eggs,Feed,0.0,0.0,0.0,0.0,0.0,0.0,0.0,0.0,0.0,0.0,0.0,0.0,0.0,0.0,0.0,0.0,0.0,0.0
932,Lesotho,Eggs,Seed,0.0,0.0,0.0,0.0,0.0,0.0,0.0,0.0,0.0,0.0,0.0,0.0,0.0,0.0,0.0,0.0,0.0,0.0
933,Lesotho,Eggs,Losses,0.0,0.0,0.0,0.0,0.0,0.0,0.0,0.0,0.0,0.0,0.0,0.0,0.0,0.0,0.0,0.0,0.0,0.0
934,Lesotho,Eggs,Human Consumption,1.0,1.0,1.0,1.0,1.0,1.0,1.0,1.0,2.0,2.0,2.0,2.0,2.0,2.0,2.0,2.0,2.0,2.0
935,Lesotho,Eggs,Stock Variation,0.0,0.0,0.0,0.0,0.0,0.0,0.0,0.0,0.0,0.0,0.0,0.0,0.0,0.0,0.0,0.0,0.0,0.0
936,Lesotho,Milk - Excluding Butter,Production,31.0,34.0,30.0,29.0,29.0,33.0,24.0,31.0,33.0,34.0,34.0,39.0,40.0,42.0,42.0,42.0,42.0,42.0
937,Lesotho,"Fish, Seafood",Production,0.0,0.0,0.0,0.0,0.0,0.0,0.0,0.0,0.0,0.0,0.0,0.0,0.0,0.0,1.0,1.0,1.0,1.0
938,Lesotho,"Aquatic Products, Other",Other uses (non-food),0.0,0.0,0.0,0.0,0.0,0.0,0.0,0.0,0.0,0.0,0.0,0.0,0.0,0.0,0.0,0.0,0.0,0.0
939,Lesotho,Alcoholic Beverages,Domestic supply,43.0,43.0,44.0,46.0,48.0,50.0,50.0,52.0,52.0,58.0,55.0,51.0,45.0,53.0,54.0,53.0,45.0,55.0
940,Lesotho,Cereals - Excluding Beer,Production,150.0,255.0,150.0,116.0,109.0,112.0,119.0,73.0,74.0,75.0,173.0,104.0,65.0,121.0,109.0,83.0,26.0,216.0
941,Lesotho,Cereals - Excluding Beer,Import,219.0,209.0,302.0,273.0,230.0,190.0,246.0,293.0,467.0,467.0,378.0,418.0,442.0,315.0,356.0,317.0,329.0,262.0
942,Lesotho,Cereals - Excluding Beer,Stock Variation,120.0,45.0,65.0,130.0,184.0,241.0,177.0,144.0,-20.0,-19.0,-27.0,-15.0,1.0,110.0,4.0,-3.0,-4.0,20.0
943,Lesotho,Cereals - Excluding Beer,Export,4.0,3.0,1.0,0.0,1.0,1.0,1.0,1.0,1.0,1.0,1.0,0.0,0.0,32.0,61.0,35.0,54.0,40.0
944,Lesotho,Cereals - Excluding Beer,Domestic supply,485.0,505.0,516.0,519.0,523.0,542.0,540.0,508.0,521.0,523.0,524.0,506.0,508.0,515.0,400.0,368.0,305.0,417.0
945,Lesotho,"Aquatic Products, Other",Human Consumption,0.0,0.0,0.0,0.0,0.0,0.0,0.0,0.0,0.0,0.0,0.0,0.0,0.0,0.0,0.0,0.0,0.0,0.0
946,Lesotho,Cereals - Excluding Beer,Feed,6.0,9.0,6.0,6.0,6.0,6.0,6.0,4.0,6.0,6.0,4.0,1.0,0.0,1.0,4.0,3.0,4.0,7.0
947,Lesotho,Cereals - Excluding Beer,Losses,50.0,60.0,63.0,60.0,57.0,65.0,63.0,36.0,34.0,34.0,38.0,28.0,28.0,32.0,20.0,12.0,11.0,17.0
948,Lesotho,Cereals - Excluding Beer,Processing,7.0,7.0,8.0,9.0,10.0,10.0,10.0,10.0,10.0,12.0,11.0,10.0,9.0,8.0,5.0,5.0,6.0,9.0
949,Lesotho,Cereals - Excluding Beer,Human Consumption,416.0,424.0,434.0,441.0,446.0,456.0,458.0,454.0,467.0,467.0,467.0,463.0,468.0,469.0,366.0,342.0,280.0,379.0
950,Lesotho,"Aquatic Products, Other",Import,0.0,0.0,0.0,0.0,0.0,0.0,0.0,0.0,0.0,0.0,0.0,0.0,0.0,0.0,0.0,0.0,0.0,0.0
951,Lesotho,"Aquatic Products, Other",Export,0.0,0.0,0.0,0.0,0.0,0.0,0.0,0.0,0.0,0.0,0.0,0.0,0.0,0.0,0.0,0.0,0.0,0.0
952,Lesotho,"Aquatic Products, Other",Domestic supply,0.0,0.0,0.0,0.0,0.0,0.0,0.0,0.0,0.0,0.0,0.0,0.0,0.0,0.0,0.0,0.0,0.0,0.0
953,Lesotho,Cereals - Excluding Beer,Seed,5.0,5.0,4.0,4.0,3.0,4.0,4.0,4.0,4.0,5.0,4.0,3.0,3.0,4.0,2.0,2.0,1.0,3.0
954,Lesotho,Milk - Excluding Butter,Import,6.0,6.0,7.0,7.0,7.0,4.0,11.0,8.0,7.0,7.0,6.0,6.0,6.0,12.0,17.0,18.0,17.0,18.0
955,Lesotho,"Fish, Seafood",Import,1.0,3.0,7.0,2.0,2.0,1.0,1.0,1.0,2.0,2.0,2.0,1.0,1.0,1.0,6.0,2.0,3.0,4.0
956,Lesotho,Milk - Excluding Butter,Export,0.0,0.0,0.0,0.0,0.0,0.0,0.0,0.0,0.0,0.0,0.0,0.0,0.0,0.0,1.0,1.0,1.0,1.0
957,Lesotho,Offals,Human Consumption,3.0,3.0,3.0,3.0,3.0,4.0,4.0,4.0,3.0,3.0,3.0,4.0,3.0,3.0,6.0,6.0,5.0,6.0
958,Lesotho,Meat,Production,27.0,27.0,26.0,25.0,27.0,29.0,33.0,33.0,27.0,28.0,28.0,30.0,29.0,30.0,21.0,12.0,12.0,11.0
959,Lesotho,Meat,Import,6.0,7.0,7.0,7.0,8.0,8.0,8.0,8.0,8.0,8.0,12.0,14.0,14.0,21.0,34.0,31.0,26.0,31.0
960,Lesotho,Meat,Stock Variation,-2.0,-1.0,0.0,2.0,0.0,-2.0,4.0,-3.0,3.0,4.0,2.0,2.0,0.0,0.0,2.0,0.0,-3.0,1.0
961,Lesotho,Meat,Domestic supply,32.0,33.0,33.0,33.0,34.0,35.0,44.0,38.0,38.0,39.0,41.0,46.0,43.0,51.0,53.0,42.0,41.0,41.0
962,Lesotho,Miscellaneous,Import,0.0,0.0,0.0,0.0,0.0,0.0,0.0,0.0,0.0,0.0,0.0,0.0,0.0,0.0,6.0,6.0,11.0,7.0
963,Lesotho,Offals,Losses,0.0,0.0,0.0,0.0,0.0,0.0,0.0,0.0,0.0,0.0,0.0,0.0,0.0,0.0,0.0,0.0,0.0,0.0
964,Lesotho,Miscellaneous,Stock Variation,0.0,0.0,0.0,0.0,0.0,0.0,0.0,0.0,0.0,0.0,0.0,0.0,0.0,0.0,0.0,0.0,0.0,0.0
965,Lesotho,Miscellaneous,Domestic supply,0.0,0.0,0.0,0.0,0.0,0.0,0.0,0.0,0.0,0.0,0.0,0.0,0.0,0.0,6.0,6.0,11.0,6.0
966,Lesotho,Miscellaneous,Human Consumption,0.0,0.0,0.0,0.0,0.0,0.0,0.0,0.0,0.0,0.0,0.0,0.0,0.0,0.0,6.0,6.0,11.0,6.0
967,Lesotho,Alcoholic Beverages,Production,38.0,38.0,42.0,43.0,50.0,51.0,47.0,51.0,50.0,56.0,53.0,49.0,41.0,41.0,48.0,55.0,48.0,56.0
968,Lesotho,Alcoholic Beverages,Import,5.0,5.0,5.0,1.0,2.0,2.0,2.0,2.0,2.0,2.0,2.0,2.0,2.0,8.0,9.0,8.0,9.0,13.0
969,Lesotho,Milk - Excluding Butter,Stock Variation,0.0,0.0,0.0,0.0,0.0,0.0,0.0,0.0,0.0,0.0,0.0,0.0,0.0,0.0,0.0,0.0,0.0,0.0
970,Lesotho,Alcoholic Beverages,Stock Variation,0.0,0.0,-3.0,2.0,-3.0,-3.0,2.0,0.0,0.0,0.0,0.0,0.0,2.0,4.0,3.0,10.0,12.0,13.0
971,Lesotho,Miscellaneous,Export,0.0,0.0,0.0,0.0,0.0,0.0,0.0,0.0,0.0,0.0,0.0,0.0,0.0,0.0,0.0,0.0,0.0,0.0
972,Lesotho,Offals,Domestic supply,3.0,3.0,3.0,3.0,3.0,4.0,4.0,4.0,3.0,3.0,3.0,4.0,3.0,3.0,7.0,6.0,6.0,7.0
973,Lesotho,Meat,Human Consumption,32.0,33.0,33.0,33.0,34.0,35.0,44.0,38.0,38.0,39.0,41.0,46.0,43.0,51.0,53.0,42.0,41.0,41.0
974,Lesotho,Milk - Excluding Butter,Feed,0.0,0.0,0.0,0.0,0.0,0.0,0.0,0.0,0.0,0.0,0.0,0.0,0.0,0.0,13.0,15.0,14.0,12.0
975,Lesotho,Offals,Export,0.0,0.0,0.0,0.0,0.0,0.0,0.0,0.0,0.0,0.0,0.0,0.0,0.0,0.0,0.0,0.0,0.0,0.0
976,Lesotho,Milk - Excluding Butter,Losses,2.0,2.0,2.0,2.0,2.0,2.0,2.0,2.0,2.0,2.0,2.0,2.0,2.0,1.0,2.0,2.0,2.0,2.0
977,Lesotho,Milk - Excluding Butter,Human Consumption,35.0,38.0,34.0,34.0,34.0,34.0,34.0,37.0,37.0,39.0,38.0,43.0,44.0,53.0,43.0,43.0,43.0,45.0
978,Lesotho,Animal fats,Production,1.0,1.0,1.0,1.0,1.0,1.0,1.0,1.0,1.0,1.0,1.0,1.0,1.0,1.0,1.0,0.0,0.0,0.0
979,Lesotho,Animal fats,Stock Variation,0.0,0.0,0.0,0.0,0.0,0.0,0.0,0.0,0.0,0.0,0.0,0.0,0.0,0.0,0.0,0.0,0.0,0.0
980,Lesotho,Animal fats,Export,0.0,0.0,0.0,0.0,0.0,0.0,0.0,0.0,0.0,0.0,0.0,0.0,0.0,0.0,0.0,0.0,0.0,0.0
981,Lesotho,Animal fats,Domestic supply,2.0,4.0,3.0,2.0,1.0,1.0,1.0,1.0,1.0,1.0,1.0,1.0,1.0,1.0,1.0,1.0,1.0,0.0
982,Lesotho,Animal fats,Import,1.0,3.0,2.0,1.0,0.0,0.0,0.0,0.0,0.0,0.0,0.0,0.0,0.0,0.0,0.0,0.0,0.0,0.0
983,Lesotho,Animal fats,Feed,0.0,0.0,0.0,0.0,0.0,0.0,0.0,0.0,0.0,0.0,0.0,0.0,0.0,0.0,0.0,0.0,0.0,0.0
984,Lesotho,Animal fats,Losses,0.0,0.0,0.0,0.0,0.0,0.0,0.0,0.0,0.0,0.0,0.0,0.0,0.0,0.0,0.0,0.0,0.0,0.0
985,Lesotho,Animal fats,Other uses (non-food),1.0,3.0,2.0,1.0,0.0,0.0,0.0,0.0,0.0,0.0,0.0,0.0,0.0,0.0,0.0,0.0,0.0,0.0
986,Lesotho,Animal fats,Human Consumption,1.0,1.0,1.0,1.0,1.0,1.0,1.0,1.0,1.0,1.0,1.0,1.0,1.0,1.0,1.0,0.0,1.0,0.0
987,Lesotho,Offals,Production,3.0,3.0,3.0,3.0,3.0,4.0,4.0,4.0,3.0,3.0,3.0,4.0,3.0,3.0,2.0,1.0,1.0,1.0
988,Lesotho,Offals,Import,0.0,0.0,0.0,0.0,0.0,0.0,0.0,0.0,0.0,0.0,0.0,0.0,0.0,0.0,4.0,5.0,5.0,6.0
989,Lesotho,Milk - Excluding Butter,Domestic supply,38.0,40.0,37.0,36.0,36.0,36.0,36.0,39.0,40.0,41.0,40.0,45.0,46.0,54.0,58.0,59.0,59.0,59.0
990,Liberia,Vegetable Oils,Human Consumption,41.0,43.0,46.0,50.0,53.0,56.0,59.0,58.0,61.0,64.0,67.0,71.0,71.0,72.0,74.0,78.0,72.0,70.0
991,Liberia,Vegetable Oils,Import,13.0,6.0,7.0,13.0,13.0,21.0,19.0,20.0,18.0,19.0,22.0,21.0,36.0,28.0,26.0,31.0,28.0,33.0
992,Liberia,Vegetable Oils,Stock Variation,-10.0,-1.0,-3.0,-4.0,-1.0,-2.0,1.0,2.0,5.0,2.0,2.0,8.0,1.0,3.0,-2.0,-2.0,-1.0,0.0
993,Liberia,Vegetable Oils,Export,6.0,6.0,0.0,0.0,0.0,1.0,1.0,1.0,1.0,1.0,1.0,2.0,3.0,3.0,1.0,1.0,2.0,10.0
994,Liberia,Vegetable Oils,Domestic supply,45.0,47.0,50.0,56.0,59.0,65.0,65.0,68.0,69.0,67.0,71.0,74.0,81.0,75.0,77.0,80.0,74.0,72.0
995,Liberia,Vegetable Oils,Other uses (non-food),4.0,4.0,4.0,6.0,6.0,9.0,6.0,10.0,8.0,3.0,3.0,3.0,10.0,3.0,3.0,2.0,2.0,2.0
996,Liberia,Vegetable Oils,Production,47.0,47.0,47.0,47.0,47.0,47.0,47.0,47.0,47.0,47.0,47.0,47.0,47.0,47.0,50.0,48.0,47.0,48.0
997,Liberia,Pulses,Production,4.0,3.0,4.0,3.0,4.0,3.0,3.0,4.0,4.0,3.0,4.0,4.0,4.0,4.0,4.0,4.0,4.0,4.0
998,Liberia,Sugar & Sweeteners,Import,13.0,10.0,12.0,11.0,13.0,37.0,13.0,17.0,23.0,20.0,24.0,18.0,18.0,20.0,28.0,37.0,38.0,31.0
999,Liberia,Sugar & Sweeteners,Stock Variation,-3.0,1.0,0.0,0.0,0.0,-7.0,3.0,0.0,-4.0,2.0,0.0,8.0,0.0,0.0,-1.0,4.0,4.0,-4.0
1000,Liberia,Sugar & Sweeteners,Export,0.0,0.0,0.0,0.0,0.0,16.0,0.0,0.0,0.0,0.0,0.0,0.0,0.0,0.0,0.0,0.0,0.0,0.0
1001,Liberia,Sugar & Sweeteners,Domestic supply,14.0,15.0,16.0,15.0,17.0,18.0,20.0,21.0,22.0,27.0,29.0,30.0,22.0,24.0,33.0,38.0,39.0,40.0
1002,Liberia,Sugar & Sweeteners,Other uses (non-food),0.0,0.0,0.0,0.0,0.0,0.0,0.0,0.0,0.0,0.0,0.0,0.0,0.0,0.0,0.0,0.0,0.0,0.0
1003,Liberia,Sugar & Sweeteners,Human Consumption,14.0,15.0,16.0,15.0,17.0,18.0,20.0,21.0,22.0,27.0,29.0,30.0,22.0,24.0,33.0,38.0,39.0,40.0
1004,Liberia,Vegetables,Human Consumption,107.0,107.0,113.0,121.0,132.0,142.0,83.0,88.0,99.0,83.0,106.0,108.0,113.0,116.0,107.0,110.0,109.0,113.0
1005,Liberia,Sugar & Sweeteners,Production,4.0,4.0,4.0,4.0,4.0,4.0,4.0,4.0,4.0,5.0,5.0,5.0,5.0,5.0,5.0,5.0,5.0,5.0
1006,Liberia,Vegetables,Losses,13.0,13.0,14.0,15.0,16.0,17.0,9.0,10.0,11.0,9.0,12.0,12.0,12.0,13.0,11.0,11.0,11.0,12.0
1007,Liberia,Stimulants,Export,3.0,1.0,2.0,3.0,2.0,4.0,2.0,4.0,5.0,5.0,7.0,12.0,12.0,7.0,7.0,7.0,36.0,16.0
1008,Liberia,Vegetables,Export,0.0,0.0,0.0,0.0,0.0,0.0,0.0,0.0,0.0,0.0,0.0,0.0,0.0,0.0,0.0,0.0,7.0,0.0
1009,Liberia,Pulses,Import,9.0,4.0,3.0,6.0,7.0,8.0,5.0,7.0,7.0,7.0,0.0,0.0,0.0,0.0,3.0,4.0,1.0,1.0
1010,Liberia,Stimulants,Stock Variation,0.0,0.0,0.0,0.0,-1.0,1.0,2.0,2.0,1.0,0.0,1.0,1.0,1.0,0.0,0.0,0.0,0.0,0.0
1011,Liberia,Stimulants,Domestic supply,4.0,3.0,3.0,2.0,2.0,6.0,7.0,4.0,3.0,3.0,1.0,2.0,3.0,4.0,2.0,1.0,-28.0,-7.0
1012,Liberia,Stimulants,Losses,0.0,0.0,0.0,0.0,0.0,0.0,0.0,0.0,0.0,0.0,0.0,0.0,0.0,0.0,0.0,0.0,0.0,0.0
1013,Liberia,Stimulants,Other uses (non-food),0.0,0.0,0.0,0.0,0.0,0.0,0.0,0.0,0.0,0.0,0.0,0.0,0.0,0.0,0.0,0.0,0.0,0.0
1014,Liberia,Stimulants,Human Consumption,4.0,3.0,3.0,2.0,2.0,6.0,7.0,4.0,3.0,3.0,1.0,2.0,3.0,4.0,1.0,1.0,1.0,0.0
1015,Liberia,Fruits - Excluding Wine,Production,171.0,174.0,180.0,180.0,180.0,173.0,188.0,181.0,183.0,190.0,189.0,191.0,194.0,200.0,203.0,206.0,219.0,211.0
1016,Liberia,Fruits - Excluding Wine,Stock Variation,0.0,0.0,0.0,0.0,0.0,0.0,0.0,0.0,0.0,0.0,0.0,0.0,0.0,0.0,0.0,0.0,0.0,0.0
1017,Liberia,Fruits - Excluding Wine,Export,0.0,0.0,0.0,0.0,0.0,0.0,0.0,0.0,0.0,0.0,0.0,0.0,0.0,0.0,0.0,0.0,11.0,1.0
1018,Liberia,Fruits - Excluding Wine,Domestic supply,171.0,176.0,181.0,181.0,182.0,177.0,191.0,184.0,185.0,192.0,195.0,197.0,197.0,203.0,205.0,209.0,211.0,213.0
1019,Liberia,Fruits - Excluding Wine,Losses,14.0,14.0,15.0,15.0,15.0,14.0,15.0,15.0,15.0,16.0,16.0,16.0,16.0,16.0,21.0,21.0,21.0,22.0
1020,Liberia,Fruits - Excluding Wine,Human Consumption,157.0,162.0,166.0,166.0,167.0,163.0,175.0,169.0,170.0,176.0,179.0,181.0,181.0,187.0,184.0,188.0,189.0,191.0
1021,Liberia,Vegetables,Production,115.0,116.0,124.0,132.0,140.0,150.0,85.0,89.0,104.0,83.0,107.0,109.0,112.0,116.0,108.0,109.0,114.0,112.0
1022,Liberia,Vegetables,Import,5.0,4.0,3.0,4.0,7.0,9.0,8.0,9.0,6.0,9.0,11.0,11.0,13.0,13.0,11.0,12.0,13.0,12.0
1023,Liberia,Vegetables,Stock Variation,0.0,0.0,0.0,0.0,0.0,0.0,0.0,0.0,0.0,0.0,0.0,0.0,0.0,0.0,0.0,0.0,0.0,0.0
1024,Liberia,Vegetables,Domestic supply,120.0,120.0,127.0,136.0,147.0,159.0,92.0,97.0,111.0,92.0,118.0,120.0,125.0,129.0,118.0,121.0,120.0,124.0
1025,Liberia,Pulses,Stock Variation,0.0,0.0,0.0,-2.0,-3.0,-3.0,0.0,-1.0,-1.0,0.0,3.0,3.0,3.0,3.0,0.0,0.0,0.0,0.0
1026,Liberia,Sugar Crops,Seed,8.0,8.0,8.0,8.0,8.0,8.0,8.0,8.0,8.0,8.0,8.0,8.0,8.0,8.0,8.0,8.0,8.0,8.0
1027,Liberia,Pulses,Domestic supply,13.0,7.0,7.0,7.0,8.0,9.0,9.0,9.0,10.0,10.0,6.0,6.0,6.0,6.0,6.0,8.0,5.0,5.0
1028,Liberia,Oilcrops,Other uses (non-food),0.0,0.0,0.0,0.0,0.0,0.0,0.0,0.0,0.0,0.0,0.0,0.0,0.0,0.0,0.0,0.0,0.0,0.0
1029,Liberia,Oilcrops,Human Consumption,12.0,12.0,12.0,12.0,13.0,13.0,12.0,12.0,12.0,11.0,12.0,12.0,12.0,12.0,14.0,15.0,14.0,15.0
1030,Liberia,Starchy Roots,Production,518.0,552.0,578.0,557.0,578.0,603.0,568.0,592.0,582.0,560.0,558.0,585.0,572.0,592.0,591.0,595.0,599.0,603.0
1031,Liberia,Starchy Roots,Import,0.0,2.0,3.0,0.0,3.0,2.0,1.0,1.0,1.0,1.0,1.0,1.0,2.0,1.0,1.0,2.0,2.0,2.0
1032,Liberia,Starchy Roots,Stock Variation,0.0,0.0,0.0,0.0,0.0,0.0,0.0,0.0,0.0,0.0,0.0,0.0,0.0,0.0,-3.0,-6.0,-5.0,0.0
1033,Liberia,Starchy Roots,Export,0.0,0.0,0.0,0.0,0.0,0.0,0.0,0.0,0.0,0.0,0.0,0.0,0.0,0.0,0.0,0.0,0.0,0.0
1034,Liberia,Starchy Roots,Domestic supply,519.0,554.0,582.0,557.0,581.0,605.0,569.0,593.0,583.0,561.0,559.0,586.0,574.0,593.0,595.0,603.0,606.0,605.0
1035,Liberia,Oilcrops,Processing,11.0,11.0,11.0,11.0,11.0,11.0,11.0,11.0,11.0,11.0,11.0,11.0,11.0,11.0,186.0,178.0,184.0,196.0
1036,Liberia,Starchy Roots,Feed,0.0,0.0,0.0,0.0,0.0,0.0,0.0,0.0,0.0,0.0,0.0,0.0,0.0,0.0,0.0,0.0,0.0,0.0
1037,Liberia,Starchy Roots,Human Consumption,511.0,546.0,574.0,551.0,574.0,598.0,562.0,587.0,575.0,555.0,553.0,579.0,566.0,586.0,539.0,546.0,548.0,547.0
1038,Liberia,Sugar Crops,Production,250.0,255.0,255.0,255.0,255.0,255.0,255.0,265.0,265.0,265.0,265.0,265.0,265.0,265.0,267.0,272.0,273.0,274.0
1039,Liberia,Sugar Crops,Domestic supply,250.0,255.0,255.0,255.0,255.0,255.0,255.0,265.0,265.0,265.0,265.0,265.0,265.0,265.0,267.0,272.0,273.0,274.0
1040,Liberia,Stimulants,Import,0.0,0.0,1.0,0.0,1.0,2.0,2.0,1.0,1.0,1.0,1.0,1.0,1.0,1.0,1.0,1.0,1.0,1.0
1041,Liberia,Sugar Crops,Losses,53.0,52.0,52.0,52.0,52.0,52.0,52.0,52.0,52.0,52.0,52.0,52.0,52.0,52.0,52.0,53.0,54.0,54.0
1042,Liberia,Sugar Crops,Processing,156.0,159.0,159.0,159.0,159.0,159.0,159.0,165.0,165.0,165.0,165.0,165.0,165.0,165.0,166.0,169.0,170.0,171.0
1043,Liberia,Sugar Crops,Human Consumption,34.0,36.0,36.0,36.0,36.0,36.0,36.0,40.0,40.0,40.0,40.0,40.0,40.0,40.0,40.0,41.0,42.0,42.0
1044,Liberia,Starchy Roots,Losses,8.0,7.0,7.0,7.0,7.0,7.0,7.0,6.0,7.0,7.0,7.0,7.0,7.0,7.0,57.0,57.0,58.0,58.0
1045,Liberia,Pulses,Export,0.0,0.0,0.0,0.0,0.0,0.0,0.0,0.0,0.0,0.0,0.0,0.0,0.0,0.0,0.0,0.0,0.0,0.0
1046,Liberia,Oilcrops,Losses,1.0,1.0,1.0,1.0,1.0,1.0,1.0,1.0,1.0,1.0,1.0,1.0,1.0,1.0,4.0,4.0,4.0,4.0
1047,Liberia,Oilcrops,Feed,0.0,0.0,0.0,0.0,0.0,0.0,0.0,0.0,0.0,0.0,0.0,0.0,0.0,0.0,2.0,1.0,1.0,1.0
1048,Liberia,Pulses,Feed,0.0,0.0,0.0,0.0,0.0,0.0,0.0,0.0,0.0,0.0,0.0,0.0,0.0,0.0,3.0,4.0,1.0,1.0
1049,Liberia,Pulses,Seed,0.0,0.0,0.0,0.0,0.0,0.0,0.0,0.0,0.0,0.0,0.0,0.0,0.0,0.0,0.0,0.0,0.0,0.0
1050,Liberia,Pulses,Losses,1.0,0.0,0.0,0.0,1.0,1.0,0.0,1.0,1.0,0.0,0.0,0.0,0.0,0.0,0.0,0.0,0.0,0.0
1051,Liberia,Pulses,Human Consumption,12.0,6.0,7.0,7.0,7.0,8.0,8.0,9.0,9.0,9.0,5.0,6.0,6.0,6.0,3.0,4.0,3.0,3.0
1052,Liberia,Treenuts,Production,2.0,2.0,3.0,2.0,3.0,3.0,3.0,2.0,3.0,3.0,3.0,3.0,3.0,3.0,3.0,3.0,3.0,3.0
1053,Liberia,Treenuts,Import,0.0,0.0,0.0,0.0,0.0,0.0,0.0,0.0,0.0,0.0,0.0,0.0,0.0,0.0,0.0,0.0,0.0,0.0
1054,Liberia,Treenuts,Stock Variation,0.0,0.0,0.0,0.0,0.0,0.0,0.0,0.0,0.0,0.0,0.0,0.0,0.0,0.0,0.0,0.0,0.0,0.0
1055,Liberia,Oilcrops,Seed,1.0,1.0,1.0,1.0,1.0,1.0,1.0,1.0,1.0,1.0,1.0,1.0,1.0,1.0,1.0,1.0,1.0,1.0
1056,Liberia,Treenuts,Export,0.0,0.0,0.0,0.0,0.0,0.0,0.0,0.0,0.0,0.0,0.0,0.0,0.0,0.0,0.0,0.0,0.0,0.0
1057,Liberia,Treenuts,Losses,0.0,0.0,0.0,0.0,0.0,0.0,0.0,0.0,0.0,0.0,0.0,0.0,0.0,0.0,0.0,0.0,0.0,0.0
1058,Liberia,Treenuts,Human Consumption,2.0,2.0,2.0,2.0,3.0,3.0,3.0,2.0,2.0,2.0,3.0,3.0,3.0,3.0,3.0,3.0,3.0,3.0
1059,Liberia,Oilcrops,Production,24.0,24.0,25.0,25.0,25.0,26.0,25.0,25.0,25.0,24.0,24.0,24.0,24.0,24.0,192.0,196.0,196.0,198.0
1060,Liberia,Oilcrops,Import,0.0,0.0,0.0,0.0,0.0,0.0,0.0,0.0,0.0,0.0,1.0,1.0,1.0,0.0,2.0,1.0,1.0,2.0
1061,Liberia,Oilcrops,Stock Variation,0.0,0.0,0.0,0.0,0.0,0.0,0.0,0.0,0.0,0.0,0.0,0.0,0.0,0.0,-13.0,0.0,-6.0,-16.0
1062,Liberia,Oilcrops,Export,0.0,0.0,0.0,0.0,0.0,0.0,0.0,0.0,0.0,0.0,0.0,0.0,0.0,0.0,0.0,0.0,0.0,0.0
1063,Liberia,Oilcrops,Domestic supply,24.0,24.0,25.0,25.0,25.0,26.0,25.0,25.0,25.0,24.0,25.0,25.0,25.0,25.0,206.0,198.0,203.0,216.0
1064,Liberia,Treenuts,Domestic supply,2.0,2.0,3.0,2.0,3.0,3.0,3.0,2.0,3.0,3.0,3.0,3.0,3.0,3.0,3.0,3.0,3.0,3.0
1065,Liberia,Stimulants,Production,7.0,4.0,4.0,4.0,4.0,7.0,5.0,5.0,6.0,6.0,7.0,12.0,13.0,9.0,8.0,8.0,7.0,9.0
1066,Liberia,Fruits - Excluding Wine,Import,0.0,2.0,0.0,1.0,2.0,4.0,3.0,2.0,2.0,2.0,6.0,6.0,3.0,3.0,2.0,4.0,3.0,2.0
1067,Liberia,Spices,Domestic supply,0.0,0.0,0.0,0.0,0.0,0.0,0.0,0.0,0.0,0.0,0.0,0.0,0.0,0.0,0.0,0.0,0.0,0.0
1068,Liberia,"Fish, Seafood",Feed,0.0,0.0,0.0,0.0,0.0,0.0,0.0,0.0,0.0,0.0,0.0,0.0,0.0,0.0,0.0,0.0,0.0,0.0
1069,Liberia,"Fish, Seafood",Other uses (non-food),0.0,0.0,0.0,0.0,0.0,0.0,0.0,0.0,0.0,0.0,0.0,0.0,0.0,0.0,0.0,0.0,0.0,0.0
1070,Liberia,"Fish, Seafood",Human Consumption,16.0,13.0,13.0,14.0,16.0,15.0,12.0,17.0,14.0,14.0,17.0,18.0,18.0,18.0,32.0,30.0,28.0,28.0
1071,Liberia,Eggs,Production,4.0,4.0,4.0,4.0,5.0,5.0,5.0,5.0,5.0,5.0,5.0,6.0,6.0,5.0,6.0,6.0,6.0,6.0
1072,Liberia,Eggs,Import,2.0,2.0,1.0,1.0,2.0,5.0,5.0,2.0,4.0,3.0,4.0,8.0,6.0,6.0,4.0,6.0,4.0,1.0
1073,Liberia,Eggs,Export,0.0,0.0,0.0,0.0,0.0,0.0,0.0,0.0,0.0,0.0,0.0,0.0,0.0,0.0,0.0,0.0,0.0,0.0
1074,Liberia,Eggs,Domestic supply,6.0,6.0,5.0,5.0,7.0,10.0,10.0,7.0,9.0,8.0,9.0,13.0,12.0,11.0,10.0,12.0,10.0,7.0
1075,Liberia,Eggs,Seed,1.0,1.0,1.0,1.0,1.0,1.0,1.0,1.0,1.0,1.0,1.0,1.0,1.0,1.0,1.0,1.0,1.0,1.0
1076,Liberia,Eggs,Losses,1.0,1.0,0.0,1.0,1.0,1.0,1.0,1.0,1.0,1.0,1.0,1.0,1.0,1.0,1.0,1.0,1.0,1.0
1077,Liberia,Eggs,Human Consumption,5.0,4.0,4.0,4.0,5.0,8.0,8.0,5.0,7.0,7.0,7.0,11.0,9.0,9.0,8.0,10.0,8.0,6.0
1078,Liberia,Milk - Excluding Butter,Production,1.0,1.0,1.0,1.0,1.0,1.0,1.0,1.0,1.0,1.0,1.0,1.0,1.0,1.0,9.0,9.0,9.0,9.0
1079,Liberia,Milk - Excluding Butter,Import,8.0,6.0,5.0,5.0,12.0,12.0,12.0,13.0,9.0,9.0,9.0,11.0,11.0,12.0,4.0,4.0,4.0,3.0
1080,Liberia,Milk - Excluding Butter,Stock Variation,0.0,0.0,0.0,0.0,0.0,0.0,0.0,0.0,0.0,0.0,0.0,0.0,0.0,0.0,0.0,0.0,0.0,0.0
1081,Liberia,Milk - Excluding Butter,Export,0.0,0.0,0.0,0.0,0.0,0.0,0.0,0.0,0.0,0.0,0.0,0.0,0.0,0.0,0.0,0.0,0.0,0.0
1082,Liberia,Milk - Excluding Butter,Domestic supply,9.0,7.0,6.0,6.0,13.0,13.0,13.0,14.0,10.0,10.0,10.0,12.0,12.0,13.0,14.0,13.0,13.0,12.0
1083,Liberia,"Fish, Seafood",Domestic supply,16.0,13.0,13.0,14.0,16.0,15.0,12.0,17.0,14.0,14.0,17.0,18.0,18.0,18.0,32.0,30.0,28.0,28.0
1084,Liberia,"Fish, Seafood",Export,0.0,0.0,0.0,0.0,0.0,0.0,0.0,0.0,0.0,0.0,0.0,0.0,0.0,0.0,0.0,0.0,0.0,0.0
1085,Liberia,"Fish, Seafood",Stock Variation,0.0,0.0,0.0,0.0,0.0,0.0,0.0,0.0,0.0,0.0,0.0,0.0,0.0,0.0,0.0,0.0,0.0,0.0
1086,Liberia,"Fish, Seafood",Import,5.0,3.0,2.0,4.0,2.0,3.0,4.0,2.0,6.0,4.0,8.0,8.0,8.0,8.0,17.0,15.0,13.0,13.0
1087,Liberia,Spices,Human Consumption,0.0,0.0,0.0,0.0,0.0,0.0,0.0,0.0,0.0,0.0,0.0,0.0,0.0,0.0,0.0,0.0,0.0,0.0
1088,Liberia,Cereals - Excluding Beer,Production,122.0,97.0,73.0,67.0,73.0,103.0,109.0,155.0,197.0,195.0,197.0,199.0,194.0,180.0,237.0,286.0,311.0,303.0
1089,Liberia,Cereals - Excluding Beer,Import,267.0,185.0,214.0,251.0,283.0,329.0,371.0,288.0,248.0,325.0,360.0,218.0,321.0,336.0,320.0,318.0,314.0,453.0
1090,Liberia,Cereals - Excluding Beer,Stock Variation,-47.0,56.0,49.0,21.0,-12.0,-43.0,-74.0,4.0,14.0,-34.0,-72.0,108.0,15.0,30.0,-18.0,3.0,-14.0,87.0
1091,Liberia,Cereals - Excluding Beer,Export,0.0,2.0,0.0,2.0,5.0,4.0,0.0,0.0,0.0,0.0,0.0,0.0,0.0,25.0,0.0,26.0,0.0,0.0
1092,Liberia,Cereals - Excluding Beer,Domestic supply,342.0,336.0,335.0,336.0,340.0,385.0,406.0,446.0,459.0,486.0,485.0,524.0,530.0,521.0,574.0,576.0,639.0,669.0
1093,Liberia,Cereals - Excluding Beer,Feed,50.0,50.0,50.0,50.0,50.0,69.0,69.0,74.0,26.0,20.0,20.0,34.0,34.0,35.0,41.0,44.0,48.0,46.0
1094,Liberia,Milk - Excluding Butter,Feed,0.0,0.0,0.0,0.0,0.0,0.0,0.0,0.0,0.0,0.0,0.0,0.0,0.0,0.0,6.0,6.0,6.0,7.0
1095,Liberia,Cereals - Excluding Beer,Seed,4.0,4.0,4.0,4.0,4.0,4.0,5.0,6.0,8.0,8.0,8.0,8.0,8.0,7.0,10.0,9.0,13.0,9.0
1096,Liberia,Cereals - Excluding Beer,Processing,1.0,1.0,1.0,1.0,1.0,2.0,3.0,2.0,2.0,2.0,2.0,4.0,3.0,3.0,2.0,2.0,2.0,2.0
1097,Liberia,Cereals - Excluding Beer,Human Consumption,263.0,259.0,264.0,267.0,269.0,289.0,306.0,334.0,386.0,417.0,416.0,440.0,448.0,455.0,493.0,485.0,538.0,575.0
1098,Liberia,"Aquatic Products, Other",Production,0.0,0.0,0.0,0.0,0.0,0.0,0.0,0.0,0.0,0.0,0.0,0.0,0.0,0.0,0.0,0.0,0.0,0.0
1099,Liberia,"Aquatic Products, Other",Import,0.0,0.0,0.0,0.0,0.0,0.0,0.0,0.0,0.0,0.0,0.0,0.0,0.0,0.0,0.0,0.0,0.0,0.0
1100,Liberia,"Aquatic Products, Other",Domestic supply,0.0,0.0,0.0,0.0,0.0,0.0,0.0,0.0,0.0,0.0,0.0,0.0,0.0,0.0,0.0,0.0,0.0,0.0
1101,Liberia,"Aquatic Products, Other",Other uses (non-food),0.0,0.0,0.0,0.0,0.0,0.0,0.0,0.0,0.0,0.0,0.0,0.0,0.0,0.0,0.0,0.0,0.0,0.0
1102,Liberia,"Aquatic Products, Other",Human Consumption,0.0,0.0,0.0,0.0,0.0,0.0,0.0,0.0,0.0,0.0,0.0,0.0,0.0,0.0,0.0,0.0,0.0,0.0
1103,Liberia,Cereals - Excluding Beer,Losses,23.0,22.0,16.0,14.0,15.0,21.0,23.0,30.0,37.0,38.0,38.0,38.0,37.0,21.0,29.0,35.0,38.0,37.0
1104,Liberia,Milk - Excluding Butter,Losses,0.0,0.0,0.0,0.0,0.0,0.0,0.0,0.0,0.0,0.0,0.0,0.0,0.0,0.0,0.0,0.0,0.0,0.0
1105,Liberia,"Fish, Seafood",Production,12.0,11.0,11.0,10.0,14.0,12.0,9.0,15.0,8.0,10.0,10.0,10.0,10.0,10.0,15.0,15.0,15.0,15.0
1106,Liberia,Animal fats,Production,0.0,0.0,0.0,0.0,0.0,0.0,0.0,0.0,0.0,1.0,1.0,1.0,1.0,1.0,1.0,1.0,1.0,1.0
1107,Liberia,Meat,Human Consumption,28.0,26.0,26.0,26.0,35.0,34.0,30.0,36.0,40.0,40.0,48.0,62.0,68.0,70.0,79.0,85.0,85.0,86.0
1108,Liberia,Miscellaneous,Import,11.0,1.0,0.0,0.0,0.0,0.0,0.0,0.0,0.0,0.0,1.0,1.0,1.0,1.0,11.0,13.0,12.0,12.0
1109,Liberia,Miscellaneous,Stock Variation,0.0,0.0,0.0,0.0,0.0,0.0,0.0,0.0,0.0,0.0,0.0,0.0,0.0,0.0,0.0,0.0,0.0,2.0
1110,Liberia,Miscellaneous,Export,0.0,0.0,0.0,0.0,0.0,0.0,0.0,0.0,0.0,0.0,0.0,0.0,0.0,0.0,0.0,0.0,0.0,0.0
1111,Liberia,Miscellaneous,Domestic supply,11.0,1.0,0.0,0.0,0.0,0.0,0.0,0.0,0.0,0.0,1.0,1.0,1.0,1.0,11.0,13.0,12.0,11.0
1112,Liberia,Miscellaneous,Human Consumption,11.0,1.0,0.0,0.0,0.0,0.0,0.0,0.0,0.0,0.0,1.0,1.0,1.0,1.0,11.0,13.0,12.0,11.0
1113,Liberia,Alcoholic Beverages,Production,21.0,22.0,24.0,24.0,25.0,27.0,30.0,29.0,30.0,31.0,31.0,37.0,34.0,34.0,31.0,33.0,34.0,32.0
1114,Liberia,Meat,Domestic supply,28.0,26.0,26.0,26.0,35.0,34.0,30.0,36.0,40.0,40.0,48.0,62.0,68.0,70.0,79.0,85.0,85.0,86.0
1115,Liberia,Alcoholic Beverages,Stock Variation,0.0,0.0,0.0,0.0,0.0,0.0,0.0,0.0,0.0,0.0,0.0,0.0,0.0,0.0,-5.0,-2.0,0.0,1.0
1116,Liberia,Alcoholic Beverages,Domestic supply,23.0,23.0,25.0,25.0,27.0,29.0,32.0,32.0,32.0,33.0,34.0,40.0,38.0,39.0,44.0,46.0,43.0,46.0
1117,Liberia,Alcoholic Beverages,Other uses (non-food),4.0,4.0,4.0,4.0,4.0,4.0,4.0,4.0,4.0,4.0,4.0,4.0,4.0,4.0,8.0,8.0,7.0,9.0
1118,Liberia,Alcoholic Beverages,Human Consumption,20.0,20.0,21.0,22.0,23.0,25.0,28.0,28.0,29.0,29.0,30.0,37.0,35.0,36.0,37.0,38.0,36.0,37.0
1119,Liberia,Spices,Import,0.0,0.0,0.0,0.0,0.0,0.0,0.0,0.0,0.0,0.0,0.0,0.0,0.0,0.0,0.0,0.0,0.0,0.0
1120,Liberia,Spices,Stock Variation,0.0,0.0,0.0,0.0,0.0,0.0,0.0,0.0,0.0,0.0,0.0,0.0,0.0,0.0,0.0,0.0,0.0,0.0
1121,Liberia,Milk - Excluding Butter,Human Consumption,9.0,7.0,6.0,6.0,13.0,13.0,13.0,14.0,9.0,10.0,10.0,12.0,12.0,13.0,7.0,7.0,7.0,5.0
1122,Liberia,Spices,Export,0.0,0.0,0.0,0.0,0.0,0.0,0.0,0.0,0.0,0.0,0.0,0.0,0.0,0.0,0.0,0.0,0.0,0.0
1123,Liberia,Alcoholic Beverages,Export,0.0,0.0,0.0,0.0,0.0,0.0,0.0,0.0,0.0,0.0,0.0,0.0,0.0,0.0,0.0,0.0,0.0,0.0
1124,Liberia,Meat,Export,0.0,0.0,0.0,0.0,0.0,0.0,0.0,0.0,0.0,0.0,0.0,0.0,0.0,0.0,0.0,0.0,0.0,0.0
1125,Liberia,Alcoholic Beverages,Import,2.0,1.0,1.0,1.0,1.0,2.0,2.0,2.0,2.0,2.0,3.0,4.0,5.0,5.0,8.0,11.0,9.0,15.0
1126,Liberia,Meat,Import,6.0,5.0,5.0,4.0,13.0,11.0,8.0,11.0,14.0,12.0,17.0,29.0,34.0,36.0,41.0,54.0,56.0,61.0
1127,Liberia,Animal fats,Import,0.0,0.0,0.0,0.0,0.0,0.0,0.0,0.0,0.0,0.0,0.0,0.0,0.0,0.0,0.0,0.0,0.0,0.0
1128,Liberia,Animal fats,Stock Variation,0.0,0.0,0.0,0.0,0.0,0.0,0.0,0.0,0.0,0.0,0.0,0.0,0.0,0.0,0.0,0.0,0.0,0.0
1129,Liberia,Meat,Stock Variation,0.0,0.0,0.0,0.0,0.0,0.0,0.0,0.0,0.0,0.0,0.0,0.0,0.0,0.0,-4.0,3.0,7.0,13.0
1130,Liberia,Animal fats,Export,0.0,0.0,0.0,0.0,0.0,0.0,0.0,0.0,0.0,0.0,0.0,0.0,0.0,0.0,0.0,0.0,0.0,0.0
1131,Liberia,Animal fats,Domestic supply,0.0,0.0,0.0,0.0,0.0,0.0,0.0,1.0,1.0,1.0,1.0,1.0,1.0,1.0,1.0,1.0,1.0,1.0
1132,Liberia,Animal fats,Feed,0.0,0.0,0.0,0.0,0.0,0.0,0.0,0.0,0.0,0.0,0.0,0.0,0.0,0.0,0.0,0.0,0.0,0.0
1133,Liberia,Animal fats,Other uses (non-food),0.0,0.0,0.0,0.0,0.0,0.0,0.0,0.0,0.0,0.0,0.0,0.0,0.0,0.0,0.0,0.0,0.0,0.0
1134,Liberia,Animal fats,Human Consumption,0.0,0.0,0.0,0.0,0.0,0.0,0.0,1.0,1.0,1.0,1.0,1.0,1.0,1.0,1.0,1.0,1.0,1.0
1135,Liberia,Offals,Production,1.0,1.0,1.0,1.0,1.0,1.0,1.0,1.0,1.0,1.0,1.0,1.0,1.0,1.0,2.0,1.0,1.0,1.0
1136,Liberia,Animal fats,Losses,0.0,0.0,0.0,0.0,0.0,0.0,0.0,0.0,0.0,0.0,0.0,0.0,0.0,0.0,0.0,0.0,0.0,0.0
1137,Liberia,Offals,Import,1.0,1.0,0.0,0.0,0.0,0.0,0.0,0.0,0.0,0.0,1.0,1.0,2.0,3.0,9.0,12.0,11.0,12.0
1138,Liberia,Offals,Export,0.0,0.0,0.0,0.0,0.0,0.0,0.0,0.0,0.0,0.0,0.0,0.0,0.0,0.0,3.0,0.0,0.0,0.0
1139,Liberia,Offals,Domestic supply,2.0,2.0,1.0,1.0,1.0,1.0,1.0,1.0,1.0,1.0,2.0,2.0,3.0,4.0,8.0,13.0,12.0,13.0
1140,Liberia,Offals,Feed,0.0,0.0,0.0,0.0,0.0,0.0,0.0,0.0,0.0,0.0,0.0,0.0,0.0,0.0,4.0,5.0,5.0,5.0
1141,Liberia,Offals,Losses,0.0,0.0,0.0,0.0,0.0,0.0,0.0,0.0,0.0,0.0,0.0,0.0,0.0,0.0,0.0,0.0,0.0,0.0
1142,Liberia,Offals,Human Consumption,2.0,2.0,1.0,1.0,1.0,1.0,1.0,1.0,1.0,1.0,2.0,2.0,3.0,4.0,3.0,8.0,7.0,8.0
1143,Liberia,Meat,Production,22.0,20.0,21.0,22.0,22.0,23.0,22.0,25.0,26.0,28.0,31.0,32.0,35.0,34.0,33.0,34.0,37.0,38.0
1144,Lithuania,Vegetable Oils,Other uses (non-food),36.0,34.0,29.0,37.0,43.0,43.0,52.0,53.0,59.0,69.0,69.0,83.0,134.0,158.0,147.0,133.0,127.0,131.0
1145,Lithuania,Vegetable Oils,Import,56.0,72.0,77.0,77.0,92.0,96.0,115.0,109.0,129.0,125.0,110.0,96.0,137.0,165.0,210.0,205.0,209.0,198.0
1146,Lithuania,Vegetable Oils,Stock Variation,1.0,1.0,-3.0,0.0,-4.0,0.0,0.0,9.0,-7.0,3.0,4.0,0.0,0.0,0.0,16.0,-11.0,10.0,15.0
1147,Lithuania,Vegetable Oils,Export,8.0,13.0,21.0,16.0,21.0,29.0,41.0,48.0,53.0,49.0,30.0,25.0,40.0,51.0,95.0,131.0,124.0,102.0
1148,Lithuania,Vegetable Oils,Domestic supply,53.0,65.0,58.0,66.0,74.0,77.0,85.0,84.0,86.0,94.0,98.0,113.0,158.0,181.0,183.0,191.0,177.0,190.0
1149,Lithuania,Vegetable Oils,Processing,0.0,0.0,0.0,0.0,0.0,0.0,0.0,0.0,0.0,0.0,0.0,0.0,0.0,0.0,11.0,29.0,22.0,29.0
1150,Lithuania,Vegetables,Human Consumption,327.0,324.0,306.0,398.0,355.0,381.0,282.0,309.0,315.0,331.0,291.0,333.0,339.0,329.0,296.0,244.0,278.0,269.0
1151,Lithuania,Vegetable Oils,Production,4.0,5.0,6.0,5.0,7.0,10.0,10.0,14.0,17.0,16.0,14.0,43.0,61.0,68.0,84.0,106.0,101.0,110.0
1152,Lithuania,Vegetable Oils,Human Consumption,18.0,32.0,29.0,28.0,32.0,34.0,33.0,31.0,27.0,26.0,29.0,30.0,25.0,23.0,25.0,29.0,27.0,30.0
1153,Lithuania,Sugar & Sweeteners,Losses,0.0,0.0,0.0,0.0,0.0,0.0,0.0,0.0,0.0,0.0,0.0,0.0,0.0,0.0,0.0,0.0,0.0,0.0
1154,Lithuania,Sugar & Sweeteners,Import,17.0,18.0,34.0,55.0,187.0,127.0,285.0,96.0,137.0,111.0,102.0,169.0,121.0,97.0,151.0,143.0,155.0,210.0
1155,Lithuania,Sugar & Sweeteners,Stock Variation,29.0,56.0,-41.0,-45.0,3.0,94.0,-86.0,5.0,35.0,-16.0,29.0,-74.0,-10.0,-3.0,-13.0,-18.0,31.0,-85.0
1156,Lithuania,Sugar & Sweeteners,Export,77.0,59.0,32.0,38.0,167.0,158.0,83.0,71.0,83.0,79.0,120.0,127.0,150.0,147.0,269.0,252.0,222.0,202.0
1157,Lithuania,Sugar & Sweeteners,Domestic supply,135.0,158.0,141.0,147.0,232.0,238.0,256.0,198.0,200.0,161.0,161.0,159.0,151.0,165.0,293.0,276.0,286.0,277.0
1158,Lithuania,Sugar & Sweeteners,Feed,0.0,0.0,0.0,0.0,3.0,4.0,4.0,6.0,11.0,8.0,8.0,5.0,0.0,4.0,0.0,0.0,0.0,0.0
1159,Lithuania,Sugar & Sweeteners,Processing,0.0,0.0,1.0,4.0,88.0,90.0,95.0,36.0,28.0,1.0,17.0,12.0,6.0,12.0,16.0,0.0,8.0,1.0
1160,Lithuania,Sugar & Sweeteners,Other uses (non-food),5.0,6.0,2.0,11.0,13.0,7.0,8.0,4.0,5.0,5.0,3.0,4.0,4.0,6.0,3.0,1.0,2.0,1.0
1161,Lithuania,Vegetables,Processing,0.0,0.0,0.0,0.0,0.0,0.0,0.0,0.0,0.0,0.0,0.0,0.0,0.0,0.0,6.0,5.0,5.0,5.0
1162,Lithuania,Sugar & Sweeteners,Human Consumption,129.0,152.0,138.0,132.0,129.0,138.0,149.0,152.0,157.0,148.0,132.0,139.0,141.0,143.0,275.0,274.0,276.0,275.0
1163,Lithuania,Sugar & Sweeteners,Production,166.0,143.0,179.0,176.0,210.0,175.0,140.0,168.0,111.0,146.0,150.0,190.0,191.0,218.0,398.0,367.0,385.0,185.0
1164,Lithuania,Vegetables,Losses,31.0,20.0,20.0,82.0,18.0,20.0,12.0,14.0,19.0,16.0,9.0,22.0,32.0,20.0,21.0,19.0,21.0,20.0
1165,Lithuania,Stimulants,Processing,0.0,0.0,0.0,0.0,0.0,0.0,0.0,0.0,0.0,0.0,0.0,0.0,0.0,0.0,1.0,1.0,1.0,0.0
1166,Lithuania,Vegetables,Feed,36.0,38.0,22.0,142.0,115.0,48.0,21.0,32.0,56.0,52.0,9.0,37.0,51.0,11.0,12.0,12.0,20.0,15.0
1167,Lithuania,Pulses,Production,73.0,52.0,63.0,49.0,58.0,59.0,35.0,56.0,62.0,86.0,70.0,80.0,83.0,93.0,206.0,460.0,651.0,727.0
1168,Lithuania,Stimulants,Stock Variation,-3.0,-4.0,-3.0,-3.0,2.0,-3.0,-1.0,-5.0,11.0,3.0,-3.0,15.0,-3.0,-3.0,1.0,-1.0,-1.0,1.0
1169,Lithuania,Stimulants,Export,5.0,7.0,8.0,12.0,16.0,14.0,25.0,18.0,40.0,31.0,23.0,39.0,24.0,27.0,9.0,11.0,13.0,10.0
1170,Lithuania,Stimulants,Domestic supply,14.0,15.0,15.0,13.0,16.0,17.0,18.0,20.0,20.0,19.0,19.0,16.0,17.0,18.0,14.0,14.0,14.0,14.0
1171,Lithuania,Stimulants,Human Consumption,14.0,15.0,15.0,13.0,16.0,17.0,18.0,20.0,20.0,19.0,19.0,16.0,17.0,18.0,13.0,13.0,13.0,13.0
1172,Lithuania,Fruits - Excluding Wine,Production,113.0,170.0,95.0,115.0,47.0,121.0,126.0,57.0,92.0,71.0,44.0,60.0,86.0,74.0,72.0,92.0,83.0,102.0
1173,Lithuania,Fruits - Excluding Wine,Import,173.0,177.0,191.0,250.0,234.0,226.0,351.0,428.0,489.0,377.0,415.0,438.0,518.0,523.0,564.0,1050.0,539.0,522.0
1174,Lithuania,Fruits - Excluding Wine,Stock Variation,0.0,0.0,1.0,-3.0,-28.0,7.0,10.0,13.0,0.0,0.0,-2.0,2.0,0.0,0.0,-1.0,-6.0,19.0,5.0
1175,Lithuania,Fruits - Excluding Wine,Export,42.0,72.0,71.0,125.0,54.0,91.0,118.0,166.0,373.0,258.0,298.0,343.0,406.0,405.0,458.0,949.0,403.0,411.0
1176,Lithuania,Fruits - Excluding Wine,Domestic supply,244.0,274.0,216.0,238.0,199.0,263.0,370.0,332.0,208.0,189.0,159.0,157.0,198.0,193.0,178.0,199.0,200.0,207.0
1177,Lithuania,Fruits - Excluding Wine,Feed,4.0,6.0,3.0,2.0,1.0,2.0,3.0,2.0,2.0,1.0,1.0,1.0,2.0,2.0,1.0,0.0,2.0,3.0
1178,Lithuania,Fruits - Excluding Wine,Processing,5.0,8.0,10.0,5.0,6.0,12.0,9.0,10.0,8.0,7.0,28.0,29.0,29.0,43.0,46.0,40.0,36.0,60.0
1179,Lithuania,Fruits - Excluding Wine,Other uses (non-food),2.0,0.0,0.0,0.0,0.0,0.0,0.0,0.0,0.0,0.0,0.0,0.0,0.0,0.0,0.0,0.0,0.0,0.0
1180,Lithuania,Fruits - Excluding Wine,Human Consumption,229.0,253.0,198.0,223.0,186.0,242.0,352.0,316.0,196.0,178.0,129.0,127.0,166.0,148.0,124.0,158.0,154.0,146.0
1181,Lithuania,Vegetables,Production,335.0,325.0,293.0,552.0,383.0,373.0,231.0,289.0,319.0,336.0,199.0,328.0,312.0,259.0,235.0,198.0,227.0,214.0
1182,Lithuania,Vegetables,Import,81.0,91.0,94.0,104.0,112.0,131.0,176.0,215.0,324.0,236.0,277.0,327.0,376.0,474.0,425.0,410.0,284.0,291.0
1183,Lithuania,Vegetables,Stock Variation,9.0,0.0,-1.0,0.0,-2.0,-9.0,2.0,-1.0,3.0,-19.0,23.0,-17.0,20.0,0.0,0.0,1.0,4.0,3.0
1184,Lithuania,Vegetables,Export,22.0,22.0,21.0,24.0,27.0,36.0,86.0,139.0,248.0,147.0,183.0,239.0,288.0,367.0,329.0,340.0,195.0,217.0
1185,Lithuania,Vegetables,Domestic supply,405.0,394.0,364.0,632.0,467.0,459.0,324.0,363.0,398.0,406.0,317.0,399.0,420.0,365.0,330.0,267.0,312.0,284.0
1186,Lithuania,Vegetables,Seed,11.0,11.0,16.0,11.0,11.0,10.0,9.0,8.0,8.0,6.0,7.0,7.0,7.0,6.0,2.0,3.0,5.0,8.0
1187,Lithuania,Pulses,Import,1.0,1.0,4.0,2.0,3.0,2.0,3.0,2.0,2.0,3.0,2.0,4.0,2.0,3.0,5.0,16.0,22.0,19.0
1188,Lithuania,Sugar Crops,Import,0.0,0.0,0.0,0.0,1.0,0.0,0.0,0.0,0.0,0.0,1.0,0.0,0.0,0.0,0.0,0.0,0.0,0.0
1189,Lithuania,Pulses,Export,1.0,1.0,2.0,1.0,4.0,3.0,3.0,2.0,5.0,9.0,18.0,20.0,22.0,26.0,43.0,263.0,393.0,330.0
1190,Lithuania,Starchy Roots,Production,1792.0,1054.0,1531.0,1445.0,1021.0,895.0,457.0,576.0,716.0,663.0,477.0,588.0,550.0,427.0,469.0,399.0,351.0,237.0
1191,Lithuania,Starchy Roots,Import,12.0,15.0,38.0,35.0,34.0,74.0,93.0,72.0,55.0,56.0,63.0,63.0,57.0,61.0,26.0,16.0,19.0,27.0
1192,Lithuania,Starchy Roots,Stock Variation,-23.0,593.0,-211.0,-119.0,108.0,-5.0,197.0,-9.0,-44.0,-25.0,92.0,-4.0,5.0,100.0,1.0,2.0,2.0,4.0
1193,Lithuania,Starchy Roots,Export,10.0,11.0,2.0,5.0,15.0,2.0,5.0,7.0,7.0,8.0,27.0,37.0,28.0,49.0,23.0,11.0,16.0,21.0
1194,Lithuania,Starchy Roots,Domestic supply,1771.0,1652.0,1357.0,1356.0,1149.0,962.0,742.0,632.0,721.0,685.0,605.0,610.0,584.0,538.0,469.0,402.0,352.0,239.0
1195,Lithuania,Starchy Roots,Feed,605.0,579.0,520.0,522.0,303.0,232.0,167.0,86.0,176.0,131.0,133.0,124.0,132.0,118.0,79.0,77.0,66.0,39.0
1196,Lithuania,Starchy Roots,Seed,554.0,497.0,311.0,305.0,304.0,246.0,174.0,159.0,145.0,140.0,112.0,114.0,101.0,90.0,86.0,71.0,65.0,52.0
1197,Lithuania,Starchy Roots,Losses,121.0,118.0,98.0,102.0,113.0,80.0,38.0,36.0,43.0,46.0,34.0,30.0,37.0,29.0,28.0,24.0,21.0,7.0
1198,Lithuania,Starchy Roots,Processing,16.0,4.0,13.0,20.0,9.0,2.0,13.0,30.0,47.0,44.0,30.0,31.0,15.0,10.0,11.0,6.0,4.0,1.0
1199,Lithuania,Starchy Roots,Other uses (non-food),1.0,1.0,0.0,0.0,0.0,0.0,1.0,1.0,1.0,1.0,0.0,1.0,1.0,1.0,0.0,0.0,0.0,0.0
1200,Lithuania,Starchy Roots,Human Consumption,475.0,453.0,415.0,407.0,420.0,401.0,350.0,320.0,309.0,324.0,295.0,310.0,299.0,289.0,266.0,223.0,196.0,139.0
1201,Lithuania,Sugar Crops,Production,882.0,880.0,1052.0,977.0,905.0,799.0,717.0,800.0,339.0,682.0,707.0,878.0,1003.0,967.0,1014.0,619.0,934.0,957.0
1202,Lithuania,Sugar Crops,Stock Variation,50.0,-67.0,5.0,0.0,0.0,155.0,-16.0,-20.0,133.0,0.0,0.0,0.0,-67.0,67.0,45.0,-15.0,45.0,104.0
1203,Lithuania,Sugar Crops,Export,18.0,1.0,24.0,90.0,1.0,51.0,1.0,0.0,0.0,0.0,0.0,0.0,0.0,0.0,2.0,2.0,1.0,1.0
1204,Lithuania,Sugar Crops,Domestic supply,914.0,813.0,1034.0,888.0,905.0,902.0,700.0,780.0,472.0,682.0,708.0,878.0,936.0,1034.0,967.0,633.0,887.0,852.0
1205,Lithuania,Sugar Crops,Feed,1.0,1.0,4.0,3.0,1.0,0.0,0.0,1.0,0.0,1.0,1.0,0.0,9.0,1.0,4.0,2.0,3.0,3.0
1206,Lithuania,Sugar Crops,Losses,0.0,0.0,0.0,0.0,0.0,0.0,0.0,0.0,0.0,0.0,0.0,0.0,0.0,0.0,51.0,31.0,46.0,48.0
1207,Lithuania,Sugar Crops,Processing,913.0,812.0,1030.0,885.0,904.0,902.0,700.0,779.0,472.0,682.0,707.0,878.0,927.0,1033.0,913.0,600.0,838.0,801.0
1208,Lithuania,Stimulants,Import,21.0,26.0,26.0,28.0,31.0,33.0,43.0,43.0,49.0,47.0,45.0,41.0,45.0,48.0,24.0,24.0,27.0,24.0
1209,Lithuania,Oilcrops,Human Consumption,3.0,4.0,5.0,5.0,5.0,6.0,7.0,6.0,6.0,5.0,5.0,5.0,6.0,6.0,5.0,5.0,5.0,5.0
1210,Lithuania,Pulses,Stock Variation,-8.0,8.0,0.0,0.0,0.0,0.0,0.0,0.0,0.0,0.0,0.0,0.0,0.0,0.0,39.0,95.0,171.0,256.0
1211,Lithuania,Oilcrops,Other uses (non-food),0.0,0.0,0.0,0.0,0.0,0.0,0.0,0.0,0.0,0.0,0.0,0.0,0.0,0.0,0.0,0.0,0.0,0.0
1212,Lithuania,Oilcrops,Losses,0.0,0.0,0.0,0.0,0.0,0.0,0.0,0.0,0.0,0.0,0.0,0.0,0.0,0.0,12.0,12.0,9.0,13.0
1213,Lithuania,Pulses,Domestic supply,65.0,60.0,65.0,49.0,57.0,58.0,35.0,56.0,59.0,79.0,54.0,64.0,63.0,70.0,129.0,119.0,108.0,160.0
1214,Lithuania,Pulses,Feed,36.0,30.0,35.0,29.0,38.0,40.0,19.0,37.0,41.0,50.0,33.0,43.0,37.0,45.0,66.0,67.0,73.0,72.0
1215,Lithuania,Pulses,Seed,9.0,12.0,9.0,8.0,8.0,8.0,8.0,8.0,8.0,10.0,10.0,10.0,9.0,9.0,18.0,33.0,66.0,55.0
1216,Lithuania,Pulses,Losses,1.0,1.0,2.0,2.0,2.0,2.0,1.0,1.0,1.0,2.0,2.0,4.0,3.0,5.0,32.0,81.0,89.0,104.0
1217,Lithuania,Pulses,Processing,0.0,0.0,0.0,0.0,0.0,0.0,0.0,0.0,0.0,0.0,0.0,0.0,0.0,0.0,7.0,7.0,19.0,26.0
1218,Lithuania,Pulses,Human Consumption,19.0,16.0,19.0,10.0,10.0,8.0,7.0,10.0,10.0,18.0,9.0,7.0,14.0,11.0,13.0,12.0,22.0,27.0
1219,Lithuania,Treenuts,Production,0.0,0.0,0.0,0.0,0.0,0.0,0.0,0.0,0.0,0.0,0.0,0.0,0.0,0.0,0.0,0.0,0.0,0.0
1220,Lithuania,Treenuts,Import,3.0,7.0,8.0,9.0,9.0,9.0,8.0,11.0,10.0,8.0,9.0,8.0,10.0,11.0,6.0,6.0,7.0,7.0
1221,Lithuania,Treenuts,Stock Variation,1.0,-1.0,-1.0,0.0,2.0,1.0,0.0,0.0,0.0,0.0,0.0,0.0,0.0,0.0,0.0,0.0,0.0,1.0
1222,Lithuania,Treenuts,Export,1.0,2.0,2.0,4.0,5.0,5.0,3.0,5.0,4.0,4.0,4.0,4.0,5.0,7.0,4.0,3.0,3.0,3.0
1223,Lithuania,Treenuts,Domestic supply,3.0,4.0,5.0,5.0,5.0,5.0,5.0,6.0,5.0,5.0,5.0,4.0,5.0,4.0,2.0,3.0,3.0,3.0
1224,Lithuania,Treenuts,Human Consumption,3.0,4.0,5.0,5.0,5.0,5.0,5.0,6.0,5.0,5.0,5.0,4.0,5.0,4.0,2.0,3.0,3.0,3.0
1225,Lithuania,Oilcrops,Production,84.0,69.0,109.0,123.0,207.0,204.0,171.0,313.0,331.0,419.0,419.0,490.0,639.0,557.0,506.0,518.0,406.0,552.0
1226,Lithuania,Oilcrops,Import,60.0,90.0,43.0,23.0,24.0,34.0,71.0,54.0,98.0,121.0,85.0,43.0,30.0,37.0,32.0,34.0,62.0,40.0
1227,Lithuania,Oilcrops,Stock Variation,-20.0,20.0,-6.0,4.0,-53.0,55.0,0.0,0.0,0.0,0.0,-1.0,-49.0,0.0,50.0,1.0,0.0,1.0,36.0
1228,Lithuania,Oilcrops,Export,66.0,131.0,99.0,109.0,110.0,217.0,72.0,217.0,214.0,318.0,287.0,229.0,430.0,378.0,286.0,427.0,203.0,240.0
1229,Lithuania,Oilcrops,Domestic supply,57.0,48.0,46.0,41.0,68.0,75.0,170.0,150.0,216.0,222.0,216.0,255.0,239.0,266.0,251.0,125.0,264.0,317.0
1230,Lithuania,Oilcrops,Feed,35.0,23.0,17.0,7.0,25.0,21.0,111.0,84.0,134.0,136.0,135.0,95.0,31.0,49.0,31.0,18.0,38.0,74.0
1231,Lithuania,Oilcrops,Seed,10.0,11.0,13.0,17.0,19.0,25.0,29.0,27.0,32.0,42.0,41.0,43.0,43.0,36.0,32.0,25.0,26.0,31.0
1232,Lithuania,Oilcrops,Processing,9.0,9.0,12.0,11.0,19.0,23.0,23.0,34.0,43.0,39.0,35.0,111.0,159.0,176.0,171.0,183.0,187.0,194.0
1233,Lithuania,Stimulants,Production,0.0,0.0,0.0,0.0,0.0,0.0,0.0,0.0,0.0,0.0,0.0,0.0,0.0,0.0,0.0,0.0,0.0,0.0
1234,Lithuania,Fruits - Excluding Wine,Losses,4.0,7.0,6.0,7.0,5.0,7.0,6.0,5.0,3.0,3.0,1.0,1.0,1.0,1.0,7.0,9.0,9.0,11.0
1235,Lithuania,Spices,Losses,0.0,0.0,0.0,0.0,0.0,0.0,0.0,0.0,0.0,0.0,0.0,0.0,0.0,0.0,0.0,0.0,0.0,0.0
1236,Lithuania,"Fish, Seafood",Human Consumption,129.0,145.0,147.0,127.0,140.0,129.0,120.0,139.0,136.0,135.0,132.0,132.0,132.0,132.0,94.0,94.0,94.0,94.0
1237,Lithuania,Eggs,Production,42.0,45.0,48.0,49.0,53.0,53.0,57.0,59.0,58.0,53.0,51.0,48.0,47.0,48.0,49.0,48.0,49.0,48.0
1238,Lithuania,Eggs,Import,1.0,2.0,1.0,1.0,1.0,2.0,2.0,1.0,1.0,1.0,4.0,7.0,8.0,9.0,11.0,14.0,12.0,12.0
1239,Lithuania,Eggs,Stock Variation,0.0,-1.0,1.0,0.0,0.0,0.0,-1.0,1.0,0.0,0.0,0.0,-1.0,1.0,0.0,0.0,0.0,0.0,0.0
1240,Lithuania,Eggs,Export,0.0,1.0,3.0,6.0,9.0,14.0,17.0,19.0,15.0,12.0,11.0,11.0,13.0,13.0,14.0,19.0,15.0,11.0
1241,Lithuania,Eggs,Domestic supply,42.0,45.0,47.0,44.0,46.0,41.0,41.0,41.0,44.0,42.0,44.0,43.0,43.0,44.0,46.0,43.0,45.0,48.0
1242,Lithuania,Eggs,Feed,2.0,1.0,0.0,0.0,1.0,0.0,0.0,0.0,0.0,0.0,0.0,0.0,0.0,0.0,0.0,0.0,0.0,0.0
1243,Lithuania,Eggs,Seed,1.0,2.0,2.0,2.0,3.0,3.0,3.0,3.0,4.0,4.0,4.0,4.0,4.0,4.0,4.0,3.0,4.0,4.0
1244,Lithuania,Eggs,Losses,0.0,0.0,0.0,0.0,0.0,0.0,0.0,0.0,0.0,0.0,0.0,0.0,0.0,0.0,2.0,2.0,2.0,2.0
1245,Lithuania,Eggs,Other uses (non-food),2.0,0.0,0.0,0.0,0.0,0.0,0.0,0.0,0.0,0.0,0.0,0.0,0.0,0.0,0.0,0.0,0.0,0.0
1246,Lithuania,Eggs,Human Consumption,37.0,43.0,45.0,42.0,42.0,38.0,38.0,38.0,40.0,39.0,40.0,40.0,39.0,40.0,39.0,37.0,43.0,43.0
1247,Lithuania,Milk - Excluding Butter,Production,1725.0,1730.0,1771.0,1796.0,1849.0,1862.0,1891.0,1937.0,1955.0,1791.0,1737.0,1786.0,1778.0,1723.0,1795.0,1739.0,1628.0,1571.0
1248,Lithuania,Milk - Excluding Butter,Import,379.0,284.0,96.0,32.0,22.0,95.0,162.0,208.0,292.0,251.0,372.0,462.0,552.0,622.0,667.0,596.0,532.0,624.0
1249,Lithuania,Milk - Excluding Butter,Stock Variation,0.0,0.0,0.0,0.0,0.0,0.0,0.0,0.0,-136.0,136.0,-182.0,-155.0,218.0,118.0,121.0,145.0,79.0,40.0
1250,Lithuania,Milk - Excluding Butter,Export,786.0,739.0,551.0,586.0,661.0,644.0,741.0,800.0,832.0,1059.0,907.0,938.0,1223.0,1068.0,870.0,860.0,830.0,772.0
1251,Lithuania,Milk - Excluding Butter,Domestic supply,1318.0,1276.0,1316.0,1242.0,1209.0,1312.0,1312.0,1345.0,1278.0,1120.0,1019.0,1155.0,1325.0,1395.0,1471.0,1330.0,1251.0,1383.0
1252,Lithuania,Milk - Excluding Butter,Feed,606.0,522.0,582.0,518.0,423.0,415.0,315.0,408.0,309.0,150.0,138.0,300.0,418.0,483.0,414.0,360.0,294.0,375.0
1253,Lithuania,Milk - Excluding Butter,Losses,17.0,17.0,18.0,18.0,18.0,19.0,20.0,21.0,21.0,20.0,19.0,21.0,22.0,21.0,22.0,21.0,20.0,20.0
1254,Lithuania,Milk - Excluding Butter,Processing,0.0,0.0,0.0,0.0,0.0,0.0,0.0,0.0,0.0,0.0,0.0,0.0,0.0,0.0,0.0,0.0,0.0,0.0
1255,Lithuania,"Fish, Seafood",Other uses (non-food),0.0,0.0,0.0,0.0,0.0,0.0,0.0,30.0,35.0,40.0,30.0,30.0,30.0,30.0,0.0,0.0,0.0,0.0
1256,Lithuania,Milk - Excluding Butter,Human Consumption,695.0,736.0,716.0,706.0,768.0,878.0,977.0,916.0,948.0,951.0,861.0,834.0,885.0,891.0,1040.0,954.0,943.0,998.0
1257,Lithuania,"Fish, Seafood",Feed,19.0,112.0,34.0,35.0,58.0,37.0,53.0,22.0,40.0,18.0,8.0,8.0,8.0,8.0,27.0,27.0,27.0,27.0
1258,Lithuania,"Fish, Seafood",Export,53.0,118.0,119.0,174.0,130.0,161.0,147.0,161.0,135.0,162.0,155.0,155.0,155.0,155.0,171.0,171.0,171.0,171.0
1259,Lithuania,Cereals - Excluding Beer,Production,2657.0,2344.0,2539.0,2626.0,2859.0,2811.0,1858.0,3017.0,3422.0,3807.0,2796.0,3226.0,4657.0,4475.0,5152.0,6094.0,5151.0,5107.0
1260,Lithuania,Cereals - Excluding Beer,Import,189.0,137.0,276.0,314.0,219.0,188.0,266.0,292.0,425.0,191.0,278.0,395.0,471.0,412.0,491.0,336.0,323.0,397.0
1261,Lithuania,Cereals - Excluding Beer,Stock Variation,-187.0,428.0,-70.0,118.0,-341.0,528.0,321.0,-187.0,-123.0,226.0,500.0,-132.0,-569.0,278.0,36.0,889.0,-478.0,-262.0
1262,Lithuania,Cereals - Excluding Beer,Export,147.0,471.0,333.0,645.0,589.0,1172.0,867.0,887.0,1804.0,2020.0,1646.0,1401.0,2370.0,2854.0,3422.0,3563.0,3937.0,3910.0
1263,Lithuania,Cereals - Excluding Beer,Domestic supply,2512.0,2439.0,2413.0,2413.0,2149.0,2355.0,1578.0,2235.0,1919.0,2204.0,1928.0,2088.0,2188.0,2311.0,2185.0,1979.0,2015.0,1856.0
1264,Lithuania,Cereals - Excluding Beer,Seed,308.0,264.0,244.0,224.0,196.0,194.0,196.0,203.0,196.0,210.0,202.0,215.0,226.0,235.0,258.0,264.0,264.0,246.0
1265,Lithuania,Cereals - Excluding Beer,Losses,74.0,73.0,90.0,81.0,79.0,72.0,44.0,70.0,65.0,71.0,54.0,66.0,74.0,68.0,57.0,76.0,84.0,98.0
1266,Lithuania,Cereals - Excluding Beer,Processing,102.0,95.0,106.0,151.0,91.0,94.0,93.0,96.0,114.0,97.0,110.0,114.0,139.0,152.0,143.0,123.0,115.0,108.0
1267,Lithuania,Cereals - Excluding Beer,Other uses (non-food),32.0,25.0,10.0,14.0,16.0,26.0,29.0,64.0,63.0,86.0,128.0,163.0,179.0,188.0,258.0,180.0,202.0,216.0
1268,Lithuania,Cereals - Excluding Beer,Human Consumption,595.0,565.0,555.0,536.0,535.0,509.0,479.0,511.0,472.0,470.0,454.0,453.0,446.0,456.0,415.0,428.0,419.0,395.0
1269,Lithuania,"Aquatic Products, Other",Import,0.0,0.0,0.0,0.0,0.0,0.0,0.0,1.0,2.0,2.0,1.0,1.0,1.0,1.0,0.0,0.0,0.0,0.0
1270,Lithuania,"Aquatic Products, Other",Stock Variation,0.0,0.0,0.0,0.0,0.0,0.0,0.0,0.0,0.0,0.0,0.0,0.0,0.0,0.0,0.0,0.0,0.0,0.0
1271,Lithuania,"Aquatic Products, Other",Export,0.0,0.0,0.0,0.0,0.0,0.0,0.0,1.0,0.0,0.0,0.0,0.0,0.0,0.0,0.0,0.0,0.0,0.0
1272,Lithuania,"Aquatic Products, Other",Domestic supply,0.0,0.0,0.0,0.0,0.0,0.0,0.0,0.0,1.0,1.0,1.0,1.0,1.0,1.0,0.0,0.0,0.0,0.0
1273,Lithuania,"Aquatic Products, Other",Other uses (non-food),0.0,0.0,0.0,0.0,0.0,0.0,0.0,0.0,0.0,0.0,0.0,0.0,0.0,0.0,0.0,0.0,0.0,0.0
1274,Lithuania,"Aquatic Products, Other",Human Consumption,0.0,0.0,0.0,0.0,0.0,0.0,0.0,0.0,1.0,1.0,1.0,1.0,1.0,1.0,0.0,0.0,0.0,0.0
1275,Lithuania,"Fish, Seafood",Production,81.0,153.0,152.0,160.0,165.0,142.0,157.0,191.0,186.0,176.0,153.0,153.0,153.0,153.0,95.0,95.0,95.0,95.0
1276,Lithuania,"Fish, Seafood",Import,121.0,221.0,152.0,189.0,165.0,173.0,160.0,164.0,173.0,171.0,164.0,164.0,164.0,164.0,196.0,196.0,196.0,196.0
1277,Lithuania,"Fish, Seafood",Stock Variation,-1.0,2.0,-4.0,-12.0,-1.0,13.0,4.0,-3.0,-12.0,7.0,8.0,8.0,8.0,8.0,1.0,1.0,1.0,1.0
1278,Lithuania,"Fish, Seafood",Domestic supply,148.0,257.0,181.0,162.0,199.0,166.0,174.0,191.0,212.0,193.0,170.0,170.0,170.0,170.0,122.0,122.0,122.0,122.0
1279,Lithuania,Animal fats,Production,57.0,54.0,58.0,62.0,67.0,84.0,81.0,95.0,97.0,94.0,88.0,112.0,108.0,98.0,86.0,90.0,87.0,91.0
1280,Lithuania,Cereals - Excluding Beer,Feed,1402.0,1416.0,1408.0,1406.0,1232.0,1459.0,737.0,1292.0,1010.0,1269.0,980.0,1077.0,1126.0,1212.0,1056.0,908.0,938.0,810.0
1281,Lithuania,Animal fats,Stock Variation,3.0,0.0,0.0,0.0,0.0,-4.0,4.0,0.0,0.0,0.0,0.0,0.0,0.0,0.0,1.0,1.0,2.0,2.0
1282,Lithuania,Meat,Human Consumption,172.0,145.0,181.0,206.0,236.0,249.0,258.0,269.0,266.0,238.0,227.0,221.0,224.0,234.0,232.0,234.0,227.0,231.0
1283,Lithuania,Miscellaneous,Import,0.0,1.0,1.0,0.0,1.0,1.0,1.0,2.0,2.0,1.0,1.0,1.0,1.0,1.0,57.0,55.0,56.0,53.0
1284,Lithuania,Miscellaneous,Stock Variation,0.0,0.0,0.0,0.0,0.0,0.0,0.0,0.0,0.0,0.0,0.0,0.0,0.0,0.0,0.0,0.0,0.0,0.0
1285,Lithuania,Miscellaneous,Export,0.0,0.0,0.0,0.0,0.0,0.0,1.0,1.0,1.0,0.0,0.0,0.0,0.0,0.0,52.0,58.0,57.0,54.0
1286,Lithuania,Miscellaneous,Domestic supply,0.0,0.0,0.0,0.0,1.0,1.0,1.0,1.0,1.0,1.0,1.0,1.0,1.0,1.0,6.0,-3.0,-1.0,-1.0
1287,Lithuania,Miscellaneous,Human Consumption,0.0,0.0,0.0,0.0,1.0,1.0,1.0,1.0,1.0,1.0,1.0,1.0,1.0,1.0,6.0,1.0,1.0,1.0
1288,Lithuania,Spices,Human Consumption,2.0,2.0,1.0,1.0,2.0,2.0,1.0,1.0,2.0,2.0,2.0,3.0,3.0,3.0,3.0,3.0,3.0,3.0
1289,Lithuania,Alcoholic Beverages,Production,245.0,255.0,317.0,306.0,308.0,338.0,344.0,326.0,346.0,310.0,345.0,354.0,341.0,359.0,370.0,350.0,340.0,352.0
1290,Lithuania,Alcoholic Beverages,Import,27.0,33.0,38.0,45.0,54.0,72.0,94.0,107.0,123.0,118.0,172.0,223.0,249.0,273.0,253.0,207.0,193.0,208.0
1291,Lithuania,Alcoholic Beverages,Stock Variation,0.0,0.0,0.0,0.0,0.0,0.0,0.0,-4.0,-12.0,0.0,16.0,0.0,0.0,0.0,-23.0,-36.0,-18.0,-3.0
1292,Lithuania,Alcoholic Beverages,Export,2.0,2.0,15.0,8.0,16.0,29.0,42.0,48.0,59.0,63.0,131.0,148.0,182.0,224.0,213.0,164.0,173.0,210.0
1293,Lithuania,Alcoholic Beverages,Domestic supply,270.0,287.0,340.0,343.0,346.0,381.0,396.0,381.0,398.0,366.0,402.0,428.0,408.0,407.0,433.0,428.0,378.0,352.0
1294,Lithuania,Alcoholic Beverages,Other uses (non-food),8.0,6.0,16.0,12.0,8.0,7.0,10.0,11.0,10.0,11.0,11.0,16.0,12.0,11.0,16.0,24.0,16.0,14.0
1295,Lithuania,Alcoholic Beverages,Human Consumption,262.0,280.0,324.0,330.0,338.0,374.0,386.0,370.0,388.0,355.0,390.0,412.0,396.0,397.0,417.0,404.0,362.0,338.0
1296,Lithuania,Spices,Production,1.0,1.0,1.0,1.0,1.0,1.0,1.0,1.0,1.0,1.0,1.0,2.0,3.0,3.0,3.0,3.0,7.0,4.0
1297,Lithuania,Spices,Stock Variation,0.0,0.0,0.0,0.0,0.0,0.0,0.0,0.0,0.0,0.0,0.0,0.0,0.0,0.0,0.0,0.0,4.0,1.0
1298,Lithuania,Spices,Export,1.0,1.0,1.0,2.0,1.0,1.0,1.0,1.0,1.0,1.0,2.0,3.0,5.0,7.0,4.0,3.0,2.0,3.0
1299,Lithuania,Spices,Domestic supply,2.0,2.0,1.0,1.0,2.0,2.0,1.0,1.0,2.0,2.0,2.0,3.0,3.0,3.0,3.0,3.0,4.0,4.0
1300,Lithuania,Animal fats,Import,12.0,11.0,14.0,16.0,14.0,12.0,14.0,15.0,22.0,18.0,13.0,20.0,15.0,22.0,16.0,16.0,13.0,18.0
1301,Lithuania,Meat,Other uses (non-food),0.0,0.0,6.0,7.0,0.0,3.0,0.0,1.0,0.0,0.0,0.0,0.0,1.0,0.0,1.0,1.0,1.0,1.0
1302,Lithuania,Meat,Processing,0.0,0.0,0.0,0.0,0.0,0.0,1.0,1.0,1.0,1.0,1.0,1.0,1.0,1.0,1.0,1.0,2.0,2.0
1303,Lithuania,Spices,Import,1.0,2.0,1.0,1.0,1.0,2.0,2.0,2.0,2.0,3.0,4.0,4.0,5.0,7.0,4.0,4.0,3.0,3.0
1304,Lithuania,Meat,Domestic supply,174.0,147.0,190.0,215.0,251.0,273.0,265.0,275.0,271.0,242.0,231.0,226.0,230.0,238.0,239.0,241.0,235.0,240.0
1305,Lithuania,Meat,Losses,2.0,2.0,4.0,2.0,15.0,21.0,6.0,4.0,4.0,3.0,4.0,4.0,5.0,3.0,6.0,6.0,6.0,6.0
1306,Lithuania,Animal fats,Domestic supply,53.0,51.0,58.0,58.0,43.0,47.0,48.0,49.0,55.0,54.0,42.0,62.0,59.0,54.0,36.0,37.0,35.0,38.0
1307,Lithuania,Animal fats,Feed,0.0,1.0,0.0,0.0,0.0,0.0,0.0,0.0,0.0,0.0,0.0,0.0,0.0,0.0,0.0,0.0,0.0,0.0
1308,Lithuania,Animal fats,Processing,0.0,0.0,0.0,0.0,0.0,0.0,0.0,0.0,0.0,0.0,0.0,0.0,0.0,0.0,2.0,2.0,1.0,1.0
1309,Lithuania,Animal fats,Other uses (non-food),18.0,15.0,15.0,20.0,23.0,25.0,26.0,22.0,21.0,16.0,12.0,15.0,14.0,20.0,4.0,3.0,4.0,4.0
1310,Lithuania,Animal fats,Human Consumption,34.0,35.0,42.0,38.0,20.0,23.0,22.0,26.0,35.0,38.0,29.0,47.0,45.0,34.0,31.0,32.0,29.0,32.0
1311,Lithuania,Offals,Production,28.0,23.0,24.0,23.0,25.0,24.0,22.0,22.0,19.0,16.0,17.0,17.0,17.0,18.0,12.0,13.0,12.0,12.0
1312,Lithuania,Offals,Import,4.0,5.0,3.0,3.0,7.0,7.0,7.0,7.0,9.0,6.0,8.0,14.0,9.0,9.0,14.0,9.0,7.0,7.0
1313,Lithuania,Offals,Stock Variation,-4.0,4.0,-3.0,-4.0,4.0,3.0,-4.0,4.0,0.0,0.0,0.0,0.0,0.0,0.0,0.0,0.0,0.0,0.0
1314,Lithuania,Animal fats,Losses,0.0,0.0,0.0,0.0,0.0,0.0,0.0,0.0,0.0,0.0,0.0,0.0,0.0,0.0,0.0,0.0,0.0,0.0
1315,Lithuania,Offals,Domestic supply,28.0,30.0,23.0,22.0,35.0,33.0,21.0,26.0,20.0,18.0,18.0,15.0,14.0,13.0,10.0,12.0,9.0,10.0
1316,Lithuania,Meat,Export,24.0,6.0,20.0,20.0,20.0,44.0,52.0,69.0,63.0,64.0,74.0,87.0,97.0,104.0,103.0,116.0,107.0,117.0
1317,Lithuania,Offals,Export,0.0,0.0,0.0,0.0,0.0,1.0,4.0,7.0,7.0,4.0,8.0,16.0,12.0,14.0,17.0,10.0,10.0,9.0
1318,Lithuania,Meat,Stock Variation,-3.0,-14.0,0.0,0.0,-8.0,2.0,6.0,0.0,1.0,1.0,1.0,0.0,0.0,1.0,5.0,16.0,14.0,13.0
1319,Lithuania,Meat,Import,15.0,16.0,35.0,39.0,54.0,72.0,90.0,118.0,138.0,127.0,108.0,114.0,120.0,122.0,121.0,131.0,125.0,136.0
1320,Lithuania,Meat,Production,187.0,151.0,176.0,197.0,225.0,243.0,220.0,225.0,195.0,178.0,197.0,199.0,207.0,219.0,227.0,243.0,232.0,234.0
1321,Lithuania,Animal fats,Export,19.0,14.0,14.0,21.0,37.0,45.0,50.0,61.0,63.0,58.0,59.0,70.0,65.0,66.0,65.0,67.0,64.0,70.0
1322,Lithuania,Offals,Human Consumption,23.0,25.0,18.0,18.0,29.0,27.0,15.0,22.0,16.0,14.0,14.0,13.0,11.0,11.0,8.0,10.0,7.0,8.0
1323,Lithuania,Offals,Other uses (non-food),5.0,6.0,4.0,5.0,5.0,6.0,5.0,4.0,4.0,4.0,3.0,2.0,3.0,2.0,0.0,0.0,0.0,0.0
1324,Lithuania,Offals,Processing,0.0,0.0,0.0,0.0,0.0,0.0,0.0,0.0,0.0,0.0,0.0,0.0,0.0,0.0,1.0,1.0,1.0,1.0
1325,Lithuania,Offals,Losses,0.0,0.0,0.0,0.0,0.0,0.0,0.0,0.0,0.0,0.0,0.0,0.0,0.0,0.0,1.0,1.0,1.0,1.0
1326,Luxembourg,Pulses,Production,1.0,3.0,3.0,2.0,2.0,2.0,1.0,1.0,1.0,2.0,1.0,1.0,1.0,1.0,1.0,2.0,1.0,2.0
1327,Luxembourg,Vegetable Oils,Import,7.0,7.0,7.0,9.0,8.0,7.0,7.0,7.0,8.0,7.0,9.0,9.0,9.0,9.0,11.0,11.0,11.0,11.0
1328,Luxembourg,Vegetable Oils,Stock Variation,0.0,0.0,-1.0,-2.0,-3.0,-2.0,-1.0,0.0,-1.0,2.0,0.0,0.0,0.0,0.0,0.0,-1.0,-1.0,-1.0
1329,Luxembourg,Vegetable Oils,Export,0.0,0.0,0.0,0.0,0.0,0.0,0.0,1.0,1.0,1.0,1.0,1.0,1.0,1.0,1.0,2.0,1.0,2.0
1330,Luxembourg,Vegetable Oils,Domestic supply,9.0,10.0,10.0,11.0,12.0,10.0,10.0,10.0,11.0,10.0,9.0,10.0,9.0,10.0,10.0,10.0,11.0,11.0
1331,Luxembourg,Vegetable Oils,Feed,0.0,0.0,0.0,0.0,0.0,0.0,0.0,0.0,0.0,0.0,0.0,0.0,0.0,0.0,0.0,0.0,0.0,0.0
1332,Luxembourg,Vegetable Oils,Other uses (non-food),3.0,3.0,3.0,4.0,5.0,3.0,4.0,4.0,5.0,3.0,3.0,4.0,3.0,4.0,4.0,4.0,4.0,4.0
1333,Luxembourg,Vegetable Oils,Human Consumption,7.0,7.0,7.0,7.0,7.0,7.0,6.0,6.0,7.0,7.0,6.0,6.0,6.0,6.0,6.0,6.0,7.0,7.0
1334,Luxembourg,Sugar & Sweeteners,Import,24.0,27.0,21.0,29.0,29.0,25.0,23.0,22.0,23.0,24.0,27.0,26.0,29.0,37.0,123.0,120.0,104.0,117.0
1335,Luxembourg,Pulses,Import,0.0,1.0,0.0,0.0,0.0,0.0,0.0,0.0,0.0,0.0,1.0,1.0,2.0,1.0,1.0,1.0,1.0,1.0
1336,Luxembourg,Sugar & Sweeteners,Stock Variation,-2.0,-7.0,0.0,-5.0,-6.0,0.0,3.0,3.0,3.0,4.0,0.0,0.0,0.0,-6.0,6.0,-7.0,-8.0,-11.0
1337,Luxembourg,Sugar & Sweeteners,Export,2.0,1.0,1.0,5.0,3.0,2.0,2.0,1.0,1.0,1.0,1.0,2.0,2.0,3.0,26.0,34.0,18.0,33.0
1338,Luxembourg,Sugar & Sweeteners,Losses,0.0,0.0,0.0,0.0,0.0,0.0,0.0,0.0,0.0,0.0,0.0,0.0,0.0,0.0,0.0,0.0,0.0,0.0
1339,Luxembourg,Sugar & Sweeteners,Other uses (non-food),0.0,0.0,0.0,0.0,0.0,0.0,0.0,0.0,0.0,0.0,0.0,0.0,0.0,0.0,0.0,0.0,0.0,0.0
1340,Luxembourg,Sugar & Sweeteners,Human Consumption,20.0,20.0,20.0,20.0,20.0,23.0,24.0,25.0,25.0,26.0,25.0,24.0,27.0,27.0,91.0,93.0,94.0,95.0
1341,Luxembourg,Vegetable Oils,Production,3.0,3.0,4.0,4.0,8.0,5.0,4.0,4.0,5.0,2.0,2.0,1.0,1.0,1.0,1.0,0.0,0.0,1.0
1342,Luxembourg,Sugar & Sweeteners,Production,0.0,0.0,0.0,0.0,0.0,0.0,0.0,0.0,0.0,0.0,0.0,0.0,0.0,0.0,0.0,0.0,0.0,0.0
1343,Luxembourg,Sugar & Sweeteners,Domestic supply,20.0,20.0,20.0,20.0,20.0,23.0,24.0,25.0,25.0,26.0,26.0,24.0,27.0,27.0,91.0,93.0,94.0,95.0
1344,Luxembourg,Fruits - Excluding Wine,Human Consumption,95.0,94.0,106.0,107.0,94.0,87.0,92.0,89.0,100.0,88.0,90.0,104.0,106.0,106.0,51.0,50.0,52.0,53.0
1345,Luxembourg,Vegetables,Processing,0.0,0.0,0.0,0.0,0.0,0.0,0.0,0.0,0.0,0.0,0.0,0.0,0.0,0.0,0.0,0.0,0.0,0.0
1346,Luxembourg,Stimulants,Other uses (non-food),0.0,0.0,0.0,0.0,0.0,0.0,0.0,0.0,0.0,0.0,0.0,0.0,0.0,0.0,0.0,0.0,0.0,0.0
1347,Luxembourg,Pulses,Stock Variation,0.0,0.0,0.0,0.0,0.0,0.0,0.0,0.0,0.0,0.0,0.0,0.0,0.0,0.0,0.0,0.0,0.0,0.0
1348,Luxembourg,Stimulants,Human Consumption,6.0,7.0,9.0,9.0,9.0,10.0,10.0,11.0,11.0,14.0,17.0,17.0,17.0,16.0,14.0,15.0,15.0,15.0
1349,Luxembourg,Fruits - Excluding Wine,Production,34.0,24.0,35.0,23.0,35.0,24.0,28.0,23.0,29.0,21.0,18.0,20.0,13.0,16.0,20.0,18.0,13.0,12.0
1350,Luxembourg,Fruits - Excluding Wine,Import,97.0,97.0,104.0,109.0,93.0,87.0,93.0,90.0,102.0,92.0,98.0,115.0,122.0,123.0,55.0,56.0,60.0,59.0
1351,Luxembourg,Fruits - Excluding Wine,Stock Variation,-3.0,3.0,-4.0,3.0,-3.0,3.0,-4.0,2.0,-3.0,2.0,0.0,2.0,0.0,0.0,-1.0,0.0,0.0,-1.0
1352,Luxembourg,Fruits - Excluding Wine,Export,8.0,7.0,4.0,6.0,6.0,5.0,4.0,4.0,5.0,4.0,7.0,10.0,15.0,15.0,5.0,5.0,6.0,5.0
1353,Luxembourg,Fruits - Excluding Wine,Domestic supply,119.0,117.0,132.0,129.0,119.0,110.0,114.0,111.0,123.0,111.0,109.0,126.0,121.0,123.0,71.0,68.0,67.0,66.0
1354,Luxembourg,Fruits - Excluding Wine,Feed,2.0,1.0,2.0,1.0,1.0,1.0,1.0,1.0,1.0,1.0,1.0,1.0,1.0,0.0,1.0,0.0,0.0,0.0
1355,Luxembourg,Fruits - Excluding Wine,Processing,19.0,19.0,21.0,17.0,21.0,19.0,17.0,17.0,18.0,18.0,15.0,18.0,12.0,14.0,17.0,15.0,11.0,11.0
1356,Luxembourg,Vegetables,Production,1.0,1.0,1.0,1.0,1.0,1.0,1.0,1.0,1.0,1.0,1.0,1.0,1.0,2.0,3.0,2.0,2.0,2.0
1357,Luxembourg,Vegetables,Import,38.0,42.0,40.0,43.0,40.0,43.0,46.0,45.0,47.0,43.0,61.0,62.0,61.0,61.0,53.0,56.0,62.0,61.0
1358,Luxembourg,Vegetables,Stock Variation,0.0,0.0,0.0,0.0,0.0,0.0,0.0,0.0,0.0,0.0,0.0,0.0,0.0,0.0,-2.0,1.0,1.0,1.0
1359,Luxembourg,Vegetables,Export,2.0,3.0,2.0,2.0,3.0,3.0,4.0,3.0,3.0,4.0,4.0,5.0,5.0,5.0,4.0,5.0,5.0,4.0
1360,Luxembourg,Vegetables,Domestic supply,37.0,40.0,39.0,42.0,39.0,41.0,43.0,42.0,44.0,40.0,57.0,58.0,58.0,58.0,53.0,52.0,58.0,57.0
1361,Luxembourg,Vegetables,Feed,0.0,0.0,0.0,0.0,0.0,0.0,0.0,0.0,0.0,0.0,0.0,0.0,0.0,0.0,0.0,0.0,0.0,0.0
1362,Luxembourg,Vegetables,Losses,1.0,1.0,1.0,1.0,1.0,1.0,1.0,1.0,1.0,1.0,1.0,1.0,1.0,1.0,1.0,1.0,1.0,1.0
1363,Luxembourg,Vegetables,Human Consumption,36.0,39.0,38.0,41.0,38.0,40.0,42.0,41.0,43.0,39.0,56.0,56.0,56.0,57.0,52.0,52.0,57.0,57.0
1364,Luxembourg,Pulses,Export,0.0,0.0,0.0,0.0,0.0,0.0,0.0,0.0,0.0,0.0,1.0,1.0,1.0,1.0,1.0,1.0,1.0,0.0
1365,Luxembourg,Oilcrops,Other uses (non-food),0.0,0.0,0.0,0.0,0.0,0.0,0.0,0.0,0.0,0.0,0.0,0.0,0.0,0.0,0.0,0.0,0.0,0.0
1366,Luxembourg,Pulses,Feed,1.0,3.0,2.0,2.0,1.0,1.0,1.0,1.0,1.0,1.0,0.0,0.0,1.0,0.0,1.0,1.0,1.0,1.0
1367,Luxembourg,Starchy Roots,Production,23.0,23.0,20.0,18.0,22.0,19.0,16.0,20.0,22.0,20.0,20.0,20.0,21.0,18.0,19.0,13.0,19.0,21.0
1368,Luxembourg,Starchy Roots,Import,12.0,17.0,15.0,14.0,16.0,12.0,15.0,14.0,13.0,13.0,22.0,23.0,21.0,21.0,17.0,17.0,19.0,18.0
1369,Luxembourg,Starchy Roots,Stock Variation,0.0,-2.0,0.0,0.0,-4.0,-1.0,0.0,0.0,0.0,5.0,1.0,0.0,-1.0,1.0,-2.0,0.0,0.0,0.0
1370,Luxembourg,Starchy Roots,Export,10.0,7.0,11.0,7.0,5.0,6.0,5.0,3.0,6.0,6.0,5.0,5.0,3.0,4.0,10.0,6.0,7.0,9.0
1371,Luxembourg,Starchy Roots,Domestic supply,26.0,30.0,24.0,25.0,29.0,24.0,26.0,31.0,28.0,32.0,37.0,38.0,38.0,36.0,28.0,24.0,30.0,31.0
1372,Luxembourg,Starchy Roots,Feed,1.0,1.0,1.0,1.0,1.0,1.0,1.0,1.0,1.0,1.0,1.0,1.0,1.0,1.0,1.0,1.0,1.0,1.0
1373,Luxembourg,Starchy Roots,Seed,2.0,2.0,2.0,2.0,2.0,2.0,2.0,2.0,3.0,3.0,2.0,3.0,2.0,3.0,2.0,2.0,2.0,2.0
1374,Luxembourg,Starchy Roots,Losses,1.0,2.0,2.0,2.0,3.0,2.0,1.0,2.0,2.0,2.0,2.0,2.0,2.0,2.0,2.0,1.0,2.0,2.0
1375,Luxembourg,Starchy Roots,Other uses (non-food),0.0,0.0,1.0,1.0,1.0,1.0,0.0,1.0,1.0,1.0,0.0,0.0,0.0,0.0,0.0,0.0,0.0,0.0
1376,Luxembourg,Starchy Roots,Human Consumption,22.0,25.0,19.0,20.0,22.0,19.0,22.0,25.0,22.0,26.0,31.0,32.0,32.0,30.0,22.0,20.0,26.0,26.0
1377,Luxembourg,Sugar Crops,Import,0.0,0.0,0.0,0.0,0.0,0.0,0.0,0.0,0.0,0.0,0.0,0.0,0.0,0.0,0.0,0.0,0.0,0.0
1378,Luxembourg,Sugar Crops,Stock Variation,0.0,0.0,0.0,0.0,0.0,0.0,0.0,0.0,0.0,0.0,0.0,0.0,0.0,0.0,0.0,0.0,0.0,0.0
1379,Luxembourg,Sugar Crops,Export,0.0,0.0,0.0,0.0,0.0,0.0,0.0,0.0,0.0,0.0,0.0,0.0,0.0,0.0,0.0,0.0,0.0,0.0
1380,Luxembourg,Sugar Crops,Domestic supply,0.0,0.0,0.0,0.0,0.0,0.0,0.0,0.0,0.0,0.0,0.0,0.0,0.0,0.0,0.0,0.0,0.0,0.0
1381,Luxembourg,Sugar Crops,Other uses (non-food),0.0,0.0,0.0,0.0,0.0,0.0,0.0,0.0,0.0,0.0,0.0,0.0,0.0,0.0,0.0,0.0,0.0,0.0
1382,Luxembourg,Sugar Crops,Human Consumption,0.0,0.0,0.0,0.0,0.0,0.0,0.0,0.0,0.0,0.0,0.0,0.0,0.0,0.0,0.0,0.0,0.0,0.0
1383,Luxembourg,Stimulants,Domestic supply,6.0,7.0,9.0,9.0,9.0,10.0,10.0,11.0,11.0,14.0,17.0,18.0,17.0,16.0,14.0,15.0,15.0,15.0
1384,Luxembourg,Oilcrops,Human Consumption,1.0,1.0,1.0,1.0,1.0,1.0,1.0,1.0,1.0,1.0,1.0,1.0,1.0,2.0,2.0,2.0,2.0,2.0
1385,Luxembourg,Pulses,Domestic supply,2.0,3.0,3.0,3.0,2.0,2.0,2.0,1.0,1.0,2.0,1.0,1.0,1.0,1.0,1.0,2.0,2.0,2.0
1386,Luxembourg,Oilcrops,Processing,8.0,10.0,11.0,12.0,21.0,13.0,11.0,10.0,13.0,5.0,4.0,4.0,3.0,3.0,2.0,1.0,1.0,3.0
1387,Luxembourg,Oilcrops,Seed,0.0,0.0,0.0,0.0,0.0,0.0,0.0,0.0,0.0,0.0,0.0,0.0,0.0,0.0,0.0,0.0,0.0,0.0
1388,Luxembourg,Pulses,Seed,0.0,0.0,0.0,0.0,0.0,0.0,0.0,0.0,0.0,0.0,0.0,0.0,0.0,0.0,0.0,0.0,0.0,0.0
1389,Luxembourg,Pulses,Losses,0.0,0.0,0.0,0.0,0.0,0.0,0.0,0.0,0.0,0.0,0.0,0.0,0.0,0.0,0.0,0.0,0.0,0.0
1390,Luxembourg,Pulses,Other uses (non-food),0.0,0.0,0.0,0.0,0.0,0.0,0.0,0.0,0.0,0.0,0.0,0.0,0.0,0.0,0.0,0.0,0.0,0.0
1391,Luxembourg,Pulses,Human Consumption,0.0,0.0,1.0,1.0,1.0,1.0,1.0,0.0,0.0,1.0,0.0,0.0,0.0,1.0,0.0,0.0,1.0,0.0
1392,Luxembourg,Treenuts,Production,0.0,0.0,0.0,0.0,0.0,0.0,0.0,0.0,0.0,0.0,0.0,0.0,0.0,0.0,0.0,0.0,0.0,0.0
1393,Luxembourg,Treenuts,Import,14.0,12.0,18.0,15.0,20.0,26.0,23.0,21.0,19.0,20.0,42.0,28.0,22.0,24.0,22.0,28.0,15.0,15.0
1394,Luxembourg,Treenuts,Stock Variation,1.0,0.0,-2.0,10.0,0.0,0.0,2.0,-2.0,0.0,3.0,-7.0,-1.0,-5.0,-4.0,-2.0,4.0,-3.0,-3.0
1395,Luxembourg,Treenuts,Export,14.0,11.0,14.0,24.0,20.0,25.0,23.0,18.0,18.0,22.0,34.0,26.0,24.0,26.0,22.0,22.0,17.0,17.0
1396,Luxembourg,Treenuts,Domestic supply,1.0,1.0,1.0,1.0,0.0,1.0,1.0,1.0,1.0,1.0,2.0,1.0,-6.0,-6.0,1.0,1.0,1.0,1.0
1397,Luxembourg,Treenuts,Losses,0.0,0.0,1.0,0.0,1.0,1.0,1.0,1.0,1.0,1.0,1.0,1.0,0.0,1.0,1.0,1.0,0.0,1.0
1398,Luxembourg,Treenuts,Human Consumption,0.0,1.0,0.0,0.0,0.0,0.0,0.0,0.0,0.0,0.0,0.0,0.0,0.0,0.0,0.0,0.0,0.0,0.0
1399,Luxembourg,Oilcrops,Production,8.0,9.0,13.0,13.0,17.0,15.0,16.0,18.0,16.0,18.0,16.0,16.0,15.0,15.0,16.0,14.0,11.0,11.0
1400,Luxembourg,Oilcrops,Import,10.0,11.0,9.0,12.0,16.0,15.0,9.0,6.0,9.0,8.0,10.0,10.0,11.0,13.0,18.0,16.0,20.0,21.0
1401,Luxembourg,Oilcrops,Stock Variation,-1.0,0.0,-1.0,1.0,-1.0,-1.0,0.0,0.0,-1.0,0.0,1.0,1.0,0.0,-1.0,1.0,0.0,0.0,0.0
1402,Luxembourg,Oilcrops,Export,6.0,8.0,10.0,10.0,7.0,11.0,13.0,14.0,11.0,20.0,19.0,20.0,20.0,20.0,27.0,29.0,33.0,26.0
1403,Luxembourg,Oilcrops,Domestic supply,11.0,12.0,10.0,16.0,24.0,18.0,12.0,10.0,13.0,6.0,8.0,7.0,7.0,8.0,6.0,2.0,-3.0,6.0
1404,Luxembourg,Oilcrops,Feed,1.0,2.0,2.0,3.0,3.0,3.0,2.0,1.0,1.0,2.0,2.0,1.0,1.0,1.0,0.0,0.0,0.0,1.0
1405,Luxembourg,Oilcrops,Losses,1.0,1.0,1.0,0.0,1.0,1.0,1.0,1.0,1.0,1.0,0.0,0.0,2.0,2.0,1.0,1.0,1.0,1.0
1406,Luxembourg,Stimulants,Export,4.0,3.0,3.0,4.0,4.0,5.0,6.0,5.0,5.0,4.0,8.0,9.0,9.0,9.0,10.0,10.0,11.0,11.0
1407,Luxembourg,Fruits - Excluding Wine,Losses,4.0,3.0,4.0,3.0,4.0,3.0,3.0,3.0,3.0,3.0,3.0,3.0,3.0,3.0,3.0,3.0,2.0,2.0
1408,Luxembourg,Stimulants,Import,10.0,11.0,13.0,13.0,15.0,18.0,15.0,15.0,16.0,15.0,26.0,26.0,26.0,25.0,27.0,24.0,26.0,25.0
1409,Luxembourg,"Fish, Seafood",Other uses (non-food),0.0,0.0,0.0,0.0,0.0,0.0,0.0,0.0,0.0,0.0,0.0,0.0,0.0,0.0,0.0,0.0,0.0,0.0
1410,Luxembourg,"Fish, Seafood",Human Consumption,11.0,12.0,12.0,13.0,12.0,11.0,13.0,13.0,13.0,13.0,15.0,16.0,19.0,18.0,19.0,20.0,20.0,19.0
1411,Luxembourg,Eggs,Production,1.0,1.0,1.0,1.0,1.0,1.0,1.0,1.0,1.0,1.0,1.0,2.0,2.0,2.0,2.0,2.0,2.0,2.0
1412,Luxembourg,Eggs,Import,4.0,4.0,4.0,3.0,3.0,3.0,2.0,4.0,4.0,4.0,4.0,4.0,7.0,7.0,7.0,7.0,8.0,8.0
1413,Luxembourg,Eggs,Stock Variation,0.0,0.0,0.0,0.0,0.0,0.0,0.0,0.0,0.0,0.0,0.0,0.0,0.0,0.0,0.0,0.0,0.0,0.0
1414,Luxembourg,Eggs,Export,0.0,0.0,0.0,0.0,0.0,0.0,0.0,0.0,0.0,0.0,0.0,1.0,1.0,1.0,0.0,0.0,0.0,0.0
1415,Luxembourg,Eggs,Domestic supply,4.0,5.0,5.0,4.0,4.0,4.0,3.0,5.0,5.0,5.0,5.0,5.0,8.0,8.0,8.0,8.0,9.0,9.0
1416,Luxembourg,Eggs,Seed,0.0,0.0,0.0,0.0,0.0,0.0,0.0,0.0,0.0,0.0,0.0,0.0,0.0,0.0,0.0,0.0,0.0,0.0
1417,Luxembourg,Eggs,Losses,0.0,0.0,0.0,0.0,0.0,0.0,0.0,0.0,0.0,0.0,0.0,0.0,0.0,0.0,0.0,0.0,0.0,0.0
1418,Luxembourg,Eggs,Other uses (non-food),0.0,0.0,0.0,0.0,0.0,0.0,0.0,0.0,0.0,0.0,0.0,0.0,0.0,0.0,0.0,0.0,0.0,0.0
1419,Luxembourg,Eggs,Human Consumption,4.0,5.0,5.0,4.0,4.0,4.0,3.0,5.0,5.0,5.0,5.0,5.0,8.0,8.0,8.0,8.0,9.0,9.0
1420,Luxembourg,Milk - Excluding Butter,Production,265.0,270.0,271.0,267.0,269.0,270.0,269.0,275.0,279.0,285.0,297.0,295.0,293.0,299.0,320.0,349.0,379.0,390.0
1421,Luxembourg,Milk - Excluding Butter,Import,88.0,148.0,159.0,167.0,166.0,171.0,194.0,203.0,263.0,236.0,399.0,389.0,416.0,426.0,118.0,157.0,116.0,96.0
1422,Luxembourg,Milk - Excluding Butter,Stock Variation,-17.0,17.0,-17.0,-18.0,-11.0,8.0,15.0,28.0,-6.0,24.0,-21.0,-3.0,0.0,0.0,1.0,9.0,15.0,9.0
1423,Luxembourg,Milk - Excluding Butter,Export,210.0,280.0,266.0,259.0,251.0,253.0,273.0,360.0,399.0,355.0,535.0,522.0,547.0,566.0,329.0,381.0,372.0,378.0
1424,Luxembourg,Milk - Excluding Butter,Domestic supply,126.0,155.0,147.0,156.0,173.0,196.0,206.0,146.0,137.0,190.0,139.0,159.0,162.0,158.0,109.0,116.0,108.0,100.0
1425,Luxembourg,Milk - Excluding Butter,Feed,19.0,20.0,20.0,20.0,20.0,20.0,19.0,21.0,21.0,21.0,22.0,21.0,21.0,21.0,28.0,30.0,23.0,19.0
1426,Luxembourg,"Fish, Seafood",Feed,0.0,0.0,0.0,0.0,0.0,0.0,0.0,0.0,0.0,0.0,0.0,0.0,0.0,0.0,0.0,0.0,0.0,0.0
1427,Luxembourg,Milk - Excluding Butter,Processing,0.0,0.0,0.0,0.0,0.0,0.0,0.0,0.0,0.0,0.0,0.0,0.0,0.0,0.0,0.0,0.0,0.0,0.0
1428,Luxembourg,"Fish, Seafood",Domestic supply,11.0,12.0,12.0,13.0,12.0,11.0,13.0,13.0,13.0,13.0,15.0,16.0,19.0,18.0,19.0,20.0,20.0,19.0
1429,Luxembourg,"Fish, Seafood",Stock Variation,-1.0,-1.0,1.0,0.0,0.0,0.0,0.0,0.0,0.0,0.0,0.0,0.0,0.0,0.0,0.0,0.0,0.0,0.0
1430,Luxembourg,Stimulants,Stock Variation,0.0,-1.0,0.0,0.0,-1.0,-4.0,1.0,0.0,0.0,3.0,-1.0,0.0,0.0,0.0,2.0,0.0,0.0,-1.0
1431,Luxembourg,Cereals - Excluding Beer,Production,153.0,144.0,169.0,164.0,179.0,161.0,161.0,148.0,191.0,189.0,166.0,150.0,153.0,173.0,169.0,177.0,139.0,149.0
1432,Luxembourg,Cereals - Excluding Beer,Import,86.0,90.0,77.0,101.0,111.0,94.0,89.0,110.0,129.0,128.0,142.0,158.0,196.0,200.0,195.0,194.0,198.0,206.0
1433,Luxembourg,Cereals - Excluding Beer,Stock Variation,-14.0,-8.0,-19.0,-21.0,-35.0,-2.0,33.0,4.0,-27.0,-35.0,11.0,-5.0,-3.0,-30.0,22.0,16.0,-24.0,-8.0
1434,Luxembourg,Cereals - Excluding Beer,Export,68.0,95.0,59.0,83.0,83.0,94.0,127.0,100.0,96.0,90.0,134.0,124.0,153.0,137.0,147.0,172.0,186.0,173.0
1435,Luxembourg,Cereals - Excluding Beer,Domestic supply,157.0,132.0,169.0,161.0,172.0,160.0,157.0,162.0,197.0,193.0,186.0,179.0,193.0,206.0,194.0,183.0,176.0,190.0
1436,Luxembourg,Cereals - Excluding Beer,Feed,100.0,76.0,110.0,103.0,114.0,97.0,89.0,88.0,120.0,104.0,98.0,90.0,110.0,123.0,109.0,102.0,96.0,109.0
1437,Luxembourg,Cereals - Excluding Beer,Seed,2.0,2.0,2.0,2.0,2.0,2.0,3.0,8.0,7.0,6.0,6.0,5.0,6.0,6.0,6.0,6.0,4.0,5.0
1438,Luxembourg,Cereals - Excluding Beer,Losses,1.0,1.0,1.0,1.0,1.0,1.0,2.0,1.0,2.0,2.0,2.0,2.0,2.0,2.0,7.0,7.0,6.0,6.0
1439,Luxembourg,Cereals - Excluding Beer,Processing,10.0,9.0,10.0,9.0,10.0,10.0,10.0,9.0,8.0,8.0,8.0,8.0,8.0,7.0,7.0,7.0,8.0,6.0
1440,Luxembourg,Cereals - Excluding Beer,Other uses (non-food),0.0,1.0,1.0,2.0,2.0,2.0,2.0,2.0,2.0,10.0,9.0,11.0,4.0,4.0,7.0,6.0,6.0,4.0
1441,Luxembourg,Cereals - Excluding Beer,Human Consumption,43.0,43.0,44.0,43.0,43.0,48.0,52.0,55.0,58.0,62.0,63.0,63.0,65.0,65.0,58.0,55.0,58.0,60.0
1442,Luxembourg,"Aquatic Products, Other",Import,0.0,0.0,0.0,0.0,0.0,0.0,0.0,0.0,0.0,0.0,0.0,0.0,0.0,0.0,0.0,0.0,0.0,0.0
1443,Luxembourg,"Aquatic Products, Other",Export,0.0,0.0,0.0,0.0,0.0,0.0,0.0,0.0,0.0,0.0,0.0,0.0,0.0,0.0,0.0,0.0,0.0,0.0
1444,Luxembourg,"Aquatic Products, Other",Other uses (non-food),0.0,0.0,0.0,0.0,0.0,0.0,0.0,0.0,0.0,0.0,0.0,0.0,0.0,0.0,0.0,0.0,0.0,0.0
1445,Luxembourg,"Aquatic Products, Other",Human Consumption,0.0,0.0,0.0,0.0,0.0,0.0,0.0,0.0,0.0,0.0,0.0,0.0,0.0,0.0,0.0,0.0,0.0,0.0
1446,Luxembourg,"Fish, Seafood",Import,22.0,21.0,19.0,19.0,17.0,15.0,14.0,15.0,15.0,16.0,18.0,19.0,21.0,20.0,21.0,22.0,22.0,21.0
1447,Luxembourg,"Fish, Seafood",Export,10.0,8.0,8.0,6.0,5.0,3.0,2.0,1.0,2.0,3.0,4.0,3.0,2.0,2.0,2.0,2.0,2.0,2.0
1448,Luxembourg,Milk - Excluding Butter,Other uses (non-food),0.0,10.0,0.0,13.0,25.0,38.0,54.0,0.0,0.0,49.0,0.0,0.0,0.0,2.0,0.0,0.0,0.0,0.0
1449,Luxembourg,"Aquatic Products, Other",Domestic supply,0.0,0.0,0.0,0.0,0.0,0.0,0.0,0.0,0.0,0.0,0.0,0.0,0.0,0.0,0.0,0.0,0.0,0.0
1450,Luxembourg,Animal fats,Production,6.0,6.0,5.0,5.0,5.0,5.0,4.0,4.0,4.0,4.0,6.0,8.0,8.0,6.0,8.0,9.0,8.0,8.0
1451,Luxembourg,Miscellaneous,Stock Variation,0.0,0.0,0.0,0.0,0.0,0.0,0.0,0.0,0.0,0.0,0.0,0.0,0.0,0.0,3.0,-1.0,-1.0,-1.0
1452,Luxembourg,Miscellaneous,Export,0.0,0.0,0.0,0.0,0.0,0.0,0.0,0.0,0.0,0.0,0.0,0.0,0.0,0.0,13.0,16.0,16.0,16.0
1453,Luxembourg,Miscellaneous,Domestic supply,0.0,0.0,0.0,0.0,0.0,0.0,0.0,0.0,0.0,0.0,1.0,1.0,1.0,1.0,3.0,3.0,4.0,5.0
1454,Luxembourg,Miscellaneous,Human Consumption,0.0,0.0,0.0,0.0,0.0,0.0,0.0,0.0,0.0,0.0,1.0,1.0,1.0,1.0,3.0,3.0,4.0,5.0
1455,Luxembourg,Alcoholic Beverages,Production,57.0,53.0,54.0,51.0,54.0,51.0,46.0,46.0,44.0,44.0,41.0,43.0,38.0,38.0,40.0,39.0,37.0,37.0
1456,Luxembourg,Alcoholic Beverages,Import,42.0,41.0,45.0,52.0,56.0,53.0,54.0,63.0,63.0,64.0,51.0,53.0,59.0,60.0,92.0,106.0,104.0,123.0
1457,Luxembourg,Alcoholic Beverages,Stock Variation,5.0,-2.0,-1.0,-2.0,-10.0,-6.0,2.0,3.0,0.0,-7.0,6.0,1.0,1.0,0.0,20.0,12.0,17.0,28.0
1458,Luxembourg,Alcoholic Beverages,Export,17.0,13.0,16.0,15.0,16.0,15.0,17.0,25.0,22.0,14.0,14.0,12.0,17.0,17.0,33.0,54.0,43.0,36.0
1459,Luxembourg,Alcoholic Beverages,Other uses (non-food),1.0,1.0,1.0,1.0,2.0,1.0,1.0,1.0,1.0,1.0,1.0,1.0,1.0,1.0,1.0,1.0,2.0,2.0
1460,Luxembourg,Alcoholic Beverages,Human Consumption,87.0,78.0,80.0,85.0,83.0,81.0,84.0,86.0,84.0,86.0,83.0,84.0,80.0,80.0,76.0,78.0,80.0,95.0
1461,Luxembourg,Spices,Import,0.0,0.0,0.0,0.0,0.0,0.0,0.0,0.0,0.0,0.0,1.0,1.0,1.0,1.0,1.0,1.0,1.0,1.0
1462,Luxembourg,Spices,Stock Variation,0.0,0.0,0.0,0.0,0.0,0.0,0.0,0.0,0.0,0.0,0.0,0.0,0.0,0.0,0.0,0.0,0.0,0.0
1463,Luxembourg,Spices,Export,0.0,0.0,0.0,0.0,0.0,0.0,0.0,0.0,0.0,1.0,0.0,0.0,0.0,0.0,0.0,0.0,0.0,0.0
1464,Luxembourg,Spices,Domestic supply,0.0,0.0,0.0,0.0,0.0,0.0,0.0,0.0,0.0,0.0,0.0,1.0,1.0,1.0,1.0,1.0,1.0,1.0
1465,Luxembourg,Spices,Human Consumption,0.0,0.0,0.0,0.0,0.0,0.0,0.0,0.0,0.0,0.0,0.0,1.0,1.0,1.0,1.0,1.0,1.0,1.0
1466,Luxembourg,Milk - Excluding Butter,Human Consumption,107.0,125.0,127.0,123.0,128.0,138.0,133.0,126.0,116.0,120.0,117.0,138.0,141.0,135.0,81.0,86.0,85.0,88.0
1467,Luxembourg,Stimulants,Production,0.0,0.0,0.0,0.0,0.0,0.0,0.0,0.0,0.0,0.0,0.0,0.0,0.0,0.0,0.0,0.0,0.0,0.0
1468,Luxembourg,Miscellaneous,Import,0.0,0.0,0.0,0.0,0.0,0.0,0.0,0.0,0.0,0.0,1.0,1.0,1.0,1.0,20.0,18.0,19.0,19.0
1469,Luxembourg,Meat,Human Consumption,43.0,47.0,43.0,46.0,47.0,48.0,48.0,48.0,51.0,49.0,50.0,51.0,51.0,52.0,47.0,46.0,47.0,47.0
1470,Luxembourg,Alcoholic Beverages,Domestic supply,87.0,79.0,82.0,86.0,84.0,83.0,85.0,87.0,85.0,87.0,84.0,85.0,81.0,81.0,78.0,79.0,81.0,97.0
1471,Luxembourg,Meat,Export,8.0,11.0,11.0,8.0,8.0,7.0,8.0,7.0,8.0,8.0,9.0,12.0,11.0,9.0,10.0,10.0,12.0,9.0
1472,Luxembourg,Animal fats,Import,5.0,6.0,6.0,5.0,6.0,6.0,5.0,5.0,6.0,6.0,9.0,9.0,11.0,8.0,9.0,13.0,11.0,17.0
1473,Luxembourg,Animal fats,Stock Variation,-1.0,0.0,0.0,0.0,0.0,0.0,0.0,0.0,0.0,0.0,0.0,0.0,0.0,0.0,0.0,0.0,0.0,0.0
1474,Luxembourg,Meat,Domestic supply,43.0,47.0,43.0,46.0,47.0,48.0,48.0,48.0,51.0,49.0,50.0,51.0,51.0,52.0,47.0,46.0,47.0,47.0
1475,Luxembourg,Animal fats,Export,6.0,8.0,8.0,8.0,7.0,6.0,6.0,5.0,5.0,5.0,10.0,12.0,12.0,8.0,12.0,14.0,11.0,10.0
1476,Luxembourg,Animal fats,Domestic supply,4.0,3.0,3.0,2.0,4.0,4.0,4.0,4.0,5.0,5.0,5.0,5.0,6.0,6.0,5.0,8.0,9.0,15.0
1477,Luxembourg,Animal fats,Losses,0.0,0.0,0.0,0.0,0.0,0.0,0.0,0.0,0.0,0.0,0.0,0.0,0.0,0.0,0.0,0.0,0.0,0.0
1478,Luxembourg,Animal fats,Other uses (non-food),1.0,2.0,2.0,2.0,2.0,2.0,2.0,2.0,1.0,2.0,1.0,2.0,3.0,2.0,2.0,2.0,2.0,2.0
1479,Luxembourg,Offals,Production,2.0,2.0,2.0,3.0,2.0,2.0,2.0,2.0,2.0,2.0,2.0,2.0,2.0,2.0,2.0,2.0,2.0,2.0
1480,Luxembourg,Offals,Import,1.0,1.0,1.0,1.0,1.0,1.0,1.0,1.0,1.0,1.0,1.0,1.0,1.0,1.0,1.0,1.0,1.0,1.0
1481,Luxembourg,Animal fats,Human Consumption,3.0,2.0,2.0,1.0,3.0,2.0,3.0,3.0,4.0,3.0,3.0,3.0,4.0,4.0,3.0,6.0,7.0,6.0
1482,Luxembourg,Offals,Stock Variation,0.0,0.0,0.0,0.0,0.0,0.0,0.0,0.0,0.0,0.0,0.0,0.0,0.0,0.0,0.0,0.0,0.0,0.0
1483,Luxembourg,Offals,Export,1.0,0.0,1.0,0.0,0.0,0.0,0.0,1.0,0.0,0.0,0.0,1.0,1.0,1.0,1.0,1.0,1.0,1.0
1484,Luxembourg,Meat,Stock Variation,0.0,0.0,0.0,0.0,0.0,0.0,0.0,0.0,0.0,0.0,0.0,0.0,0.0,0.0,-1.0,2.0,1.0,0.0
1485,Luxembourg,Offals,Domestic supply,2.0,2.0,3.0,3.0,3.0,3.0,3.0,3.0,3.0,3.0,3.0,2.0,2.0,2.0,2.0,2.0,2.0,1.0
1486,Luxembourg,Offals,Losses,0.0,0.0,0.0,0.0,0.0,0.0,0.0,0.0,0.0,0.0,0.0,0.0,0.0,0.0,0.0,0.0,0.0,0.0
1487,Luxembourg,Meat,Import,30.0,35.0,31.0,30.0,32.0,33.0,36.0,35.0,38.0,37.0,38.0,43.0,41.0,41.0,35.0,35.0,35.0,33.0
1488,Luxembourg,Offals,Human Consumption,2.0,2.0,3.0,3.0,3.0,3.0,3.0,3.0,3.0,3.0,3.0,2.0,2.0,2.0,1.0,2.0,2.0,1.0
1489,Luxembourg,Meat,Production,21.0,23.0,23.0,24.0,23.0,22.0,20.0,21.0,22.0,21.0,21.0,20.0,21.0,21.0,21.0,22.0,24.0,23.0
1490,Madagascar,Vegetables,Other uses (non-food),0.0,0.0,0.0,0.0,0.0,0.0,0.0,0.0,0.0,0.0,0.0,0.0,0.0,0.0,0.0,0.0,0.0,0.0
1491,Madagascar,Vegetable Oils,Domestic supply,56.0,56.0,56.0,75.0,75.0,85.0,103.0,89.0,94.0,117.0,90.0,103.0,84.0,102.0,74.0,90.0,120.0,158.0
1492,Madagascar,Vegetable Oils,Export,0.0,0.0,0.0,0.0,0.0,0.0,0.0,0.0,0.0,0.0,1.0,1.0,1.0,1.0,1.0,1.0,1.0,1.0
1493,Madagascar,Vegetable Oils,Stock Variation,-15.0,-2.0,14.0,-6.0,-6.0,-1.0,7.0,5.0,0.0,4.0,-3.0,-1.0,5.0,5.0,0.0,3.0,6.0,13.0
1494,Madagascar,Vegetable Oils,Production,20.0,19.0,18.0,19.0,18.0,19.0,20.0,18.0,19.0,17.0,19.0,19.0,18.0,16.0,18.0,19.0,14.0,13.0
1495,Madagascar,Vegetables,Processing,0.0,0.0,0.0,0.0,0.0,0.0,0.0,0.0,0.0,0.0,0.0,0.0,0.0,0.0,0.0,0.0,0.0,0.0
1496,Madagascar,Vegetables,Human Consumption,303.0,310.0,309.0,366.0,377.0,345.0,328.0,345.0,249.0,315.0,352.0,390.0,395.0,389.0,390.0,396.0,394.0,407.0
1497,Madagascar,Vegetables,Losses,34.0,34.0,34.0,40.0,42.0,38.0,37.0,38.0,27.0,35.0,39.0,43.0,44.0,43.0,49.0,49.0,49.0,50.0
1498,Madagascar,Vegetable Oils,Feed,0.0,0.0,0.0,0.0,0.0,0.0,0.0,0.0,0.0,0.0,0.0,0.0,0.0,0.0,0.0,0.0,0.0,0.0
1499,Madagascar,Vegetable Oils,Import,52.0,39.0,24.0,63.0,63.0,67.0,77.0,66.0,75.0,96.0,75.0,87.0,62.0,81.0,57.0,75.0,113.0,159.0
1500,Madagascar,Vegetable Oils,Seed,0.0,0.0,0.0,0.0,0.0,0.0,0.0,0.0,0.0,0.0,0.0,0.0,0.0,0.0,0.0,0.0,0.0,0.0
1501,Madagascar,Sugar & Sweeteners,Export,1.0,8.0,1.0,4.0,17.0,3.0,11.0,6.0,11.0,35.0,25.0,20.0,18.0,70.0,25.0,24.0,11.0,16.0
1502,Madagascar,Vegetable Oils,Processing,0.0,0.0,0.0,0.0,0.0,0.0,0.0,0.0,0.0,0.0,0.0,0.0,0.0,0.0,0.0,0.0,0.0,0.0
1503,Madagascar,Vegetable Oils,Other uses (non-food),8.0,5.0,5.0,19.0,20.0,31.0,38.0,28.0,31.0,64.0,38.0,53.0,35.0,49.0,27.0,40.0,64.0,91.0
1504,Madagascar,Vegetable Oils,Human Consumption,48.0,51.0,51.0,56.0,55.0,54.0,65.0,60.0,63.0,53.0,52.0,50.0,49.0,52.0,47.0,51.0,56.0,67.0
1505,Madagascar,Sugar & Sweeteners,Production,83.0,63.0,41.0,33.0,32.0,35.0,27.0,27.0,22.0,72.0,92.0,82.0,87.0,111.0,74.0,103.0,103.0,107.0
1506,Madagascar,Sugar & Sweeteners,Import,32.0,42.0,25.0,85.0,102.0,105.0,110.0,110.0,127.0,137.0,101.0,120.0,91.0,118.0,142.0,115.0,118.0,168.0
1507,Madagascar,Sugar & Sweeteners,Stock Variation,13.0,0.0,10.0,7.0,7.0,-11.0,2.0,7.0,0.0,-9.0,0.0,-5.0,3.0,11.0,-24.0,-11.0,1.0,21.0
1508,Madagascar,Sugar & Sweeteners,Domestic supply,127.0,97.0,75.0,120.0,123.0,125.0,128.0,137.0,138.0,166.0,168.0,176.0,164.0,170.0,214.0,206.0,209.0,238.0
1509,Madagascar,Sugar & Sweeteners,Feed,0.0,0.0,0.0,0.0,0.0,0.0,0.0,0.0,0.0,0.0,0.0,0.0,0.0,0.0,0.0,0.0,0.0,0.0
1510,Madagascar,Sugar & Sweeteners,Seed,0.0,0.0,0.0,0.0,0.0,0.0,0.0,0.0,0.0,0.0,0.0,0.0,0.0,0.0,0.0,0.0,0.0,0.0
1511,Madagascar,Vegetables,Seed,0.0,0.0,0.0,0.0,0.0,0.0,0.0,0.0,0.0,0.0,0.0,0.0,0.0,0.0,0.0,0.0,0.0,0.0
1512,Madagascar,Sugar & Sweeteners,Losses,0.0,0.0,0.0,0.0,0.0,0.0,0.0,0.0,0.0,0.0,0.0,0.0,0.0,0.0,0.0,0.0,0.0,0.0
1513,Madagascar,Sugar & Sweeteners,Processing,0.0,0.0,0.0,0.0,0.0,0.0,0.0,0.0,0.0,0.0,0.0,0.0,0.0,0.0,2.0,1.0,1.0,2.0
1514,Madagascar,Vegetable Oils,Losses,0.0,0.0,0.0,0.0,0.0,0.0,0.0,0.0,0.0,0.0,0.0,0.0,0.0,0.0,0.0,0.0,0.0,0.0
1515,Madagascar,Vegetables,Feed,0.0,0.0,0.0,0.0,0.0,0.0,0.0,0.0,0.0,0.0,0.0,0.0,0.0,0.0,0.0,0.0,0.0,0.0
1516,Madagascar,Stimulants,Processing,0.0,0.0,0.0,0.0,0.0,0.0,0.0,0.0,0.0,0.0,0.0,0.0,0.0,0.0,0.0,0.0,0.0,0.0
1517,Madagascar,Vegetables,Export,7.0,6.0,5.0,2.0,3.0,6.0,9.0,11.0,9.0,9.0,11.0,14.0,10.0,14.0,15.0,17.0,16.0,20.0
1518,Madagascar,Sugar & Sweeteners,Other uses (non-food),0.0,0.0,0.0,0.0,0.0,0.0,0.0,0.0,0.0,0.0,0.0,0.0,0.0,0.0,0.0,0.0,0.0,0.0
1519,Madagascar,Stimulants,Production,63.0,69.0,66.0,75.0,73.0,62.0,68.0,63.0,64.0,66.0,69.0,74.0,76.0,74.0,60.0,59.0,59.0,62.0
1520,Madagascar,Stimulants,Import,0.0,0.0,0.0,0.0,1.0,0.0,1.0,1.0,1.0,1.0,1.0,1.0,1.0,1.0,0.0,1.0,0.0,1.0
1521,Madagascar,Stimulants,Stock Variation,0.0,-5.0,0.0,-8.0,0.0,3.0,10.0,0.0,2.0,4.0,-3.0,3.0,-2.0,2.0,0.0,0.0,0.0,0.0
1522,Madagascar,Stimulants,Export,9.0,6.0,7.0,6.0,12.0,9.0,14.0,16.0,14.0,12.0,14.0,12.0,7.0,19.0,17.0,13.0,14.0,14.0
1523,Madagascar,Stimulants,Domestic supply,54.0,58.0,60.0,63.0,61.0,55.0,64.0,48.0,52.0,58.0,53.0,66.0,68.0,57.0,43.0,47.0,45.0,48.0
1524,Madagascar,Stimulants,Feed,0.0,0.0,0.0,0.0,0.0,0.0,0.0,0.0,0.0,0.0,0.0,0.0,0.0,0.0,0.0,0.0,0.0,0.0
1525,Madagascar,Stimulants,Seed,0.0,0.0,0.0,0.0,0.0,0.0,0.0,0.0,0.0,0.0,0.0,0.0,0.0,0.0,0.0,0.0,0.0,0.0
1526,Madagascar,Stimulants,Losses,6.0,6.0,6.0,7.0,7.0,6.0,7.0,6.0,6.0,6.0,6.0,7.0,7.0,6.0,3.0,3.0,3.0,3.0
1527,Madagascar,Stimulants,Other uses (non-food),1.0,1.0,1.0,1.0,0.0,0.0,0.0,0.0,0.0,0.0,0.0,0.0,0.0,0.0,0.0,0.0,0.0,0.0
1528,Madagascar,Stimulants,Human Consumption,48.0,51.0,52.0,55.0,54.0,49.0,56.0,42.0,47.0,53.0,47.0,59.0,61.0,51.0,40.0,44.0,42.0,45.0
1529,Madagascar,Fruits - Excluding Wine,Production,891.0,902.0,932.0,928.0,962.0,990.0,1009.0,1062.0,1035.0,1136.0,1182.0,1210.0,1230.0,1221.0,1227.0,1232.0,1249.0,1266.0
1530,Madagascar,Fruits - Excluding Wine,Import,1.0,3.0,2.0,5.0,4.0,3.0,4.0,5.0,5.0,7.0,13.0,11.0,12.0,13.0,7.0,10.0,10.0,10.0
1531,Madagascar,Fruits - Excluding Wine,Stock Variation,0.0,0.0,0.0,0.0,0.0,0.0,0.0,0.0,0.0,0.0,0.0,0.0,-3.0,3.0,0.0,0.0,0.0,0.0
1532,Madagascar,Fruits - Excluding Wine,Export,19.0,16.0,17.0,17.0,26.0,30.0,26.0,32.0,29.0,24.0,22.0,16.0,17.0,23.0,22.0,27.0,31.0,35.0
1533,Madagascar,Fruits - Excluding Wine,Domestic supply,872.0,888.0,917.0,916.0,940.0,963.0,986.0,1035.0,1012.0,1118.0,1173.0,1206.0,1222.0,1214.0,1212.0,1215.0,1227.0,1240.0
1534,Madagascar,Fruits - Excluding Wine,Feed,0.0,0.0,0.0,0.0,0.0,0.0,0.0,0.0,0.0,0.0,0.0,0.0,0.0,0.0,0.0,0.0,0.0,0.0
1535,Madagascar,Fruits - Excluding Wine,Seed,0.0,0.0,0.0,0.0,0.0,0.0,0.0,0.0,0.0,0.0,0.0,0.0,0.0,0.0,0.0,0.0,0.0,0.0
1536,Madagascar,Fruits - Excluding Wine,Losses,100.0,101.0,104.0,104.0,107.0,110.0,112.0,117.0,114.0,126.0,132.0,136.0,138.0,137.0,135.0,136.0,138.0,140.0
1537,Madagascar,Fruits - Excluding Wine,Processing,10.0,10.0,10.0,10.0,10.0,11.0,11.0,12.0,12.0,13.0,13.0,13.0,13.0,13.0,12.0,12.0,12.0,12.0
1538,Madagascar,Fruits - Excluding Wine,Other uses (non-food),14.0,14.0,16.0,15.0,16.0,15.0,14.0,14.0,14.0,15.0,15.0,15.0,15.0,15.0,14.0,14.0,15.0,15.0
1539,Madagascar,Fruits - Excluding Wine,Human Consumption,748.0,763.0,787.0,788.0,807.0,828.0,850.0,891.0,872.0,965.0,1013.0,1042.0,1055.0,1049.0,1062.0,1068.0,1078.0,1094.0
1540,Madagascar,Vegetables,Production,344.0,350.0,348.0,407.0,422.0,387.0,371.0,387.0,278.0,351.0,393.0,439.0,443.0,440.0,440.0,444.0,446.0,448.0
1541,Madagascar,Vegetables,Import,1.0,1.0,1.0,2.0,1.0,4.0,4.0,6.0,6.0,5.0,5.0,6.0,6.0,7.0,9.0,11.0,8.0,18.0
1542,Madagascar,Vegetables,Stock Variation,-1.0,-1.0,-1.0,-1.0,-1.0,-1.0,-1.0,1.0,2.0,2.0,3.0,2.0,0.0,0.0,0.0,0.0,0.0,0.0
1543,Madagascar,Vegetables,Domestic supply,337.0,344.0,343.0,406.0,418.0,383.0,364.0,383.0,277.0,349.0,391.0,433.0,439.0,432.0,435.0,437.0,438.0,445.0
1544,Madagascar,Sugar & Sweeteners,Human Consumption,127.0,97.0,75.0,120.0,123.0,125.0,128.0,137.0,138.0,166.0,168.0,176.0,164.0,170.0,213.0,204.0,208.0,236.0
1545,Madagascar,Starchy Roots,Losses,191.0,198.0,182.0,173.0,184.0,301.0,303.0,306.0,309.0,309.0,311.0,349.0,376.0,343.0,307.0,292.0,295.0,294.0
1546,Madagascar,Pulses,Import,0.0,0.0,1.0,0.0,2.0,7.0,3.0,5.0,4.0,5.0,4.0,4.0,3.0,2.0,2.0,2.0,3.0,5.0
1547,Madagascar,Oilcrops,Other uses (non-food),2.0,2.0,2.0,2.0,2.0,2.0,2.0,3.0,3.0,2.0,2.0,2.0,3.0,2.0,2.0,2.0,3.0,3.0
1548,Madagascar,Oilcrops,Human Consumption,37.0,37.0,42.0,35.0,35.0,39.0,40.0,38.0,43.0,34.0,37.0,35.0,33.0,36.0,40.0,39.0,39.0,40.0
1549,Madagascar,Starchy Roots,Production,3453.0,3530.0,3365.0,2960.0,2997.0,4287.0,4321.0,4347.0,4394.0,4398.0,4395.0,5043.0,5188.0,4703.0,4541.0,4207.0,4224.0,4120.0
1550,Madagascar,Starchy Roots,Import,0.0,1.0,1.0,0.0,1.0,1.0,1.0,1.0,2.0,1.0,1.0,3.0,2.0,2.0,2.0,2.0,2.0,3.0
1551,Madagascar,Starchy Roots,Stock Variation,-40.0,40.0,120.0,200.0,240.0,66.0,66.0,70.0,66.0,70.0,114.0,82.0,35.0,248.0,-1.0,-12.0,-14.0,-18.0
1552,Madagascar,Starchy Roots,Export,0.0,0.0,0.0,0.0,0.0,0.0,0.0,0.0,1.0,1.0,0.0,1.0,1.0,1.0,1.0,2.0,2.0,1.0
1553,Madagascar,Starchy Roots,Domestic supply,3413.0,3571.0,3486.0,3160.0,3238.0,4354.0,4388.0,4417.0,4461.0,4469.0,4510.0,5127.0,5225.0,4952.0,4543.0,4218.0,4238.0,4139.0
1554,Madagascar,Starchy Roots,Feed,295.0,354.0,347.0,348.0,366.0,528.0,532.0,540.0,546.0,550.0,553.0,631.0,643.0,618.0,597.0,536.0,536.0,503.0
1555,Madagascar,Starchy Roots,Seed,165.0,169.0,181.0,181.0,179.0,178.0,178.0,182.0,183.0,185.0,210.0,210.0,211.0,211.0,175.0,158.0,163.0,160.0
1556,Madagascar,Starchy Roots,Processing,0.0,0.0,0.0,0.0,0.0,0.0,0.0,0.0,0.0,0.0,0.0,0.0,0.0,0.0,0.0,0.0,0.0,0.0
1557,Madagascar,Starchy Roots,Other uses (non-food),56.0,57.0,54.0,45.0,45.0,467.0,433.0,392.0,359.0,309.0,254.0,461.0,478.0,186.0,68.0,62.0,61.0,59.0
1558,Madagascar,Oilcrops,Processing,83.0,82.0,71.0,77.0,77.0,73.0,76.0,61.0,65.0,62.0,68.0,65.0,64.0,58.0,84.0,85.0,71.0,70.0
1559,Madagascar,Starchy Roots,Human Consumption,2705.0,2793.0,2722.0,2414.0,2465.0,2880.0,2941.0,2996.0,3064.0,3116.0,3183.0,3477.0,3517.0,3595.0,3396.0,3170.0,3183.0,3123.0
1560,Madagascar,Sugar Crops,Import,0.0,0.0,0.0,0.0,0.0,0.0,0.0,0.0,0.0,0.0,0.0,0.0,0.0,0.0,0.0,0.0,0.0,0.0
1561,Madagascar,Sugar Crops,Stock Variation,0.0,0.0,0.0,0.0,0.0,0.0,0.0,0.0,0.0,0.0,0.0,0.0,0.0,0.0,0.0,0.0,0.0,0.0
1562,Madagascar,Sugar Crops,Export,0.0,0.0,0.0,0.0,0.0,0.0,0.0,0.0,0.0,0.0,0.0,0.0,0.0,0.0,0.0,0.0,0.0,0.0
1563,Madagascar,Sugar Crops,Domestic supply,2189.0,2208.0,2223.0,2236.0,2224.0,2446.0,2691.0,2600.0,2500.0,3000.0,3000.0,3050.0,3270.0,3250.0,2932.0,2969.0,3005.0,3042.0
1564,Madagascar,Sugar Crops,Feed,44.0,44.0,44.0,45.0,44.0,49.0,54.0,52.0,50.0,60.0,60.0,61.0,65.0,65.0,59.0,59.0,60.0,61.0
1565,Madagascar,Sugar Crops,Seed,44.0,44.0,44.0,45.0,44.0,49.0,54.0,52.0,50.0,60.0,60.0,61.0,65.0,65.0,59.0,59.0,60.0,61.0
1566,Madagascar,Sugar Crops,Losses,0.0,0.0,0.0,0.0,0.0,0.0,0.0,0.0,0.0,0.0,0.0,0.0,0.0,0.0,157.0,159.0,161.0,163.0
1567,Madagascar,Sugar Crops,Processing,780.0,580.0,370.0,280.0,275.0,300.0,220.0,220.0,175.0,660.0,606.0,616.0,660.0,750.0,570.0,836.0,836.0,863.0
1568,Madagascar,Sugar Crops,Other uses (non-food),1244.0,1463.0,1687.0,1788.0,1782.0,1963.0,2269.0,2185.0,2138.0,2115.0,2169.0,2205.0,2365.0,2256.0,1971.0,1735.0,1763.0,1768.0
1569,Madagascar,Sugar Crops,Human Consumption,77.0,77.0,78.0,78.0,78.0,86.0,94.0,91.0,88.0,105.0,105.0,107.0,114.0,114.0,116.0,120.0,125.0,126.0
1570,Madagascar,Spices,Human Consumption,6.0,6.0,6.0,7.0,10.0,9.0,9.0,8.0,10.0,8.0,7.0,5.0,11.0,17.0,10.0,11.0,11.0,11.0
1571,Madagascar,Sugar Crops,Production,2189.0,2208.0,2223.0,2236.0,2224.0,2446.0,2691.0,2600.0,2500.0,3000.0,3000.0,3050.0,3270.0,3250.0,2932.0,2968.0,3005.0,3042.0
1572,Madagascar,Oilcrops,Losses,5.0,5.0,5.0,5.0,5.0,5.0,5.0,5.0,5.0,4.0,5.0,5.0,5.0,5.0,7.0,7.0,7.0,5.0
1573,Madagascar,Oilcrops,Seed,4.0,3.0,3.0,3.0,3.0,4.0,4.0,4.0,3.0,3.0,4.0,4.0,4.0,4.0,9.0,9.0,9.0,8.0
1574,Madagascar,Oilcrops,Feed,0.0,0.0,0.0,0.0,0.0,0.0,0.0,0.0,0.0,0.0,0.0,0.0,0.0,0.0,8.0,0.0,0.0,0.0
1575,Madagascar,Pulses,Stock Variation,-1.0,1.0,6.0,2.0,12.0,-3.0,0.0,1.0,0.0,0.0,0.0,0.0,-1.0,1.0,-5.0,-18.0,-36.0,-27.0
1576,Madagascar,Pulses,Export,4.0,9.0,8.0,5.0,7.0,8.0,7.0,11.0,14.0,13.0,14.0,26.0,31.0,41.0,46.0,65.0,83.0,69.0
1577,Madagascar,Pulses,Domestic supply,88.0,87.0,88.0,91.0,95.0,105.0,108.0,110.0,105.0,109.0,106.0,112.0,116.0,116.0,89.0,86.0,91.0,97.0
1578,Madagascar,Pulses,Feed,0.0,0.0,0.0,0.0,0.0,0.0,0.0,0.0,0.0,0.0,0.0,0.0,0.0,0.0,0.0,0.0,0.0,0.0
1579,Madagascar,Pulses,Seed,6.0,6.0,6.0,6.0,6.0,6.0,6.0,7.0,7.0,7.0,8.0,8.0,9.0,9.0,4.0,3.0,4.0,4.0
1580,Madagascar,Pulses,Losses,9.0,9.0,9.0,9.0,9.0,10.0,10.0,10.0,10.0,10.0,10.0,12.0,13.0,14.0,12.0,12.0,13.0,12.0
1581,Madagascar,Pulses,Processing,0.0,0.0,0.0,0.0,0.0,0.0,0.0,0.0,0.0,0.0,0.0,0.0,0.0,0.0,0.0,0.0,0.0,0.0
1582,Madagascar,Pulses,Other uses (non-food),0.0,0.0,0.0,0.0,0.0,0.0,0.0,0.0,0.0,0.0,0.0,0.0,0.0,0.0,0.0,0.0,0.0,0.0
1583,Madagascar,Pulses,Human Consumption,73.0,72.0,73.0,76.0,80.0,89.0,92.0,94.0,89.0,92.0,88.0,92.0,95.0,94.0,74.0,71.0,75.0,80.0
1584,Madagascar,Treenuts,Production,7.0,7.0,7.0,7.0,8.0,9.0,7.0,7.0,8.0,6.0,6.0,8.0,9.0,9.0,9.0,10.0,11.0,11.0
1585,Madagascar,Treenuts,Import,0.0,0.0,0.0,0.0,0.0,0.0,0.0,0.0,0.0,0.0,0.0,0.0,0.0,0.0,0.0,0.0,0.0,0.0
1586,Madagascar,Treenuts,Stock Variation,0.0,0.0,0.0,0.0,0.0,0.0,0.0,0.0,0.0,0.0,0.0,0.0,0.0,0.0,-1.0,-1.0,-1.0,-3.0
1587,Madagascar,Treenuts,Export,0.0,0.0,1.0,2.0,3.0,2.0,2.0,2.0,1.0,2.0,1.0,1.0,2.0,2.0,5.0,6.0,7.0,8.0
1588,Madagascar,Treenuts,Domestic supply,7.0,7.0,6.0,5.0,4.0,7.0,5.0,6.0,7.0,4.0,5.0,6.0,7.0,7.0,5.0,5.0,5.0,7.0
1589,Madagascar,Treenuts,Feed,0.0,0.0,0.0,0.0,0.0,0.0,0.0,0.0,0.0,0.0,0.0,0.0,0.0,0.0,0.0,0.0,0.0,0.0
1590,Madagascar,Treenuts,Seed,0.0,0.0,0.0,0.0,0.0,0.0,0.0,0.0,0.0,0.0,0.0,0.0,0.0,0.0,0.0,0.0,0.0,0.0
1591,Madagascar,Treenuts,Losses,1.0,1.0,1.0,1.0,1.0,1.0,1.0,1.0,1.0,1.0,1.0,1.0,1.0,1.0,1.0,1.0,1.0,1.0
1592,Madagascar,Treenuts,Processing,0.0,0.0,0.0,0.0,0.0,0.0,0.0,0.0,0.0,0.0,0.0,0.0,0.0,0.0,0.0,0.0,0.0,0.0
1593,Madagascar,Treenuts,Other uses (non-food),0.0,0.0,0.0,0.0,0.0,0.0,0.0,0.0,0.0,0.0,0.0,0.0,0.0,0.0,0.0,0.0,0.0,0.0
1594,Madagascar,Treenuts,Human Consumption,6.0,6.0,5.0,4.0,3.0,6.0,4.0,5.0,6.0,4.0,4.0,5.0,6.0,6.0,4.0,4.0,4.0,6.0
1595,Madagascar,Oilcrops,Production,131.0,131.0,120.0,123.0,123.0,123.0,130.0,123.0,124.0,105.0,115.0,113.0,117.0,117.0,171.0,169.0,168.0,165.0
1596,Madagascar,Oilcrops,Import,0.0,0.0,4.0,0.0,0.0,0.0,0.0,0.0,4.0,2.0,3.0,1.0,0.0,0.0,1.0,1.0,2.0,3.0
1597,Madagascar,Oilcrops,Stock Variation,0.0,0.0,0.0,0.0,0.0,0.0,0.0,0.0,0.0,0.0,0.0,0.0,0.0,0.0,2.0,5.0,5.0,4.0
1598,Madagascar,Oilcrops,Export,1.0,1.0,1.0,1.0,1.0,1.0,2.0,12.0,9.0,1.0,1.0,3.0,9.0,12.0,20.0,23.0,37.0,38.0
1599,Madagascar,Oilcrops,Domestic supply,131.0,130.0,123.0,122.0,123.0,123.0,128.0,111.0,119.0,106.0,116.0,111.0,108.0,105.0,150.0,142.0,128.0,126.0
1600,Madagascar,Pulses,Production,94.0,94.0,89.0,94.0,89.0,109.0,112.0,114.0,114.0,116.0,116.0,134.0,145.0,154.0,129.0,132.0,135.0,133.0
1601,Madagascar,Spices,Other uses (non-food),0.0,0.0,0.0,0.0,0.0,0.0,0.0,0.0,0.0,0.0,1.0,0.0,2.0,1.0,0.0,0.0,1.0,1.0
1602,Madagascar,Milk - Excluding Butter,Stock Variation,0.0,0.0,0.0,0.0,0.0,0.0,0.0,0.0,0.0,0.0,0.0,0.0,0.0,0.0,0.0,0.0,0.0,0.0
1603,Madagascar,Spices,Losses,1.0,1.0,1.0,1.0,1.0,0.0,1.0,1.0,1.0,1.0,0.0,1.0,1.0,1.0,1.0,1.0,1.0,1.0
1604,Madagascar,Eggs,Stock Variation,0.0,0.0,0.0,0.0,0.0,0.0,0.0,0.0,0.0,0.0,0.0,0.0,0.0,0.0,0.0,0.0,0.0,0.0
1605,Madagascar,Eggs,Export,0.0,0.0,0.0,0.0,0.0,0.0,0.0,0.0,0.0,0.0,0.0,0.0,0.0,0.0,0.0,0.0,0.0,0.0
1606,Madagascar,Eggs,Domestic supply,19.0,19.0,20.0,20.0,20.0,20.0,20.0,20.0,20.0,21.0,21.0,21.0,22.0,22.0,22.0,21.0,22.0,23.0
1607,Madagascar,Eggs,Feed,0.0,0.0,0.0,0.0,0.0,0.0,0.0,0.0,0.0,0.0,0.0,0.0,0.0,0.0,0.0,0.0,0.0,0.0
1608,Madagascar,Eggs,Seed,3.0,4.0,4.0,4.0,4.0,4.0,4.0,4.0,4.0,4.0,4.0,4.0,4.0,4.0,4.0,3.0,4.0,4.0
1609,Madagascar,Eggs,Losses,1.0,1.0,1.0,1.0,1.0,1.0,1.0,1.0,1.0,1.0,1.0,1.0,1.0,1.0,2.0,2.0,2.0,2.0
1610,Madagascar,Eggs,Processing,0.0,0.0,0.0,0.0,0.0,0.0,0.0,0.0,0.0,0.0,0.0,0.0,0.0,0.0,0.0,0.0,0.0,0.0
1611,Madagascar,Eggs,Other uses (non-food),0.0,0.0,0.0,0.0,0.0,0.0,0.0,0.0,0.0,0.0,0.0,0.0,0.0,0.0,0.0,0.0,0.0,0.0
1612,Madagascar,Eggs,Human Consumption,15.0,14.0,14.0,15.0,15.0,15.0,15.0,15.0,15.0,16.0,16.0,16.0,17.0,16.0,16.0,16.0,16.0,17.0
1613,Madagascar,Milk - Excluding Butter,Production,535.0,480.0,475.0,470.0,490.0,510.0,520.0,530.0,549.0,555.0,555.0,560.0,570.0,575.0,539.0,542.0,544.0,543.0
1614,Madagascar,Milk - Excluding Butter,Import,29.0,14.0,28.0,13.0,25.0,30.0,27.0,23.0,34.0,22.0,28.0,34.0,24.0,24.0,4.0,13.0,19.0,23.0
1615,Madagascar,Eggs,Import,0.0,0.0,0.0,0.0,0.0,0.0,0.0,0.0,0.0,0.0,0.0,0.0,0.0,0.0,0.0,0.0,0.0,0.0
1616,Madagascar,Milk - Excluding Butter,Export,0.0,1.0,0.0,0.0,0.0,0.0,0.0,1.0,0.0,0.0,0.0,0.0,0.0,0.0,0.0,0.0,0.0,0.0
1617,Madagascar,Milk - Excluding Butter,Feed,0.0,0.0,0.0,0.0,0.0,0.0,0.0,0.0,0.0,0.0,0.0,0.0,0.0,0.0,0.0,0.0,0.0,0.0
1618,Madagascar,Milk - Excluding Butter,Seed,0.0,0.0,0.0,0.0,0.0,0.0,0.0,0.0,0.0,0.0,0.0,0.0,0.0,0.0,0.0,0.0,0.0,0.0
1619,Madagascar,Milk - Excluding Butter,Losses,27.0,24.0,24.0,24.0,25.0,26.0,26.0,27.0,27.0,28.0,28.0,28.0,29.0,29.0,27.0,27.0,27.0,27.0
1620,Madagascar,Milk - Excluding Butter,Processing,0.0,0.0,0.0,0.0,0.0,0.0,0.0,0.0,0.0,0.0,0.0,0.0,0.0,0.0,0.0,0.0,0.0,0.0
1621,Madagascar,Milk - Excluding Butter,Other uses (non-food),1.0,0.0,0.0,0.0,0.0,0.0,0.0,0.0,0.0,0.0,0.0,0.0,0.0,0.0,0.0,0.0,0.0,0.0
1622,Madagascar,Milk - Excluding Butter,Human Consumption,536.0,470.0,479.0,460.0,490.0,515.0,520.0,526.0,556.0,550.0,555.0,566.0,565.0,569.0,518.0,530.0,536.0,540.0
1623,Madagascar,Animal fats,Production,7.0,6.0,6.0,6.0,6.0,8.0,8.0,8.0,9.0,9.0,9.0,10.0,10.0,10.0,9.0,9.0,9.0,9.0
1624,Madagascar,Animal fats,Import,6.0,3.0,1.0,5.0,1.0,8.0,12.0,6.0,6.0,9.0,6.0,4.0,4.0,2.0,0.0,0.0,0.0,0.0
1625,Madagascar,Animal fats,Stock Variation,0.0,0.0,0.0,0.0,0.0,0.0,0.0,0.0,0.0,0.0,0.0,0.0,0.0,0.0,0.0,0.0,0.0,0.0
1626,Madagascar,Animal fats,Export,0.0,0.0,0.0,0.0,0.0,0.0,1.0,0.0,0.0,0.0,0.0,0.0,0.0,0.0,0.0,0.0,0.0,0.0
1627,Madagascar,Animal fats,Domestic supply,13.0,9.0,7.0,11.0,7.0,16.0,20.0,15.0,15.0,18.0,15.0,13.0,14.0,12.0,9.0,9.0,9.0,9.0
1628,Madagascar,Milk - Excluding Butter,Domestic supply,564.0,494.0,503.0,483.0,515.0,540.0,546.0,552.0,583.0,577.0,582.0,594.0,594.0,598.0,543.0,555.0,562.0,566.0
1629,Madagascar,Animal fats,Feed,0.0,0.0,0.0,0.0,0.0,0.0,0.0,0.0,0.0,0.0,0.0,0.0,0.0,0.0,0.0,0.0,0.0,0.0
1630,Madagascar,Eggs,Production,19.0,19.0,19.0,19.0,20.0,20.0,20.0,20.0,20.0,21.0,21.0,21.0,22.0,21.0,22.0,21.0,21.0,23.0
1631,Madagascar,"Fish, Seafood",Other uses (non-food),0.0,0.0,0.0,0.0,0.0,0.0,0.0,0.0,0.0,0.0,0.0,0.0,0.0,0.0,0.0,0.0,0.0,0.0
1632,Madagascar,Spices,Processing,0.0,0.0,0.0,0.0,0.0,0.0,0.0,0.0,0.0,0.0,0.0,0.0,0.0,0.0,0.0,0.0,0.0,0.0
1633,Madagascar,Cereals - Excluding Beer,Import,328.0,293.0,157.0,389.0,282.0,438.0,305.0,396.0,304.0,250.0,317.0,425.0,410.0,629.0,713.0,587.0,628.0,1126.0
1634,Madagascar,Cereals - Excluding Beer,Stock Variation,11.0,42.0,274.0,0.0,45.0,-92.0,51.0,21.0,54.0,0.0,-47.0,72.0,-24.0,104.0,61.0,-103.0,-98.0,-261.0
1635,Madagascar,Cereals - Excluding Beer,Export,3.0,3.0,6.0,1.0,1.0,0.0,1.0,4.0,4.0,1.0,2.0,3.0,4.0,3.0,3.0,5.0,3.0,1.0
1636,Madagascar,Cereals - Excluding Beer,Domestic supply,2170.0,2299.0,2345.0,2586.0,2709.0,3014.0,3098.0,3240.0,3407.0,3715.0,3854.0,3802.0,3876.0,3525.0,4999.0,4742.0,4861.0,4773.0
1637,Madagascar,Cereals - Excluding Beer,Feed,74.0,68.0,68.0,75.0,96.0,244.0,234.0,241.0,356.0,530.0,553.0,436.0,438.0,141.0,305.0,41.0,28.0,49.0
1638,Madagascar,Cereals - Excluding Beer,Seed,71.0,71.0,71.0,72.0,75.0,75.0,76.0,77.0,91.0,95.0,88.0,92.0,79.0,84.0,118.0,110.0,112.0,92.0
1639,Madagascar,Cereals - Excluding Beer,Losses,252.0,268.0,269.0,294.0,313.0,348.0,353.0,365.0,389.0,436.0,454.0,426.0,450.0,384.0,413.0,386.0,395.0,322.0
1640,Madagascar,Cereals - Excluding Beer,Processing,12.0,13.0,10.0,14.0,13.0,14.0,15.0,18.0,16.0,19.0,24.0,26.0,23.0,23.0,0.0,0.0,0.0,0.0
1641,Madagascar,Cereals - Excluding Beer,Other uses (non-food),0.0,0.0,0.0,0.0,0.0,0.0,1.0,0.0,1.0,0.0,1.0,0.0,0.0,0.0,1.0,1.0,1.0,1.0
1642,Madagascar,Cereals - Excluding Beer,Human Consumption,1761.0,1878.0,1927.0,2130.0,2213.0,2331.0,2420.0,2540.0,2553.0,2635.0,2735.0,2822.0,2886.0,2972.0,4162.0,4204.0,4325.0,4309.0
1643,Madagascar,"Fish, Seafood",Human Consumption,118.0,102.0,115.0,116.0,118.0,125.0,129.0,144.0,116.0,126.0,119.0,105.0,105.0,105.0,84.0,106.0,135.0,135.0
1644,Madagascar,"Aquatic Products, Other",Production,3.0,3.0,2.0,2.0,2.0,3.0,7.0,5.0,5.0,5.0,6.0,3.0,3.0,3.0,10.0,18.0,19.0,19.0
1645,Madagascar,"Aquatic Products, Other",Stock Variation,0.0,0.0,0.0,0.0,0.0,0.0,0.0,0.0,0.0,0.0,0.0,0.0,0.0,0.0,0.0,0.0,0.0,0.0
1646,Madagascar,"Aquatic Products, Other",Export,0.0,1.0,0.0,0.0,0.0,1.0,1.0,1.0,2.0,2.0,2.0,1.0,1.0,1.0,1.0,1.0,2.0,2.0
1647,Madagascar,"Aquatic Products, Other",Domestic supply,3.0,2.0,2.0,2.0,2.0,2.0,6.0,4.0,4.0,3.0,4.0,2.0,2.0,2.0,9.0,17.0,17.0,17.0
1648,Madagascar,"Aquatic Products, Other",Other uses (non-food),1.0,1.0,1.0,2.0,1.0,1.0,5.0,3.0,3.0,2.0,3.0,2.0,2.0,2.0,7.0,15.0,17.0,17.0
1649,Madagascar,"Aquatic Products, Other",Human Consumption,2.0,2.0,1.0,1.0,1.0,1.0,1.0,1.0,1.0,1.0,1.0,1.0,1.0,1.0,2.0,2.0,0.0,0.0
1650,Madagascar,"Fish, Seafood",Production,126.0,130.0,139.0,138.0,143.0,141.0,144.0,158.0,130.0,137.0,135.0,124.0,124.0,124.0,101.0,120.0,150.0,150.0
1651,Madagascar,"Fish, Seafood",Import,16.0,14.0,20.0,29.0,35.0,18.0,34.0,32.0,20.0,18.0,27.0,35.0,35.0,35.0,45.0,18.0,18.0,18.0
1652,Madagascar,"Fish, Seafood",Stock Variation,0.0,0.0,0.0,0.0,0.0,0.0,0.0,0.0,0.0,0.0,0.0,0.0,0.0,0.0,0.0,0.0,0.0,0.0
1653,Madagascar,"Fish, Seafood",Export,21.0,41.0,42.0,46.0,42.0,32.0,49.0,41.0,27.0,23.0,29.0,34.0,34.0,34.0,32.0,28.0,27.0,27.0
1654,Madagascar,"Fish, Seafood",Domestic supply,120.0,103.0,116.0,121.0,135.0,126.0,129.0,150.0,123.0,132.0,133.0,125.0,125.0,125.0,114.0,110.0,140.0,140.0
1655,Madagascar,"Fish, Seafood",Feed,3.0,1.0,1.0,5.0,18.0,1.0,0.0,6.0,7.0,6.0,14.0,20.0,20.0,20.0,30.0,4.0,5.0,5.0
1656,Madagascar,"Aquatic Products, Other",Import,0.0,0.0,0.0,0.0,0.0,0.0,0.0,0.0,0.0,0.0,0.0,0.0,0.0,0.0,0.0,0.0,0.0,0.0
1657,Madagascar,Animal fats,Seed,0.0,0.0,0.0,0.0,0.0,0.0,0.0,0.0,0.0,0.0,0.0,0.0,0.0,0.0,0.0,0.0,0.0,0.0
1658,Madagascar,Cereals - Excluding Beer,Production,1834.0,1966.0,1920.0,2198.0,2384.0,2668.0,2743.0,2827.0,3052.0,3466.0,3585.0,3308.0,3495.0,2796.0,4350.0,4058.0,4138.0,3387.0
1659,Madagascar,Animal fats,Processing,0.0,0.0,0.0,0.0,0.0,0.0,0.0,0.0,0.0,0.0,0.0,0.0,0.0,0.0,0.0,0.0,0.0,0.0
1660,Madagascar,Miscellaneous,Domestic supply,0.0,0.0,0.0,0.0,0.0,0.0,0.0,0.0,0.0,0.0,0.0,0.0,0.0,0.0,10.0,10.0,12.0,17.0
1661,Madagascar,Miscellaneous,Feed,0.0,0.0,0.0,0.0,0.0,0.0,0.0,0.0,0.0,0.0,0.0,0.0,0.0,0.0,0.0,0.0,0.0,0.0
1662,Madagascar,Miscellaneous,Seed,0.0,0.0,0.0,0.0,0.0,0.0,0.0,0.0,0.0,0.0,0.0,0.0,0.0,0.0,0.0,0.0,0.0,0.0
1663,Madagascar,Miscellaneous,Losses,0.0,0.0,0.0,0.0,0.0,0.0,0.0,0.0,0.0,0.0,0.0,0.0,0.0,0.0,0.0,0.0,0.0,0.0
1664,Madagascar,Miscellaneous,Processing,0.0,0.0,0.0,0.0,0.0,0.0,0.0,0.0,0.0,0.0,0.0,0.0,0.0,0.0,0.0,0.0,0.0,0.0
1665,Madagascar,Miscellaneous,Other uses (non-food),0.0,0.0,0.0,0.0,0.0,0.0,0.0,0.0,0.0,0.0,0.0,0.0,0.0,0.0,0.0,0.0,0.0,0.0
1666,Madagascar,Miscellaneous,Human Consumption,0.0,0.0,0.0,0.0,0.0,0.0,0.0,0.0,0.0,0.0,0.0,0.0,0.0,0.0,10.0,10.0,12.0,17.0
1667,Madagascar,Alcoholic Beverages,Production,85.0,87.0,67.0,84.0,82.0,81.0,82.0,94.0,95.0,110.0,145.0,141.0,133.0,131.0,140.0,151.0,161.0,171.0
1668,Madagascar,Alcoholic Beverages,Import,0.0,1.0,1.0,2.0,1.0,6.0,7.0,8.0,9.0,9.0,9.0,10.0,9.0,11.0,13.0,17.0,17.0,17.0
1669,Madagascar,Alcoholic Beverages,Stock Variation,0.0,0.0,0.0,0.0,0.0,0.0,0.0,0.0,0.0,0.0,0.0,0.0,0.0,0.0,0.0,0.0,0.0,0.0
1670,Madagascar,Alcoholic Beverages,Export,0.0,0.0,0.0,0.0,0.0,1.0,0.0,0.0,0.0,1.0,2.0,1.0,1.0,2.0,2.0,3.0,1.0,1.0
1671,Madagascar,Alcoholic Beverages,Domestic supply,86.0,88.0,67.0,86.0,83.0,86.0,89.0,102.0,103.0,118.0,152.0,150.0,141.0,141.0,152.0,165.0,176.0,187.0
1672,Madagascar,Alcoholic Beverages,Feed,0.0,0.0,0.0,0.0,0.0,0.0,0.0,0.0,0.0,0.0,0.0,0.0,0.0,0.0,0.0,0.0,0.0,0.0
1673,Madagascar,Alcoholic Beverages,Seed,0.0,0.0,0.0,0.0,0.0,0.0,0.0,0.0,0.0,0.0,0.0,0.0,0.0,0.0,0.0,0.0,0.0,0.0
1674,Madagascar,Alcoholic Beverages,Losses,0.0,0.0,0.0,0.0,0.0,0.0,0.0,0.0,0.0,0.0,0.0,0.0,0.0,0.0,0.0,0.0,0.0,0.0
1675,Madagascar,Alcoholic Beverages,Processing,0.0,0.0,0.0,0.0,0.0,0.0,0.0,0.0,0.0,0.0,0.0,0.0,0.0,0.0,0.0,0.0,0.0,0.0
1676,Madagascar,Alcoholic Beverages,Other uses (non-food),0.0,0.0,0.0,1.0,0.0,5.0,6.0,7.0,8.0,7.0,6.0,8.0,7.0,8.0,11.0,14.0,15.0,15.0
1677,Madagascar,Alcoholic Beverages,Human Consumption,85.0,88.0,67.0,85.0,83.0,81.0,83.0,95.0,96.0,110.0,146.0,142.0,134.0,133.0,141.0,151.0,161.0,172.0
1678,Madagascar,Spices,Production,19.0,19.0,19.0,27.0,29.0,23.0,23.0,23.0,24.0,23.0,23.0,33.0,35.0,35.0,34.0,37.0,37.0,35.0
1679,Madagascar,Spices,Import,0.0,0.0,0.0,0.0,0.0,0.0,0.0,0.0,0.0,0.0,0.0,0.0,1.0,1.0,0.0,0.0,0.0,0.0
1680,Madagascar,Spices,Stock Variation,4.0,8.0,-4.0,-1.0,-3.0,-3.0,1.0,6.0,-1.0,7.0,-1.0,1.0,0.0,0.0,3.0,-4.0,-3.0,-17.0
1681,Madagascar,Spices,Export,16.0,19.0,8.0,18.0,15.0,10.0,14.0,20.0,13.0,21.0,13.0,28.0,23.0,17.0,20.0,29.0,28.0,39.0
1682,Madagascar,Spices,Domestic supply,7.0,7.0,7.0,8.0,11.0,10.0,10.0,9.0,10.0,9.0,9.0,6.0,13.0,19.0,11.0,12.0,13.0,12.0
1683,Madagascar,Spices,Feed,0.0,0.0,0.0,0.0,0.0,0.0,0.0,0.0,0.0,0.0,0.0,0.0,0.0,0.0,0.0,0.0,0.0,0.0
1684,Madagascar,Animal fats,Losses,0.0,0.0,0.0,0.0,0.0,0.0,0.0,0.0,0.0,0.0,0.0,0.0,0.0,0.0,0.0,0.0,0.0,0.0
1685,Madagascar,Miscellaneous,Export,0.0,0.0,0.0,0.0,0.0,0.0,0.0,0.0,0.0,0.0,0.0,0.0,0.0,0.0,1.0,2.0,2.0,2.0
1686,Madagascar,Miscellaneous,Stock Variation,0.0,0.0,0.0,0.0,0.0,0.0,0.0,0.0,0.0,0.0,0.0,0.0,0.0,0.0,0.0,0.0,0.0,0.0
1687,Madagascar,Spices,Seed,0.0,0.0,0.0,0.0,0.0,0.0,0.0,0.0,0.0,0.0,0.0,0.0,0.0,0.0,0.0,0.0,0.0,0.0
1688,Madagascar,Miscellaneous,Production,0.0,0.0,0.0,0.0,0.0,0.0,0.0,0.0,0.0,0.0,0.0,0.0,0.0,0.0,0.0,0.0,0.0,0.0
1689,Madagascar,Miscellaneous,Import,0.0,0.0,0.0,0.0,0.0,0.0,0.0,0.0,0.0,0.0,0.0,0.0,0.0,0.0,11.0,12.0,13.0,19.0
1690,Madagascar,Animal fats,Other uses (non-food),8.0,4.0,2.0,6.0,1.0,9.0,13.0,7.0,7.0,9.0,4.0,3.0,4.0,2.0,0.0,0.0,0.0,0.0
1691,Madagascar,Animal fats,Human Consumption,5.0,5.0,5.0,5.0,6.0,7.0,7.0,7.0,8.0,9.0,11.0,11.0,10.0,10.0,9.0,9.0,9.0,9.0
1692,Madagascar,Offals,Production,36.0,30.0,29.0,30.0,30.0,34.0,35.0,35.0,39.0,39.0,41.0,42.0,43.0,43.0,43.0,43.0,44.0,44.0
1693,Madagascar,Offals,Import,0.0,0.0,0.0,0.0,0.0,0.0,0.0,0.0,0.0,0.0,0.0,0.0,0.0,0.0,0.0,0.0,0.0,0.0
1694,Madagascar,Offals,Stock Variation,0.0,0.0,0.0,0.0,0.0,0.0,0.0,0.0,0.0,0.0,0.0,0.0,0.0,0.0,0.0,0.0,0.0,0.0
1695,Madagascar,Offals,Export,0.0,0.0,0.0,0.0,0.0,0.0,0.0,0.0,0.0,0.0,0.0,0.0,0.0,0.0,0.0,0.0,0.0,0.0
1696,Madagascar,Offals,Domestic supply,36.0,30.0,29.0,30.0,30.0,34.0,35.0,35.0,39.0,39.0,41.0,42.0,44.0,44.0,43.0,43.0,44.0,43.0
1697,Madagascar,Offals,Seed,0.0,0.0,0.0,0.0,0.0,0.0,0.0,0.0,0.0,0.0,0.0,0.0,0.0,0.0,0.0,0.0,0.0,0.0
1698,Madagascar,Offals,Losses,0.0,0.0,0.0,0.0,0.0,0.0,0.0,0.0,0.0,0.0,0.0,0.0,0.0,0.0,2.0,2.0,2.0,0.0
1699,Madagascar,Offals,Processing,0.0,0.0,0.0,0.0,0.0,0.0,0.0,0.0,0.0,0.0,0.0,0.0,0.0,0.0,0.0,0.0,0.0,0.0
1700,Madagascar,Offals,Other uses (non-food),0.0,0.0,0.0,0.0,0.0,0.0,0.0,0.0,0.0,0.0,0.0,0.0,0.0,0.0,0.0,0.0,0.0,0.0
1701,Madagascar,Offals,Feed,0.0,0.0,0.0,0.0,0.0,0.0,0.0,0.0,0.0,0.0,0.0,0.0,0.0,0.0,0.0,0.0,0.0,0.0
1702,Madagascar,Meat,Production,245.0,218.0,215.0,222.0,226.0,267.0,271.0,273.0,293.0,298.0,307.0,316.0,324.0,324.0,324.0,324.0,336.0,334.0
1703,Madagascar,Meat,Human Consumption,246.0,218.0,215.0,222.0,226.0,258.0,277.0,283.0,294.0,298.0,308.0,317.0,325.0,324.0,305.0,305.0,315.0,316.0
1704,Madagascar,Offals,Human Consumption,36.0,30.0,29.0,30.0,30.0,34.0,35.0,35.0,39.0,39.0,41.0,42.0,44.0,44.0,42.0,41.0,42.0,43.0
1705,Madagascar,Meat,Processing,0.0,0.0,0.0,0.0,0.0,0.0,0.0,0.0,0.0,0.0,0.0,0.0,0.0,0.0,5.0,5.0,7.0,6.0
1706,Madagascar,Meat,Losses,0.0,0.0,0.0,0.0,0.0,0.0,0.0,0.0,0.0,0.0,0.0,0.0,0.0,0.0,14.0,14.0,15.0,15.0
1707,Madagascar,Meat,Seed,0.0,0.0,0.0,0.0,0.0,0.0,0.0,0.0,0.0,0.0,0.0,0.0,0.0,0.0,0.0,0.0,0.0,0.0
1708,Madagascar,Meat,Feed,0.0,0.0,0.0,0.0,0.0,0.0,0.0,0.0,0.0,0.0,0.0,0.0,0.0,0.0,0.0,0.0,0.0,0.0
1709,Madagascar,Meat,Other uses (non-food),0.0,0.0,0.0,0.0,0.0,0.0,0.0,0.0,0.0,0.0,0.0,0.0,0.0,0.0,1.0,2.0,3.0,0.0
1710,Madagascar,Meat,Export,0.0,0.0,0.0,0.0,0.0,0.0,0.0,0.0,0.0,0.0,0.0,0.0,0.0,0.0,2.0,1.0,2.0,0.0
1711,Madagascar,Meat,Stock Variation,0.0,0.0,0.0,0.0,0.0,-10.0,5.0,10.0,0.0,0.0,0.0,0.0,0.0,0.0,-1.0,-2.0,-2.0,-2.0
1712,Madagascar,Meat,Import,0.0,0.0,0.0,0.0,0.0,0.0,0.0,0.0,1.0,0.0,1.0,1.0,1.0,0.0,0.0,0.0,0.0,0.0
1713,Madagascar,Meat,Domestic supply,246.0,218.0,215.0,222.0,226.0,258.0,277.0,283.0,294.0,298.0,308.0,317.0,325.0,324.0,324.0,325.0,336.0,336.0
1714,Malawi,Vegetable Oils,Feed,0.0,0.0,0.0,0.0,0.0,0.0,0.0,0.0,0.0,0.0,0.0,0.0,0.0,0.0,0.0,0.0,0.0,0.0
1715,Malawi,Vegetables,Processing,0.0,0.0,0.0,0.0,0.0,0.0,0.0,0.0,0.0,0.0,0.0,0.0,0.0,0.0,0.0,0.0,0.0,0.0
1716,Malawi,Vegetables,Other uses (non-food),0.0,0.0,0.0,0.0,0.0,0.0,0.0,0.0,0.0,0.0,0.0,0.0,0.0,0.0,0.0,0.0,0.0,0.0
1717,Malawi,Vegetables,Human Consumption,249.0,259.0,270.0,285.0,292.0,299.0,306.0,311.0,242.0,284.0,333.0,344.0,353.0,358.0,701.0,683.0,644.0,958.0
1718,Malawi,Vegetable Oils,Production,18.0,18.0,18.0,17.0,18.0,16.0,20.0,24.0,31.0,32.0,28.0,30.0,51.0,53.0,65.0,66.0,64.0,65.0
1719,Malawi,Vegetable Oils,Import,8.0,23.0,23.0,23.0,15.0,15.0,15.0,35.0,30.0,35.0,35.0,36.0,30.0,35.0,17.0,16.0,17.0,16.0
1720,Malawi,Vegetable Oils,Stock Variation,3.0,-2.0,0.0,3.0,7.0,6.0,5.0,-14.0,0.0,0.0,0.0,0.0,-18.0,-13.0,19.0,20.0,19.0,19.0
1721,Malawi,Vegetable Oils,Export,0.0,0.0,1.0,0.0,0.0,0.0,0.0,1.0,0.0,4.0,1.0,0.0,0.0,0.0,1.0,0.0,0.0,0.0
1722,Malawi,Vegetable Oils,Domestic supply,30.0,39.0,40.0,43.0,39.0,37.0,40.0,44.0,60.0,62.0,62.0,66.0,63.0,75.0,61.0,63.0,62.0,62.0
1723,Malawi,Vegetables,Losses,26.0,27.0,28.0,29.0,30.0,30.0,31.0,31.0,24.0,29.0,34.0,35.0,36.0,37.0,109.0,107.0,101.0,167.0
1724,Malawi,Vegetable Oils,Seed,0.0,0.0,0.0,0.0,0.0,0.0,0.0,0.0,0.0,0.0,0.0,0.0,0.0,0.0,0.0,0.0,0.0,0.0
1725,Malawi,Sugar & Sweeteners,Losses,0.0,0.0,0.0,0.0,0.0,0.0,0.0,0.0,0.0,0.0,0.0,0.0,0.0,0.0,0.0,0.0,0.0,0.0
1726,Malawi,Sugar Crops,Human Consumption,0.0,0.0,0.0,0.0,0.0,0.0,0.0,0.0,0.0,0.0,0.0,0.0,0.0,0.0,0.0,0.0,0.0,0.0
1727,Malawi,Vegetable Oils,Other uses (non-food),4.0,4.0,3.0,5.0,6.0,4.0,6.0,8.0,9.0,7.0,14.0,13.0,12.0,24.0,12.0,12.0,12.0,13.0
1728,Malawi,Vegetable Oils,Human Consumption,26.0,35.0,36.0,38.0,33.0,33.0,34.0,37.0,51.0,55.0,48.0,52.0,51.0,51.0,49.0,50.0,50.0,49.0
1729,Malawi,Sugar & Sweeteners,Production,207.0,216.0,251.0,260.0,222.0,272.0,273.0,280.0,310.0,289.0,281.0,288.0,300.0,309.0,297.0,292.0,271.0,242.0
1730,Malawi,Sugar & Sweeteners,Import,8.0,7.0,2.0,2.0,2.0,1.0,2.0,2.0,2.0,3.0,2.0,2.0,1.0,3.0,12.0,11.0,9.0,13.0
1731,Malawi,Sugar & Sweeteners,Stock Variation,-38.0,53.0,-24.0,67.0,39.0,-41.0,-29.0,5.0,-43.0,0.0,0.0,130.0,0.0,0.0,49.0,22.0,22.0,38.0
1732,Malawi,Sugar & Sweeteners,Export,48.0,135.0,82.0,177.0,106.0,71.0,78.0,115.0,78.0,119.0,98.0,297.0,115.0,176.0,112.0,154.0,129.0,62.0
1733,Malawi,Sugar & Sweeteners,Domestic supply,129.0,141.0,146.0,152.0,157.0,161.0,167.0,173.0,190.0,172.0,185.0,124.0,186.0,135.0,148.0,128.0,129.0,155.0
1734,Malawi,Sugar & Sweeteners,Feed,0.0,0.0,0.0,0.0,0.0,0.0,0.0,0.0,0.0,0.0,0.0,0.0,0.0,0.0,0.0,0.0,0.0,0.0
1735,Malawi,Sugar & Sweeteners,Seed,0.0,0.0,0.0,0.0,0.0,0.0,0.0,0.0,0.0,0.0,0.0,0.0,0.0,0.0,0.0,0.0,0.0,0.0
1736,Malawi,Sugar & Sweeteners,Processing,0.0,0.0,0.0,0.0,0.0,0.0,0.0,0.0,0.0,0.0,0.0,0.0,0.0,0.0,0.0,0.0,0.0,0.0
1737,Malawi,Vegetable Oils,Losses,0.0,0.0,0.0,0.0,0.0,0.0,0.0,0.0,0.0,0.0,0.0,0.0,0.0,0.0,0.0,0.0,0.0,0.0
1738,Malawi,Vegetables,Seed,0.0,0.0,0.0,0.0,0.0,0.0,0.0,0.0,0.0,0.0,0.0,0.0,0.0,0.0,0.0,0.0,0.0,0.0
1739,Malawi,Fruits - Excluding Wine,Domestic supply,756.0,765.0,826.0,881.0,938.0,944.0,988.0,1010.0,1032.0,1073.0,1067.0,1060.0,1093.0,1131.0,2943.0,2986.0,2947.0,3146.0
1740,Malawi,Vegetables,Domestic supply,275.0,286.0,298.0,313.0,321.0,329.0,337.0,342.0,264.0,312.0,366.0,378.0,389.0,394.0,1153.0,1129.0,1063.0,1686.0
1741,Malawi,Stimulants,Import,0.0,0.0,1.0,1.0,0.0,0.0,1.0,1.0,1.0,1.0,1.0,1.0,1.0,1.0,0.0,0.0,0.0,0.0
1742,Malawi,Sugar & Sweeteners,Other uses (non-food),0.0,0.0,0.0,0.0,0.0,0.0,0.0,0.0,0.0,0.0,0.0,0.0,0.0,0.0,0.0,0.0,0.0,0.0
1743,Malawi,Stimulants,Stock Variation,0.0,2.0,3.0,-5.0,-1.0,7.0,-9.0,10.0,0.0,0.0,0.0,0.0,0.0,0.0,6.0,0.0,0.0,-2.0
1744,Malawi,Stimulants,Export,46.0,43.0,45.0,39.0,49.0,46.0,30.0,56.0,31.0,48.0,51.0,48.0,36.0,44.0,41.0,40.0,42.0,47.0
1745,Malawi,Stimulants,Domestic supply,0.0,1.0,1.0,1.0,2.0,1.0,8.0,4.0,12.0,11.0,5.0,4.0,13.0,9.0,8.0,16.0,14.0,12.0
1746,Malawi,Stimulants,Feed,0.0,0.0,0.0,0.0,0.0,0.0,0.0,0.0,0.0,0.0,0.0,0.0,0.0,0.0,0.0,0.0,0.0,0.0
1747,Malawi,Stimulants,Seed,0.0,0.0,0.0,0.0,0.0,0.0,0.0,0.0,0.0,0.0,0.0,0.0,0.0,0.0,0.0,0.0,0.0,0.0
1748,Malawi,Stimulants,Losses,0.0,0.0,0.0,0.0,0.0,0.0,0.0,0.0,0.0,0.0,0.0,0.0,0.0,0.0,3.0,3.0,3.0,3.0
1749,Malawi,Stimulants,Processing,0.0,0.0,0.0,0.0,0.0,0.0,0.0,0.0,0.0,0.0,0.0,0.0,0.0,0.0,0.0,0.0,0.0,0.0
1750,Malawi,Stimulants,Other uses (non-food),0.0,0.0,0.0,0.0,0.0,0.0,0.0,0.0,0.0,0.0,0.0,0.0,0.0,0.0,0.0,0.0,0.0,0.0
1751,Malawi,Stimulants,Human Consumption,0.0,1.0,1.0,1.0,2.0,1.0,8.0,4.0,12.0,11.0,5.0,5.0,13.0,9.0,5.0,13.0,11.0,9.0
1752,Malawi,Fruits - Excluding Wine,Production,755.0,764.0,822.0,879.0,936.0,942.0,986.0,1005.0,1028.0,1063.0,1061.0,1054.0,1089.0,1121.0,2940.0,2983.0,2938.0,3133.0
1753,Malawi,Fruits - Excluding Wine,Import,0.0,2.0,4.0,3.0,2.0,4.0,5.0,5.0,5.0,10.0,6.0,7.0,6.0,11.0,4.0,3.0,11.0,14.0
1754,Malawi,Fruits - Excluding Wine,Stock Variation,0.0,0.0,0.0,0.0,0.0,-1.0,-2.0,0.0,0.0,0.0,0.0,0.0,2.0,0.0,0.0,0.0,0.0,0.0
1755,Malawi,Fruits - Excluding Wine,Export,0.0,1.0,0.0,1.0,1.0,1.0,1.0,0.0,1.0,0.0,0.0,1.0,4.0,1.0,1.0,0.0,1.0,1.0
1756,Malawi,Fruits - Excluding Wine,Feed,0.0,0.0,0.0,0.0,0.0,0.0,0.0,0.0,0.0,0.0,0.0,0.0,0.0,0.0,752.0,762.0,746.0,772.0
1757,Malawi,Fruits - Excluding Wine,Seed,0.0,0.0,0.0,0.0,0.0,0.0,0.0,0.0,0.0,0.0,0.0,0.0,0.0,0.0,0.0,0.0,0.0,0.0
1758,Malawi,Fruits - Excluding Wine,Losses,75.0,76.0,82.0,88.0,93.0,94.0,98.0,100.0,103.0,106.0,106.0,105.0,109.0,112.0,312.0,317.0,312.0,333.0
1759,Malawi,Fruits - Excluding Wine,Processing,0.0,0.0,0.0,0.0,0.0,0.0,0.0,0.0,0.0,0.0,0.0,0.0,0.0,0.0,0.0,0.0,0.0,0.0
1760,Malawi,Fruits - Excluding Wine,Other uses (non-food),0.0,0.0,0.0,0.0,0.0,0.0,0.0,0.0,0.0,0.0,0.0,0.0,0.0,0.0,0.0,0.0,0.0,0.0
1761,Malawi,Fruits - Excluding Wine,Human Consumption,680.0,689.0,744.0,794.0,844.0,850.0,889.0,909.0,930.0,967.0,961.0,955.0,985.0,1020.0,1879.0,1907.0,1889.0,2041.0
1762,Malawi,Vegetables,Production,275.0,285.0,297.0,313.0,321.0,329.0,337.0,343.0,265.0,312.0,364.0,379.0,388.0,397.0,1154.0,1128.0,1062.0,1685.0
1763,Malawi,Vegetables,Import,0.0,1.0,1.0,2.0,0.0,0.0,1.0,2.0,1.0,2.0,4.0,2.0,2.0,2.0,2.0,1.0,1.0,1.0
1764,Malawi,Vegetables,Stock Variation,0.0,0.0,0.0,-1.0,0.0,0.0,0.0,1.0,0.0,0.0,-1.0,0.0,0.0,1.0,0.0,0.0,0.0,0.0
1765,Malawi,Vegetables,Export,0.0,0.0,1.0,1.0,1.0,1.0,0.0,4.0,2.0,2.0,2.0,4.0,1.0,5.0,3.0,0.0,0.0,0.0
1766,Malawi,Vegetables,Feed,0.0,0.0,0.0,0.0,0.0,0.0,0.0,0.0,0.0,0.0,0.0,0.0,0.0,0.0,346.0,339.0,318.0,561.0
1767,Malawi,Sugar & Sweeteners,Human Consumption,129.0,141.0,147.0,152.0,157.0,161.0,167.0,173.0,190.0,172.0,185.0,124.0,186.0,135.0,148.0,132.0,133.0,154.0
1768,Malawi,Oilcrops,Domestic supply,117.0,127.0,146.0,176.0,189.0,175.0,218.0,236.0,282.0,314.0,289.0,327.0,446.0,462.0,549.0,468.0,460.0,575.0
1769,Malawi,Pulses,Import,0.0,0.0,2.0,8.0,3.0,11.0,5.0,3.0,5.0,1.0,0.0,0.0,5.0,1.0,3.0,3.0,9.0,0.0
1770,Malawi,Oilcrops,Other uses (non-food),0.0,0.0,0.0,0.0,0.0,0.0,0.0,0.0,0.0,0.0,0.0,0.0,0.0,0.0,0.0,0.0,0.0,0.0
1771,Malawi,Oilcrops,Human Consumption,31.0,41.0,53.0,55.0,54.0,61.0,70.0,96.0,96.0,112.0,106.0,115.0,96.0,110.0,117.0,120.0,124.0,131.0
1772,Malawi,Starchy Roots,Production,4832.0,6215.0,2944.0,3620.0,4715.0,3684.0,5142.0,6098.0,6485.0,7251.0,7675.0,7873.0,8845.0,9350.0,10337.0,10404.0,10504.0,11660.0
1773,Malawi,Starchy Roots,Import,0.0,0.0,1.0,0.0,0.0,1.0,1.0,2.0,0.0,0.0,0.0,0.0,1.0,0.0,1.0,1.0,1.0,1.0
1774,Malawi,Starchy Roots,Stock Variation,0.0,-150.0,88.0,25.0,0.0,62.0,0.0,0.0,0.0,-62.0,-62.0,0.0,0.0,0.0,-58.0,-141.0,-180.0,-237.0
1775,Malawi,Starchy Roots,Export,1.0,1.0,0.0,0.0,0.0,0.0,1.0,1.0,0.0,1.0,1.0,1.0,1.0,1.0,0.0,0.0,0.0,0.0
1776,Malawi,Starchy Roots,Domestic supply,4832.0,6064.0,3033.0,3645.0,4715.0,3747.0,5142.0,6100.0,6485.0,7189.0,7612.0,7873.0,8845.0,9349.0,10396.0,10546.0,10685.0,11897.0
1777,Malawi,Starchy Roots,Feed,1610.0,2180.0,540.0,870.0,1720.0,970.0,1690.0,2000.0,2220.0,2450.0,2650.0,2720.0,3200.0,3330.0,3766.0,3841.0,3778.0,3823.0
1778,Malawi,Starchy Roots,Seed,169.0,89.0,115.0,144.0,132.0,138.0,151.0,164.0,169.0,183.0,181.0,193.0,207.0,207.0,261.0,269.0,275.0,335.0
1779,Malawi,Starchy Roots,Losses,586.0,748.0,371.0,463.0,567.0,443.0,626.0,829.0,849.0,914.0,1051.0,961.0,1015.0,1134.0,754.0,760.0,766.0,853.0
1780,Malawi,Starchy Roots,Processing,0.0,0.0,0.0,0.0,0.0,0.0,0.0,0.0,0.0,0.0,0.0,0.0,0.0,0.0,1750.0,1400.0,1450.0,2000.0
1781,Malawi,Oilcrops,Processing,67.0,64.0,69.0,58.0,65.0,53.0,72.0,74.0,116.0,121.0,101.0,110.0,239.0,227.0,266.0,209.0,190.0,271.0
1782,Malawi,Starchy Roots,Other uses (non-food),336.0,770.0,35.0,188.0,273.0,37.0,231.0,500.0,629.0,840.0,900.0,885.0,1163.0,1270.0,0.0,0.0,0.0,0.0
1783,Malawi,Sugar Crops,Production,2100.0,2200.0,2600.0,2100.0,2100.0,2400.0,2450.0,2500.0,2750.0,2600.0,2500.0,2500.0,2800.0,2900.0,2872.0,2890.0,2907.0,2964.0
1784,Malawi,Sugar Crops,Import,0.0,0.0,0.0,0.0,0.0,0.0,0.0,0.0,0.0,0.0,0.0,0.0,0.0,0.0,0.0,0.0,0.0,0.0
1785,Malawi,Sugar Crops,Stock Variation,0.0,0.0,0.0,0.0,0.0,0.0,0.0,0.0,0.0,0.0,0.0,0.0,0.0,0.0,-54.0,0.0,0.0,0.0
1786,Malawi,Sugar Crops,Export,0.0,0.0,0.0,0.0,0.0,0.0,0.0,0.0,0.0,0.0,0.0,0.0,0.0,0.0,0.0,0.0,0.0,0.0
1787,Malawi,Sugar Crops,Domestic supply,2100.0,2200.0,2600.0,2100.0,2100.0,2400.0,2450.0,2500.0,2750.0,2600.0,2500.0,2500.0,2800.0,2900.0,2926.0,2890.0,2907.0,2964.0
1788,Malawi,Sugar Crops,Feed,0.0,0.0,0.0,0.0,0.0,0.0,0.0,0.0,0.0,0.0,0.0,0.0,0.0,0.0,0.0,10.0,223.0,550.0
1789,Malawi,Sugar Crops,Seed,0.0,0.0,0.0,0.0,0.0,0.0,0.0,0.0,0.0,0.0,0.0,0.0,0.0,0.0,0.0,0.0,0.0,0.0
1790,Malawi,Sugar Crops,Losses,0.0,0.0,0.0,0.0,0.0,0.0,0.0,0.0,0.0,0.0,0.0,0.0,0.0,0.0,154.0,155.0,155.0,159.0
1791,Malawi,Sugar Crops,Processing,2100.0,2200.0,2600.0,2100.0,2100.0,2400.0,2450.0,2500.0,2750.0,2600.0,2500.0,2500.0,2800.0,2900.0,2773.0,2726.0,2528.0,2255.0
1792,Malawi,Sugar Crops,Other uses (non-food),0.0,0.0,0.0,0.0,0.0,0.0,0.0,0.0,0.0,0.0,0.0,0.0,0.0,0.0,0.0,0.0,0.0,0.0
1793,Malawi,Stimulants,Production,46.0,41.0,42.0,44.0,52.0,39.0,47.0,50.0,43.0,58.0,56.0,51.0,48.0,52.0,55.0,55.0,55.0,57.0
1794,Malawi,Starchy Roots,Human Consumption,2131.0,2278.0,1972.0,1979.0,2024.0,2158.0,2444.0,2607.0,2618.0,2802.0,2830.0,3113.0,3260.0,3409.0,3863.0,4276.0,4416.0,4887.0
1795,Malawi,Pulses,Production,250.0,332.0,317.0,360.0,285.0,251.0,364.0,408.0,387.0,442.0,444.0,543.0,545.0,604.0,642.0,650.0,640.0,748.0
1796,Malawi,Oilcrops,Losses,8.0,10.0,10.0,16.0,16.0,15.0,18.0,21.0,20.0,22.0,23.0,25.0,29.0,31.0,63.0,55.0,56.0,41.0
1797,Malawi,Oilcrops,Feed,0.0,0.0,0.0,31.0,36.0,29.0,39.0,25.0,30.0,38.0,36.0,47.0,50.0,61.0,58.0,58.0,63.0,96.0
1798,Malawi,Pulses,Stock Variation,12.0,-29.0,-11.0,-36.0,16.0,32.0,-30.0,-29.0,1.0,-68.0,0.0,-15.0,-35.0,-70.0,84.0,35.0,73.0,147.0
1799,Malawi,Pulses,Export,2.0,10.0,11.0,18.0,18.0,8.0,18.0,29.0,42.0,35.0,36.0,62.0,95.0,44.0,26.0,52.0,53.0,29.0
1800,Malawi,Pulses,Domestic supply,260.0,293.0,297.0,315.0,285.0,286.0,321.0,353.0,352.0,341.0,408.0,467.0,420.0,491.0,536.0,567.0,522.0,573.0
1801,Malawi,Pulses,Feed,47.0,56.0,53.0,61.0,49.0,48.0,60.0,68.0,64.0,74.0,74.0,88.0,90.0,101.0,121.0,154.0,118.0,134.0
1802,Malawi,Pulses,Seed,39.0,39.0,42.0,38.0,43.0,42.0,43.0,44.0,44.0,48.0,49.0,50.0,52.0,52.0,45.0,42.0,37.0,59.0
1803,Malawi,Pulses,Losses,27.0,32.0,31.0,35.0,28.0,28.0,35.0,39.0,37.0,43.0,42.0,62.0,88.0,94.0,90.0,87.0,81.0,94.0
1804,Malawi,Pulses,Processing,0.0,0.0,0.0,0.0,0.0,0.0,0.0,0.0,0.0,0.0,0.0,0.0,0.0,0.0,0.0,0.0,0.0,1.0
1805,Malawi,Pulses,Other uses (non-food),0.0,0.0,0.0,0.0,0.0,0.0,0.0,0.0,0.0,0.0,0.0,0.0,0.0,0.0,0.0,0.0,0.0,0.0
1806,Malawi,Pulses,Human Consumption,149.0,166.0,172.0,180.0,165.0,167.0,183.0,203.0,207.0,176.0,250.0,268.0,250.0,246.0,280.0,284.0,287.0,285.0
1807,Malawi,Treenuts,Production,2.0,2.0,2.0,3.0,3.0,3.0,3.0,3.0,4.0,3.0,3.0,3.0,3.0,3.0,30.0,30.0,31.0,32.0
1808,Malawi,Treenuts,Import,0.0,0.0,0.0,0.0,0.0,0.0,0.0,0.0,0.0,0.0,0.0,0.0,0.0,0.0,0.0,0.0,0.0,0.0
1809,Malawi,Oilcrops,Seed,12.0,13.0,14.0,16.0,19.0,18.0,19.0,20.0,21.0,21.0,22.0,30.0,32.0,32.0,46.0,26.0,27.0,35.0
1810,Malawi,Treenuts,Stock Variation,0.0,0.0,0.0,0.0,0.0,0.0,0.0,0.0,0.0,0.0,0.0,0.0,0.0,0.0,0.0,0.0,0.0,0.0
1811,Malawi,Treenuts,Domestic supply,2.0,1.0,1.0,2.0,0.0,1.0,2.0,1.0,2.0,1.0,1.0,0.0,2.0,2.0,28.0,28.0,29.0,30.0
1812,Malawi,Treenuts,Feed,0.0,0.0,0.0,0.0,0.0,0.0,0.0,0.0,0.0,0.0,0.0,0.0,0.0,0.0,0.0,0.0,0.0,0.0
1813,Malawi,Treenuts,Seed,0.0,0.0,0.0,0.0,0.0,0.0,0.0,0.0,0.0,0.0,0.0,0.0,0.0,0.0,0.0,0.0,0.0,0.0
1814,Malawi,Treenuts,Losses,0.0,0.0,0.0,0.0,0.0,0.0,0.0,0.0,0.0,0.0,0.0,0.0,0.0,0.0,26.0,26.0,26.0,26.0
1815,Malawi,Treenuts,Processing,0.0,0.0,0.0,0.0,0.0,0.0,0.0,0.0,0.0,0.0,0.0,0.0,0.0,0.0,0.0,0.0,0.0,0.0
1816,Malawi,Treenuts,Other uses (non-food),0.0,0.0,0.0,0.0,0.0,0.0,0.0,0.0,0.0,0.0,0.0,0.0,0.0,0.0,0.0,0.0,0.0,0.0
1817,Malawi,Treenuts,Human Consumption,2.0,1.0,1.0,2.0,0.0,1.0,2.0,2.0,2.0,2.0,1.0,0.0,2.0,2.0,2.0,2.0,3.0,4.0
1818,Malawi,Oilcrops,Production,114.0,139.0,144.0,207.0,197.0,177.0,245.0,304.0,292.0,338.0,313.0,352.0,539.0,498.0,681.0,467.0,478.0,676.0
1819,Malawi,Oilcrops,Import,6.0,1.0,13.0,15.0,1.0,5.0,9.0,3.0,17.0,17.0,19.0,23.0,10.0,41.0,17.0,2.0,11.0,1.0
1820,Malawi,Oilcrops,Stock Variation,0.0,-7.0,-6.0,-24.0,25.0,24.0,-6.0,11.0,-5.0,-4.0,17.0,-1.0,0.0,0.0,62.0,-26.0,-7.0,43.0
1821,Malawi,Oilcrops,Export,3.0,6.0,5.0,23.0,34.0,31.0,29.0,82.0,23.0,36.0,60.0,46.0,103.0,77.0,87.0,27.0,36.0,59.0
1822,Malawi,Treenuts,Export,0.0,1.0,1.0,1.0,2.0,2.0,1.0,2.0,1.0,2.0,2.0,3.0,1.0,2.0,2.0,2.0,1.0,2.0
1823,Malawi,Spices,Human Consumption,2.0,3.0,2.0,3.0,4.0,3.0,4.0,5.0,5.0,4.0,3.0,4.0,4.0,3.0,3.0,4.0,3.0,3.0
1824,Malawi,Vegetable Oils,Processing,0.0,0.0,0.0,0.0,0.0,0.0,0.0,0.0,0.0,0.0,0.0,0.0,0.0,0.0,0.0,0.0,0.0,0.0
1825,Malawi,Spices,Processing,0.0,0.0,0.0,0.0,0.0,0.0,0.0,0.0,0.0,0.0,0.0,0.0,0.0,0.0,0.0,0.0,0.0,0.0
1826,Malawi,Eggs,Feed,0.0,0.0,0.0,0.0,0.0,0.0,0.0,0.0,0.0,0.0,0.0,0.0,0.0,0.0,0.0,0.0,0.0,0.0
1827,Malawi,Eggs,Seed,1.0,1.0,1.0,1.0,1.0,1.0,1.0,1.0,2.0,2.0,2.0,2.0,2.0,2.0,2.0,2.0,2.0,2.0
1828,Malawi,Eggs,Losses,2.0,2.0,2.0,2.0,2.0,2.0,2.0,2.0,2.0,2.0,2.0,2.0,2.0,2.0,2.0,2.0,2.0,2.0
1829,Malawi,Eggs,Processing,0.0,0.0,0.0,0.0,0.0,0.0,0.0,0.0,0.0,0.0,0.0,0.0,0.0,0.0,0.0,0.0,0.0,0.0
1830,Malawi,Eggs,Other uses (non-food),0.0,0.0,0.0,0.0,0.0,0.0,0.0,0.0,0.0,0.0,0.0,0.0,0.0,0.0,0.0,0.0,0.0,0.0
1831,Malawi,Eggs,Human Consumption,17.0,17.0,18.0,18.0,18.0,18.0,17.0,16.0,16.0,16.0,16.0,17.0,18.0,18.0,18.0,18.0,19.0,20.0
1832,Malawi,Milk - Excluding Butter,Production,35.0,39.0,17.0,19.0,35.0,43.0,25.0,30.0,35.0,40.0,47.0,50.0,59.0,109.0,168.0,164.0,181.0,187.0
1833,Malawi,Milk - Excluding Butter,Import,8.0,12.0,21.0,20.0,13.0,35.0,14.0,23.0,29.0,34.0,35.0,31.0,12.0,28.0,1.0,1.0,1.0,1.0
1834,Malawi,Milk - Excluding Butter,Stock Variation,0.0,0.0,0.0,0.0,0.0,0.0,0.0,0.0,0.0,0.0,0.0,0.0,0.0,0.0,0.0,0.0,0.0,0.0
1835,Malawi,Milk - Excluding Butter,Export,0.0,0.0,0.0,0.0,0.0,0.0,0.0,0.0,0.0,0.0,6.0,7.0,4.0,5.0,1.0,0.0,0.0,0.0
1836,Malawi,Milk - Excluding Butter,Domestic supply,43.0,51.0,37.0,39.0,48.0,78.0,39.0,52.0,64.0,74.0,76.0,75.0,67.0,132.0,168.0,164.0,182.0,188.0
1837,Malawi,Eggs,Domestic supply,20.0,21.0,21.0,21.0,21.0,21.0,20.0,20.0,19.0,20.0,21.0,21.0,22.0,22.0,23.0,22.0,24.0,24.0
1838,Malawi,Milk - Excluding Butter,Feed,0.0,0.0,0.0,0.0,0.0,0.0,0.0,0.0,0.0,0.0,0.0,0.0,0.0,0.0,98.0,105.0,114.0,118.0
1839,Malawi,Milk - Excluding Butter,Losses,2.0,2.0,1.0,1.0,2.0,2.0,1.0,2.0,2.0,2.0,2.0,3.0,3.0,5.0,8.0,8.0,9.0,9.0
1840,Malawi,Milk - Excluding Butter,Processing,0.0,0.0,0.0,0.0,0.0,0.0,0.0,0.0,0.0,0.0,0.0,0.0,0.0,0.0,0.0,0.0,0.0,0.0
1841,Malawi,Milk - Excluding Butter,Other uses (non-food),0.0,1.0,0.0,0.0,0.0,1.0,0.0,0.0,0.0,0.0,0.0,0.0,0.0,0.0,0.0,0.0,0.0,0.0
1842,Malawi,Milk - Excluding Butter,Human Consumption,41.0,48.0,37.0,38.0,46.0,74.0,38.0,51.0,62.0,72.0,73.0,74.0,65.0,131.0,62.0,51.0,59.0,61.0
1843,Malawi,Animal fats,Production,2.0,2.0,3.0,2.0,3.0,4.0,4.0,6.0,7.0,8.0,10.0,11.0,12.0,14.0,14.0,13.0,18.0,20.0
1844,Malawi,Animal fats,Import,0.0,0.0,1.0,1.0,0.0,0.0,1.0,2.0,1.0,1.0,2.0,2.0,1.0,1.0,0.0,0.0,0.0,0.0
1845,Malawi,Animal fats,Stock Variation,0.0,0.0,0.0,0.0,0.0,0.0,0.0,0.0,0.0,0.0,0.0,0.0,0.0,0.0,0.0,0.0,0.0,0.0
1846,Malawi,Animal fats,Export,0.0,0.0,0.0,0.0,0.0,0.0,0.0,0.0,0.0,0.0,0.0,0.0,0.0,0.0,0.0,0.0,0.0,0.0
1847,Malawi,Animal fats,Domestic supply,2.0,2.0,4.0,3.0,4.0,4.0,5.0,7.0,8.0,10.0,12.0,13.0,13.0,14.0,14.0,13.0,18.0,20.0
1848,Malawi,Animal fats,Feed,0.0,0.0,0.0,0.0,0.0,0.0,0.0,0.0,0.0,0.0,0.0,0.0,0.0,0.0,0.0,0.0,0.0,0.0
1849,Malawi,Animal fats,Seed,0.0,0.0,0.0,0.0,0.0,0.0,0.0,0.0,0.0,0.0,0.0,0.0,0.0,0.0,0.0,0.0,0.0,0.0
1850,Malawi,Milk - Excluding Butter,Seed,0.0,0.0,0.0,0.0,0.0,0.0,0.0,0.0,0.0,0.0,0.0,0.0,0.0,0.0,0.0,0.0,0.0,0.0
1851,Malawi,Animal fats,Losses,0.0,0.0,0.0,0.0,0.0,0.0,0.0,0.0,0.0,0.0,0.0,0.0,0.0,0.0,0.0,0.0,0.0,0.0
1852,Malawi,Eggs,Export,0.0,0.0,0.0,0.0,0.0,0.0,0.0,0.0,1.0,0.0,0.0,0.0,0.0,1.0,1.0,2.0,0.0,0.0
1853,Malawi,Eggs,Import,0.0,1.0,1.0,1.0,1.0,1.0,1.0,0.0,0.0,0.0,0.0,0.0,0.0,0.0,0.0,0.0,0.0,0.0
1854,Malawi,Spices,Other uses (non-food),0.0,0.0,0.0,0.0,0.0,0.0,0.0,0.0,0.0,0.0,0.0,0.0,0.0,0.0,0.0,0.0,0.0,0.0
1855,Malawi,Cereals - Excluding Beer,Production,2607.0,1835.0,1680.0,2114.0,1701.0,1289.0,2756.0,3402.0,2808.0,3763.0,3574.0,3886.0,3796.0,3851.0,4247.0,3002.0,2532.0,3711.0
1856,Malawi,Cereals - Excluding Beer,Import,75.0,94.0,521.0,147.0,133.0,202.0,192.0,150.0,269.0,225.0,211.0,198.0,163.0,266.0,204.0,335.0,544.0,187.0
1857,Malawi,Cereals - Excluding Beer,Stock Variation,-387.0,289.0,21.0,41.0,506.0,871.0,-268.0,-359.0,-208.0,-876.0,-500.0,-300.0,0.0,0.0,854.0,28.0,-171.0,277.0
1858,Malawi,Cereals - Excluding Beer,Export,11.0,15.0,3.0,56.0,16.0,1.0,3.0,441.0,32.0,15.0,32.0,404.0,41.0,6.0,7.0,3.0,3.0,2.0
1859,Malawi,Cereals - Excluding Beer,Domestic supply,2284.0,2203.0,2218.0,2246.0,2324.0,2361.0,2677.0,2752.0,2837.0,3097.0,3253.0,3379.0,3918.0,4110.0,3589.0,3307.0,3243.0,3620.0
1860,Malawi,Cereals - Excluding Beer,Feed,253.0,163.0,164.0,164.0,163.0,123.0,335.0,385.0,355.0,454.0,554.0,555.0,505.0,516.0,112.0,114.0,116.0,273.0
1861,Malawi,Cereals - Excluding Beer,Seed,50.0,52.0,40.0,40.0,41.0,41.0,43.0,56.0,56.0,59.0,59.0,58.0,59.0,60.0,48.0,48.0,71.0,42.0
1862,Malawi,Cereals - Excluding Beer,Losses,224.0,223.0,228.0,222.0,229.0,228.0,233.0,246.0,271.0,382.0,362.0,399.0,973.0,1012.0,801.0,577.0,540.0,696.0
1863,Malawi,Cereals - Excluding Beer,Processing,32.0,30.0,32.0,34.0,35.0,36.0,50.0,53.0,50.0,50.0,50.0,57.0,53.0,63.0,58.0,57.0,46.0,50.0
1864,Malawi,Cereals - Excluding Beer,Human Consumption,1725.0,1734.0,1754.0,1786.0,1856.0,1931.0,2015.0,2041.0,2105.0,2156.0,2230.0,2326.0,2329.0,2458.0,2571.0,2511.0,2469.0,2558.0
1865,Malawi,Eggs,Stock Variation,0.0,0.0,0.0,0.0,0.0,0.0,0.0,0.0,0.0,0.0,0.0,0.0,0.0,0.0,0.0,0.0,0.0,0.0
1866,Malawi,"Aquatic Products, Other",Import,0.0,0.0,0.0,0.0,0.0,0.0,0.0,0.0,0.0,0.0,0.0,0.0,0.0,0.0,0.0,0.0,0.0,0.0
1867,Malawi,"Aquatic Products, Other",Other uses (non-food),0.0,0.0,0.0,0.0,0.0,0.0,0.0,0.0,0.0,0.0,0.0,0.0,0.0,0.0,0.0,0.0,0.0,0.0
1868,Malawi,"Aquatic Products, Other",Human Consumption,0.0,0.0,0.0,0.0,0.0,0.0,0.0,0.0,0.0,0.0,0.0,0.0,0.0,0.0,0.0,0.0,0.0,0.0
1869,Malawi,"Fish, Seafood",Production,51.0,41.0,42.0,54.0,57.0,60.0,74.0,68.0,72.0,71.0,101.0,85.0,129.0,116.0,121.0,147.0,160.0,160.0
1870,Malawi,"Fish, Seafood",Import,5.0,1.0,1.0,1.0,3.0,2.0,5.0,5.0,10.0,7.0,6.0,4.0,4.0,5.0,7.0,6.0,8.0,8.0
1871,Malawi,"Fish, Seafood",Stock Variation,0.0,0.0,0.0,0.0,0.0,0.0,0.0,0.0,0.0,0.0,0.0,0.0,0.0,0.0,0.0,0.0,0.0,0.0
1872,Malawi,"Fish, Seafood",Export,0.0,0.0,0.0,0.0,0.0,0.0,1.0,0.0,0.0,0.0,0.0,0.0,0.0,0.0,0.0,0.0,0.0,0.0
1873,Malawi,"Fish, Seafood",Domestic supply,55.0,43.0,43.0,55.0,60.0,62.0,79.0,73.0,82.0,78.0,107.0,89.0,133.0,121.0,127.0,153.0,168.0,168.0
1874,Malawi,"Fish, Seafood",Feed,1.0,1.0,1.0,0.0,2.0,1.0,1.0,1.0,3.0,3.0,2.0,1.0,1.0,1.0,1.0,0.0,0.0,0.0
1875,Malawi,"Fish, Seafood",Other uses (non-food),0.0,0.0,0.0,0.0,0.0,0.0,0.0,0.0,0.0,0.0,0.0,0.0,0.0,0.0,0.0,0.0,0.0,0.0
1876,Malawi,"Fish, Seafood",Human Consumption,54.0,42.0,42.0,55.0,59.0,61.0,78.0,72.0,80.0,75.0,105.0,88.0,131.0,120.0,127.0,153.0,168.0,168.0
1877,Malawi,Eggs,Production,20.0,20.0,20.0,20.0,20.0,20.0,20.0,20.0,20.0,20.0,21.0,21.0,22.0,23.0,24.0,23.0,23.0,24.0
1878,Malawi,"Aquatic Products, Other",Domestic supply,0.0,0.0,0.0,0.0,0.0,0.0,0.0,0.0,0.0,0.0,0.0,0.0,0.0,0.0,0.0,0.0,0.0,0.0
1879,Malawi,Animal fats,Processing,0.0,0.0,0.0,0.0,0.0,0.0,0.0,0.0,0.0,0.0,0.0,0.0,0.0,0.0,0.0,0.0,0.0,0.0
1880,Malawi,Cereals - Excluding Beer,Other uses (non-food),0.0,0.0,1.0,0.0,0.0,1.0,1.0,0.0,0.0,0.0,0.0,0.0,0.0,0.0,0.0,0.0,0.0,0.0
1881,Malawi,Animal fats,Human Consumption,2.0,2.0,3.0,3.0,4.0,4.0,5.0,7.0,8.0,10.0,12.0,12.0,13.0,14.0,14.0,13.0,18.0,20.0
1882,Malawi,Miscellaneous,Seed,0.0,0.0,0.0,0.0,0.0,0.0,0.0,0.0,0.0,0.0,0.0,0.0,0.0,0.0,0.0,0.0,0.0,0.0
1883,Malawi,Miscellaneous,Losses,0.0,0.0,0.0,0.0,0.0,0.0,0.0,0.0,0.0,0.0,0.0,0.0,0.0,0.0,0.0,0.0,0.0,0.0
1884,Malawi,Miscellaneous,Processing,0.0,0.0,0.0,0.0,0.0,0.0,0.0,0.0,0.0,0.0,0.0,0.0,0.0,0.0,0.0,0.0,0.0,0.0
1885,Malawi,Miscellaneous,Other uses (non-food),0.0,0.0,0.0,0.0,0.0,0.0,0.0,0.0,0.0,0.0,0.0,0.0,0.0,0.0,0.0,0.0,0.0,0.0
1886,Malawi,Miscellaneous,Human Consumption,0.0,0.0,0.0,1.0,0.0,0.0,0.0,0.0,0.0,0.0,0.0,0.0,0.0,0.0,8.0,8.0,7.0,10.0
1887,Malawi,Alcoholic Beverages,Production,162.0,156.0,163.0,172.0,176.0,183.0,253.0,268.0,253.0,250.0,252.0,289.0,268.0,319.0,315.0,316.0,267.0,281.0
1888,Malawi,Alcoholic Beverages,Import,0.0,1.0,1.0,1.0,2.0,1.0,1.0,1.0,1.0,2.0,2.0,1.0,5.0,4.0,7.0,6.0,6.0,5.0
1889,Malawi,Alcoholic Beverages,Stock Variation,0.0,0.0,0.0,0.0,0.0,0.0,0.0,0.0,0.0,0.0,0.0,0.0,0.0,0.0,2.0,1.0,1.0,0.0
1890,Malawi,Alcoholic Beverages,Export,0.0,0.0,0.0,0.0,0.0,3.0,3.0,4.0,5.0,6.0,5.0,5.0,0.0,4.0,5.0,4.0,0.0,1.0
1891,Malawi,Alcoholic Beverages,Domestic supply,162.0,156.0,164.0,173.0,178.0,182.0,250.0,265.0,249.0,246.0,249.0,285.0,274.0,319.0,316.0,316.0,271.0,285.0
1892,Malawi,Alcoholic Beverages,Feed,0.0,0.0,0.0,0.0,0.0,0.0,0.0,0.0,0.0,0.0,0.0,0.0,0.0,0.0,0.0,0.0,0.0,0.0
1893,Malawi,Miscellaneous,Feed,0.0,0.0,0.0,0.0,0.0,0.0,0.0,0.0,0.0,0.0,0.0,0.0,0.0,0.0,0.0,0.0,0.0,0.0
1894,Malawi,Alcoholic Beverages,Seed,0.0,0.0,0.0,0.0,0.0,0.0,0.0,0.0,0.0,0.0,0.0,0.0,0.0,0.0,0.0,0.0,0.0,0.0
1895,Malawi,Alcoholic Beverages,Processing,0.0,0.0,0.0,0.0,0.0,0.0,0.0,0.0,0.0,0.0,0.0,0.0,0.0,0.0,0.0,0.0,0.0,0.0
1896,Malawi,Alcoholic Beverages,Other uses (non-food),0.0,0.0,0.0,0.0,0.0,0.0,0.0,0.0,0.0,0.0,0.0,0.0,2.0,2.0,4.0,3.0,1.0,0.0
1897,Malawi,Alcoholic Beverages,Human Consumption,162.0,156.0,164.0,173.0,177.0,183.0,252.0,268.0,251.0,250.0,252.0,288.0,272.0,317.0,312.0,313.0,270.0,285.0
1898,Malawi,Spices,Production,4.0,4.0,4.0,5.0,5.0,4.0,5.0,5.0,6.0,4.0,4.0,4.0,4.0,4.0,5.0,4.0,4.0,4.0
1899,Malawi,Spices,Import,0.0,0.0,0.0,0.0,0.0,0.0,0.0,0.0,0.0,0.0,0.0,0.0,1.0,0.0,0.0,0.0,0.0,0.0
1900,Malawi,Spices,Export,1.0,1.0,2.0,1.0,1.0,1.0,1.0,1.0,1.0,1.0,1.0,1.0,1.0,1.0,1.0,1.0,1.0,1.0
1901,Malawi,Spices,Domestic supply,2.0,3.0,2.0,3.0,4.0,3.0,4.0,5.0,5.0,4.0,3.0,4.0,4.0,3.0,82.0,82.0,81.0,82.0
1902,Malawi,Spices,Feed,0.0,0.0,0.0,0.0,0.0,0.0,0.0,0.0,0.0,0.0,0.0,0.0,0.0,0.0,0.0,0.0,0.0,0.0
1903,Malawi,Spices,Seed,0.0,0.0,0.0,0.0,0.0,0.0,0.0,0.0,0.0,0.0,0.0,0.0,0.0,0.0,0.0,0.0,0.0,0.0
1904,Malawi,Spices,Losses,0.0,0.0,0.0,0.0,0.0,0.0,0.0,0.0,0.0,0.0,0.0,0.0,0.0,0.0,78.0,78.0,78.0,78.0
1905,Malawi,Animal fats,Other uses (non-food),0.0,0.0,0.0,0.0,0.0,0.0,0.0,0.0,0.0,0.0,0.0,0.0,0.0,0.0,0.0,0.0,0.0,0.0
1906,Malawi,Alcoholic Beverages,Losses,0.0,0.0,0.0,0.0,0.0,0.0,0.0,0.0,0.0,0.0,0.0,0.0,0.0,0.0,0.0,0.0,0.0,0.0
1907,Malawi,Miscellaneous,Domestic supply,0.0,0.0,0.0,1.0,0.0,0.0,0.0,0.0,0.0,0.0,0.0,0.0,0.0,0.0,8.0,8.0,7.0,10.0
1908,Malawi,Spices,Stock Variation,0.0,0.0,0.0,0.0,0.0,0.0,0.0,0.0,0.0,0.0,0.0,0.0,0.0,0.0,-78.0,-78.0,-78.0,-78.0
1909,Malawi,Miscellaneous,Stock Variation,0.0,0.0,0.0,0.0,0.0,0.0,0.0,0.0,0.0,0.0,0.0,0.0,0.0,0.0,0.0,0.0,0.0,0.0
1910,Malawi,Offals,Production,4.0,5.0,8.0,8.0,9.0,9.0,10.0,12.0,14.0,16.0,18.0,20.0,21.0,23.0,28.0,32.0,37.0,41.0
1911,Malawi,Miscellaneous,Export,0.0,0.0,0.0,0.0,0.0,0.0,0.0,0.0,0.0,0.0,0.0,0.0,0.0,0.0,0.0,0.0,0.0,0.0
1912,Malawi,Offals,Import,0.0,0.0,0.0,0.0,0.0,0.0,0.0,0.0,0.0,0.0,0.0,0.0,0.0,0.0,0.0,0.0,0.0,0.0
1913,Malawi,Offals,Stock Variation,0.0,0.0,0.0,0.0,0.0,0.0,0.0,0.0,0.0,0.0,0.0,0.0,0.0,0.0,0.0,0.0,0.0,0.0
1914,Malawi,Offals,Export,0.0,0.0,0.0,0.0,0.0,0.0,0.0,0.0,0.0,0.0,0.0,0.0,0.0,0.0,0.0,0.0,0.0,0.0
1915,Malawi,Offals,Feed,0.0,0.0,0.0,0.0,0.0,0.0,0.0,0.0,0.0,0.0,0.0,0.0,0.0,0.0,0.0,0.0,0.0,0.0
1916,Malawi,Offals,Seed,0.0,0.0,0.0,0.0,0.0,0.0,0.0,0.0,0.0,0.0,0.0,0.0,0.0,0.0,0.0,0.0,0.0,0.0
1917,Malawi,Offals,Losses,0.0,0.0,0.0,0.0,0.0,0.0,0.0,0.0,0.0,0.0,0.0,0.0,0.0,0.0,1.0,1.0,1.0,0.0
1918,Malawi,Offals,Processing,0.0,0.0,0.0,0.0,0.0,0.0,0.0,0.0,0.0,0.0,0.0,0.0,0.0,0.0,0.0,0.0,0.0,0.0
1919,Malawi,Offals,Other uses (non-food),0.0,0.0,0.0,0.0,0.0,0.0,0.0,0.0,0.0,0.0,0.0,0.0,0.0,0.0,0.0,0.0,0.0,0.0
1920,Malawi,Offals,Human Consumption,4.0,5.0,8.0,8.0,9.0,9.0,10.0,12.0,14.0,16.0,18.0,20.0,21.0,23.0,27.0,31.0,35.0,41.0
1921,Malawi,Meat,Production,63.0,65.0,54.0,57.0,62.0,60.0,68.0,83.0,102.0,116.0,112.0,130.0,151.0,184.0,265.0,310.0,326.0,412.0
1922,Malawi,Offals,Domestic supply,4.0,5.0,8.0,8.0,9.0,9.0,10.0,12.0,14.0,16.0,18.0,20.0,21.0,23.0,28.0,32.0,37.0,41.0
1923,Malawi,Meat,Stock Variation,0.0,0.0,0.0,0.0,0.0,0.0,0.0,0.0,0.0,0.0,0.0,0.0,0.0,0.0,21.0,24.0,18.0,32.0
1924,Malawi,Meat,Import,0.0,1.0,1.0,0.0,0.0,0.0,0.0,0.0,0.0,1.0,0.0,0.0,0.0,1.0,1.0,0.0,0.0,0.0
1925,Malawi,Meat,Human Consumption,63.0,67.0,55.0,58.0,63.0,60.0,68.0,84.0,103.0,116.0,113.0,130.0,151.0,184.0,231.0,270.0,291.0,359.0
1926,Malawi,Meat,Other uses (non-food),0.0,0.0,0.0,0.0,0.0,0.0,0.0,0.0,0.0,0.0,0.0,0.0,0.0,0.0,0.0,0.0,0.0,0.0
1927,Malawi,Meat,Losses,0.0,0.0,0.0,0.0,0.0,0.0,0.0,0.0,0.0,0.0,0.0,0.0,0.0,0.0,13.0,15.0,16.0,21.0
1928,Malawi,Meat,Processing,0.0,0.0,0.0,0.0,0.0,0.0,0.0,0.0,0.0,0.0,0.0,0.0,0.0,0.0,0.0,0.0,0.0,0.0
1929,Malawi,Meat,Feed,0.0,0.0,0.0,0.0,0.0,0.0,0.0,0.0,0.0,0.0,0.0,0.0,0.0,0.0,0.0,0.0,0.0,0.0
1930,Malawi,Meat,Domestic supply,63.0,67.0,55.0,58.0,63.0,60.0,68.0,84.0,103.0,116.0,113.0,130.0,151.0,184.0,244.0,285.0,308.0,380.0
1931,Malawi,Meat,Export,0.0,0.0,0.0,0.0,0.0,0.0,0.0,0.0,0.0,0.0,0.0,0.0,0.0,1.0,1.0,1.0,0.0,0.0
1932,Malawi,Miscellaneous,Import,0.0,0.0,0.0,1.0,0.0,0.0,0.0,0.0,0.0,0.0,0.0,0.0,0.0,0.0,8.0,8.0,7.0,10.0
1933,Malawi,Meat,Seed,0.0,0.0,0.0,0.0,0.0,0.0,0.0,0.0,0.0,0.0,0.0,0.0,0.0,0.0,0.0,0.0,0.0,0.0
1934,Malawi,Miscellaneous,Production,0.0,0.0,0.0,0.0,0.0,0.0,0.0,0.0,0.0,0.0,0.0,0.0,0.0,0.0,0.0,0.0,0.0,0.0
1935,Malaysia,Vegetables,Other uses (non-food),0.0,0.0,0.0,0.0,0.0,0.0,0.0,0.0,0.0,0.0,1.0,1.0,1.0,1.0,0.0,0.0,0.0,0.0
1936,Malaysia,Vegetables,Human Consumption,843.0,873.0,970.0,910.0,893.0,1196.0,1276.0,1300.0,1329.0,1545.0,1865.0,1956.0,1928.0,2093.0,2052.0,2166.0,2119.0,2067.0
1937,Malaysia,Vegetable Oils,Losses,69.0,77.0,78.0,89.0,92.0,100.0,108.0,103.0,118.0,117.0,125.0,130.0,128.0,125.0,126.0,132.0,111.0,128.0
1938,Malaysia,Vegetable Oils,Production,12535.0,13656.0,13686.0,15375.0,16047.0,17220.0,18220.0,18133.0,20249.0,19975.0,19371.0,21430.0,21318.0,21852.0,23898.0,24964.0,20845.0,24781.0
1939,Malaysia,Vegetable Oils,Import,385.0,639.0,795.0,882.0,1382.0,1061.0,1637.0,1339.0,1616.0,1862.0,2494.0,3087.0,2951.0,1791.0,1767.0,2823.0,1875.0,2012.0
1940,Malaysia,Vegetable Oils,Stock Variation,-862.0,-47.0,190.0,453.0,-165.0,793.0,620.0,388.0,-57.0,-920.0,1426.0,-267.0,-461.0,-187.0,461.0,-1232.0,647.0,611.0
1941,Malaysia,Vegetable Oils,Export,10717.0,12845.0,13242.0,15211.0,15430.0,16786.0,18068.0,17360.0,19514.0,18743.0,20022.0,21781.0,20702.0,20978.0,18522.0,18680.0,16761.0,16079.0
1942,Malaysia,Vegetable Oils,Domestic supply,1342.0,1403.0,1429.0,1499.0,1835.0,2289.0,2409.0,2501.0,2293.0,2173.0,3269.0,2470.0,3107.0,2477.0,6682.0,10339.0,5313.0,10103.0
1943,Malaysia,Sugar & Sweeteners,Import,1224.0,1313.0,1390.0,1434.0,1524.0,1446.0,1582.0,1780.0,1562.0,1687.0,1845.0,1928.0,1929.0,2018.0,2370.0,2145.0,2085.0,2206.0
1944,Malaysia,Vegetable Oils,Other uses (non-food),905.0,963.0,969.0,1022.0,1342.0,1795.0,1909.0,1998.0,1742.0,1623.0,2683.0,1875.0,2501.0,1856.0,2021.0,3745.0,1606.0,3896.0
1945,Malaysia,Vegetable Oils,Human Consumption,367.0,363.0,381.0,387.0,399.0,390.0,386.0,394.0,428.0,429.0,456.0,460.0,477.0,494.0,515.0,520.0,517.0,547.0
1946,Malaysia,Sugar & Sweeteners,Production,136.0,138.0,111.0,113.0,110.0,102.0,79.0,70.0,62.0,81.0,90.0,86.0,89.0,70.0,554.0,520.0,594.0,588.0
1947,Malaysia,Sugar & Sweeteners,Stock Variation,-3.0,9.0,-1.0,5.0,-12.0,12.0,2.0,-155.0,-99.0,-160.0,-175.0,-177.0,-80.0,-22.0,342.0,120.0,-34.0,177.0
1948,Malaysia,Sugar & Sweeteners,Export,372.0,414.0,540.0,549.0,698.0,727.0,669.0,622.0,418.0,414.0,541.0,592.0,627.0,726.0,856.0,845.0,924.0,894.0
1949,Malaysia,Sugar & Sweeteners,Domestic supply,985.0,1046.0,960.0,1004.0,924.0,833.0,993.0,1073.0,1107.0,1194.0,1220.0,1245.0,1310.0,1339.0,1725.0,1700.0,1789.0,1722.0
1950,Malaysia,Vegetables,Losses,47.0,44.0,47.0,49.0,55.0,57.0,57.0,58.0,62.0,76.0,97.0,97.0,98.0,98.0,112.0,111.0,119.0,109.0
1951,Malaysia,Sugar & Sweeteners,Feed,0.0,0.0,0.0,0.0,0.0,0.0,0.0,0.0,0.0,0.0,0.0,0.0,0.0,0.0,0.0,0.0,0.0,0.0
1952,Malaysia,Sugar & Sweeteners,Processing,0.0,0.0,0.0,0.0,0.0,0.0,0.0,0.0,0.0,0.0,0.0,0.0,0.0,0.0,354.0,345.0,396.0,392.0
1953,Malaysia,Vegetable Oils,Processing,1.0,1.0,1.0,2.0,3.0,4.0,6.0,5.0,5.0,4.0,5.0,5.0,5.0,5.0,4036.0,5960.0,3127.0,5541.0
1954,Malaysia,Vegetables,Feed,0.0,0.0,0.0,0.0,0.0,0.0,0.0,0.0,0.0,0.0,0.0,0.0,0.0,0.0,0.0,0.0,0.0,0.0
1955,Malaysia,Fruits - Excluding Wine,Stock Variation,2.0,0.0,0.0,1.0,0.0,-1.0,1.0,-1.0,1.0,2.0,0.0,0.0,0.0,0.0,50.0,131.0,101.0,39.0
1956,Malaysia,Vegetables,Export,310.0,315.0,353.0,353.0,434.0,431.0,401.0,351.0,361.0,362.0,380.0,312.0,315.0,365.0,322.0,346.0,495.0,494.0
1957,Malaysia,Stimulants,Stock Variation,0.0,0.0,0.0,0.0,-27.0,-64.0,-140.0,-61.0,28.0,56.0,27.0,104.0,52.0,21.0,1.0,-4.0,-1.0,-2.0
1958,Malaysia,Sugar & Sweeteners,Other uses (non-food),7.0,6.0,12.0,11.0,10.0,33.0,56.0,21.0,15.0,16.0,17.0,19.0,24.0,28.0,26.0,20.0,67.0,58.0
1959,Malaysia,Stimulants,Export,217.0,267.0,266.0,442.0,371.0,416.0,432.0,504.0,586.0,537.0,638.0,746.0,704.0,740.0,375.0,385.0,418.0,514.0
1960,Malaysia,Stimulants,Domestic supply,46.0,39.0,24.0,42.0,-19.0,4.0,42.0,44.0,23.0,-22.0,-48.0,4.0,-21.0,-12.0,153.0,47.0,18.0,24.0
1961,Malaysia,Stimulants,Losses,1.0,1.0,1.0,1.0,1.0,1.0,1.0,1.0,1.0,1.0,1.0,1.0,1.0,1.0,1.0,1.0,1.0,1.0
1962,Malaysia,Stimulants,Processing,0.0,0.0,0.0,0.0,0.0,0.0,0.0,0.0,0.0,0.0,0.0,0.0,0.0,0.0,203.0,145.0,116.0,156.0
1963,Malaysia,Stimulants,Other uses (non-food),2.0,2.0,2.0,4.0,3.0,4.0,5.0,5.0,5.0,4.0,0.0,0.0,4.0,5.0,0.0,0.0,0.0,0.0
1964,Malaysia,Stimulants,Human Consumption,44.0,54.0,38.0,68.0,21.0,22.0,37.0,41.0,33.0,29.0,41.0,43.0,41.0,40.0,33.0,34.0,35.0,34.0
1965,Malaysia,Fruits - Excluding Wine,Production,1185.0,1233.0,1230.0,1318.0,1284.0,1209.0,1077.0,900.0,968.0,939.0,967.0,960.0,946.0,861.0,998.0,1146.0,1085.0,1106.0
1966,Malaysia,Fruits - Excluding Wine,Import,507.0,546.0,581.0,553.0,585.0,602.0,619.0,671.0,646.0,665.0,753.0,777.0,827.0,863.0,715.0,741.0,787.0,737.0
1967,Malaysia,Fruits - Excluding Wine,Export,281.0,296.0,321.0,353.0,335.0,304.0,340.0,280.0,286.0,315.0,336.0,321.0,283.0,282.0,268.0,265.0,265.0,259.0
1968,Malaysia,Fruits - Excluding Wine,Domestic supply,1413.0,1483.0,1489.0,1519.0,1534.0,1506.0,1358.0,1290.0,1328.0,1290.0,1383.0,1415.0,1490.0,1442.0,1394.0,1492.0,1507.0,1545.0
1969,Malaysia,Fruits - Excluding Wine,Losses,146.0,146.0,140.0,150.0,144.0,129.0,113.0,65.0,64.0,66.0,73.0,72.0,97.0,95.0,124.0,139.0,131.0,136.0
1970,Malaysia,Fruits - Excluding Wine,Processing,0.0,0.0,0.0,0.0,0.0,0.0,0.0,0.0,0.0,0.0,0.0,0.0,0.0,0.0,24.0,29.0,30.0,23.0
1971,Malaysia,Fruits - Excluding Wine,Other uses (non-food),1.0,1.0,1.0,1.0,1.0,1.0,1.0,1.0,1.0,1.0,1.0,1.0,1.0,1.0,1.0,1.0,1.0,1.0
1972,Malaysia,Fruits - Excluding Wine,Human Consumption,1266.0,1335.0,1348.0,1367.0,1388.0,1376.0,1244.0,1224.0,1263.0,1225.0,1311.0,1343.0,1393.0,1346.0,1247.0,1334.0,1357.0,1398.0
1973,Malaysia,Vegetables,Production,549.0,505.0,549.0,581.0,642.0,683.0,708.0,725.0,770.0,944.0,1278.0,1314.0,1281.0,1404.0,1447.0,1423.0,1341.0,1232.0
1974,Malaysia,Vegetables,Import,634.0,705.0,791.0,710.0,717.0,967.0,999.0,961.0,957.0,1013.0,1040.0,1028.0,1043.0,1131.0,1011.0,1162.0,1251.0,1327.0
1975,Malaysia,Vegetables,Stock Variation,0.0,0.0,0.0,-1.0,0.0,0.0,0.0,0.0,0.0,0.0,0.0,0.0,0.0,0.0,16.0,11.0,32.0,61.0
1976,Malaysia,Vegetables,Domestic supply,873.0,894.0,987.0,938.0,925.0,1219.0,1306.0,1335.0,1366.0,1596.0,1938.0,2031.0,2010.0,2170.0,2120.0,2229.0,2066.0,2005.0
1977,Malaysia,Sugar & Sweeteners,Human Consumption,978.0,1039.0,948.0,993.0,914.0,800.0,937.0,1052.0,1093.0,1179.0,1203.0,1226.0,1286.0,1311.0,1346.0,1359.0,1372.0,1308.0
1978,Malaysia,Starchy Roots,Stock Variation,0.0,0.0,0.0,0.0,0.0,0.0,0.0,0.0,0.0,0.0,0.0,0.0,0.0,0.0,11.0,40.0,28.0,23.0
1979,Malaysia,Pulses,Stock Variation,0.0,0.0,0.0,0.0,-1.0,1.0,0.0,0.0,0.0,-1.0,-1.0,-6.0,2.0,-2.0,-5.0,10.0,1.0,10.0
1980,Malaysia,Starchy Roots,Import,626.0,554.0,631.0,575.0,865.0,881.0,1044.0,900.0,913.0,1228.0,1323.0,1357.0,1423.0,1339.0,609.0,905.0,888.0,897.0
1981,Malaysia,Starchy Roots,Export,32.0,30.0,28.0,32.0,32.0,17.0,18.0,17.0,16.0,25.0,15.0,21.0,22.0,27.0,20.0,18.0,31.0,35.0
1982,Malaysia,Starchy Roots,Domestic supply,750.0,664.0,739.0,672.0,949.0,976.0,1130.0,958.0,957.0,1291.0,1371.0,1398.0,1538.0,1429.0,685.0,970.0,937.0,926.0
1983,Malaysia,Starchy Roots,Feed,21.0,19.0,23.0,23.0,24.0,24.0,23.0,23.0,18.0,19.0,21.0,24.0,38.0,37.0,37.0,40.0,37.0,34.0
1984,Malaysia,Starchy Roots,Seed,1.0,2.0,2.0,2.0,2.0,2.0,2.0,1.0,1.0,2.0,2.0,2.0,3.0,3.0,2.0,2.0,2.0,1.0
1985,Malaysia,Starchy Roots,Losses,9.0,8.0,9.0,9.0,8.0,8.0,7.0,6.0,5.0,6.0,5.0,5.0,11.0,10.0,10.0,11.0,10.0,8.0
1986,Malaysia,Starchy Roots,Processing,9.0,9.0,9.0,8.0,10.0,10.0,11.0,12.0,12.0,15.0,14.0,16.0,16.0,17.0,18.0,19.0,20.0,20.0
1987,Malaysia,Starchy Roots,Other uses (non-food),469.0,371.0,447.0,400.0,597.0,645.0,786.0,641.0,652.0,894.0,966.0,971.0,1008.0,919.0,187.0,186.0,296.0,317.0
1988,Malaysia,Starchy Roots,Human Consumption,242.0,254.0,250.0,231.0,309.0,287.0,301.0,276.0,270.0,356.0,362.0,380.0,461.0,443.0,436.0,712.0,572.0,555.0
1989,Malaysia,Sugar Crops,Production,1100.0,1000.0,1000.0,650.0,500.0,500.0,450.0,520.0,500.0,350.0,201.0,194.0,146.0,214.0,10.0,30.0,28.0,30.0
1990,Malaysia,Sugar Crops,Import,0.0,0.0,0.0,0.0,0.0,0.0,0.0,0.0,0.0,0.0,0.0,0.0,0.0,0.0,0.0,0.0,1.0,1.0
1991,Malaysia,Sugar Crops,Stock Variation,0.0,0.0,-250.0,-20.0,100.0,70.0,-30.0,-190.0,-200.0,20.0,130.0,140.0,210.0,10.0,0.0,0.0,0.0,0.0
1992,Malaysia,Sugar Crops,Export,11.0,10.0,2.0,0.0,5.0,11.0,12.0,12.0,13.0,1.0,1.0,0.0,0.0,10.0,12.0,13.0,13.0,12.0
1993,Malaysia,Sugar Crops,Domestic supply,1089.0,990.0,748.0,630.0,595.0,559.0,408.0,318.0,287.0,369.0,330.0,334.0,356.0,214.0,-1.0,17.0,15.0,19.0
1994,Malaysia,Sugar Crops,Feed,9.0,40.0,98.0,100.0,95.0,91.0,91.0,91.0,90.0,90.0,31.0,24.0,16.0,14.0,0.0,16.0,4.0,7.0
1995,Malaysia,Sugar Crops,Losses,0.0,0.0,0.0,0.0,0.0,0.0,0.0,0.0,0.0,0.0,0.0,0.0,0.0,0.0,0.0,2.0,1.0,1.0
1996,Malaysia,Sugar Crops,Processing,1080.0,950.0,650.0,530.0,500.0,470.0,320.0,230.0,200.0,280.0,300.0,310.0,340.0,200.0,200.0,0.0,10.0,10.0
1997,Malaysia,Sugar Crops,Human Consumption,0.0,0.0,0.0,0.0,0.0,0.0,0.0,0.0,0.0,0.0,0.0,0.0,0.0,0.0,0.0,0.0,0.0,0.0
1998,Malaysia,Stimulants,Import,147.0,204.0,199.0,404.0,303.0,413.0,543.0,547.0,521.0,418.0,512.0,611.0,602.0,678.0,507.0,409.0,414.0,516.0
1999,Malaysia,Starchy Roots,Production,156.0,140.0,136.0,130.0,117.0,112.0,105.0,75.0,60.0,88.0,63.0,63.0,136.0,117.0,107.0,123.0,107.0,87.0
2000,Malaysia,Pulses,Import,63.0,63.0,65.0,69.0,78.0,83.0,81.0,88.0,55.0,94.0,92.0,106.0,98.0,99.0,94.0,106.0,100.0,103.0
2001,Malaysia,Oilcrops,Human Consumption,376.0,376.0,386.0,268.0,280.0,274.0,230.0,286.0,287.0,224.0,249.0,269.0,271.0,163.0,171.0,183.0,189.0,194.0
2002,Malaysia,Oilcrops,Processing,4390.0,4605.0,4477.0,4710.0,5265.0,5354.0,5143.0,5206.0,5588.0,5523.0,5443.0,5938.0,5881.0,6064.0,96598.0,98209.0,85392.0,98065.0
2003,Malaysia,Pulses,Export,2.0,2.0,3.0,5.0,5.0,5.0,4.0,3.0,4.0,6.0,6.0,8.0,11.0,6.0,7.0,7.0,11.0,5.0
2004,Malaysia,Pulses,Domestic supply,60.0,60.0,62.0,64.0,72.0,78.0,77.0,85.0,51.0,88.0,85.0,92.0,88.0,91.0,92.0,89.0,88.0,87.0
2005,Malaysia,Pulses,Feed,0.0,0.0,0.0,0.0,0.0,0.0,0.0,0.0,0.0,0.0,0.0,0.0,0.0,0.0,0.0,0.0,0.0,0.0
2006,Malaysia,Pulses,Human Consumption,60.0,60.0,62.0,64.0,72.0,78.0,77.0,85.0,51.0,88.0,85.0,92.0,88.0,91.0,92.0,89.0,89.0,88.0
2007,Malaysia,Treenuts,Production,19.0,21.0,25.0,29.0,33.0,37.0,42.0,15.0,15.0,13.0,14.0,16.0,16.0,16.0,16.0,16.0,16.0,16.0
2008,Malaysia,Treenuts,Import,19.0,26.0,22.0,31.0,32.0,30.0,41.0,36.0,33.0,36.0,43.0,51.0,63.0,63.0,26.0,26.0,24.0,23.0
2009,Malaysia,Treenuts,Stock Variation,0.0,0.0,0.0,0.0,0.0,0.0,0.0,0.0,0.0,0.0,0.0,0.0,0.0,0.0,-2.0,-2.0,-1.0,1.0
2010,Malaysia,Treenuts,Export,9.0,6.0,7.0,8.0,12.0,14.0,16.0,15.0,17.0,18.0,18.0,19.0,21.0,26.0,13.0,10.0,9.0,10.0
2011,Malaysia,Treenuts,Domestic supply,29.0,40.0,40.0,51.0,54.0,53.0,67.0,36.0,32.0,31.0,39.0,48.0,58.0,53.0,30.0,33.0,32.0,29.0
2012,Malaysia,Treenuts,Losses,0.0,0.0,1.0,1.0,1.0,1.0,1.0,0.0,0.0,0.0,0.0,0.0,0.0,0.0,1.0,1.0,1.0,1.0
2013,Malaysia,Treenuts,Human Consumption,28.0,39.0,39.0,51.0,54.0,54.0,67.0,38.0,36.0,33.0,42.0,49.0,58.0,58.0,34.0,33.0,31.0,28.0
2014,Malaysia,Oilcrops,Production,4045.0,4234.0,4132.0,4367.0,4448.0,4686.0,4792.0,4780.0,5299.0,5102.0,5013.0,5448.0,5510.0,5666.0,96167.0,99041.0,87025.0,102458.0
2015,Malaysia,Oilcrops,Import,994.0,920.0,937.0,751.0,1270.0,1102.0,739.0,973.0,815.0,787.0,887.0,1016.0,991.0,801.0,850.0,1343.0,1258.0,1242.0
2016,Malaysia,Oilcrops,Stock Variation,0.0,0.0,0.0,0.0,0.0,-1.0,0.0,0.0,0.0,-1.0,-10.0,-10.0,10.0,12.0,-1348.0,257.0,1050.0,3629.0
2017,Malaysia,Oilcrops,Export,169.0,100.0,113.0,106.0,96.0,118.0,130.0,133.0,109.0,133.0,116.0,158.0,116.0,145.0,169.0,181.0,271.0,232.0
2018,Malaysia,Oilcrops,Domestic supply,4870.0,5054.0,4956.0,5013.0,5621.0,5669.0,5400.0,5621.0,6005.0,5754.0,5773.0,6296.0,6395.0,6334.0,98195.0,99947.0,86962.0,99838.0
2019,Malaysia,Oilcrops,Feed,47.0,9.0,36.0,11.0,17.0,2.0,8.0,106.0,88.0,7.0,10.0,27.0,133.0,65.0,5.0,20.0,76.0,26.0
2020,Malaysia,Oilcrops,Seed,0.0,0.0,0.0,0.0,0.0,0.0,0.0,0.0,0.0,0.0,0.0,0.0,0.0,0.0,0.0,0.0,0.0,0.0
2021,Malaysia,Oilcrops,Losses,15.0,36.0,36.0,13.0,19.0,19.0,3.0,2.0,20.0,0.0,44.0,36.0,60.0,13.0,1364.0,1403.0,1229.0,1444.0
2022,Malaysia,Oilcrops,Other uses (non-food),42.0,28.0,20.0,10.0,41.0,21.0,15.0,20.0,21.0,1.0,26.0,26.0,50.0,29.0,57.0,131.0,75.0,108.0
2023,Malaysia,Stimulants,Production,116.0,102.0,92.0,80.0,77.0,71.0,71.0,62.0,61.0,42.0,51.0,36.0,29.0,30.0,23.0,19.0,21.0,20.0
2024,Malaysia,Meat,Processing,0.0,0.0,0.0,0.0,0.0,0.0,0.0,0.0,0.0,0.0,0.0,0.0,0.0,0.0,0.0,0.0,0.0,0.0
2025,Malaysia,Spices,Losses,0.0,0.0,0.0,0.0,0.0,0.0,0.0,0.0,0.0,0.0,0.0,0.0,0.0,0.0,1.0,2.0,2.0,2.0
2026,Malaysia,"Fish, Seafood",Feed,149.0,117.0,60.0,51.0,97.0,14.0,99.0,88.0,136.0,201.0,186.0,56.0,150.0,214.0,254.0,121.0,41.0,93.0
2027,Malaysia,"Fish, Seafood",Other uses (non-food),24.0,19.0,28.0,37.0,29.0,38.0,40.0,44.0,47.0,56.0,61.0,97.0,42.0,35.0,32.0,30.0,35.0,35.0
2028,Malaysia,"Fish, Seafood",Human Consumption,1461.0,1418.0,1516.0,1453.0,1359.0,1390.0,1432.0,1516.0,1578.0,1658.0,1712.0,1615.0,1776.0,1752.0,1716.0,1741.0,1779.0,1792.0
2029,Malaysia,Eggs,Production,401.0,408.0,422.0,432.0,442.0,453.0,464.0,487.0,490.0,524.0,601.0,635.0,659.0,699.0,743.0,795.0,821.0,873.0
2030,Malaysia,Eggs,Import,2.0,2.0,2.0,2.0,5.0,1.0,1.0,1.0,1.0,1.0,1.0,0.0,0.0,1.0,2.0,1.0,1.0,0.0
2031,Malaysia,Eggs,Stock Variation,0.0,0.0,0.0,0.0,0.0,0.0,0.0,0.0,0.0,0.0,0.0,0.0,0.0,0.0,0.0,0.0,1.0,0.0
2032,Malaysia,Eggs,Export,56.0,76.0,115.0,57.0,55.0,60.0,65.0,70.0,118.0,98.0,89.0,138.0,165.0,95.0,94.0,97.0,114.0,117.0
2033,Malaysia,Eggs,Domestic supply,347.0,334.0,309.0,377.0,392.0,394.0,400.0,418.0,374.0,426.0,512.0,498.0,494.0,604.0,651.0,699.0,707.0,757.0
2034,Malaysia,Eggs,Seed,51.0,53.0,56.0,57.0,60.0,62.0,63.0,64.0,61.0,67.0,76.0,76.0,77.0,84.0,102.0,110.0,116.0,121.0
2035,Malaysia,Eggs,Losses,16.0,16.0,16.0,17.0,17.0,18.0,18.0,19.0,19.0,20.0,23.0,25.0,26.0,27.0,36.0,39.0,33.0,34.0
2036,Malaysia,Eggs,Other uses (non-food),0.0,0.0,0.0,0.0,0.0,0.0,0.0,0.0,0.0,0.0,0.0,0.0,0.0,0.0,2.0,0.0,0.0,0.0
2037,Malaysia,Eggs,Human Consumption,280.0,265.0,237.0,303.0,315.0,314.0,319.0,336.0,295.0,339.0,413.0,398.0,392.0,492.0,468.0,506.0,536.0,556.0
2038,Malaysia,Milk - Excluding Butter,Production,37.0,36.0,42.0,43.0,46.0,50.0,55.0,60.0,66.0,71.0,76.0,80.0,81.0,83.0,84.0,45.0,45.0,46.0
2039,Malaysia,Milk - Excluding Butter,Import,1377.0,1355.0,1356.0,1325.0,1527.0,1466.0,1401.0,1512.0,1380.0,1264.0,1280.0,1363.0,1585.0,1484.0,290.0,322.0,305.0,317.0
2040,Malaysia,Milk - Excluding Butter,Stock Variation,0.0,0.0,0.0,0.0,0.0,0.0,0.0,0.0,0.0,0.0,0.0,0.0,0.0,0.0,10.0,20.0,7.0,9.0
2041,Malaysia,Milk - Excluding Butter,Export,137.0,141.0,157.0,245.0,267.0,260.0,305.0,454.0,523.0,306.0,265.0,412.0,541.0,605.0,89.0,98.0,92.0,86.0
2042,Malaysia,Milk - Excluding Butter,Domestic supply,1277.0,1251.0,1242.0,1124.0,1305.0,1256.0,1151.0,1118.0,923.0,1029.0,1092.0,1031.0,1125.0,962.0,274.0,248.0,251.0,268.0
2043,Malaysia,Milk - Excluding Butter,Feed,81.0,55.0,58.0,48.0,63.0,62.0,64.0,91.0,85.0,64.0,67.0,73.0,114.0,110.0,11.0,12.0,11.0,11.0
2044,Malaysia,Milk - Excluding Butter,Losses,2.0,2.0,2.0,2.0,2.0,3.0,3.0,3.0,4.0,4.0,4.0,4.0,4.0,5.0,4.0,2.0,2.0,2.0
2045,Malaysia,"Fish, Seafood",Domestic supply,1635.0,1554.0,1605.0,1541.0,1485.0,1442.0,1571.0,1648.0,1761.0,1915.0,1960.0,1768.0,1967.0,2002.0,2002.0,1892.0,1855.0,1920.0
2046,Malaysia,Milk - Excluding Butter,Processing,0.0,0.0,0.0,0.0,0.0,0.0,0.0,0.0,0.0,0.0,0.0,0.0,0.0,0.0,0.0,0.0,0.0,0.0
2047,Malaysia,"Fish, Seafood",Export,214.0,273.0,361.0,395.0,429.0,451.0,412.0,460.0,386.0,356.0,423.0,432.0,400.0,371.0,383.0,395.0,485.0,373.0
2048,Malaysia,"Fish, Seafood",Import,413.0,445.0,584.0,472.0,399.0,487.0,548.0,540.0,499.0,552.0,602.0,522.0,595.0,627.0,650.0,569.0,574.0,603.0
2049,Malaysia,Cereals - Excluding Beer,Production,1493.0,1464.0,1536.0,1577.0,1582.0,1618.0,1539.0,1616.0,1602.0,1711.0,1692.0,1778.0,1817.0,1823.0,1929.0,2841.0,2844.0,3016.0
2050,Malaysia,Cereals - Excluding Beer,Import,4825.0,4485.0,5590.0,5486.0,7610.0,5981.0,6678.0,6193.0,4905.0,5460.0,5909.0,6071.0,6208.0,6504.0,7543.0,7377.0,7230.0,7385.0
2051,Malaysia,Cereals - Excluding Beer,Stock Variation,-152.0,-117.0,-764.0,613.0,-1402.0,-162.0,-137.0,-299.0,538.0,617.0,555.0,326.0,386.0,527.0,-498.0,123.0,-286.0,-477.0
2052,Malaysia,Cereals - Excluding Beer,Export,269.0,279.0,296.0,302.0,289.0,302.0,322.0,323.0,312.0,306.0,337.0,380.0,389.0,402.0,493.0,594.0,619.0,581.0
2053,Malaysia,Cereals - Excluding Beer,Domestic supply,5896.0,5554.0,6065.0,7374.0,7502.0,7135.0,7758.0,7188.0,6734.0,7482.0,7818.0,7796.0,8022.0,8452.0,9477.0,9502.0,9741.0,10297.0
2054,Malaysia,Cereals - Excluding Beer,Feed,2189.0,1931.0,2346.0,3414.0,3191.0,2714.0,3353.0,2692.0,2071.0,2561.0,2951.0,2761.0,2932.0,3256.0,3841.0,3632.0,3625.0,3808.0
2055,Malaysia,Cereals - Excluding Beer,Seed,14.0,14.0,14.0,14.0,14.0,13.0,13.0,13.0,13.0,13.0,14.0,13.0,13.0,14.0,16.0,22.0,22.0,23.0
2056,Malaysia,Cereals - Excluding Beer,Losses,159.0,144.0,168.0,223.0,236.0,242.0,275.0,246.0,225.0,263.0,280.0,278.0,287.0,304.0,249.0,264.0,265.0,279.0
2057,Malaysia,Cereals - Excluding Beer,Processing,69.0,71.0,76.0,77.0,86.0,88.0,91.0,102.0,94.0,94.0,119.0,117.0,120.0,124.0,135.0,140.0,149.0,156.0
2058,Malaysia,Cereals - Excluding Beer,Other uses (non-food),14.0,15.0,14.0,15.0,19.0,15.0,17.0,34.0,186.0,378.0,279.0,319.0,349.0,293.0,276.0,246.0,338.0,343.0
2059,Malaysia,Spices,Human Consumption,70.0,78.0,82.0,85.0,121.0,113.0,128.0,146.0,102.0,125.0,128.0,135.0,145.0,146.0,153.0,141.0,149.0,151.0
2060,Malaysia,"Aquatic Products, Other",Production,25.0,29.0,26.0,31.0,35.0,45.0,65.0,94.0,117.0,143.0,213.0,243.0,344.0,282.0,251.0,279.0,218.0,213.0
2061,Malaysia,"Aquatic Products, Other",Import,4.0,4.0,5.0,3.0,3.0,3.0,3.0,3.0,5.0,5.0,4.0,5.0,5.0,5.0,6.0,7.0,8.0,9.0
2062,Malaysia,"Aquatic Products, Other",Stock Variation,0.0,0.0,0.0,0.0,0.0,0.0,0.0,0.0,0.0,0.0,0.0,0.0,0.0,0.0,0.0,0.0,0.0,0.0
2063,Malaysia,"Aquatic Products, Other",Export,6.0,5.0,4.0,3.0,3.0,3.0,3.0,2.0,5.0,4.0,5.0,5.0,10.0,9.0,6.0,9.0,11.0,12.0
2064,Malaysia,"Aquatic Products, Other",Domestic supply,23.0,29.0,27.0,31.0,36.0,46.0,66.0,95.0,117.0,144.0,212.0,244.0,339.0,278.0,252.0,277.0,215.0,210.0
2065,Malaysia,"Aquatic Products, Other",Other uses (non-food),13.0,18.0,20.0,25.0,32.0,41.0,61.0,92.0,113.0,140.0,208.0,239.0,331.0,270.0,246.0,260.0,206.0,203.0
2066,Malaysia,"Aquatic Products, Other",Human Consumption,10.0,11.0,7.0,6.0,4.0,5.0,5.0,4.0,4.0,4.0,3.0,4.0,7.0,8.0,5.0,17.0,9.0,7.0
2067,Malaysia,"Fish, Seafood",Production,1432.0,1383.0,1434.0,1448.0,1503.0,1385.0,1450.0,1560.0,1636.0,1727.0,1801.0,1662.0,1768.0,1738.0,1734.0,1720.0,1770.0,1685.0
2068,Malaysia,"Fish, Seafood",Stock Variation,3.0,0.0,-53.0,15.0,13.0,21.0,-15.0,8.0,12.0,-8.0,-20.0,16.0,4.0,8.0,0.0,-2.0,-4.0,6.0
2069,Malaysia,Milk - Excluding Butter,Other uses (non-food),12.0,13.0,11.0,17.0,59.0,41.0,30.0,33.0,49.0,40.0,34.0,28.0,115.0,95.0,73.0,74.0,79.0,81.0
2070,Malaysia,Cereals - Excluding Beer,Human Consumption,3452.0,3380.0,3447.0,3632.0,3957.0,4062.0,4009.0,4101.0,4144.0,4173.0,4175.0,4308.0,4320.0,4461.0,5012.0,5298.0,5472.0,5800.0
2071,Malaysia,Animal fats,Production,14.0,16.0,17.0,18.0,18.0,18.0,20.0,18.0,18.0,19.0,21.0,21.0,21.0,21.0,281.0,388.0,215.0,365.0
2072,Malaysia,Meat,Human Consumption,1048.0,1116.0,1160.0,1193.0,1264.0,1300.0,1369.0,1377.0,1354.0,1462.0,1522.0,1554.0,1581.0,1672.0,1664.0,1712.0,1654.0,1645.0
2073,Malaysia,Miscellaneous,Import,17.0,19.0,15.0,15.0,19.0,26.0,53.0,54.0,53.0,58.0,55.0,62.0,63.0,77.0,329.0,326.0,342.0,383.0
2074,Malaysia,Miscellaneous,Stock Variation,-5.0,-7.0,7.0,10.0,0.0,0.0,0.0,0.0,0.0,0.0,0.0,0.0,0.0,0.0,-10.0,0.0,5.0,10.0
2075,Malaysia,Miscellaneous,Export,5.0,4.0,15.0,19.0,11.0,12.0,13.0,14.0,14.0,17.0,19.0,20.0,21.0,28.0,391.0,361.0,386.0,400.0
2076,Malaysia,Miscellaneous,Domestic supply,8.0,7.0,7.0,6.0,8.0,14.0,40.0,39.0,38.0,40.0,36.0,42.0,41.0,49.0,-53.0,-35.0,-49.0,-27.0
2077,Malaysia,Miscellaneous,Human Consumption,8.0,7.0,7.0,6.0,8.0,14.0,40.0,39.0,38.0,40.0,36.0,42.0,41.0,49.0,45.0,47.0,50.0,52.0
2078,Malaysia,Alcoholic Beverages,Production,139.0,151.0,145.0,129.0,146.0,145.0,155.0,186.0,171.0,167.0,260.0,268.0,292.0,308.0,304.0,314.0,320.0,320.0
2079,Malaysia,Alcoholic Beverages,Import,14.0,20.0,27.0,36.0,51.0,43.0,31.0,58.0,61.0,60.0,63.0,74.0,95.0,123.0,119.0,123.0,134.0,119.0
2080,Malaysia,Meat,Other uses (non-food),4.0,6.0,48.0,37.0,70.0,68.0,74.0,111.0,162.0,112.0,191.0,212.0,244.0,258.0,274.0,293.0,322.0,321.0
2081,Malaysia,Alcoholic Beverages,Stock Variation,-2.0,-3.0,-4.0,0.0,4.0,0.0,0.0,0.0,0.0,1.0,29.0,-6.0,-10.0,-15.0,-15.0,-3.0,-7.0,-10.0
2082,Malaysia,Alcoholic Beverages,Domestic supply,108.0,120.0,120.0,117.0,124.0,97.0,100.0,143.0,123.0,140.0,212.0,226.0,277.0,290.0,299.0,316.0,319.0,331.0
2083,Malaysia,Alcoholic Beverages,Other uses (non-food),5.0,5.0,6.0,5.0,7.0,16.0,11.0,22.0,14.0,15.0,19.0,21.0,23.0,24.0,34.0,40.0,33.0,31.0
2084,Malaysia,Spices,Production,32.0,36.0,31.0,27.0,25.0,24.0,32.0,33.0,37.0,38.0,36.0,36.0,38.0,38.0,41.0,44.0,46.0,48.0
2085,Malaysia,Spices,Import,76.0,89.0,105.0,99.0,154.0,142.0,148.0,170.0,108.0,135.0,146.0,133.0,136.0,131.0,128.0,126.0,132.0,128.0
2086,Malaysia,Spices,Stock Variation,0.0,-1.0,0.0,0.0,0.0,0.0,0.0,0.0,0.0,0.0,0.0,0.0,0.0,0.0,-8.0,2.0,5.0,1.0
2087,Malaysia,Spices,Export,38.0,46.0,54.0,40.0,59.0,53.0,53.0,58.0,43.0,48.0,54.0,34.0,29.0,23.0,24.0,26.0,23.0,23.0
2088,Malaysia,Spices,Domestic supply,70.0,78.0,82.0,85.0,121.0,113.0,128.0,146.0,102.0,125.0,128.0,135.0,145.0,146.0,154.0,143.0,150.0,152.0
2089,Malaysia,Milk - Excluding Butter,Human Consumption,1182.0,1181.0,1170.0,1057.0,1181.0,1151.0,1055.0,992.0,788.0,925.0,992.0,930.0,896.0,751.0,187.0,161.0,162.0,178.0
2090,Malaysia,Alcoholic Beverages,Export,44.0,48.0,47.0,48.0,77.0,91.0,87.0,102.0,109.0,88.0,141.0,111.0,100.0,125.0,140.0,124.0,142.0,118.0
2091,Malaysia,Meat,Losses,0.0,0.0,0.0,0.0,0.0,0.0,0.0,0.0,0.0,0.0,0.0,0.0,0.0,0.0,84.0,89.0,95.0,95.0
2092,Malaysia,Alcoholic Beverages,Human Consumption,102.0,114.0,115.0,112.0,117.0,82.0,89.0,121.0,109.0,125.0,193.0,205.0,254.0,266.0,264.0,276.0,286.0,300.0
2093,Malaysia,Meat,Export,10.0,13.0,18.0,21.0,18.0,16.0,18.0,20.0,34.0,36.0,43.0,40.0,48.0,54.0,48.0,57.0,60.0,57.0
2094,Malaysia,Animal fats,Import,16.0,16.0,15.0,14.0,20.0,18.0,16.0,19.0,20.0,21.0,24.0,25.0,28.0,23.0,16.0,17.0,16.0,35.0
2095,Malaysia,Meat,Domestic supply,1051.0,1122.0,1208.0,1231.0,1334.0,1368.0,1441.0,1486.0,1509.0,1569.0,1708.0,1763.0,1818.0,1925.0,2018.0,2091.0,2067.0,2058.0
2096,Malaysia,Animal fats,Stock Variation,0.0,0.0,0.0,0.0,0.0,0.0,0.0,-1.0,-2.0,3.0,0.0,0.0,0.0,0.0,-2.0,0.0,0.0,2.0
2097,Malaysia,Animal fats,Export,2.0,3.0,1.0,1.0,2.0,2.0,3.0,3.0,3.0,9.0,5.0,5.0,5.0,6.0,299.0,292.0,320.0,376.0
2098,Malaysia,Animal fats,Domestic supply,28.0,29.0,31.0,31.0,36.0,35.0,32.0,32.0,32.0,34.0,40.0,41.0,45.0,38.0,-1.0,113.0,-90.0,22.0
2099,Malaysia,Animal fats,Losses,0.0,0.0,0.0,0.0,0.0,0.0,0.0,0.0,0.0,0.0,0.0,0.0,0.0,0.0,0.0,0.0,0.0,0.0
2100,Malaysia,Animal fats,Processing,0.0,0.0,0.0,0.0,0.0,0.0,0.0,0.0,0.0,0.0,0.0,0.0,0.0,0.0,0.0,0.0,0.0,0.0
2101,Malaysia,Animal fats,Other uses (non-food),2.0,2.0,2.0,2.0,3.0,3.0,1.0,0.0,0.0,0.0,2.0,2.0,2.0,2.0,1.0,76.0,0.0,5.0
2102,Malaysia,Animal fats,Human Consumption,26.0,28.0,29.0,28.0,32.0,31.0,29.0,31.0,30.0,31.0,34.0,35.0,38.0,33.0,31.0,31.0,30.0,30.0
2103,Malaysia,Offals,Production,59.0,64.0,68.0,71.0,76.0,78.0,81.0,80.0,80.0,86.0,95.0,97.0,99.0,104.0,11.0,11.0,11.0,11.0
2104,Malaysia,Animal fats,Feed,0.0,0.0,1.0,0.0,1.0,1.0,2.0,2.0,2.0,3.0,4.0,4.0,5.0,4.0,4.0,7.0,5.0,7.0
2105,Malaysia,Offals,Export,0.0,0.0,0.0,0.0,0.0,0.0,0.0,0.0,0.0,0.0,0.0,0.0,1.0,1.0,1.0,1.0,2.0,1.0
2106,Malaysia,Offals,Domestic supply,71.0,75.0,76.0,81.0,86.0,85.0,84.0,84.0,86.0,95.0,108.0,113.0,118.0,126.0,38.0,21.0,20.0,27.0
2107,Malaysia,Offals,Feed,0.0,0.0,0.0,1.0,1.0,1.0,1.0,1.0,1.0,2.0,4.0,6.0,5.0,6.0,8.0,2.0,0.0,0.0
2108,Malaysia,Offals,Losses,0.0,0.0,0.0,0.0,0.0,0.0,0.0,0.0,0.0,0.0,0.0,0.0,0.0,0.0,1.0,1.0,0.0,0.0
2109,Malaysia,Offals,Human Consumption,71.0,75.0,76.0,80.0,85.0,84.0,82.0,83.0,85.0,93.0,104.0,107.0,112.0,120.0,29.0,19.0,19.0,26.0
2110,Malaysia,Meat,Production,893.0,956.0,1031.0,1070.0,1158.0,1192.0,1276.0,1305.0,1356.0,1404.0,1529.0,1572.0,1625.0,1709.0,1848.0,1911.0,2004.0,1973.0
2111,Malaysia,Meat,Import,168.0,180.0,195.0,182.0,193.0,192.0,182.0,200.0,187.0,200.0,223.0,230.0,241.0,270.0,254.0,295.0,302.0,294.0
2112,Malaysia,Offals,Import,13.0,11.0,9.0,11.0,10.0,7.0,3.0,4.0,6.0,9.0,13.0,17.0,19.0,22.0,28.0,11.0,10.0,17.0
2113,Malaysia,Meat,Stock Variation,0.0,0.0,0.0,0.0,0.0,0.0,0.0,0.0,0.0,0.0,-1.0,1.0,0.0,0.0,36.0,59.0,178.0,152.0
2114,Maldives,Sugar & Sweeteners,Other uses (non-food),1.0,1.0,1.0,1.0,1.0,1.0,2.0,1.0,3.0,1.0,2.0,3.0,2.0,2.0,0.0,0.0,0.0,0.0
2115,Maldives,Vegetable Oils,Production,1.0,2.0,2.0,4.0,4.0,2.0,0.0,0.0,0.0,0.0,0.0,0.0,0.0,0.0,0.0,0.0,0.0,0.0
2116,Maldives,Sugar Crops,Human Consumption,0.0,0.0,0.0,0.0,0.0,0.0,0.0,0.0,0.0,0.0,0.0,0.0,0.0,0.0,1.0,0.0,0.0,1.0
2117,Maldives,Vegetable Oils,Import,5.0,5.0,5.0,6.0,8.0,6.0,7.0,8.0,8.0,7.0,7.0,8.0,9.0,8.0,10.0,9.0,15.0,12.0
2118,Maldives,Vegetable Oils,Stock Variation,0.0,-1.0,-1.0,-2.0,-3.0,0.0,1.0,1.0,1.0,1.0,1.0,1.0,0.0,0.0,0.0,0.0,0.0,1.0
2119,Maldives,Vegetable Oils,Export,0.0,0.0,0.0,0.0,0.0,0.0,0.0,0.0,0.0,0.0,0.0,0.0,0.0,0.0,0.0,0.0,0.0,0.0
2120,Maldives,Sugar & Sweeteners,Production,0.0,0.0,0.0,0.0,0.0,0.0,0.0,0.0,0.0,0.0,0.0,0.0,0.0,0.0,0.0,0.0,0.0,0.0
2121,Maldives,Vegetable Oils,Other uses (non-food),5.0,5.0,5.0,6.0,7.0,6.0,6.0,7.0,7.0,7.0,7.0,8.0,8.0,7.0,0.0,0.0,0.0,0.0
2122,Maldives,Vegetable Oils,Human Consumption,2.0,2.0,2.0,2.0,2.0,2.0,2.0,2.0,2.0,2.0,2.0,2.0,1.0,1.0,1.0,1.0,1.0,1.0
2123,Maldives,Sugar & Sweeteners,Import,8.0,12.0,12.0,12.0,13.0,12.0,14.0,12.0,15.0,11.0,14.0,13.0,14.0,12.0,27.0,28.0,37.0,37.0
2124,Maldives,Sugar & Sweeteners,Stock Variation,2.0,-1.0,-2.0,-2.0,-1.0,0.0,-2.0,0.0,0.0,2.0,0.0,2.0,0.0,0.0,1.0,0.0,5.0,14.0
2125,Maldives,Vegetables,Human Consumption,16.0,17.0,17.0,19.0,20.0,19.0,24.0,24.0,26.0,22.0,26.0,27.0,29.0,31.0,29.0,31.0,44.0,39.0
2126,Maldives,Sugar & Sweeteners,Domestic supply,10.0,11.0,11.0,10.0,12.0,12.0,12.0,12.0,15.0,13.0,14.0,15.0,14.0,12.0,26.0,28.0,32.0,23.0
2127,Maldives,Vegetable Oils,Domestic supply,7.0,7.0,7.0,8.0,9.0,8.0,8.0,9.0,9.0,8.0,8.0,9.0,9.0,8.0,10.0,9.0,15.0,11.0
2128,Maldives,Vegetables,Other uses (non-food),0.0,0.0,0.0,0.0,0.0,0.0,0.0,0.0,0.0,0.0,0.0,0.0,0.0,0.0,0.0,0.0,0.0,0.0
2129,Maldives,Fruits - Excluding Wine,Export,0.0,0.0,0.0,0.0,0.0,0.0,0.0,0.0,0.0,0.0,0.0,0.0,0.0,0.0,0.0,0.0,0.0,0.0
2130,Maldives,Vegetables,Domestic supply,17.0,17.0,17.0,19.0,21.0,20.0,24.0,24.0,26.0,22.0,26.0,27.0,30.0,32.0,31.0,33.0,47.0,42.0
2131,Maldives,Stimulants,Domestic supply,1.0,1.0,1.0,2.0,2.0,2.0,3.0,3.0,4.0,4.0,5.0,3.0,4.0,4.0,2.0,2.0,2.0,2.0
2132,Maldives,Sugar & Sweeteners,Human Consumption,9.0,10.0,10.0,10.0,11.0,11.0,11.0,11.0,12.0,12.0,12.0,12.0,12.0,10.0,15.0,16.0,16.0,15.0
2133,Maldives,Stimulants,Other uses (non-food),0.0,0.0,0.0,0.0,1.0,1.0,1.0,1.0,1.0,1.0,2.0,0.0,0.0,1.0,0.0,0.0,0.0,0.0
2134,Maldives,Stimulants,Human Consumption,1.0,1.0,1.0,1.0,2.0,1.0,2.0,2.0,3.0,3.0,3.0,3.0,3.0,4.0,2.0,2.0,2.0,2.0
2135,Maldives,Fruits - Excluding Wine,Production,10.0,6.0,6.0,6.0,14.0,10.0,15.0,12.0,12.0,8.0,6.0,5.0,4.0,3.0,4.0,4.0,4.0,5.0
2136,Maldives,Fruits - Excluding Wine,Import,12.0,16.0,17.0,18.0,20.0,18.0,25.0,27.0,28.0,25.0,28.0,31.0,50.0,53.0,26.0,27.0,42.0,31.0
2137,Maldives,Vegetables,Losses,0.0,0.0,0.0,0.0,0.0,0.0,0.0,0.0,0.0,0.0,0.0,0.0,0.0,0.0,0.0,0.0,0.0,0.0
2138,Maldives,Fruits - Excluding Wine,Stock Variation,0.0,0.0,0.0,0.0,0.0,0.0,0.0,0.0,0.0,0.0,0.0,0.0,0.0,0.0,1.0,2.0,4.0,0.0
2139,Maldives,Fruits - Excluding Wine,Losses,1.0,1.0,1.0,1.0,1.0,1.0,2.0,2.0,1.0,1.0,0.0,0.0,0.0,0.0,0.0,0.0,1.0,1.0
2140,Maldives,Fruits - Excluding Wine,Other uses (non-food),2.0,2.0,2.0,3.0,3.0,3.0,6.0,5.0,4.0,2.0,4.0,2.0,1.0,1.0,0.0,0.0,0.0,0.0
2141,Maldives,Fruits - Excluding Wine,Human Consumption,18.0,19.0,20.0,20.0,29.0,25.0,32.0,32.0,34.0,31.0,30.0,34.0,52.0,54.0,26.0,27.0,38.0,31.0
2142,Maldives,Vegetables,Production,3.0,3.0,3.0,2.0,3.0,2.0,3.0,2.0,3.0,2.0,3.0,2.0,3.0,3.0,3.0,3.0,3.0,3.0
2143,Maldives,Vegetables,Import,14.0,14.0,15.0,17.0,18.0,17.0,21.0,22.0,24.0,20.0,23.0,24.0,27.0,29.0,29.0,30.0,45.0,41.0
2144,Maldives,Vegetables,Stock Variation,0.0,0.0,0.0,0.0,0.0,0.0,0.0,0.0,0.0,0.0,0.0,0.0,0.0,0.0,0.0,0.0,1.0,2.0
2145,Maldives,Fruits - Excluding Wine,Domestic supply,21.0,21.0,23.0,24.0,34.0,29.0,39.0,39.0,39.0,33.0,34.0,36.0,53.0,56.0,28.0,29.0,43.0,35.0
2146,Maldives,Pulses,Production,0.0,0.0,0.0,0.0,0.0,0.0,0.0,0.0,0.0,0.0,0.0,0.0,0.0,0.0,0.0,0.0,0.0,0.0
2147,Maldives,Oilcrops,Losses,0.0,0.0,0.0,0.0,0.0,0.0,0.0,0.0,0.0,0.0,0.0,0.0,0.0,0.0,0.0,0.0,0.0,0.0
2148,Maldives,Pulses,Stock Variation,0.0,0.0,0.0,0.0,0.0,0.0,0.0,0.0,0.0,0.0,0.0,0.0,0.0,0.0,0.0,1.0,8.0,1.0
2149,Maldives,Oilcrops,Feed,0.0,0.0,0.0,0.0,0.0,0.0,0.0,0.0,0.0,0.0,0.0,0.0,0.0,0.0,0.0,0.0,0.0,0.0
2150,Maldives,Oilcrops,Processing,12.0,19.0,19.0,33.0,32.0,14.0,2.0,1.0,1.0,2.0,1.0,0.0,0.0,0.0,0.0,0.0,0.0,0.0
2151,Maldives,Oilcrops,Other uses (non-food),0.0,0.0,0.0,0.0,0.0,0.0,0.0,0.0,0.0,0.0,0.0,0.0,0.0,0.0,0.0,0.0,0.0,0.0
2152,Maldives,Oilcrops,Human Consumption,4.0,4.0,4.0,5.0,4.0,4.0,1.0,1.0,1.0,3.0,3.0,3.0,2.0,1.0,1.0,1.0,1.0,1.0
2153,Maldives,Starchy Roots,Production,4.0,4.0,4.0,4.0,4.0,2.0,3.0,2.0,2.0,2.0,2.0,2.0,2.0,2.0,2.0,2.0,2.0,2.0
2154,Maldives,Starchy Roots,Import,3.0,3.0,3.0,4.0,4.0,4.0,5.0,5.0,6.0,5.0,6.0,7.0,7.0,6.0,8.0,8.0,11.0,9.0
2155,Maldives,Oilcrops,Domestic supply,16.0,23.0,24.0,38.0,36.0,17.0,3.0,2.0,2.0,5.0,4.0,3.0,2.0,1.0,1.0,1.0,1.0,1.0
2156,Maldives,Starchy Roots,Stock Variation,0.0,0.0,0.0,0.0,0.0,0.0,0.0,0.0,0.0,0.0,0.0,0.0,0.0,0.0,1.0,1.0,4.0,1.0
2157,Maldives,Starchy Roots,Losses,0.0,0.0,0.0,0.0,0.0,0.0,0.0,0.0,0.0,0.0,0.0,0.0,0.0,0.0,0.0,0.0,0.0,0.0
2158,Maldives,Starchy Roots,Other uses (non-food),0.0,0.0,0.0,0.0,0.0,0.0,0.0,0.0,1.0,0.0,1.0,1.0,1.0,1.0,0.0,0.0,0.0,0.0
2159,Maldives,Starchy Roots,Human Consumption,7.0,7.0,7.0,7.0,8.0,6.0,8.0,7.0,8.0,7.0,8.0,8.0,9.0,8.0,8.0,8.0,8.0,8.0
2160,Maldives,Sugar Crops,Import,0.0,0.0,0.0,0.0,0.0,0.0,0.0,0.0,0.0,0.0,0.0,0.0,0.0,0.0,1.0,0.0,0.0,1.0
2161,Maldives,Sugar Crops,Domestic supply,0.0,0.0,0.0,0.0,0.0,0.0,0.0,0.0,0.0,0.0,0.0,0.0,0.0,0.0,1.0,0.0,0.0,1.0
2162,Maldives,Stimulants,Stock Variation,0.0,0.0,0.0,0.0,0.0,0.0,0.0,0.0,0.0,0.0,0.0,0.0,0.0,0.0,1.0,1.0,1.0,0.0
2163,Maldives,Starchy Roots,Domestic supply,7.0,8.0,7.0,8.0,9.0,7.0,8.0,8.0,8.0,8.0,8.0,9.0,10.0,9.0,9.0,9.0,10.0,10.0
2164,Maldives,Pulses,Import,0.0,1.0,1.0,1.0,1.0,1.0,1.0,1.0,1.0,1.0,1.0,1.0,1.0,1.0,1.0,1.0,8.0,2.0
2165,Maldives,Oilcrops,Export,0.0,0.0,0.0,0.0,0.0,0.0,0.0,0.0,0.0,0.0,0.0,0.0,0.0,0.0,0.0,0.0,0.0,0.0
2166,Maldives,Oilcrops,Import,0.0,0.0,0.0,0.0,0.0,0.0,0.0,0.0,0.0,0.0,0.0,0.0,0.0,0.0,0.0,1.0,1.0,1.0
2167,Maldives,Pulses,Domestic supply,1.0,1.0,1.0,1.0,1.0,1.0,1.0,1.0,1.0,1.0,1.0,1.0,1.0,1.0,1.0,0.0,0.0,1.0
2168,Maldives,Pulses,Seed,0.0,0.0,0.0,0.0,0.0,0.0,0.0,0.0,0.0,0.0,0.0,0.0,0.0,0.0,0.0,0.0,0.0,0.0
2169,Maldives,Pulses,Losses,0.0,0.0,0.0,0.0,0.0,0.0,0.0,0.0,0.0,0.0,0.0,0.0,0.0,0.0,0.0,0.0,0.0,0.0
2170,Maldives,Pulses,Other uses (non-food),0.0,0.0,0.0,0.0,0.0,0.0,0.0,0.0,0.0,0.0,0.0,0.0,0.0,0.0,0.0,0.0,0.0,0.0
2171,Maldives,Pulses,Human Consumption,1.0,1.0,1.0,1.0,1.0,1.0,1.0,1.0,1.0,1.0,1.0,1.0,1.0,1.0,1.0,0.0,0.0,0.0
2172,Maldives,Treenuts,Production,2.0,1.0,1.0,1.0,1.0,2.0,2.0,2.0,2.0,2.0,2.0,2.0,2.0,2.0,2.0,2.0,2.0,2.0
2173,Maldives,Oilcrops,Stock Variation,0.0,0.0,0.0,0.0,0.0,0.0,0.0,0.0,0.0,0.0,0.0,0.0,0.0,0.0,0.0,0.0,0.0,0.0
2174,Maldives,Treenuts,Import,1.0,1.0,1.0,1.0,1.0,2.0,2.0,2.0,2.0,2.0,2.0,3.0,3.0,3.0,2.0,2.0,3.0,2.0
2175,Maldives,Treenuts,Export,0.0,0.0,0.0,0.0,0.0,0.0,0.0,0.0,0.0,0.0,0.0,0.0,0.0,0.0,0.0,0.0,0.0,0.0
2176,Maldives,Treenuts,Domestic supply,3.0,2.0,2.0,2.0,3.0,3.0,4.0,4.0,5.0,4.0,4.0,5.0,5.0,6.0,4.0,4.0,4.0,4.0
2177,Maldives,Treenuts,Losses,0.0,0.0,0.0,0.0,0.0,0.0,0.0,0.0,0.0,0.0,0.0,0.0,0.0,0.0,0.0,0.0,0.0,0.0
2178,Maldives,Treenuts,Other uses (non-food),0.0,0.0,0.0,0.0,0.0,0.0,0.0,0.0,0.0,0.0,0.0,0.0,0.0,0.0,0.0,0.0,0.0,0.0
2179,Maldives,Treenuts,Human Consumption,2.0,2.0,2.0,2.0,2.0,3.0,4.0,4.0,4.0,4.0,4.0,5.0,5.0,5.0,4.0,4.0,4.0,4.0
2180,Maldives,Oilcrops,Production,16.0,23.0,23.0,37.0,36.0,17.0,3.0,2.0,2.0,5.0,4.0,3.0,1.0,1.0,0.0,0.0,0.0,0.0
2181,Maldives,Treenuts,Stock Variation,0.0,0.0,0.0,0.0,0.0,0.0,0.0,0.0,0.0,0.0,0.0,0.0,0.0,0.0,0.0,0.0,1.0,0.0
2182,Maldives,Stimulants,Import,1.0,1.0,1.0,2.0,2.0,2.0,3.0,3.0,4.0,4.0,5.0,3.0,4.0,4.0,3.0,3.0,3.0,2.0
2183,Maldives,Meat,Export,0.0,0.0,0.0,0.0,0.0,0.0,0.0,0.0,0.0,0.0,0.0,0.0,0.0,0.0,0.0,0.0,0.0,0.0
2184,Maldives,Spices,Human Consumption,1.0,1.0,1.0,1.0,1.0,1.0,1.0,1.0,1.0,1.0,1.0,1.0,2.0,1.0,2.0,2.0,2.0,2.0
2185,Maldives,Milk - Excluding Butter,Stock Variation,0.0,3.0,1.0,0.0,0.0,0.0,0.0,0.0,0.0,0.0,0.0,-4.0,2.0,0.0,0.0,1.0,2.0,1.0
2186,Maldives,Milk - Excluding Butter,Import,18.0,19.0,19.0,21.0,21.0,24.0,28.0,28.0,31.0,31.0,32.0,40.0,35.0,42.0,11.0,13.0,18.0,15.0
2187,Maldives,Milk - Excluding Butter,Production,0.0,0.0,0.0,0.0,0.0,0.0,0.0,0.0,0.0,0.0,0.0,0.0,0.0,0.0,0.0,0.0,0.0,0.0
2188,Maldives,Eggs,Human Consumption,2.0,2.0,2.0,3.0,3.0,3.0,3.0,3.0,3.0,3.0,3.0,3.0,4.0,4.0,5.0,5.0,6.0,6.0
2189,Maldives,Eggs,Other uses (non-food),0.0,0.0,1.0,1.0,1.0,1.0,1.0,1.0,1.0,2.0,2.0,2.0,2.0,2.0,0.0,0.0,0.0,0.0
2190,Maldives,Eggs,Domestic supply,2.0,2.0,3.0,3.0,4.0,4.0,3.0,4.0,5.0,5.0,5.0,5.0,6.0,6.0,8.0,8.0,10.0,9.0
2191,Maldives,Eggs,Stock Variation,0.0,0.0,0.0,0.0,0.0,0.0,0.0,0.0,0.0,0.0,0.0,0.0,0.0,0.0,0.0,0.0,0.0,0.0
2192,Maldives,Eggs,Import,2.0,2.0,3.0,3.0,4.0,4.0,3.0,4.0,5.0,5.0,5.0,5.0,6.0,6.0,8.0,8.0,10.0,9.0
2193,Maldives,"Fish, Seafood",Human Consumption,50.0,51.0,54.0,40.0,37.0,50.0,33.0,43.0,43.0,51.0,63.0,63.0,64.0,64.0,64.0,62.0,61.0,45.0
2194,Maldives,"Fish, Seafood",Other uses (non-food),0.0,7.0,29.0,0.0,0.0,7.0,9.0,9.0,5.0,6.0,8.0,7.0,4.0,16.0,7.0,6.0,6.0,14.0
2195,Maldives,"Fish, Seafood",Domestic supply,50.0,58.0,82.0,40.0,37.0,57.0,42.0,53.0,48.0,57.0,71.0,70.0,68.0,79.0,71.0,69.0,67.0,59.0
2196,Maldives,"Fish, Seafood",Export,69.0,69.0,82.0,116.0,121.0,129.0,145.0,93.0,88.0,62.0,53.0,55.0,55.0,54.0,65.0,65.0,68.0,91.0
2197,Maldives,"Fish, Seafood",Stock Variation,0.0,0.0,0.0,0.0,0.0,0.0,0.0,0.0,0.0,0.0,0.0,0.0,0.0,0.0,0.0,0.0,0.0,0.0
2198,Maldives,"Fish, Seafood",Import,0.0,1.0,1.0,1.0,1.0,1.0,1.0,2.0,2.0,1.0,2.0,6.0,4.0,4.0,7.0,6.0,6.0,6.0
2199,Maldives,"Fish, Seafood",Production,119.0,127.0,163.0,155.0,158.0,186.0,186.0,144.0,134.0,117.0,121.0,120.0,119.0,129.0,128.0,127.0,129.0,143.0
2200,Maldives,"Aquatic Products, Other",Human Consumption,0.0,0.0,0.0,0.0,0.0,0.0,0.0,0.0,0.0,0.0,0.0,0.0,0.0,0.0,0.0,0.0,0.0,0.0
2201,Maldives,"Aquatic Products, Other",Domestic supply,0.0,0.0,0.0,0.0,0.0,0.0,0.0,0.0,0.0,0.0,0.0,0.0,0.0,0.0,0.0,0.0,0.0,0.0
2202,Maldives,Stimulants,Production,0.0,0.0,0.0,0.0,0.0,0.0,0.0,0.0,0.0,0.0,0.0,0.0,0.0,0.0,0.0,0.0,0.0,0.0
2203,Maldives,Cereals - Excluding Beer,Production,0.0,0.0,0.0,0.0,0.0,0.0,0.0,0.0,0.0,0.0,0.0,0.0,0.0,0.0,0.0,0.0,0.0,0.0
2204,Maldives,Cereals - Excluding Beer,Import,39.0,43.0,42.0,42.0,46.0,45.0,49.0,52.0,59.0,56.0,55.0,59.0,55.0,63.0,62.0,67.0,75.0,73.0
2205,Maldives,Cereals - Excluding Beer,Stock Variation,-1.0,-4.0,-1.0,0.0,-4.0,-1.0,-5.0,-5.0,-12.0,-6.0,-4.0,-4.0,2.0,-3.0,-8.0,-7.0,-3.0,-7.0
2206,Maldives,Cereals - Excluding Beer,Export,0.0,0.0,0.0,0.0,0.0,0.0,0.0,0.0,0.0,0.0,0.0,0.0,0.0,0.0,0.0,0.0,0.0,0.0
2207,Maldives,Cereals - Excluding Beer,Domestic supply,38.0,39.0,41.0,42.0,42.0,44.0,44.0,47.0,48.0,50.0,52.0,55.0,57.0,61.0,70.0,74.0,78.0,80.0
2208,Maldives,Milk - Excluding Butter,Domestic supply,18.0,22.0,20.0,21.0,21.0,24.0,28.0,28.0,31.0,31.0,32.0,36.0,37.0,42.0,11.0,12.0,16.0,14.0
2209,Maldives,Cereals - Excluding Beer,Feed,0.0,0.0,0.0,0.0,0.0,0.0,0.0,0.0,0.0,0.0,0.0,0.0,0.0,0.0,0.0,0.0,0.0,0.0
2210,Maldives,Cereals - Excluding Beer,Losses,0.0,0.0,0.0,0.0,0.0,0.0,0.0,0.0,1.0,0.0,0.0,1.0,0.0,1.0,0.0,0.0,0.0,0.0
2211,Maldives,Cereals - Excluding Beer,Other uses (non-food),4.0,5.0,6.0,6.0,7.0,9.0,9.0,10.0,10.0,9.0,10.0,11.0,12.0,15.0,0.0,0.0,0.0,0.0
2212,Maldives,Cereals - Excluding Beer,Human Consumption,33.0,34.0,35.0,35.0,34.0,35.0,35.0,36.0,37.0,40.0,41.0,43.0,45.0,45.0,53.0,56.0,57.0,59.0
2213,Maldives,"Aquatic Products, Other",Production,1.0,1.0,1.0,1.0,1.0,0.0,0.0,0.0,0.0,0.0,1.0,1.0,1.0,1.0,0.0,0.0,0.0,0.0
2214,Maldives,"Aquatic Products, Other",Import,0.0,0.0,0.0,0.0,0.0,0.0,0.0,0.0,0.0,0.0,0.0,0.0,0.0,0.0,0.0,0.0,0.0,0.0
2215,Maldives,"Aquatic Products, Other",Export,1.0,1.0,1.0,1.0,1.0,0.0,0.0,0.0,0.0,0.0,1.0,1.0,1.0,1.0,0.0,0.0,0.0,0.0
2216,Maldives,Cereals - Excluding Beer,Seed,0.0,0.0,0.0,0.0,0.0,0.0,0.0,0.0,0.0,0.0,0.0,0.0,0.0,0.0,0.0,0.0,0.0,0.0
2217,Maldives,Milk - Excluding Butter,Other uses (non-food),2.0,2.0,2.0,2.0,3.0,2.0,3.0,5.0,4.0,5.0,4.0,7.0,3.0,3.0,0.0,0.0,0.0,0.0
2218,Maldives,"Aquatic Products, Other",Other uses (non-food),0.0,0.0,0.0,0.0,0.0,0.0,0.0,0.0,0.0,0.0,0.0,0.0,0.0,0.0,0.0,0.0,0.0,0.0
2219,Maldives,Animal fats,Production,0.0,2.0,3.0,3.0,0.0,0.0,0.0,0.0,0.0,0.0,0.0,0.0,0.0,0.0,0.0,0.0,0.0,0.0
2220,Maldives,Miscellaneous,Domestic supply,0.0,0.0,0.0,0.0,0.0,0.0,0.0,0.0,0.0,0.0,0.0,0.0,0.0,0.0,11.0,12.0,12.0,17.0
2221,Maldives,Miscellaneous,Human Consumption,0.0,0.0,0.0,0.0,0.0,0.0,0.0,0.0,0.0,0.0,0.0,0.0,0.0,0.0,11.0,11.0,11.0,15.0
2222,Maldives,Alcoholic Beverages,Import,2.0,2.0,3.0,3.0,4.0,3.0,4.0,4.0,4.0,4.0,4.0,4.0,4.0,4.0,4.0,4.0,5.0,5.0
2223,Maldives,Alcoholic Beverages,Stock Variation,0.0,0.0,0.0,0.0,0.0,0.0,0.0,0.0,0.0,0.0,0.0,0.0,0.0,0.0,0.0,0.0,0.0,0.0
2224,Maldives,Alcoholic Beverages,Export,0.0,0.0,0.0,0.0,0.0,0.0,0.0,0.0,0.0,0.0,0.0,0.0,0.0,0.0,0.0,0.0,0.0,0.0
2225,Maldives,Alcoholic Beverages,Other uses (non-food),1.0,1.0,1.0,1.0,1.0,1.0,1.0,1.0,1.0,1.0,1.0,1.0,1.0,1.0,0.0,0.0,0.0,0.0
2226,Maldives,Miscellaneous,Export,0.0,0.0,0.0,0.0,0.0,0.0,0.0,0.0,0.0,0.0,0.0,0.0,0.0,0.0,0.0,0.0,0.0,0.0
2227,Maldives,Alcoholic Beverages,Human Consumption,2.0,2.0,2.0,2.0,2.0,2.0,3.0,3.0,3.0,3.0,3.0,3.0,3.0,3.0,3.0,3.0,3.0,3.0
2228,Maldives,Spices,Import,1.0,1.0,1.0,1.0,1.0,1.0,1.0,1.0,1.0,1.0,1.0,1.0,2.0,2.0,2.0,2.0,3.0,2.0
2229,Maldives,Spices,Stock Variation,0.0,0.0,0.0,0.0,0.0,0.0,0.0,0.0,0.0,0.0,0.0,0.0,0.0,0.0,0.0,0.0,1.0,0.0
2230,Maldives,Spices,Domestic supply,1.0,1.0,1.0,1.0,1.0,1.0,1.0,1.0,1.0,1.0,1.0,2.0,2.0,2.0,2.0,2.0,2.0,2.0
2231,Maldives,Spices,Losses,0.0,0.0,0.0,0.0,0.0,0.0,0.0,0.0,0.0,0.0,0.0,0.0,0.0,0.0,0.0,0.0,0.0,0.0
2232,Maldives,Milk - Excluding Butter,Human Consumption,16.0,20.0,18.0,19.0,18.0,21.0,25.0,24.0,26.0,26.0,27.0,29.0,34.0,38.0,10.0,11.0,11.0,12.0
2233,Maldives,Spices,Other uses (non-food),0.0,0.0,0.0,0.0,0.0,0.0,0.0,0.0,0.0,0.0,0.0,0.0,0.0,0.0,0.0,0.0,0.0,0.0
2234,Maldives,Spices,Production,0.0,0.0,0.0,0.0,0.0,0.0,0.0,0.0,0.0,0.0,0.0,0.0,0.0,0.0,0.0,0.0,0.0,0.0
2235,Maldives,Miscellaneous,Stock Variation,0.0,0.0,0.0,0.0,0.0,0.0,0.0,0.0,0.0,0.0,0.0,0.0,0.0,0.0,0.0,13.0,24.0,0.0
2236,Maldives,Alcoholic Beverages,Domestic supply,2.0,2.0,3.0,3.0,3.0,3.0,4.0,4.0,4.0,4.0,4.0,4.0,4.0,4.0,5.0,5.0,4.0,5.0
2237,Maldives,Animal fats,Human Consumption,0.0,0.0,0.0,0.0,0.0,0.0,0.0,0.0,0.0,0.0,0.0,0.0,1.0,1.0,0.0,0.0,0.0,0.0
2238,Maldives,Animal fats,Import,0.0,0.0,0.0,0.0,0.0,0.0,0.0,0.0,0.0,0.0,0.0,0.0,1.0,1.0,0.0,0.0,0.0,0.0
2239,Maldives,Animal fats,Export,0.0,0.0,0.0,0.0,0.0,0.0,0.0,0.0,0.0,0.0,0.0,0.0,0.0,0.0,0.0,0.0,0.0,0.0
2240,Maldives,Animal fats,Domestic supply,0.0,2.0,3.0,3.0,0.0,0.0,0.0,0.0,0.0,0.0,0.0,0.0,1.0,1.0,0.0,0.0,0.0,0.0
2241,Maldives,Animal fats,Other uses (non-food),0.0,2.0,3.0,3.0,0.0,0.0,0.0,0.0,0.0,0.0,0.0,0.0,0.0,0.0,0.0,0.0,0.0,0.0
2242,Maldives,Offals,Import,0.0,0.0,0.0,0.0,0.0,0.0,0.0,0.0,0.0,0.0,0.0,0.0,0.0,0.0,0.0,0.0,0.0,0.0
2243,Maldives,Offals,Domestic supply,0.0,0.0,0.0,0.0,0.0,0.0,0.0,0.0,0.0,0.0,0.0,0.0,0.0,0.0,0.0,0.0,0.0,0.0
2244,Maldives,Miscellaneous,Import,0.0,0.0,0.0,0.0,0.0,0.0,0.0,0.0,0.0,0.0,0.0,0.0,0.0,0.0,11.0,25.0,37.0,17.0
2245,Maldives,Offals,Human Consumption,0.0,0.0,0.0,0.0,0.0,0.0,0.0,0.0,0.0,0.0,0.0,0.0,0.0,0.0,0.0,0.0,0.0,0.0
2246,Maldives,Meat,Production,1.0,1.0,1.0,1.0,1.0,1.0,1.0,1.0,1.0,1.0,1.0,1.0,1.0,1.0,0.0,0.0,0.0,0.0
2247,Maldives,Meat,Import,3.0,4.0,4.0,5.0,6.0,5.0,6.0,8.0,7.0,8.0,10.0,11.0,12.0,16.0,14.0,16.0,18.0,17.0
2248,Maldives,Meat,Stock Variation,1.0,0.0,0.0,0.0,0.0,0.0,0.0,0.0,0.0,0.0,0.0,0.0,0.0,0.0,0.0,0.0,1.0,1.0
2249,Maldives,Meat,Domestic supply,4.0,4.0,5.0,6.0,6.0,6.0,7.0,9.0,8.0,8.0,11.0,12.0,12.0,17.0,14.0,16.0,17.0,16.0
2250,Maldives,Meat,Other uses (non-food),0.0,0.0,1.0,0.0,1.0,0.0,1.0,2.0,1.0,2.0,3.0,4.0,4.0,6.0,0.0,0.0,0.0,0.0
2251,Maldives,Meat,Human Consumption,4.0,4.0,4.0,5.0,6.0,6.0,6.0,6.0,7.0,7.0,7.0,8.0,8.0,11.0,8.0,10.0,11.0,10.0
2252,Maldives,Animal fats,Stock Variation,0.0,0.0,0.0,0.0,0.0,0.0,0.0,0.0,0.0,0.0,0.0,0.0,0.0,0.0,0.0,0.0,0.0,0.0
2253,Mali,Sugar & Sweeteners,Production,29.0,28.0,32.0,34.0,35.0,35.0,32.0,35.0,35.0,39.0,34.0,34.0,37.0,36.0,68.0,44.0,48.0,52.0
2254,Mali,Sugar & Sweeteners,Import,104.0,134.0,142.0,117.0,79.0,146.0,159.0,146.0,142.0,79.0,94.0,100.0,160.0,122.0,128.0,141.0,148.0,156.0
2255,Mali,Pulses,Stock Variation,1.0,2.0,17.0,-13.0,11.0,10.0,10.0,19.0,-5.0,-20.0,0.0,-1.0,0.0,0.0,-24.0,14.0,0.0,0.0
2256,Mali,Vegetable Oils,Other uses (non-food),11.0,7.0,5.0,6.0,5.0,4.0,11.0,18.0,30.0,37.0,32.0,39.0,35.0,32.0,36.0,45.0,46.0,83.0
2257,Mali,Sugar & Sweeteners,Stock Variation,11.0,-16.0,-16.0,0.0,38.0,-27.0,-21.0,-11.0,0.0,54.0,21.0,0.0,1.0,0.0,32.0,14.0,-5.0,-3.0
2258,Mali,Vegetable Oils,Domestic supply,98.0,109.0,110.0,109.0,113.0,106.0,117.0,121.0,143.0,158.0,142.0,156.0,150.0,153.0,154.0,187.0,171.0,201.0
2259,Mali,Vegetable Oils,Human Consumption,87.0,103.0,106.0,103.0,108.0,102.0,106.0,103.0,112.0,121.0,111.0,117.0,115.0,121.0,118.0,141.0,125.0,118.0
2260,Mali,Sugar & Sweeteners,Export,0.0,0.0,0.0,0.0,2.0,0.0,0.0,0.0,0.0,0.0,0.0,0.0,2.0,1.0,5.0,4.0,10.0,8.0
2261,Mali,Pulses,Production,117.0,111.0,100.0,141.0,124.0,112.0,89.0,77.0,106.0,159.0,155.0,169.0,210.0,283.0,173.0,215.0,206.0,195.0
2262,Mali,Sugar & Sweeteners,Feed,0.0,0.0,0.0,0.0,0.0,0.0,0.0,0.0,0.0,0.0,0.0,0.0,0.0,0.0,0.0,0.0,0.0,0.0
2263,Mali,Sugar & Sweeteners,Losses,0.0,0.0,0.0,0.0,0.0,0.0,0.0,0.0,0.0,0.0,0.0,0.0,0.0,0.0,2.0,0.0,1.0,1.0
2264,Mali,Sugar & Sweeteners,Processing,0.0,0.0,0.0,0.0,0.0,0.0,0.0,0.0,0.0,0.0,0.0,0.0,0.0,0.0,0.0,0.0,0.0,0.0
2265,Mali,Sugar & Sweeteners,Other uses (non-food),0.0,0.0,0.0,0.0,0.0,0.0,0.0,0.0,0.0,0.0,0.0,0.0,0.0,0.0,0.0,0.0,0.0,0.0
2266,Mali,Sugar & Sweeteners,Human Consumption,144.0,146.0,157.0,151.0,150.0,154.0,169.0,170.0,177.0,172.0,150.0,134.0,196.0,157.0,158.0,166.0,190.0,202.0
2267,Mali,Pulses,Import,0.0,0.0,0.0,1.0,1.0,1.0,1.0,1.0,2.0,1.0,0.0,1.0,2.0,5.0,2.0,1.0,2.0,3.0
2268,Mali,Vegetable Oils,Export,8.0,4.0,8.0,4.0,7.0,8.0,12.0,8.0,4.0,2.0,2.0,2.0,0.0,0.0,1.0,1.0,2.0,1.0
2269,Mali,Sugar & Sweeteners,Domestic supply,144.0,146.0,157.0,151.0,150.0,154.0,169.0,170.0,177.0,172.0,150.0,134.0,196.0,157.0,159.0,166.0,190.0,203.0
2270,Mali,Vegetable Oils,Stock Variation,-7.0,-3.0,-3.0,-14.0,-10.0,-15.0,10.0,-16.0,5.0,20.0,12.0,10.0,0.0,0.0,8.0,29.0,5.0,24.0
2271,Mali,Stimulants,Human Consumption,10.0,10.0,11.0,11.0,12.0,11.0,15.0,15.0,19.0,9.0,10.0,9.0,14.0,11.0,9.0,7.0,14.0,14.0
2272,Mali,Vegetable Oils,Production,100.0,98.0,107.0,106.0,107.0,109.0,85.0,101.0,94.0,102.0,88.0,96.0,110.0,111.0,91.0,122.0,111.0,99.0
2273,Mali,Pulses,Export,0.0,0.0,0.0,0.0,0.0,0.0,0.0,0.0,1.0,0.0,0.0,0.0,0.0,0.0,0.0,0.0,2.0,1.0
2274,Mali,Stimulants,Export,0.0,0.0,0.0,0.0,0.0,0.0,0.0,0.0,0.0,0.0,0.0,1.0,0.0,0.0,1.0,0.0,1.0,2.0
2275,Mali,Stimulants,Domestic supply,10.0,10.0,11.0,11.0,12.0,11.0,15.0,15.0,19.0,9.0,10.0,9.0,14.0,11.0,9.0,7.0,14.0,14.0
2276,Mali,Stimulants,Losses,0.0,0.0,0.0,0.0,0.0,0.0,0.0,0.0,0.0,0.0,0.0,0.0,0.0,0.0,0.0,0.0,0.0,0.0
2277,Mali,Fruits - Excluding Wine,Import,9.0,10.0,10.0,11.0,9.0,12.0,37.0,20.0,31.0,9.0,15.0,22.0,32.0,17.0,48.0,31.0,43.0,53.0
2278,Mali,Fruits - Excluding Wine,Stock Variation,0.0,0.0,0.0,0.0,0.0,0.0,0.0,0.0,0.0,0.0,0.0,0.0,0.0,0.0,20.0,2.0,0.0,3.0
2279,Mali,Fruits - Excluding Wine,Export,2.0,1.0,2.0,1.0,2.0,3.0,9.0,7.0,8.0,4.0,4.0,3.0,21.0,9.0,11.0,14.0,27.0,27.0
2280,Mali,Fruits - Excluding Wine,Domestic supply,259.0,316.0,274.0,333.0,369.0,335.0,392.0,402.0,376.0,384.0,441.0,410.0,452.0,445.0,521.0,522.0,920.0,978.0
2281,Mali,Fruits - Excluding Wine,Losses,5.0,7.0,6.0,9.0,9.0,9.0,9.0,10.0,8.0,8.0,8.0,8.0,9.0,9.0,41.0,42.0,84.0,88.0
2282,Mali,Fruits - Excluding Wine,Human Consumption,254.0,310.0,268.0,324.0,360.0,326.0,382.0,392.0,368.0,376.0,433.0,401.0,464.0,439.0,484.0,486.0,840.0,894.0
2283,Mali,Vegetables,Production,625.0,583.0,697.0,656.0,630.0,713.0,495.0,793.0,472.0,973.0,824.0,876.0,906.0,864.0,1285.0,1836.0,2302.0,1775.0
2284,Mali,Vegetables,Import,8.0,9.0,7.0,9.0,13.0,9.0,28.0,18.0,22.0,20.0,20.0,15.0,37.0,39.0,31.0,66.0,50.0,75.0
2285,Mali,Vegetables,Stock Variation,0.0,0.0,0.0,0.0,0.0,0.0,-1.0,1.0,0.0,0.0,-1.0,-1.0,0.0,1.0,2.0,1.0,1.0,2.0
2286,Mali,Vegetables,Export,0.0,0.0,2.0,2.0,2.0,6.0,2.0,2.0,3.0,2.0,1.0,1.0,6.0,1.0,2.0,18.0,15.0,17.0
2287,Mali,Vegetables,Domestic supply,634.0,592.0,702.0,663.0,641.0,716.0,520.0,809.0,491.0,991.0,842.0,889.0,938.0,902.0,1312.0,1883.0,2336.0,1832.0
2288,Mali,Vegetables,Losses,33.0,32.0,38.0,38.0,35.0,42.0,37.0,47.0,36.0,33.0,38.0,36.0,37.0,36.0,117.0,171.0,216.0,163.0
2289,Mali,Vegetables,Human Consumption,600.0,560.0,666.0,626.0,607.0,675.0,483.0,762.0,455.0,958.0,804.0,853.0,901.0,866.0,1195.0,1712.0,2120.0,1672.0
2290,Mali,Vegetable Oils,Import,13.0,18.0,15.0,21.0,23.0,20.0,34.0,44.0,47.0,39.0,45.0,52.0,40.0,42.0,72.0,95.0,67.0,126.0
2291,Mali,Pulses,Domestic supply,118.0,114.0,117.0,128.0,136.0,122.0,100.0,97.0,102.0,140.0,156.0,169.0,213.0,288.0,198.0,202.0,207.0,196.0
2292,Mali,Sugar Crops,Import,0.0,0.0,0.0,0.0,0.0,0.0,0.0,0.0,0.0,0.0,0.0,0.0,0.0,0.0,0.0,0.0,0.0,0.0
2293,Mali,Pulses,Seed,1.0,1.0,1.0,1.0,1.0,0.0,1.0,1.0,1.0,1.0,1.0,1.0,1.0,1.0,0.0,1.0,7.0,7.0
2294,Mali,Starchy Roots,Import,5.0,5.0,5.0,11.0,17.0,33.0,29.0,35.0,61.0,11.0,8.0,8.0,78.0,29.0,39.0,41.0,50.0,65.0
2295,Mali,Starchy Roots,Stock Variation,0.0,0.0,0.0,-25.0,25.0,0.0,0.0,0.0,0.0,0.0,0.0,0.0,0.0,0.0,26.0,-93.0,134.0,572.0
2296,Mali,Starchy Roots,Export,0.0,0.0,2.0,2.0,1.0,0.0,1.0,1.0,2.0,2.0,1.0,0.0,0.0,0.0,1.0,24.0,39.0,94.0
2297,Mali,Starchy Roots,Domestic supply,140.0,194.0,227.0,228.0,174.0,347.0,493.0,613.0,682.0,481.0,423.0,550.0,552.0,482.0,697.0,722.0,870.0,896.0
2298,Mali,Starchy Roots,Feed,1.0,1.0,1.0,1.0,1.0,25.0,43.0,43.0,32.0,36.0,17.0,21.0,18.0,17.0,51.0,44.0,91.0,107.0
2299,Mali,Starchy Roots,Seed,0.0,0.0,0.0,0.0,0.0,0.0,0.0,0.0,0.0,0.0,0.0,0.0,0.0,0.0,2.0,1.0,1.0,2.0
2300,Mali,Starchy Roots,Losses,3.0,5.0,6.0,7.0,4.0,9.0,13.0,19.0,20.0,15.0,15.0,19.0,17.0,16.0,132.0,144.0,184.0,173.0
2301,Mali,Starchy Roots,Other uses (non-food),0.0,0.0,0.0,0.0,0.0,0.0,0.0,0.0,0.0,0.0,0.0,0.0,1.0,0.0,0.0,1.0,0.0,0.0
2302,Mali,Starchy Roots,Human Consumption,136.0,187.0,220.0,220.0,169.0,313.0,436.0,551.0,630.0,430.0,391.0,511.0,517.0,448.0,512.0,532.0,594.0,614.0
2303,Mali,Sugar Crops,Production,313.0,285.0,333.0,336.0,348.0,344.0,320.0,346.0,364.0,381.0,363.0,364.0,395.0,361.0,358.0,371.0,372.0,376.0
2304,Mali,Stimulants,Stock Variation,0.0,0.0,0.0,-1.0,0.0,0.0,0.0,0.0,0.0,0.0,0.0,0.0,0.0,0.0,-2.0,0.0,1.0,3.0
2305,Mali,Sugar Crops,Stock Variation,0.0,0.0,0.0,0.0,0.0,0.0,0.0,0.0,0.0,0.0,0.0,0.0,0.0,0.0,0.0,0.0,0.0,0.0
2306,Mali,Sugar Crops,Domestic supply,313.0,285.0,333.0,336.0,348.0,344.0,320.0,346.0,364.0,381.0,363.0,364.0,395.0,361.0,358.0,371.0,373.0,376.0
2307,Mali,Sugar Crops,Feed,0.0,0.0,0.0,0.0,0.0,0.0,0.0,4.0,4.0,4.0,4.0,4.0,5.0,4.0,4.0,6.0,6.0,6.0
2308,Mali,Sugar Crops,Losses,0.0,0.0,0.0,0.0,0.0,0.0,0.0,0.0,0.0,0.0,0.0,0.0,0.0,0.0,18.0,18.0,19.0,19.0
2309,Mali,Sugar Crops,Processing,300.0,280.0,320.0,335.0,345.0,344.0,316.0,330.0,340.0,340.0,340.0,340.0,370.0,340.0,336.0,347.0,348.0,350.0
2310,Mali,Sugar Crops,Other uses (non-food),13.0,5.0,13.0,1.0,3.0,0.0,4.0,12.0,20.0,37.0,19.0,20.0,20.0,17.0,1.0,0.0,0.0,0.0
2311,Mali,Starchy Roots,Production,135.0,188.0,224.0,244.0,132.0,314.0,464.0,579.0,623.0,472.0,416.0,542.0,475.0,453.0,685.0,612.0,993.0,1497.0
2312,Mali,Pulses,Feed,0.0,0.0,0.0,0.0,0.0,0.0,0.0,0.0,0.0,0.0,0.0,0.0,0.0,0.0,0.0,1.0,1.0,0.0
2313,Mali,Oilcrops,Human Consumption,21.0,21.0,25.0,28.0,26.0,31.0,51.0,40.0,39.0,22.0,24.0,37.0,53.0,51.0,151.0,55.0,107.0,113.0
2314,Mali,Oilcrops,Processing,393.0,392.0,401.0,432.0,457.0,465.0,335.0,411.0,387.0,424.0,388.0,556.0,575.0,597.0,490.0,645.0,585.0,522.0
2315,Mali,Pulses,Losses,0.0,0.0,0.0,0.0,0.0,0.0,0.0,0.0,0.0,0.0,0.0,0.0,0.0,0.0,8.0,6.0,7.0,7.0
2316,Mali,Pulses,Human Consumption,117.0,113.0,116.0,127.0,135.0,122.0,100.0,97.0,102.0,139.0,155.0,169.0,212.0,287.0,190.0,194.0,193.0,182.0
2317,Mali,Treenuts,Production,4.0,4.0,5.0,5.0,5.0,6.0,6.0,7.0,5.0,5.0,5.0,6.0,6.0,8.0,74.0,67.0,73.0,74.0
2318,Mali,Treenuts,Import,5.0,9.0,5.0,3.0,6.0,7.0,7.0,7.0,6.0,6.0,6.0,1.0,9.0,2.0,3.0,5.0,7.0,5.0
2319,Mali,Treenuts,Stock Variation,0.0,0.0,0.0,0.0,0.0,0.0,0.0,0.0,0.0,0.0,0.0,0.0,0.0,0.0,1.0,3.0,5.0,14.0
2320,Mali,Treenuts,Export,0.0,0.0,2.0,3.0,2.0,3.0,2.0,3.0,5.0,3.0,2.0,4.0,12.0,9.0,6.0,1.0,8.0,7.0
2321,Mali,Treenuts,Domestic supply,9.0,13.0,7.0,5.0,9.0,11.0,11.0,12.0,7.0,8.0,8.0,3.0,3.0,1.0,70.0,68.0,67.0,58.0
2322,Mali,Treenuts,Losses,0.0,0.0,0.0,0.0,0.0,0.0,0.0,0.0,0.0,0.0,0.0,0.0,0.0,0.0,4.0,4.0,4.0,4.0
2323,Mali,Treenuts,Human Consumption,9.0,13.0,7.0,5.0,9.0,11.0,11.0,12.0,8.0,8.0,8.0,3.0,7.0,1.0,68.0,65.0,63.0,54.0
2324,Mali,Oilcrops,Production,404.0,497.0,541.0,651.0,614.0,719.0,519.0,578.0,606.0,602.0,605.0,899.0,928.0,896.0,950.0,852.0,1020.0,871.0
2325,Mali,Oilcrops,Import,0.0,15.0,0.0,2.0,13.0,5.0,27.0,10.0,10.0,5.0,6.0,12.0,44.0,35.0,120.0,166.0,99.0,140.0
2326,Mali,Oilcrops,Stock Variation,90.0,-19.0,9.0,-26.0,18.0,-18.0,38.0,77.0,-4.0,29.0,13.0,14.0,-12.0,0.0,62.0,13.0,26.0,-82.0
2327,Mali,Oilcrops,Export,13.0,11.0,17.0,18.0,20.0,29.0,34.0,43.0,7.0,11.0,25.0,33.0,10.0,20.0,50.0,41.0,37.0,35.0
2328,Mali,Oilcrops,Domestic supply,481.0,482.0,534.0,609.0,625.0,677.0,551.0,621.0,604.0,624.0,598.0,893.0,949.0,911.0,959.0,964.0,1057.0,1057.0
2329,Mali,Oilcrops,Feed,0.0,0.0,0.0,0.0,0.0,0.0,0.0,0.0,0.0,0.0,0.0,0.0,0.0,0.0,22.0,18.0,28.0,38.0
2330,Mali,Oilcrops,Seed,58.0,54.0,59.0,62.0,63.0,60.0,42.0,38.0,34.0,40.0,61.0,65.0,63.0,63.0,76.0,45.0,62.0,106.0
2331,Mali,Oilcrops,Losses,3.0,3.0,4.0,3.0,2.0,4.0,5.0,5.0,6.0,5.0,5.0,8.0,7.0,7.0,40.0,63.0,72.0,17.0
2332,Mali,Oilcrops,Other uses (non-food),7.0,12.0,46.0,83.0,76.0,117.0,117.0,128.0,140.0,133.0,121.0,227.0,253.0,193.0,187.0,138.0,203.0,269.0
2333,Mali,Stimulants,Import,10.0,11.0,11.0,12.0,12.0,11.0,14.0,15.0,19.0,9.0,10.0,10.0,14.0,11.0,7.0,7.0,16.0,19.0
2334,Mali,Fruits - Excluding Wine,Production,252.0,307.0,267.0,324.0,362.0,326.0,363.0,389.0,353.0,378.0,431.0,390.0,442.0,437.0,503.0,507.0,905.0,954.0
2335,Mali,Spices,Human Consumption,3.0,4.0,3.0,4.0,4.0,4.0,5.0,4.0,5.0,4.0,5.0,5.0,5.0,4.0,15.0,13.0,15.0,15.0
2336,Mali,"Fish, Seafood",Human Consumption,103.0,94.0,100.0,106.0,108.0,112.0,115.0,108.0,112.0,112.0,118.0,126.0,90.0,118.0,108.0,129.0,153.0,173.0
2337,Mali,Eggs,Production,12.0,12.0,10.0,10.0,11.0,12.0,12.0,13.0,24.0,23.0,24.0,23.0,22.0,24.0,26.0,26.0,27.0,23.0
2338,Mali,Eggs,Import,0.0,0.0,0.0,0.0,0.0,0.0,0.0,0.0,0.0,0.0,0.0,0.0,0.0,0.0,0.0,0.0,0.0,1.0
2339,Mali,Eggs,Export,0.0,0.0,0.0,0.0,0.0,0.0,0.0,0.0,0.0,0.0,0.0,0.0,0.0,0.0,0.0,0.0,0.0,0.0
2340,Mali,Eggs,Domestic supply,12.0,12.0,10.0,10.0,11.0,12.0,12.0,13.0,24.0,24.0,24.0,23.0,22.0,24.0,26.0,26.0,27.0,24.0
2341,Mali,Eggs,Feed,0.0,0.0,0.0,0.0,0.0,0.0,0.0,0.0,0.0,0.0,0.0,0.0,0.0,0.0,1.0,1.0,1.0,1.0
2342,Mali,Eggs,Seed,2.0,2.0,2.0,3.0,3.0,3.0,3.0,3.0,4.0,4.0,4.0,4.0,4.0,4.0,5.0,4.0,4.0,4.0
2343,Mali,"Fish, Seafood",Other uses (non-food),0.0,0.0,0.0,0.0,0.0,0.0,0.0,0.0,0.0,0.0,0.0,0.0,0.0,0.0,0.0,0.0,0.0,0.0
2344,Mali,Eggs,Losses,3.0,3.0,2.0,3.0,3.0,3.0,3.0,3.0,6.0,6.0,6.0,6.0,6.0,6.0,7.0,7.0,7.0,6.0
2345,Mali,Milk - Excluding Butter,Production,475.0,507.0,575.0,718.0,852.0,974.0,1085.0,1296.0,1358.0,1464.0,1492.0,1553.0,1378.0,1480.0,1522.0,1248.0,1283.0,1660.0
2346,Mali,Milk - Excluding Butter,Import,68.0,59.0,41.0,47.0,52.0,51.0,83.0,61.0,72.0,73.0,63.0,72.0,72.0,61.0,13.0,15.0,21.0,23.0
2347,Mali,Milk - Excluding Butter,Stock Variation,0.0,0.0,0.0,0.0,0.0,0.0,0.0,0.0,0.0,0.0,-1.0,-1.0,2.0,0.0,0.0,1.0,8.0,8.0
2348,Mali,Milk - Excluding Butter,Export,0.0,0.0,0.0,0.0,0.0,3.0,1.0,0.0,53.0,0.0,0.0,0.0,9.0,1.0,0.0,0.0,2.0,1.0
2349,Mali,Milk - Excluding Butter,Domestic supply,543.0,566.0,615.0,764.0,904.0,1023.0,1168.0,1357.0,1377.0,1537.0,1554.0,1623.0,1442.0,1540.0,1535.0,1262.0,1294.0,1673.0
2350,Mali,Milk - Excluding Butter,Feed,0.0,0.0,0.0,0.0,0.0,0.0,0.0,0.0,0.0,0.0,0.0,0.0,0.0,0.0,4.0,4.0,4.0,5.0
2351,Mali,Milk - Excluding Butter,Losses,10.0,11.0,12.0,15.0,18.0,20.0,22.0,27.0,28.0,30.0,31.0,32.0,28.0,30.0,33.0,36.0,37.0,36.0
2352,Mali,Eggs,Human Consumption,7.0,7.0,5.0,5.0,6.0,6.0,6.0,7.0,14.0,14.0,14.0,13.0,12.0,14.0,14.0,14.0,15.0,13.0
2353,Mali,"Fish, Seafood",Domestic supply,110.0,102.0,100.0,106.0,108.0,112.0,116.0,115.0,117.0,119.0,128.0,134.0,98.0,126.0,117.0,145.0,166.0,179.0
2354,Mali,"Fish, Seafood",Export,3.0,4.0,5.0,2.0,1.0,1.0,1.0,2.0,1.0,1.0,1.0,2.0,0.0,1.0,3.0,3.0,4.0,3.0
2355,Mali,"Fish, Seafood",Import,3.0,5.0,4.0,7.0,8.0,12.0,15.0,16.0,17.0,18.0,26.0,25.0,26.0,25.0,39.0,52.0,64.0,72.0
2356,Mali,Stimulants,Production,0.0,0.0,0.0,0.0,0.0,0.0,0.0,0.0,0.0,0.0,0.0,0.0,0.0,0.0,0.0,0.0,0.0,0.0
2357,Mali,Cereals - Excluding Beer,Production,2063.0,2271.0,2295.0,3092.0,2606.0,3084.0,3343.0,3525.0,4274.0,5685.0,5642.0,5198.0,6037.0,5000.0,6981.0,8055.0,8850.0,8867.0
2358,Mali,Cereals - Excluding Beer,Import,125.0,237.0,353.0,313.0,182.0,451.0,434.0,301.0,288.0,286.0,252.0,281.0,683.0,424.0,346.0,333.0,629.0,710.0
2359,Mali,Cereals - Excluding Beer,Stock Variation,314.0,121.0,82.0,-343.0,168.0,-27.0,-175.0,-64.0,-94.0,-643.0,-265.0,-69.0,-593.0,437.0,-39.0,212.0,277.0,566.0
2360,Mali,Cereals - Excluding Beer,Export,13.0,8.0,15.0,11.0,39.0,19.0,34.0,6.0,4.0,0.0,2.0,3.0,6.0,5.0,4.0,3.0,7.0,5.0
2361,Mali,Cereals - Excluding Beer,Domestic supply,2488.0,2621.0,2716.0,3050.0,2917.0,3490.0,3567.0,3755.0,4465.0,5328.0,5628.0,5406.0,6121.0,5855.0,7362.0,8173.0,9195.0,9005.0
2362,Mali,Cereals - Excluding Beer,Feed,220.0,226.0,233.0,307.0,280.0,359.0,372.0,391.0,468.0,715.0,642.0,620.0,742.0,626.0,556.0,803.0,893.0,983.0
2363,Mali,Cereals - Excluding Beer,Seed,97.0,111.0,121.0,118.0,112.0,116.0,123.0,124.0,140.0,133.0,212.0,159.0,138.0,167.0,147.0,158.0,168.0,182.0
2364,Mali,Cereals - Excluding Beer,Losses,183.0,196.0,193.0,237.0,210.0,279.0,290.0,303.0,359.0,471.0,451.0,426.0,490.0,442.0,958.0,1115.0,1202.0,488.0
2365,Mali,Cereals - Excluding Beer,Processing,25.0,27.0,28.0,28.0,29.0,30.0,30.0,31.0,33.0,34.0,36.0,38.0,42.0,43.0,145.0,140.0,129.0,169.0
2366,Mali,Cereals - Excluding Beer,Other uses (non-food),0.0,42.0,94.0,234.0,71.0,392.0,312.0,334.0,751.0,1098.0,1261.0,1062.0,1480.0,1289.0,1571.0,1850.0,2375.0,2496.0
2367,Mali,Cereals - Excluding Beer,Human Consumption,1962.0,2019.0,2047.0,2126.0,2217.0,2313.0,2441.0,2572.0,2714.0,2877.0,3027.0,3101.0,3229.0,3289.0,3986.0,4108.0,4366.0,4552.0
2368,Mali,"Aquatic Products, Other",Import,0.0,0.0,0.0,0.0,0.0,0.0,0.0,0.0,0.0,0.0,0.0,0.0,0.0,0.0,0.0,0.0,0.0,0.0
2369,Mali,"Aquatic Products, Other",Domestic supply,0.0,0.0,0.0,0.0,0.0,0.0,0.0,0.0,0.0,0.0,0.0,0.0,0.0,0.0,0.0,0.0,0.0,0.0
2370,Mali,"Aquatic Products, Other",Other uses (non-food),0.0,0.0,0.0,0.0,0.0,0.0,0.0,0.0,0.0,0.0,0.0,0.0,0.0,0.0,0.0,0.0,0.0,0.0
2371,Mali,"Aquatic Products, Other",Human Consumption,0.0,0.0,0.0,0.0,0.0,0.0,0.0,0.0,0.0,0.0,0.0,0.0,0.0,0.0,0.0,0.0,0.0,0.0
2372,Mali,"Fish, Seafood",Production,110.0,101.0,101.0,101.0,101.0,101.0,101.0,101.0,101.0,101.0,102.0,110.0,72.0,102.0,82.0,95.0,107.0,110.0
2373,Mali,Milk - Excluding Butter,Other uses (non-food),0.0,0.0,0.0,0.0,0.0,0.0,0.0,0.0,0.0,0.0,0.0,0.0,0.0,0.0,0.0,0.0,0.0,0.0
2374,Mali,Milk - Excluding Butter,Human Consumption,534.0,555.0,603.0,749.0,886.0,1003.0,1146.0,1331.0,1391.0,1507.0,1523.0,1591.0,1414.0,1510.0,1498.0,1222.0,1253.0,1632.0
2375,Mali,"Fish, Seafood",Feed,7.0,8.0,1.0,0.0,0.0,0.0,0.0,7.0,5.0,7.0,10.0,7.0,8.0,8.0,9.0,15.0,13.0,6.0
2376,Mali,Animal fats,Import,5.0,6.0,10.0,12.0,13.0,13.0,19.0,21.0,24.0,24.0,24.0,12.0,21.0,18.0,15.0,15.0,22.0,20.0
2377,Mali,Miscellaneous,Export,0.0,0.0,0.0,0.0,0.0,0.0,0.0,0.0,0.0,0.0,0.0,0.0,0.0,0.0,2.0,1.0,4.0,5.0
2378,Mali,Miscellaneous,Domestic supply,0.0,0.0,0.0,0.0,2.0,0.0,0.0,0.0,0.0,0.0,0.0,0.0,0.0,1.0,34.0,40.0,43.0,42.0
2379,Mali,Miscellaneous,Human Consumption,0.0,0.0,0.0,0.0,2.0,0.0,0.0,0.0,0.0,0.0,0.0,0.0,0.0,1.0,34.0,40.0,43.0,42.0
2380,Mali,Alcoholic Beverages,Production,65.0,69.0,70.0,71.0,72.0,76.0,77.0,80.0,83.0,85.0,89.0,95.0,102.0,99.0,586.0,643.0,600.0,673.0
2381,Mali,Alcoholic Beverages,Import,0.0,2.0,1.0,1.0,1.0,1.0,2.0,2.0,2.0,2.0,3.0,3.0,4.0,7.0,8.0,8.0,3.0,4.0
2382,Mali,Alcoholic Beverages,Stock Variation,0.0,0.0,0.0,0.0,0.0,0.0,0.0,0.0,0.0,0.0,0.0,0.0,0.0,0.0,25.0,9.0,17.0,10.0
2383,Mali,Alcoholic Beverages,Domestic supply,66.0,71.0,70.0,71.0,73.0,76.0,77.0,81.0,84.0,86.0,91.0,97.0,104.0,105.0,568.0,641.0,583.0,659.0
2384,Mali,Alcoholic Beverages,Other uses (non-food),1.0,3.0,1.0,1.0,1.0,1.0,1.0,1.0,1.0,1.0,1.0,1.0,1.0,2.0,2.0,2.0,1.0,0.0
2385,Mali,Alcoholic Beverages,Human Consumption,65.0,69.0,69.0,70.0,72.0,75.0,76.0,79.0,84.0,85.0,89.0,96.0,103.0,103.0,566.0,639.0,582.0,663.0
2386,Mali,Spices,Production,3.0,3.0,3.0,3.0,3.0,4.0,4.0,3.0,4.0,4.0,4.0,4.0,4.0,4.0,38.0,38.0,43.0,42.0
2387,Mali,Spices,Import,0.0,1.0,1.0,1.0,1.0,1.0,1.0,1.0,2.0,1.0,1.0,1.0,1.0,1.0,1.0,1.0,1.0,2.0
2388,Mali,Spices,Stock Variation,0.0,0.0,0.0,0.0,0.0,0.0,0.0,0.0,0.0,0.0,0.0,0.0,0.0,0.0,-1.0,0.0,1.0,1.0
2389,Mali,Spices,Export,0.0,0.0,0.0,0.0,0.0,0.0,0.0,0.0,0.0,0.0,0.0,0.0,0.0,1.0,1.0,1.0,0.0,1.0
2390,Mali,Spices,Domestic supply,3.0,4.0,4.0,4.0,4.0,4.0,5.0,4.0,5.0,5.0,5.0,5.0,5.0,4.0,39.0,37.0,43.0,43.0
2391,Mali,Spices,Losses,0.0,0.0,0.0,0.0,0.0,0.0,0.0,0.0,0.0,0.0,0.0,0.0,0.0,0.0,0.0,0.0,0.0,0.0
2392,Mali,Animal fats,Production,4.0,4.0,5.0,5.0,5.0,6.0,6.0,6.0,7.0,7.0,8.0,8.0,7.0,9.0,9.0,9.0,10.0,10.0
2393,Mali,Spices,Other uses (non-food),0.0,0.0,0.0,0.0,0.0,0.0,0.0,0.0,0.0,0.0,0.0,0.0,0.0,0.0,24.0,24.0,28.0,28.0
2394,Mali,Miscellaneous,Stock Variation,0.0,0.0,0.0,0.0,0.0,0.0,0.0,0.0,0.0,0.0,0.0,0.0,0.0,0.0,0.0,1.0,0.0,0.0
2395,Mali,Miscellaneous,Import,0.0,0.0,0.0,0.0,2.0,0.0,0.0,0.0,0.0,0.0,0.0,0.0,0.0,1.0,35.0,43.0,46.0,47.0
2396,Mali,Alcoholic Beverages,Export,0.0,0.0,1.0,1.0,1.0,1.0,1.0,1.0,1.0,1.0,1.0,1.0,1.0,0.0,1.0,1.0,2.0,7.0
2397,Mali,Animal fats,Export,0.0,0.0,0.0,0.0,0.0,0.0,0.0,0.0,0.0,0.0,0.0,0.0,0.0,0.0,0.0,0.0,0.0,0.0
2398,Mali,Animal fats,Stock Variation,0.0,0.0,0.0,0.0,0.0,0.0,0.0,0.0,0.0,0.0,0.0,0.0,0.0,0.0,-1.0,0.0,0.0,0.0
2399,Mali,Meat,Human Consumption,187.0,205.0,226.0,246.0,236.0,263.0,261.0,278.0,305.0,328.0,342.0,353.0,312.0,379.0,382.0,390.0,419.0,438.0
2400,Mali,Animal fats,Domestic supply,9.0,10.0,15.0,18.0,18.0,18.0,25.0,28.0,30.0,31.0,31.0,20.0,28.0,27.0,25.0,24.0,31.0,30.0
2401,Mali,Animal fats,Feed,0.0,0.0,0.0,0.0,0.0,0.0,0.0,0.0,0.0,0.0,0.0,0.0,0.0,0.0,0.0,0.0,0.0,0.0
2402,Mali,Animal fats,Losses,0.0,0.0,0.0,0.0,0.0,0.0,0.0,0.0,0.0,0.0,0.0,0.0,0.0,0.0,0.0,0.0,0.0,0.0
2403,Mali,Animal fats,Other uses (non-food),5.0,5.0,10.0,12.0,13.0,12.0,19.0,21.0,23.0,23.0,23.0,12.0,21.0,10.0,15.0,15.0,22.0,20.0
2404,Mali,Offals,Production,24.0,27.0,31.0,34.0,32.0,37.0,38.0,40.0,43.0,47.0,49.0,51.0,44.0,55.0,54.0,56.0,61.0,65.0
2405,Mali,Offals,Import,0.0,0.0,0.0,0.0,0.0,0.0,0.0,0.0,0.0,0.0,0.0,0.0,0.0,0.0,0.0,0.0,0.0,0.0
2406,Mali,Offals,Export,0.0,0.0,0.0,0.0,0.0,0.0,0.0,0.0,0.0,0.0,0.0,0.0,0.0,0.0,0.0,0.0,0.0,0.0
2407,Mali,Animal fats,Human Consumption,4.0,5.0,5.0,6.0,6.0,6.0,6.0,7.0,7.0,8.0,8.0,8.0,7.0,16.0,10.0,9.0,10.0,10.0
2408,Mali,Offals,Losses,0.0,0.0,0.0,0.0,0.0,0.0,0.0,0.0,0.0,0.0,0.0,0.0,0.0,0.0,2.0,2.0,2.0,2.0
2409,Mali,Offals,Human Consumption,24.0,27.0,31.0,34.0,32.0,37.0,38.0,40.0,43.0,47.0,49.0,51.0,44.0,55.0,52.0,54.0,59.0,63.0
2410,Mali,Meat,Production,187.0,204.0,226.0,246.0,235.0,262.0,260.0,280.0,305.0,328.0,341.0,352.0,312.0,375.0,373.0,388.0,432.0,445.0
2411,Mali,Meat,Import,0.0,0.0,0.0,0.0,0.0,0.0,0.0,0.0,0.0,0.0,1.0,2.0,1.0,4.0,2.0,3.0,2.0,2.0
2412,Mali,Meat,Stock Variation,0.0,0.0,0.0,0.0,0.0,0.0,0.0,0.0,0.0,0.0,0.0,0.0,0.0,0.0,-6.0,0.0,15.0,9.0
2413,Mali,Meat,Export,0.0,0.0,0.0,0.0,0.0,0.0,0.0,2.0,0.0,0.0,0.0,0.0,0.0,0.0,0.0,0.0,0.0,0.0
2414,Mali,Meat,Domestic supply,187.0,205.0,226.0,246.0,236.0,263.0,261.0,278.0,305.0,328.0,342.0,353.0,312.0,379.0,382.0,390.0,419.0,438.0
2415,Mali,Offals,Domestic supply,24.0,27.0,31.0,34.0,32.0,37.0,38.0,40.0,43.0,47.0,49.0,51.0,44.0,55.0,54.0,56.0,61.0,65.0
2416,Malta,Vegetables,Seed,0.0,0.0,0.0,0.0,0.0,0.0,0.0,0.0,0.0,0.0,0.0,0.0,0.0,0.0,0.0,0.0,0.0,0.0
2417,Malta,Vegetable Oils,Import,7.0,6.0,7.0,7.0,7.0,8.0,8.0,10.0,8.0,8.0,7.0,7.0,8.0,8.0,10.0,11.0,10.0,9.0
2418,Malta,Vegetables,Losses,6.0,7.0,6.0,6.0,6.0,6.0,7.0,7.0,7.0,6.0,7.0,7.0,6.0,7.0,9.0,9.0,8.0,8.0
2419,Malta,Vegetables,Processing,0.0,0.0,0.0,0.0,0.0,0.0,0.0,0.0,0.0,0.0,0.0,0.0,0.0,0.0,0.0,0.0,0.0,0.0
2420,Malta,Vegetables,Other uses (non-food),6.0,7.0,7.0,7.0,7.0,7.0,8.0,8.0,8.0,7.0,8.0,8.0,7.0,8.0,8.0,8.0,8.0,8.0
2421,Malta,Vegetables,Human Consumption,77.0,77.0,77.0,76.0,89.0,83.0,90.0,88.0,88.0,85.0,85.0,87.0,85.0,87.0,87.0,89.0,88.0,88.0
2422,Malta,Vegetable Oils,Production,0.0,0.0,0.0,0.0,0.0,0.0,0.0,0.0,0.0,0.0,0.0,0.0,0.0,0.0,0.0,0.0,0.0,0.0
2423,Malta,Vegetable Oils,Stock Variation,0.0,0.0,0.0,0.0,0.0,0.0,0.0,-2.0,0.0,0.0,0.0,0.0,0.0,0.0,1.0,1.0,1.0,1.0
2424,Malta,Sugar & Sweeteners,Domestic supply,25.0,28.0,31.0,39.0,42.0,43.0,42.0,41.0,45.0,46.0,41.0,38.0,39.0,40.0,51.0,53.0,49.0,49.0
2425,Malta,Vegetable Oils,Domestic supply,7.0,6.0,7.0,7.0,7.0,8.0,8.0,8.0,8.0,8.0,7.0,7.0,8.0,8.0,9.0,10.0,9.0,8.0
2426,Malta,Vegetable Oils,Other uses (non-food),3.0,3.0,4.0,4.0,4.0,5.0,5.0,5.0,5.0,4.0,3.0,3.0,4.0,5.0,5.0,5.0,5.0,5.0
2427,Malta,Vegetable Oils,Human Consumption,3.0,3.0,3.0,3.0,3.0,3.0,4.0,3.0,3.0,4.0,4.0,4.0,4.0,4.0,4.0,4.0,4.0,4.0
2428,Malta,Sugar & Sweeteners,Production,0.0,0.0,0.0,0.0,0.0,0.0,0.0,0.0,0.0,0.0,0.0,0.0,0.0,0.0,0.0,0.0,0.0,0.0
2429,Malta,Sugar & Sweeteners,Import,26.0,28.0,31.0,38.0,56.0,39.0,71.0,44.0,29.0,33.0,38.0,39.0,40.0,41.0,53.0,58.0,51.0,51.0
2430,Malta,Sugar & Sweeteners,Stock Variation,0.0,0.0,0.0,1.0,-14.0,4.0,-25.0,-2.0,16.0,13.0,3.0,0.0,0.0,0.0,-4.0,0.0,-1.0,-2.0
2431,Malta,Sugar & Sweeteners,Export,0.0,0.0,0.0,1.0,0.0,1.0,4.0,0.0,0.0,0.0,1.0,1.0,1.0,1.0,6.0,4.0,3.0,4.0
2432,Malta,Vegetables,Feed,0.0,0.0,0.0,0.0,0.0,0.0,0.0,0.0,0.0,0.0,0.0,0.0,0.0,0.0,0.0,0.0,0.0,0.0
2433,Malta,Vegetable Oils,Export,0.0,0.0,0.0,0.0,0.0,0.0,0.0,0.0,0.0,0.0,0.0,0.0,0.0,0.0,0.0,0.0,0.0,0.0
2434,Malta,Vegetables,Domestic supply,90.0,91.0,90.0,89.0,103.0,96.0,105.0,102.0,102.0,99.0,100.0,102.0,99.0,101.0,104.0,105.0,105.0,104.0
2435,Malta,Stimulants,Import,4.0,4.0,4.0,5.0,4.0,3.0,5.0,4.0,4.0,4.0,4.0,4.0,5.0,5.0,2.0,2.0,2.0,2.0
2436,Malta,Vegetables,Stock Variation,0.0,0.0,0.0,0.0,0.0,0.0,0.0,0.0,0.0,0.0,0.0,0.0,0.0,0.0,0.0,3.0,1.0,6.0
2437,Malta,Sugar & Sweeteners,Feed,0.0,0.0,0.0,0.0,0.0,0.0,0.0,0.0,0.0,0.0,0.0,0.0,0.0,0.0,0.0,0.0,0.0,0.0
2438,Malta,Stimulants,Stock Variation,0.0,0.0,0.0,0.0,0.0,0.0,0.0,0.0,0.0,0.0,0.0,0.0,0.0,0.0,0.0,0.0,0.0,0.0
2439,Malta,Stimulants,Export,0.0,0.0,1.0,0.0,0.0,0.0,0.0,0.0,0.0,0.0,0.0,0.0,0.0,1.0,0.0,0.0,0.0,0.0
2440,Malta,Stimulants,Domestic supply,3.0,3.0,4.0,4.0,4.0,3.0,5.0,4.0,4.0,4.0,4.0,4.0,5.0,5.0,2.0,2.0,2.0,2.0
2441,Malta,Stimulants,Other uses (non-food),0.0,0.0,0.0,0.0,0.0,0.0,0.0,0.0,0.0,0.0,0.0,0.0,0.0,0.0,0.0,0.0,0.0,0.0
2442,Malta,Stimulants,Human Consumption,3.0,3.0,3.0,4.0,3.0,3.0,4.0,3.0,3.0,3.0,3.0,4.0,5.0,5.0,2.0,2.0,2.0,2.0
2443,Malta,Fruits - Excluding Wine,Production,6.0,7.0,7.0,7.0,9.0,9.0,12.0,8.0,11.0,10.0,10.0,11.0,10.0,9.0,10.0,9.0,7.0,7.0
2444,Malta,Fruits - Excluding Wine,Import,44.0,45.0,43.0,43.0,43.0,48.0,37.0,39.0,38.0,40.0,28.0,35.0,37.0,31.0,26.0,31.0,34.0,36.0
2445,Malta,Fruits - Excluding Wine,Stock Variation,0.0,0.0,-1.0,4.0,0.0,0.0,0.0,0.0,0.0,0.0,0.0,-2.0,2.0,0.0,-1.0,0.0,0.0,1.0
2446,Malta,Fruits - Excluding Wine,Export,2.0,4.0,3.0,4.0,0.0,1.0,1.0,1.0,1.0,0.0,1.0,0.0,5.0,1.0,1.0,0.0,0.0,0.0
2447,Malta,Fruits - Excluding Wine,Domestic supply,49.0,48.0,46.0,50.0,52.0,56.0,48.0,46.0,49.0,49.0,37.0,44.0,43.0,39.0,35.0,40.0,40.0,43.0
2448,Malta,Fruits - Excluding Wine,Losses,2.0,2.0,2.0,1.0,1.0,2.0,1.0,1.0,1.0,1.0,1.0,1.0,1.0,1.0,1.0,1.0,1.0,1.0
2449,Malta,Fruits - Excluding Wine,Processing,4.0,4.0,4.0,4.0,4.0,4.0,3.0,4.0,4.0,4.0,3.0,4.0,4.0,3.0,4.0,4.0,3.0,3.0
2450,Malta,Fruits - Excluding Wine,Other uses (non-food),3.0,3.0,3.0,3.0,3.0,3.0,3.0,2.0,2.0,2.0,2.0,2.0,2.0,2.0,2.0,2.0,2.0,2.0
2451,Malta,Fruits - Excluding Wine,Human Consumption,40.0,39.0,38.0,42.0,44.0,48.0,42.0,39.0,41.0,42.0,31.0,36.0,36.0,33.0,29.0,33.0,34.0,36.0
2452,Malta,Vegetables,Production,83.0,83.0,79.0,78.0,84.0,79.0,88.0,84.0,85.0,78.0,82.0,83.0,77.0,81.0,85.0,83.0,82.0,80.0
2453,Malta,Vegetables,Import,6.0,8.0,11.0,11.0,19.0,18.0,18.0,19.0,18.0,21.0,18.0,19.0,22.0,20.0,19.0,26.0,24.0,30.0
2454,Malta,Vegetables,Export,0.0,0.0,0.0,0.0,0.0,0.0,0.0,0.0,0.0,0.0,0.0,0.0,0.0,0.0,0.0,0.0,0.0,0.0
2455,Malta,Sugar & Sweeteners,Other uses (non-food),5.0,7.0,9.0,17.0,19.0,20.0,21.0,20.0,20.0,19.0,14.0,12.0,13.0,13.0,15.0,14.0,13.0,9.0
2456,Malta,Sugar Crops,Feed,0.0,0.0,0.0,0.0,0.0,0.0,0.0,0.0,0.0,0.0,0.0,0.0,0.0,0.0,0.0,0.0,0.0,0.0
2457,Malta,Pulses,Production,2.0,2.0,2.0,2.0,2.0,2.0,2.0,2.0,2.0,2.0,2.0,2.0,2.0,2.0,2.0,2.0,2.0,2.0
2458,Malta,Oilcrops,Processing,0.0,0.0,0.0,0.0,0.0,0.0,0.0,0.0,0.0,0.0,0.0,0.0,0.0,0.0,0.0,0.0,0.0,0.0
2459,Malta,Oilcrops,Other uses (non-food),0.0,0.0,0.0,0.0,0.0,0.0,0.0,0.0,0.0,0.0,0.0,0.0,0.0,0.0,0.0,0.0,0.0,0.0
2460,Malta,Oilcrops,Human Consumption,2.0,2.0,2.0,2.0,2.0,2.0,2.0,2.0,3.0,2.0,2.0,2.0,2.0,2.0,2.0,2.0,2.0,2.0
2461,Malta,Starchy Roots,Production,35.0,25.0,28.0,23.0,23.0,20.0,18.0,14.0,19.0,10.0,16.0,19.0,13.0,13.0,13.0,8.0,7.0,9.0
2462,Malta,Starchy Roots,Import,13.0,17.0,16.0,15.0,15.0,18.0,16.0,18.0,16.0,19.0,17.0,16.0,18.0,16.0,11.0,15.0,13.0,15.0
2463,Malta,Starchy Roots,Stock Variation,0.0,0.0,0.0,0.0,0.0,0.0,0.0,0.0,0.0,0.0,0.0,0.0,0.0,0.0,-3.0,0.0,1.0,2.0
2464,Malta,Starchy Roots,Export,7.0,6.0,6.0,4.0,4.0,4.0,4.0,2.0,1.0,1.0,1.0,6.0,3.0,4.0,3.0,2.0,1.0,2.0
2465,Malta,Starchy Roots,Domestic supply,42.0,36.0,37.0,35.0,33.0,34.0,30.0,30.0,34.0,28.0,32.0,29.0,28.0,25.0,23.0,21.0,18.0,19.0
2466,Malta,Starchy Roots,Feed,0.0,0.0,0.0,0.0,0.0,0.0,0.0,0.0,0.0,0.0,0.0,0.0,0.0,0.0,0.0,0.0,0.0,0.0
2467,Malta,Starchy Roots,Seed,2.0,1.0,2.0,1.0,1.0,1.0,1.0,1.0,1.0,1.0,1.0,1.0,1.0,1.0,1.0,0.0,0.0,0.0
2468,Malta,Starchy Roots,Losses,2.0,2.0,2.0,1.0,1.0,1.0,1.0,1.0,1.0,1.0,1.0,1.0,1.0,1.0,1.0,1.0,1.0,1.0
2469,Malta,Starchy Roots,Other uses (non-food),4.0,4.0,4.0,3.0,3.0,3.0,3.0,3.0,3.0,2.0,3.0,3.0,3.0,2.0,2.0,2.0,1.0,1.0
2470,Malta,Starchy Roots,Human Consumption,33.0,29.0,30.0,28.0,28.0,29.0,26.0,25.0,29.0,24.0,27.0,24.0,24.0,21.0,19.0,18.0,15.0,16.0
2471,Malta,Sugar Crops,Import,0.0,0.0,0.0,0.0,0.0,0.0,0.0,0.0,0.0,0.0,0.0,0.0,0.0,0.0,0.0,0.0,0.0,0.0
2472,Malta,Sugar Crops,Stock Variation,0.0,0.0,0.0,0.0,0.0,0.0,0.0,0.0,0.0,0.0,0.0,0.0,0.0,0.0,0.0,0.0,0.0,0.0
2473,Malta,Sugar Crops,Domestic supply,0.0,0.0,0.0,0.0,0.0,0.0,0.0,0.0,0.0,0.0,0.0,0.0,0.0,0.0,0.0,0.0,0.0,0.0
2474,Malta,Stimulants,Production,0.0,0.0,0.0,0.0,0.0,0.0,0.0,0.0,0.0,0.0,0.0,0.0,0.0,0.0,0.0,0.0,0.0,0.0
2475,Malta,Oilcrops,Losses,0.0,0.0,0.0,0.0,0.0,0.0,0.0,0.0,0.0,0.0,0.0,0.0,0.0,0.0,0.0,0.0,0.0,0.0
2476,Malta,Sugar & Sweeteners,Human Consumption,20.0,21.0,22.0,22.0,23.0,23.0,21.0,21.0,25.0,27.0,26.0,26.0,26.0,26.0,36.0,39.0,37.0,41.0
2477,Malta,Oilcrops,Feed,8.0,10.0,9.0,9.0,5.0,0.0,0.0,0.0,0.0,0.0,0.0,0.0,1.0,0.0,0.0,0.0,0.0,0.0
2478,Malta,Oilcrops,Export,0.0,0.0,0.0,0.0,0.0,0.0,0.0,0.0,0.0,0.0,0.0,0.0,0.0,0.0,0.0,0.0,0.0,0.0
2479,Malta,Pulses,Import,1.0,1.0,2.0,1.0,1.0,1.0,1.0,1.0,1.0,1.0,1.0,1.0,1.0,1.0,1.0,1.0,1.0,1.0
2480,Malta,Pulses,Stock Variation,0.0,0.0,0.0,0.0,0.0,0.0,0.0,0.0,0.0,0.0,0.0,0.0,0.0,0.0,0.0,0.0,0.0,1.0
2481,Malta,Pulses,Export,0.0,0.0,0.0,0.0,0.0,0.0,0.0,0.0,0.0,0.0,0.0,0.0,0.0,0.0,0.0,0.0,0.0,0.0
2482,Malta,Pulses,Domestic supply,3.0,3.0,3.0,3.0,3.0,3.0,3.0,3.0,3.0,3.0,3.0,3.0,2.0,2.0,3.0,3.0,3.0,3.0
2483,Malta,Pulses,Feed,1.0,1.0,1.0,1.0,1.0,1.0,1.0,1.0,1.0,1.0,1.0,1.0,1.0,1.0,1.0,1.0,1.0,1.0
2484,Malta,Pulses,Seed,0.0,0.0,0.0,0.0,0.0,0.0,0.0,0.0,0.0,0.0,0.0,0.0,0.0,0.0,0.0,0.0,0.0,0.0
2485,Malta,Pulses,Losses,0.0,0.0,0.0,0.0,0.0,0.0,0.0,0.0,0.0,0.0,0.0,0.0,0.0,0.0,0.0,0.0,0.0,0.0
2486,Malta,Pulses,Other uses (non-food),0.0,0.0,0.0,0.0,0.0,0.0,0.0,0.0,0.0,0.0,0.0,0.0,0.0,0.0,0.0,0.0,0.0,0.0
2487,Malta,Pulses,Human Consumption,2.0,2.0,2.0,2.0,2.0,2.0,2.0,2.0,2.0,2.0,2.0,2.0,2.0,2.0,2.0,2.0,2.0,2.0
2488,Malta,Treenuts,Import,2.0,2.0,2.0,2.0,2.0,2.0,1.0,2.0,2.0,2.0,2.0,2.0,2.0,2.0,1.0,1.0,1.0,1.0
2489,Malta,Treenuts,Stock Variation,0.0,0.0,0.0,0.0,0.0,0.0,0.0,0.0,0.0,0.0,0.0,0.0,0.0,0.0,0.0,0.0,0.0,0.0
2490,Malta,Treenuts,Export,0.0,0.0,0.0,0.0,0.0,0.0,0.0,0.0,0.0,0.0,0.0,0.0,0.0,0.0,0.0,0.0,0.0,0.0
2491,Malta,Treenuts,Domestic supply,1.0,2.0,2.0,2.0,2.0,2.0,1.0,2.0,2.0,2.0,2.0,2.0,2.0,2.0,1.0,1.0,1.0,1.0
2492,Malta,Treenuts,Human Consumption,1.0,2.0,2.0,2.0,2.0,2.0,1.0,2.0,2.0,2.0,2.0,2.0,2.0,2.0,1.0,1.0,1.0,1.0
2493,Malta,Oilcrops,Production,0.0,0.0,0.0,0.0,0.0,0.0,0.0,0.0,0.0,0.0,0.0,0.0,0.0,0.0,0.0,0.0,0.0,0.0
2494,Malta,Oilcrops,Import,10.0,12.0,12.0,11.0,8.0,3.0,3.0,3.0,3.0,3.0,3.0,3.0,4.0,3.0,2.0,3.0,3.0,3.0
2495,Malta,Oilcrops,Stock Variation,0.0,0.0,0.0,0.0,0.0,0.0,0.0,0.0,0.0,0.0,0.0,0.0,0.0,0.0,0.0,0.0,0.0,0.0
2496,Malta,Oilcrops,Domestic supply,10.0,12.0,12.0,11.0,8.0,3.0,3.0,3.0,3.0,3.0,3.0,3.0,4.0,3.0,2.0,3.0,3.0,3.0
2497,Malta,Spices,Human Consumption,0.0,0.0,0.0,0.0,0.0,0.0,0.0,0.0,0.0,0.0,0.0,0.0,0.0,0.0,0.0,0.0,0.0,0.0
2498,Malta,Animal fats,Domestic supply,5.0,6.0,6.0,6.0,5.0,5.0,5.0,5.0,5.0,5.0,5.0,5.0,5.0,4.0,2.0,2.0,2.0,2.0
2499,Malta,Spices,Export,0.0,0.0,0.0,0.0,0.0,0.0,0.0,0.0,0.0,0.0,0.0,0.0,0.0,0.0,0.0,0.0,0.0,0.0
2500,Malta,"Fish, Seafood",Other uses (non-food),0.0,0.0,0.0,0.0,0.0,0.0,0.0,0.0,0.0,0.0,0.0,0.0,0.0,0.0,0.0,0.0,0.0,0.0
2501,Malta,"Fish, Seafood",Human Consumption,11.0,12.0,12.0,12.0,12.0,12.0,13.0,13.0,13.0,13.0,13.0,13.0,14.0,14.0,14.0,14.0,14.0,14.0
2502,Malta,Eggs,Production,5.0,5.0,5.0,6.0,6.0,6.0,7.0,8.0,8.0,7.0,5.0,3.0,4.0,5.0,5.0,5.0,5.0,6.0
2503,Malta,Eggs,Import,1.0,1.0,1.0,1.0,0.0,0.0,0.0,0.0,0.0,1.0,1.0,1.0,1.0,1.0,1.0,1.0,1.0,1.0
2504,Malta,Eggs,Stock Variation,0.0,0.0,0.0,0.0,0.0,0.0,0.0,0.0,0.0,0.0,0.0,0.0,0.0,0.0,0.0,0.0,0.0,0.0
2505,Malta,Eggs,Export,0.0,0.0,0.0,0.0,0.0,0.0,0.0,0.0,0.0,0.0,0.0,0.0,0.0,0.0,0.0,0.0,0.0,0.0
2506,Malta,Eggs,Domestic supply,6.0,6.0,6.0,8.0,7.0,6.0,8.0,8.0,9.0,8.0,6.0,4.0,5.0,6.0,6.0,6.0,6.0,6.0
2507,Malta,"Fish, Seafood",Feed,8.0,19.0,13.0,18.0,19.0,14.0,3.0,17.0,14.0,10.0,5.0,5.0,12.0,15.0,15.0,15.0,15.0,15.0
2508,Malta,Eggs,Seed,0.0,0.0,0.0,0.0,0.0,0.0,0.0,0.0,0.0,0.0,0.0,0.0,0.0,0.0,0.0,0.0,0.0,0.0
2509,Malta,Eggs,Other uses (non-food),1.0,1.0,1.0,1.0,1.0,1.0,1.0,1.0,1.0,1.0,1.0,0.0,0.0,1.0,1.0,1.0,1.0,1.0
2510,Malta,Eggs,Human Consumption,4.0,5.0,4.0,6.0,5.0,5.0,6.0,6.0,7.0,6.0,4.0,4.0,4.0,5.0,5.0,5.0,5.0,5.0
2511,Malta,Milk - Excluding Butter,Production,52.0,52.0,49.0,47.0,44.0,44.0,44.0,44.0,43.0,43.0,45.0,44.0,46.0,44.0,45.0,44.0,46.0,44.0
2512,Malta,Milk - Excluding Butter,Import,59.0,56.0,58.0,58.0,67.0,62.0,58.0,65.0,64.0,53.0,51.0,56.0,65.0,64.0,19.0,18.0,20.0,27.0
2513,Malta,Milk - Excluding Butter,Stock Variation,-1.0,0.0,0.0,1.0,0.0,2.0,0.0,0.0,0.0,0.0,0.0,0.0,0.0,0.0,1.0,1.0,0.0,0.0
2514,Malta,Milk - Excluding Butter,Export,1.0,2.0,0.0,0.0,0.0,2.0,0.0,0.0,1.0,0.0,0.0,1.0,0.0,1.0,0.0,0.0,0.0,3.0
2515,Malta,Milk - Excluding Butter,Domestic supply,109.0,106.0,107.0,105.0,110.0,107.0,103.0,109.0,106.0,95.0,96.0,99.0,111.0,106.0,63.0,61.0,65.0,68.0
2516,Malta,Eggs,Losses,0.0,0.0,0.0,0.0,0.0,0.0,0.0,0.0,0.0,0.0,0.0,0.0,0.0,0.0,0.0,0.0,0.0,0.0
2517,Malta,"Fish, Seafood",Domestic supply,20.0,31.0,24.0,30.0,32.0,26.0,15.0,30.0,27.0,23.0,18.0,19.0,26.0,29.0,29.0,29.0,29.0,29.0
2518,Malta,"Fish, Seafood",Export,2.0,3.0,4.0,4.0,2.0,1.0,5.0,3.0,5.0,3.0,8.0,5.0,7.0,9.0,9.0,9.0,9.0,9.0
2519,Malta,"Fish, Seafood",Stock Variation,0.0,0.0,0.0,-5.0,-1.0,6.0,0.0,0.0,-3.0,-4.0,7.0,0.0,-1.0,1.0,1.0,1.0,1.0,1.0
2520,Malta,Cereals - Excluding Beer,Production,12.0,12.0,12.0,12.0,14.0,13.0,13.0,14.0,17.0,16.0,18.0,16.0,13.0,12.0,17.0,12.0,18.0,12.0
2521,Malta,Cereals - Excluding Beer,Import,211.0,183.0,188.0,189.0,142.0,158.0,142.0,213.0,183.0,156.0,131.0,143.0,179.0,170.0,127.0,172.0,138.0,154.0
2522,Malta,Cereals - Excluding Beer,Export,2.0,2.0,2.0,7.0,3.0,3.0,4.0,13.0,44.0,4.0,3.0,4.0,47.0,4.0,7.0,21.0,21.0,16.0
2523,Malta,Cereals - Excluding Beer,Domestic supply,199.0,190.0,179.0,190.0,170.0,180.0,174.0,205.0,168.0,168.0,154.0,151.0,148.0,170.0,130.0,145.0,139.0,136.0
2524,Malta,Cereals - Excluding Beer,Feed,124.0,115.0,102.0,113.0,93.0,103.0,96.0,124.0,89.0,79.0,70.0,64.0,61.0,66.0,54.0,67.0,64.0,57.0
2525,Malta,Cereals - Excluding Beer,Seed,0.0,0.0,0.0,0.0,0.0,0.0,0.0,0.0,0.0,0.0,0.0,0.0,0.0,0.0,0.0,0.0,0.0,0.0
2526,Malta,Cereals - Excluding Beer,Losses,6.0,5.0,6.0,4.0,5.0,5.0,5.0,6.0,5.0,4.0,4.0,4.0,4.0,4.0,2.0,5.0,2.0,4.0
2527,Malta,Cereals - Excluding Beer,Processing,3.0,3.0,3.0,2.0,3.0,2.0,2.0,3.0,3.0,2.0,2.0,2.0,3.0,2.0,2.0,2.0,2.0,2.0
2528,Malta,Cereals - Excluding Beer,Other uses (non-food),4.0,4.0,5.0,5.0,6.0,4.0,6.0,5.0,9.0,19.0,9.0,13.0,15.0,32.0,13.0,9.0,11.0,11.0
2529,Malta,Cereals - Excluding Beer,Human Consumption,62.0,62.0,63.0,65.0,62.0,65.0,64.0,67.0,62.0,62.0,68.0,67.0,65.0,65.0,58.0,62.0,59.0,62.0
2530,Malta,"Aquatic Products, Other",Import,0.0,0.0,0.0,0.0,0.0,0.0,0.0,0.0,0.0,0.0,0.0,0.0,0.0,0.0,0.0,0.0,0.0,0.0
2531,Malta,"Aquatic Products, Other",Export,0.0,0.0,0.0,0.0,0.0,0.0,0.0,0.0,0.0,0.0,0.0,0.0,0.0,0.0,0.0,0.0,0.0,0.0
2532,Malta,"Aquatic Products, Other",Domestic supply,0.0,0.0,0.0,0.0,0.0,0.0,0.0,0.0,0.0,0.0,0.0,0.0,0.0,0.0,0.0,0.0,0.0,0.0
2533,Malta,"Aquatic Products, Other",Other uses (non-food),0.0,0.0,0.0,0.0,0.0,0.0,0.0,0.0,0.0,0.0,0.0,0.0,0.0,0.0,0.0,0.0,0.0,0.0
2534,Malta,"Aquatic Products, Other",Human Consumption,0.0,0.0,0.0,0.0,0.0,0.0,0.0,0.0,0.0,0.0,0.0,0.0,0.0,0.0,0.0,0.0,0.0,0.0
2535,Malta,"Fish, Seafood",Production,3.0,2.0,2.0,2.0,2.0,2.0,3.0,4.0,4.0,4.0,5.0,4.0,6.0,6.0,6.0,6.0,6.0,6.0
2536,Malta,"Fish, Seafood",Import,19.0,32.0,26.0,37.0,32.0,20.0,17.0,30.0,31.0,25.0,14.0,19.0,27.0,31.0,31.0,31.0,31.0,31.0
2537,Malta,Milk - Excluding Butter,Feed,7.0,9.0,9.0,9.0,16.0,16.0,14.0,17.0,11.0,8.0,6.0,6.0,7.0,6.0,3.0,3.0,3.0,3.0
2538,Malta,Milk - Excluding Butter,Losses,5.0,5.0,5.0,4.0,4.0,4.0,4.0,4.0,4.0,4.0,5.0,5.0,5.0,5.0,5.0,5.0,5.0,5.0
2539,Malta,Cereals - Excluding Beer,Stock Variation,-22.0,-3.0,-19.0,-4.0,17.0,13.0,22.0,-9.0,13.0,0.0,8.0,-4.0,3.0,-7.0,8.0,18.0,-3.0,15.0
2540,Malta,Milk - Excluding Butter,Human Consumption,84.0,80.0,81.0,77.0,78.0,74.0,73.0,75.0,78.0,70.0,73.0,76.0,81.0,82.0,45.0,44.0,48.0,49.0
2541,Malta,Meat,Processing,0.0,0.0,0.0,0.0,0.0,0.0,0.0,0.0,0.0,0.0,0.0,0.0,0.0,0.0,0.0,1.0,1.0,1.0
2542,Malta,Meat,Other uses (non-food),4.0,4.0,6.0,6.0,5.0,5.0,5.0,5.0,5.0,5.0,5.0,4.0,4.0,4.0,5.0,4.0,4.0,4.0
2543,Malta,Meat,Human Consumption,31.0,30.0,31.0,32.0,34.0,34.0,34.0,38.0,36.0,36.0,36.0,36.0,35.0,37.0,39.0,34.0,34.0,36.0
2544,Malta,Miscellaneous,Import,0.0,0.0,0.0,0.0,0.0,0.0,0.0,0.0,0.0,0.0,0.0,0.0,0.0,0.0,10.0,13.0,13.0,16.0
2545,Malta,Miscellaneous,Stock Variation,0.0,0.0,0.0,0.0,0.0,0.0,0.0,0.0,0.0,0.0,0.0,0.0,0.0,0.0,0.0,0.0,0.0,0.0
2546,Malta,Miscellaneous,Export,0.0,0.0,0.0,0.0,0.0,0.0,0.0,0.0,0.0,0.0,0.0,0.0,0.0,0.0,28.0,27.0,21.0,21.0
2547,Malta,Miscellaneous,Domestic supply,0.0,0.0,0.0,0.0,0.0,0.0,0.0,0.0,0.0,0.0,0.0,0.0,0.0,0.0,-17.0,-13.0,-7.0,-5.0
2548,Malta,Miscellaneous,Human Consumption,0.0,0.0,0.0,0.0,0.0,0.0,0.0,0.0,0.0,0.0,0.0,0.0,0.0,0.0,0.0,0.0,0.0,0.0
2549,Malta,Alcoholic Beverages,Production,20.0,18.0,17.0,14.0,19.0,12.0,14.0,17.0,15.0,14.0,13.0,14.0,19.0,14.0,15.0,19.0,19.0,19.0
2550,Malta,Alcoholic Beverages,Import,7.0,7.0,7.0,8.0,10.0,11.0,13.0,11.0,15.0,15.0,12.0,15.0,17.0,15.0,17.0,17.0,19.0,21.0
2551,Malta,Alcoholic Beverages,Stock Variation,0.0,0.0,0.0,0.0,0.0,0.0,0.0,0.0,0.0,0.0,0.0,0.0,0.0,0.0,-2.0,1.0,2.0,2.0
2552,Malta,Alcoholic Beverages,Export,1.0,1.0,1.0,1.0,0.0,0.0,0.0,0.0,0.0,1.0,1.0,1.0,1.0,1.0,1.0,1.0,1.0,2.0
2553,Malta,Alcoholic Beverages,Domestic supply,26.0,24.0,24.0,21.0,29.0,22.0,26.0,28.0,30.0,28.0,24.0,28.0,35.0,28.0,33.0,34.0,34.0,36.0
2554,Malta,Alcoholic Beverages,Other uses (non-food),3.0,3.0,3.0,2.0,3.0,3.0,3.0,3.0,3.0,3.0,3.0,3.0,9.0,3.0,5.0,5.0,5.0,6.0
2555,Malta,Alcoholic Beverages,Human Consumption,23.0,21.0,21.0,19.0,26.0,20.0,24.0,25.0,27.0,25.0,21.0,25.0,27.0,25.0,28.0,29.0,29.0,30.0
2556,Malta,Spices,Stock Variation,0.0,0.0,0.0,0.0,0.0,0.0,0.0,0.0,0.0,0.0,0.0,0.0,0.0,0.0,0.0,0.0,0.0,0.0
2557,Malta,Milk - Excluding Butter,Other uses (non-food),13.0,13.0,12.0,15.0,13.0,13.0,12.0,12.0,13.0,12.0,13.0,13.0,19.0,14.0,10.0,9.0,10.0,11.0
2558,Malta,Meat,Domestic supply,34.0,34.0,36.0,39.0,39.0,38.0,39.0,43.0,41.0,41.0,40.0,40.0,40.0,42.0,44.0,38.0,38.0,40.0
2559,Malta,Meat,Export,0.0,0.0,0.0,0.0,0.0,0.0,0.0,0.0,0.0,0.0,0.0,0.0,0.0,0.0,0.0,0.0,0.0,0.0
2560,Malta,Spices,Import,0.0,0.0,0.0,0.0,0.0,0.0,0.0,0.0,0.0,0.0,0.0,0.0,0.0,0.0,0.0,0.0,0.0,0.0
2561,Malta,Meat,Import,16.0,15.0,16.0,18.0,22.0,22.0,24.0,27.0,24.0,25.0,25.0,26.0,27.0,28.0,31.0,27.0,26.0,30.0
2562,Malta,Animal fats,Import,2.0,2.0,2.0,2.0,2.0,2.0,2.0,2.0,2.0,2.0,2.0,2.0,2.0,2.0,1.0,1.0,1.0,2.0
2563,Malta,Animal fats,Production,4.0,4.0,4.0,3.0,3.0,3.0,3.0,3.0,3.0,3.0,3.0,3.0,2.0,2.0,0.0,0.0,0.0,0.0
2564,Malta,Animal fats,Stock Variation,0.0,0.0,0.0,0.0,0.0,0.0,0.0,0.0,0.0,0.0,0.0,0.0,0.0,0.0,0.0,0.0,0.0,0.0
2565,Malta,Animal fats,Export,0.0,0.0,0.0,0.0,0.0,0.0,0.0,0.0,0.0,0.0,0.0,0.0,0.0,0.0,0.0,0.0,0.0,0.0
2566,Malta,Spices,Domestic supply,0.0,0.0,0.0,0.0,0.0,0.0,0.0,0.0,0.0,0.0,0.0,0.0,0.0,0.0,0.0,0.0,0.0,0.0
2567,Malta,Meat,Stock Variation,0.0,0.0,0.0,0.0,0.0,0.0,0.0,0.0,0.0,0.0,0.0,0.0,0.0,0.0,1.0,1.0,0.0,1.0
2568,Malta,Animal fats,Losses,0.0,0.0,0.0,0.0,0.0,0.0,0.0,0.0,0.0,0.0,0.0,0.0,0.0,0.0,0.0,0.0,0.0,0.0
2569,Malta,Animal fats,Processing,0.0,0.0,0.0,0.0,0.0,0.0,0.0,0.0,0.0,1.0,0.0,0.0,0.0,0.0,0.0,0.0,0.0,0.0
2570,Malta,Animal fats,Feed,0.0,0.0,0.0,0.0,0.0,0.0,0.0,0.0,0.0,0.0,0.0,0.0,0.0,0.0,0.0,0.0,0.0,0.0
2571,Malta,Animal fats,Human Consumption,4.0,5.0,4.0,4.0,4.0,4.0,4.0,4.0,4.0,3.0,3.0,4.0,4.0,4.0,2.0,2.0,2.0,2.0
2572,Malta,Offals,Production,1.0,1.0,1.0,1.0,1.0,1.0,1.0,1.0,1.0,1.0,1.0,1.0,1.0,1.0,1.0,1.0,1.0,1.0
2573,Malta,Offals,Import,0.0,0.0,0.0,0.0,0.0,0.0,0.0,0.0,0.0,0.0,0.0,0.0,0.0,0.0,0.0,0.0,0.0,0.0
2574,Malta,Offals,Export,0.0,0.0,0.0,0.0,0.0,0.0,0.0,0.0,0.0,0.0,0.0,0.0,0.0,0.0,0.0,0.0,0.0,0.0
2575,Malta,Offals,Domestic supply,1.0,1.0,1.0,1.0,1.0,1.0,1.0,1.0,1.0,1.0,1.0,1.0,1.0,1.0,1.0,1.0,1.0,1.0
2576,Malta,Offals,Losses,0.0,0.0,0.0,0.0,0.0,0.0,0.0,0.0,0.0,0.0,0.0,0.0,0.0,0.0,0.0,0.0,0.0,0.0
2577,Malta,Offals,Human Consumption,1.0,1.0,1.0,1.0,1.0,1.0,1.0,1.0,1.0,1.0,1.0,1.0,1.0,1.0,1.0,1.0,1.0,1.0
2578,Malta,Meat,Production,18.0,19.0,21.0,20.0,18.0,16.0,15.0,16.0,17.0,16.0,15.0,15.0,13.0,13.0,14.0,13.0,12.0,12.0
2579,Malta,Animal fats,Other uses (non-food),1.0,1.0,1.0,1.0,1.0,1.0,1.0,1.0,1.0,1.0,1.0,0.0,0.0,0.0,0.0,0.0,0.0,0.0
2580,Mauritania,Vegetables,Export,0.0,0.0,0.0,0.0,0.0,0.0,0.0,0.0,0.0,0.0,0.0,0.0,0.0,0.0,1.0,1.0,0.0,0.0
2581,Mauritania,Vegetables,Domestic supply,33.0,27.0,33.0,37.0,43.0,54.0,46.0,107.0,97.0,91.0,66.0,87.0,111.0,138.0,133.0,141.0,147.0,164.0
2582,Mauritania,Vegetables,Losses,1.0,1.0,0.0,0.0,1.0,0.0,1.0,1.0,3.0,3.0,3.0,3.0,4.0,6.0,6.0,3.0,7.0,8.0
2583,Mauritania,Vegetables,Human Consumption,32.0,26.0,33.0,36.0,43.0,54.0,45.0,106.0,94.0,88.0,63.0,84.0,107.0,132.0,127.0,138.0,139.0,156.0
2584,Mauritania,Vegetable Oils,Production,1.0,1.0,1.0,1.0,0.0,0.0,0.0,0.0,0.0,0.0,0.0,0.0,0.0,0.0,0.0,0.0,0.0,0.0
2585,Mauritania,Vegetable Oils,Import,32.0,45.0,40.0,50.0,41.0,43.0,58.0,66.0,78.0,94.0,88.0,103.0,129.0,137.0,134.0,116.0,144.0,184.0
2586,Mauritania,Vegetable Oils,Stock Variation,1.0,-12.0,-6.0,-14.0,3.0,3.0,-6.0,-9.0,-28.0,-32.0,-31.0,-41.0,-67.0,-83.0,79.0,62.0,101.0,121.0
2587,Mauritania,Sugar & Sweeteners,Export,0.0,0.0,0.0,0.0,0.0,0.0,0.0,0.0,0.0,1.0,0.0,0.0,0.0,0.0,0.0,0.0,0.0,0.0
2588,Mauritania,Vegetable Oils,Domestic supply,34.0,34.0,34.0,37.0,44.0,46.0,52.0,58.0,51.0,62.0,57.0,63.0,63.0,55.0,55.0,54.0,43.0,63.0
2589,Mauritania,Vegetable Oils,Other uses (non-food),3.0,4.0,1.0,4.0,6.0,5.0,11.0,14.0,5.0,16.0,3.0,3.0,2.0,4.0,2.0,7.0,0.0,2.0
2590,Mauritania,Vegetable Oils,Human Consumption,31.0,30.0,34.0,34.0,37.0,41.0,42.0,44.0,46.0,45.0,54.0,60.0,60.0,51.0,53.0,47.0,43.0,61.0
2591,Mauritania,Sugar & Sweeteners,Production,0.0,0.0,0.0,0.0,0.0,0.0,0.0,0.0,0.0,0.0,0.0,0.0,0.0,0.0,0.0,0.0,0.0,0.0
2592,Mauritania,Sugar & Sweeteners,Import,215.0,137.0,182.0,184.0,209.0,236.0,172.0,225.0,211.0,176.0,216.0,221.0,137.0,87.0,379.0,442.0,307.0,528.0
2593,Mauritania,Sugar & Sweeteners,Stock Variation,-27.0,0.0,0.0,-16.0,-27.0,-30.0,5.0,-22.0,0.0,16.0,-11.0,-11.0,27.0,65.0,184.0,205.0,88.0,261.0
2594,Mauritania,Sugar & Sweeteners,Domestic supply,188.0,137.0,182.0,168.0,182.0,205.0,177.0,204.0,211.0,192.0,205.0,210.0,165.0,152.0,195.0,237.0,219.0,267.0
2595,Mauritania,Vegetable Oils,Export,0.0,0.0,0.0,0.0,0.0,0.0,0.0,0.0,0.0,0.0,0.0,0.0,0.0,0.0,0.0,0.0,0.0,0.0
2596,Mauritania,Vegetables,Stock Variation,-1.0,-1.0,-1.0,0.0,-13.0,16.0,0.0,0.0,0.0,0.0,0.0,0.0,0.0,0.0,0.0,0.0,1.0,0.0
2597,Mauritania,Fruits - Excluding Wine,Production,25.0,23.0,27.0,23.0,27.0,25.0,23.0,23.0,22.0,23.0,24.0,24.0,25.0,22.0,22.0,25.0,26.0,25.0
2598,Mauritania,Vegetables,Production,6.0,5.0,4.0,5.0,5.0,4.0,5.0,4.0,5.0,4.0,5.0,5.0,5.0,5.0,9.0,7.0,8.0,7.0
2599,Mauritania,Spices,Domestic supply,0.0,0.0,0.0,0.0,0.0,0.0,0.0,0.0,0.0,0.0,0.0,0.0,0.0,0.0,0.0,0.0,0.0,0.0
2600,Mauritania,Sugar & Sweeteners,Feed,0.0,0.0,0.0,0.0,0.0,0.0,0.0,0.0,0.0,0.0,0.0,0.0,0.0,0.0,0.0,0.0,0.0,0.0
2601,Mauritania,Spices,Human Consumption,0.0,0.0,0.0,0.0,0.0,0.0,0.0,0.0,0.0,0.0,0.0,0.0,0.0,0.0,0.0,0.0,0.0,0.0
2602,Mauritania,Stimulants,Production,0.0,0.0,0.0,0.0,0.0,0.0,0.0,0.0,0.0,0.0,0.0,0.0,0.0,0.0,0.0,0.0,0.0,0.0
2603,Mauritania,Stimulants,Import,6.0,7.0,5.0,8.0,9.0,4.0,9.0,11.0,9.0,11.0,8.0,10.0,12.0,14.0,16.0,13.0,17.0,18.0
2604,Mauritania,Stimulants,Stock Variation,0.0,0.0,0.0,0.0,0.0,0.0,0.0,0.0,0.0,0.0,0.0,0.0,0.0,0.0,2.0,0.0,3.0,3.0
2605,Mauritania,Stimulants,Export,0.0,0.0,0.0,0.0,0.0,0.0,2.0,1.0,1.0,1.0,0.0,0.0,0.0,0.0,0.0,0.0,0.0,0.0
2606,Mauritania,Vegetables,Import,28.0,23.0,30.0,32.0,51.0,34.0,41.0,103.0,92.0,87.0,61.0,82.0,106.0,133.0,126.0,136.0,141.0,157.0
2607,Mauritania,Stimulants,Domestic supply,6.0,7.0,5.0,8.0,9.0,3.0,7.0,10.0,8.0,10.0,8.0,10.0,12.0,14.0,13.0,14.0,14.0,15.0
2608,Mauritania,Stimulants,Human Consumption,6.0,5.0,5.0,8.0,9.0,3.0,7.0,10.0,8.0,10.0,8.0,10.0,12.0,14.0,13.0,14.0,14.0,14.0
2609,Mauritania,Fruits - Excluding Wine,Import,5.0,5.0,7.0,9.0,7.0,11.0,7.0,34.0,39.0,25.0,22.0,21.0,33.0,25.0,28.0,41.0,26.0,31.0
2610,Mauritania,Fruits - Excluding Wine,Stock Variation,1.0,1.0,1.0,0.0,0.0,1.0,1.0,1.0,0.0,0.0,0.0,0.0,0.0,0.0,2.0,2.0,2.0,3.0
2611,Mauritania,Fruits - Excluding Wine,Export,0.0,0.0,0.0,0.0,0.0,0.0,0.0,0.0,0.0,0.0,0.0,0.0,0.0,0.0,0.0,0.0,0.0,0.0
2612,Mauritania,Fruits - Excluding Wine,Domestic supply,31.0,29.0,34.0,32.0,34.0,36.0,31.0,58.0,61.0,48.0,46.0,45.0,58.0,47.0,48.0,64.0,51.0,54.0
2613,Mauritania,Fruits - Excluding Wine,Losses,3.0,2.0,3.0,2.0,3.0,3.0,2.0,3.0,2.0,2.0,3.0,3.0,3.0,3.0,2.0,3.0,3.0,3.0
2614,Mauritania,Fruits - Excluding Wine,Human Consumption,28.0,27.0,31.0,29.0,31.0,34.0,29.0,56.0,59.0,45.0,44.0,42.0,55.0,44.0,46.0,61.0,48.0,51.0
2615,Mauritania,Stimulants,Other uses (non-food),0.0,2.0,0.0,0.0,0.0,0.0,0.0,0.0,0.0,0.0,0.0,0.0,0.0,0.0,0.0,0.0,0.0,0.0
2616,Mauritania,Sugar & Sweeteners,Other uses (non-food),76.0,23.0,77.0,68.0,77.0,103.0,71.0,76.0,88.0,66.0,77.0,77.0,33.0,12.0,64.0,76.0,54.0,98.0
2617,Mauritania,Oilcrops,Domestic supply,5.0,4.0,4.0,4.0,3.0,3.0,4.0,4.0,4.0,4.0,4.0,3.0,3.0,4.0,4.0,4.0,4.0,4.0
2618,Mauritania,Pulses,Production,38.0,42.0,43.0,45.0,34.0,43.0,44.0,49.0,51.0,51.0,57.0,52.0,54.0,53.0,51.0,51.0,51.0,51.0
2619,Mauritania,Oilcrops,Processing,1.0,2.0,1.0,1.0,0.0,0.0,1.0,1.0,0.0,1.0,0.0,0.0,0.0,0.0,1.0,1.0,1.0,1.0
2620,Mauritania,Oilcrops,Other uses (non-food),0.0,0.0,0.0,0.0,0.0,0.0,0.0,0.0,0.0,0.0,0.0,0.0,0.0,0.0,0.0,0.0,0.0,0.0
2621,Mauritania,Oilcrops,Human Consumption,4.0,2.0,3.0,3.0,3.0,3.0,3.0,3.0,3.0,3.0,3.0,3.0,3.0,3.0,3.0,4.0,3.0,3.0
2622,Mauritania,Starchy Roots,Production,7.0,7.0,7.0,7.0,8.0,8.0,7.0,6.0,7.0,6.0,7.0,7.0,7.0,8.0,10.0,10.0,10.0,10.0
2623,Mauritania,Starchy Roots,Import,13.0,13.0,14.0,20.0,22.0,29.0,21.0,21.0,17.0,36.0,28.0,29.0,40.0,28.0,34.0,43.0,38.0,42.0
2624,Mauritania,Starchy Roots,Stock Variation,0.0,0.0,0.0,0.0,0.0,0.0,0.0,0.0,0.0,0.0,0.0,0.0,0.0,0.0,-4.0,4.0,2.0,2.0
2625,Mauritania,Starchy Roots,Domestic supply,20.0,19.0,22.0,27.0,30.0,37.0,28.0,27.0,24.0,43.0,34.0,36.0,47.0,35.0,48.0,49.0,47.0,49.0
2626,Mauritania,Oilcrops,Losses,0.0,0.0,0.0,0.0,0.0,0.0,0.0,0.0,0.0,0.0,0.0,0.0,0.0,0.0,0.0,0.0,0.0,0.0
2627,Mauritania,Starchy Roots,Feed,0.0,0.0,0.0,0.0,0.0,0.0,0.0,0.0,0.0,0.0,0.0,0.0,0.0,0.0,6.0,5.0,3.0,4.0
2628,Mauritania,Starchy Roots,Losses,2.0,2.0,2.0,3.0,3.0,4.0,3.0,3.0,2.0,4.0,3.0,4.0,5.0,4.0,4.0,5.0,5.0,5.0
2629,Mauritania,Starchy Roots,Other uses (non-food),0.0,0.0,0.0,0.0,0.0,0.0,0.0,0.0,0.0,0.0,0.0,0.0,0.0,0.0,0.0,0.0,0.0,0.0
2630,Mauritania,Starchy Roots,Human Consumption,18.0,17.0,19.0,24.0,26.0,33.0,25.0,24.0,22.0,38.0,31.0,32.0,42.0,32.0,38.0,39.0,39.0,40.0
2631,Mauritania,Sugar Crops,Import,0.0,0.0,0.0,0.0,0.0,0.0,0.0,0.0,0.0,0.0,0.0,0.0,0.0,0.0,0.0,0.0,0.0,0.0
2632,Mauritania,Sugar Crops,Domestic supply,0.0,0.0,0.0,0.0,0.0,0.0,0.0,0.0,0.0,0.0,0.0,0.0,0.0,0.0,0.0,0.0,0.0,0.0
2633,Mauritania,Sugar Crops,Feed,0.0,0.0,0.0,0.0,0.0,0.0,0.0,0.0,0.0,0.0,0.0,0.0,0.0,0.0,0.0,0.0,0.0,0.0
2634,Mauritania,Spices,Stock Variation,0.0,0.0,0.0,0.0,0.0,0.0,0.0,0.0,0.0,0.0,0.0,0.0,0.0,0.0,0.0,0.0,0.0,0.0
2635,Mauritania,Starchy Roots,Seed,0.0,0.0,0.0,0.0,0.0,0.0,0.0,0.0,0.0,0.0,0.0,0.0,0.0,0.0,0.0,0.0,0.0,0.0
2636,Mauritania,Sugar & Sweeteners,Human Consumption,111.0,114.0,105.0,100.0,105.0,102.0,106.0,127.0,123.0,126.0,129.0,132.0,131.0,141.0,156.0,161.0,165.0,169.0
2637,Mauritania,Oilcrops,Seed,0.0,0.0,0.0,0.0,0.0,0.0,0.0,0.0,0.0,0.0,0.0,0.0,0.0,0.0,0.0,0.0,0.0,0.0
2638,Mauritania,Oilcrops,Export,0.0,0.0,0.0,0.0,0.0,0.0,0.0,0.0,0.0,0.0,0.0,0.0,0.0,0.0,0.0,0.0,0.0,0.0
2639,Mauritania,Pulses,Import,1.0,1.0,1.0,4.0,1.0,2.0,2.0,2.0,4.0,1.0,0.0,0.0,5.0,8.0,2.0,1.0,2.0,2.0
2640,Mauritania,Pulses,Stock Variation,-3.0,2.0,2.0,-3.0,3.0,0.0,0.0,0.0,-2.0,0.0,0.0,0.0,0.0,0.0,-11.0,-1.0,0.0,0.0
2641,Mauritania,Pulses,Domestic supply,36.0,45.0,46.0,45.0,38.0,45.0,46.0,50.0,52.0,52.0,57.0,53.0,59.0,61.0,64.0,53.0,54.0,53.0
2642,Mauritania,Pulses,Feed,0.0,0.0,0.0,0.0,0.0,0.0,0.0,0.0,0.0,0.0,0.0,0.0,0.0,0.0,4.0,3.0,4.0,2.0
2643,Mauritania,Pulses,Seed,4.0,3.0,4.0,3.0,3.0,3.0,4.0,4.0,4.0,4.0,4.0,4.0,4.0,4.0,4.0,4.0,3.0,3.0
2644,Mauritania,Pulses,Losses,2.0,3.0,3.0,2.0,2.0,3.0,3.0,3.0,3.0,3.0,4.0,3.0,3.0,3.0,4.0,4.0,4.0,4.0
2645,Mauritania,Pulses,Other uses (non-food),0.0,0.0,0.0,4.0,0.0,0.0,0.0,0.0,0.0,0.0,0.0,0.0,0.0,0.0,0.0,0.0,0.0,0.0
2646,Mauritania,Oilcrops,Feed,0.0,0.0,0.0,0.0,0.0,0.0,0.0,0.0,0.0,0.0,0.0,0.0,0.0,0.0,0.0,0.0,0.0,0.0
2647,Mauritania,Pulses,Human Consumption,30.0,39.0,40.0,36.0,33.0,39.0,40.0,44.0,46.0,45.0,49.0,45.0,51.0,54.0,52.0,43.0,43.0,43.0
2648,Mauritania,Treenuts,Stock Variation,0.0,0.0,0.0,0.0,0.0,0.0,0.0,0.0,0.0,0.0,0.0,0.0,0.0,0.0,0.0,0.0,0.0,0.0
2649,Mauritania,Treenuts,Export,0.0,0.0,0.0,0.0,0.0,0.0,0.0,0.0,0.0,0.0,0.0,0.0,0.0,0.0,0.0,0.0,0.0,0.0
2650,Mauritania,Treenuts,Domestic supply,0.0,0.0,0.0,0.0,0.0,0.0,0.0,0.0,1.0,0.0,0.0,0.0,0.0,0.0,0.0,0.0,0.0,0.0
2651,Mauritania,Treenuts,Human Consumption,0.0,0.0,0.0,0.0,0.0,0.0,0.0,0.0,1.0,0.0,0.0,0.0,0.0,0.0,0.0,0.0,0.0,0.0
2652,Mauritania,Oilcrops,Production,5.0,3.0,3.0,3.0,3.0,3.0,4.0,4.0,4.0,3.0,4.0,3.0,3.0,3.0,4.0,4.0,3.0,3.0
2653,Mauritania,Oilcrops,Import,0.0,1.0,1.0,1.0,0.0,0.0,1.0,0.0,0.0,0.0,0.0,0.0,0.0,0.0,1.0,0.0,0.0,1.0
2654,Mauritania,Oilcrops,Stock Variation,0.0,0.0,0.0,0.0,0.0,0.0,0.0,0.0,0.0,0.0,0.0,0.0,0.0,0.0,0.0,0.0,0.0,0.0
2655,Mauritania,Treenuts,Import,0.0,0.0,0.0,0.0,0.0,0.0,0.0,0.0,1.0,0.0,0.0,0.0,0.0,0.0,0.0,0.0,0.0,0.0
2656,Mauritania,Spices,Import,0.0,0.0,0.0,0.0,0.0,0.0,0.0,0.0,0.0,0.0,0.0,0.0,0.0,0.0,0.0,0.0,0.0,0.0
2657,Mauritania,Spices,Export,0.0,0.0,0.0,0.0,0.0,0.0,0.0,0.0,0.0,0.0,0.0,0.0,0.0,0.0,0.0,0.0,0.0,0.0
2658,Mauritania,Alcoholic Beverages,Other uses (non-food),0.0,0.0,0.0,0.0,0.0,0.0,0.0,0.0,0.0,0.0,0.0,0.0,0.0,0.0,0.0,0.0,0.0,0.0
2659,Mauritania,"Fish, Seafood",Feed,19.0,23.0,26.0,78.0,135.0,138.0,7.0,20.0,0.0,0.0,77.0,77.0,77.0,77.0,3.0,13.0,5.0,3.0
2660,Mauritania,"Fish, Seafood",Other uses (non-food),0.0,0.0,1.0,0.0,14.0,5.0,0.0,0.0,0.0,2.0,1.0,1.0,1.0,1.0,0.0,0.0,0.0,0.0
2661,Mauritania,"Fish, Seafood",Human Consumption,24.0,24.0,28.0,29.0,31.0,31.0,27.0,34.0,27.0,31.0,35.0,35.0,35.0,35.0,34.0,35.0,35.0,39.0
2662,Mauritania,Eggs,Production,5.0,5.0,5.0,5.0,6.0,4.0,5.0,5.0,6.0,6.0,5.0,6.0,6.0,6.0,5.0,5.0,5.0,6.0
2663,Mauritania,Eggs,Import,0.0,1.0,1.0,1.0,1.0,2.0,1.0,2.0,1.0,1.0,1.0,1.0,2.0,4.0,5.0,5.0,6.0,5.0
2664,Mauritania,Eggs,Stock Variation,0.0,0.0,0.0,0.0,0.0,0.0,0.0,0.0,0.0,0.0,0.0,0.0,0.0,0.0,0.0,0.0,0.0,0.0
2665,Mauritania,Eggs,Export,0.0,0.0,0.0,0.0,0.0,0.0,0.0,0.0,0.0,0.0,0.0,0.0,0.0,0.0,0.0,0.0,0.0,0.0
2666,Mauritania,"Fish, Seafood",Domestic supply,43.0,47.0,55.0,107.0,180.0,174.0,35.0,54.0,27.0,33.0,114.0,114.0,114.0,114.0,38.0,48.0,40.0,42.0
2667,Mauritania,Eggs,Domestic supply,5.0,6.0,7.0,6.0,7.0,6.0,7.0,7.0,7.0,6.0,6.0,6.0,8.0,10.0,11.0,11.0,12.0,11.0
2668,Mauritania,Eggs,Seed,0.0,0.0,1.0,1.0,1.0,1.0,1.0,1.0,1.0,1.0,1.0,1.0,1.0,1.0,1.0,1.0,1.0,1.0
2669,Mauritania,Eggs,Losses,1.0,1.0,1.0,1.0,1.0,1.0,1.0,1.0,1.0,1.0,1.0,1.0,1.0,1.0,1.0,1.0,1.0,1.0
2670,Mauritania,Eggs,Human Consumption,4.0,5.0,5.0,5.0,5.0,5.0,5.0,5.0,6.0,5.0,5.0,5.0,7.0,8.0,8.0,7.0,11.0,10.0
2671,Mauritania,Milk - Excluding Butter,Production,325.0,325.0,352.0,354.0,357.0,367.0,369.0,338.0,353.0,382.0,385.0,386.0,401.0,410.0,359.0,347.0,355.0,353.0
2672,Mauritania,Milk - Excluding Butter,Import,26.0,58.0,58.0,63.0,72.0,112.0,82.0,124.0,152.0,99.0,162.0,185.0,218.0,239.0,65.0,71.0,68.0,89.0
2673,Mauritania,Milk - Excluding Butter,Stock Variation,0.0,0.0,0.0,0.0,0.0,0.0,0.0,0.0,0.0,0.0,0.0,0.0,0.0,0.0,-1.0,-5.0,-1.0,14.0
2674,Mauritania,Milk - Excluding Butter,Export,0.0,0.0,0.0,0.0,0.0,0.0,0.0,0.0,0.0,0.0,0.0,0.0,0.0,0.0,0.0,0.0,0.0,0.0
2675,Mauritania,Eggs,Feed,0.0,0.0,0.0,0.0,0.0,0.0,0.0,0.0,0.0,0.0,0.0,0.0,0.0,0.0,1.0,2.0,0.0,0.0
2676,Mauritania,Milk - Excluding Butter,Domestic supply,351.0,383.0,411.0,417.0,429.0,479.0,451.0,462.0,505.0,481.0,546.0,571.0,620.0,649.0,425.0,423.0,424.0,428.0
2677,Mauritania,"Fish, Seafood",Stock Variation,20.0,0.0,0.0,0.0,0.0,-1.0,-3.0,-14.0,18.0,-1.0,1.0,1.0,1.0,1.0,0.0,-2.0,-1.0,3.0
2678,Mauritania,"Fish, Seafood",Production,114.0,140.0,156.0,200.0,271.0,305.0,165.0,223.0,195.0,217.0,276.0,276.0,276.0,276.0,378.0,404.0,610.0,795.0
2679,Mauritania,Alcoholic Beverages,Human Consumption,0.0,0.0,0.0,0.0,0.0,0.0,0.0,0.0,0.0,0.0,0.0,0.0,0.0,0.0,0.0,0.0,0.0,0.0
2680,Mauritania,Cereals - Excluding Beer,Production,154.0,104.0,87.0,144.0,86.0,148.0,145.0,156.0,163.0,154.0,234.0,146.0,283.0,244.0,373.0,313.0,324.0,357.0
2681,Mauritania,Cereals - Excluding Beer,Import,270.0,285.0,360.0,279.0,273.0,399.0,350.0,375.0,448.0,599.0,470.0,451.0,758.0,592.0,637.0,696.0,515.0,636.0
2682,Mauritania,Cereals - Excluding Beer,Stock Variation,30.0,100.0,27.0,112.0,141.0,-8.0,50.0,52.0,8.0,-114.0,-50.0,47.0,-345.0,-113.0,30.0,76.0,-77.0,19.0
2683,Mauritania,Cereals - Excluding Beer,Export,0.0,0.0,0.0,0.0,0.0,0.0,0.0,0.0,0.0,0.0,0.0,0.0,0.0,0.0,0.0,4.0,0.0,0.0
2684,Mauritania,Cereals - Excluding Beer,Domestic supply,454.0,489.0,474.0,535.0,500.0,539.0,545.0,583.0,619.0,639.0,653.0,645.0,695.0,724.0,980.0,929.0,917.0,974.0
2685,Mauritania,Cereals - Excluding Beer,Feed,21.0,41.0,3.0,3.0,3.0,11.0,11.0,11.0,12.0,16.0,16.0,6.0,8.0,11.0,169.0,95.0,112.0,118.0
2686,Mauritania,"Fish, Seafood",Import,0.0,0.0,1.0,1.0,0.0,1.0,1.0,1.0,1.0,3.0,5.0,5.0,5.0,5.0,9.0,7.0,7.0,8.0
2687,Mauritania,Cereals - Excluding Beer,Seed,4.0,3.0,3.0,4.0,5.0,6.0,6.0,6.0,6.0,7.0,4.0,8.0,7.0,7.0,17.0,16.0,16.0,17.0
2688,Mauritania,Cereals - Excluding Beer,Other uses (non-food),0.0,0.0,0.0,0.0,0.0,0.0,0.0,0.0,0.0,0.0,0.0,0.0,0.0,0.0,0.0,0.0,0.0,0.0
2689,Mauritania,Cereals - Excluding Beer,Human Consumption,409.0,424.0,448.0,505.0,470.0,494.0,499.0,536.0,571.0,583.0,599.0,604.0,638.0,669.0,766.0,788.0,755.0,802.0
2690,Mauritania,"Aquatic Products, Other",Production,0.0,0.0,0.0,0.0,0.0,0.0,0.0,0.0,0.0,0.0,0.0,0.0,0.0,0.0,0.0,0.0,0.0,0.0
2691,Mauritania,"Aquatic Products, Other",Import,0.0,0.0,0.0,0.0,0.0,0.0,0.0,0.0,0.0,0.0,0.0,0.0,0.0,0.0,0.0,0.0,0.0,0.0
2692,Mauritania,"Aquatic Products, Other",Domestic supply,0.0,0.0,0.0,0.0,0.0,0.0,0.0,0.0,0.0,0.0,0.0,0.0,0.0,0.0,0.0,0.0,0.0,0.0
2693,Mauritania,"Aquatic Products, Other",Other uses (non-food),0.0,0.0,0.0,0.0,0.0,0.0,0.0,0.0,0.0,0.0,0.0,0.0,0.0,0.0,0.0,0.0,0.0,0.0
2694,Mauritania,"Aquatic Products, Other",Human Consumption,0.0,0.0,0.0,0.0,0.0,0.0,0.0,0.0,0.0,0.0,0.0,0.0,0.0,0.0,0.0,0.0,0.0,0.0
2695,Mauritania,Cereals - Excluding Beer,Losses,20.0,21.0,20.0,22.0,22.0,28.0,29.0,30.0,30.0,34.0,35.0,27.0,43.0,36.0,28.0,36.0,32.0,38.0
2696,Mauritania,Milk - Excluding Butter,Feed,0.0,0.0,0.0,0.0,0.0,0.0,0.0,0.0,0.0,0.0,0.0,0.0,0.0,0.0,11.0,8.0,4.0,5.0
2697,Mauritania,"Fish, Seafood",Export,91.0,94.0,102.0,93.0,91.0,131.0,128.0,156.0,187.0,186.0,168.0,168.0,168.0,168.0,350.0,362.0,576.0,763.0
2698,Mauritania,Milk - Excluding Butter,Processing,0.0,0.0,0.0,0.0,0.0,0.0,0.0,0.0,0.0,0.0,0.0,0.0,0.0,0.0,0.0,0.0,0.0,0.0
2699,Mauritania,Meat,Import,3.0,3.0,6.0,6.0,4.0,4.0,4.0,7.0,5.0,9.0,7.0,11.0,12.0,18.0,15.0,24.0,23.0,24.0
2700,Mauritania,Meat,Stock Variation,0.0,0.0,0.0,0.0,0.0,0.0,0.0,0.0,0.0,0.0,0.0,0.0,0.0,0.0,-3.0,9.0,12.0,6.0
2701,Mauritania,Meat,Export,0.0,0.0,0.0,0.0,0.0,0.0,0.0,0.0,0.0,0.0,0.0,0.0,0.0,0.0,0.0,0.0,1.0,1.0
2702,Mauritania,Meat,Domestic supply,83.0,88.0,93.0,96.0,97.0,97.0,96.0,94.0,91.0,99.0,100.0,107.0,112.0,118.0,126.0,129.0,129.0,133.0
2703,Mauritania,Meat,Losses,0.0,0.0,0.0,0.0,0.0,0.0,0.0,0.0,0.0,0.0,0.0,0.0,0.0,0.0,0.0,0.0,0.0,0.0
2704,Mauritania,Meat,Other uses (non-food),0.0,0.0,0.0,0.0,0.0,0.0,0.0,0.0,0.0,0.0,0.0,0.0,0.0,0.0,0.0,0.0,0.0,0.0
2705,Mauritania,Miscellaneous,Import,0.0,0.0,0.0,0.0,0.0,0.0,0.0,0.0,0.0,0.0,0.0,0.0,0.0,0.0,25.0,20.0,29.0,30.0
2706,Mauritania,Meat,Production,81.0,85.0,88.0,90.0,93.0,93.0,92.0,87.0,85.0,90.0,93.0,95.0,99.0,100.0,108.0,114.0,119.0,116.0
2707,Mauritania,Miscellaneous,Stock Variation,0.0,0.0,0.0,0.0,0.0,0.0,0.0,0.0,0.0,0.0,0.0,0.0,0.0,0.0,0.0,0.0,0.0,1.0
2708,Mauritania,Miscellaneous,Domestic supply,0.0,0.0,0.0,0.0,0.0,0.0,0.0,0.0,0.0,0.0,0.0,0.0,0.0,0.0,25.0,19.0,29.0,29.0
2709,Mauritania,Miscellaneous,Human Consumption,0.0,0.0,0.0,0.0,0.0,0.0,0.0,0.0,0.0,0.0,0.0,0.0,0.0,0.0,25.0,19.0,29.0,29.0
2710,Mauritania,Alcoholic Beverages,Import,0.0,0.0,0.0,0.0,0.0,0.0,0.0,0.0,0.0,0.0,0.0,0.0,0.0,0.0,0.0,0.0,0.0,0.0
2711,Mauritania,Alcoholic Beverages,Stock Variation,0.0,0.0,0.0,0.0,0.0,0.0,0.0,0.0,0.0,0.0,0.0,0.0,0.0,0.0,0.0,0.0,0.0,0.0
2712,Mauritania,Alcoholic Beverages,Export,0.0,0.0,0.0,0.0,0.0,0.0,0.0,0.0,0.0,0.0,0.0,0.0,0.0,0.0,0.0,0.0,0.0,0.0
2713,Mauritania,Alcoholic Beverages,Domestic supply,0.0,0.0,0.0,0.0,0.0,0.0,0.0,0.0,0.0,0.0,0.0,0.0,0.0,0.0,0.0,0.0,0.0,0.0
2714,Mauritania,Milk - Excluding Butter,Losses,17.0,18.0,19.0,19.0,20.0,20.0,20.0,19.0,20.0,21.0,22.0,22.0,23.0,24.0,36.0,41.0,40.0,39.0
2715,Mauritania,Miscellaneous,Export,0.0,0.0,0.0,0.0,0.0,0.0,0.0,0.0,0.0,0.0,0.0,0.0,0.0,0.0,0.0,0.0,0.0,0.0
2716,Mauritania,Offals,Human Consumption,12.0,13.0,13.0,14.0,14.0,14.0,14.0,13.0,13.0,14.0,14.0,14.0,15.0,15.0,16.0,17.0,17.0,17.0
2717,Mauritania,Meat,Human Consumption,83.0,88.0,93.0,96.0,97.0,97.0,96.0,94.0,91.0,99.0,100.0,107.0,112.0,118.0,126.0,130.0,129.0,133.0
2718,Mauritania,Offals,Other uses (non-food),0.0,0.0,0.0,0.0,0.0,0.0,0.0,0.0,0.0,0.0,0.0,0.0,0.0,0.0,0.0,0.0,0.0,0.0
2719,Mauritania,Milk - Excluding Butter,Other uses (non-food),0.0,0.0,0.0,0.0,0.0,0.0,0.0,0.0,0.0,0.0,0.0,4.0,3.0,0.0,0.0,0.0,0.0,0.0
2720,Mauritania,Milk - Excluding Butter,Human Consumption,333.0,366.0,392.0,398.0,409.0,459.0,431.0,443.0,485.0,460.0,525.0,545.0,594.0,626.0,378.0,374.0,381.0,384.0
2721,Mauritania,Animal fats,Production,3.0,3.0,3.0,3.0,3.0,3.0,3.0,3.0,3.0,3.0,7.0,7.0,7.0,7.0,36.0,18.0,25.0,56.0
2722,Mauritania,Animal fats,Import,2.0,3.0,3.0,3.0,3.0,3.0,1.0,1.0,4.0,2.0,4.0,4.0,4.0,2.0,1.0,1.0,2.0,1.0
2723,Mauritania,Animal fats,Stock Variation,0.0,0.0,0.0,0.0,0.0,0.0,0.0,0.0,0.0,0.0,0.0,0.0,0.0,0.0,0.0,0.0,0.0,0.0
2724,Mauritania,Animal fats,Domestic supply,5.0,6.0,5.0,6.0,6.0,6.0,4.0,4.0,7.0,5.0,7.0,7.0,7.0,5.0,17.0,5.0,7.0,22.0
2725,Mauritania,Animal fats,Losses,0.0,0.0,0.0,0.0,0.0,0.0,0.0,0.0,0.0,0.0,0.0,0.0,0.0,0.0,0.0,0.0,0.0,0.0
2726,Mauritania,Animal fats,Other uses (non-food),1.0,1.0,1.0,1.0,1.0,1.0,0.0,0.0,1.0,1.0,0.0,0.0,1.0,0.0,13.0,1.0,2.0,17.0
2727,Mauritania,Animal fats,Export,1.0,1.0,0.0,0.0,0.0,0.0,0.0,0.0,1.0,0.0,4.0,4.0,4.0,4.0,20.0,14.0,20.0,35.0
2728,Mauritania,Offals,Production,12.0,13.0,13.0,14.0,14.0,14.0,14.0,13.0,13.0,14.0,14.0,14.0,15.0,15.0,16.0,17.0,18.0,17.0
2729,Mauritania,Offals,Import,0.0,0.0,0.0,0.0,0.0,0.0,0.0,0.0,0.0,0.0,0.0,0.0,0.0,0.0,0.0,0.0,0.0,0.0
2730,Mauritania,Offals,Export,0.0,0.0,0.0,0.0,0.0,0.0,0.0,0.0,0.0,0.0,0.0,0.0,0.0,0.0,0.0,0.0,0.0,0.0
2731,Mauritania,Offals,Domestic supply,12.0,13.0,13.0,14.0,14.0,14.0,14.0,13.0,13.0,14.0,14.0,14.0,15.0,15.0,16.0,17.0,18.0,17.0
2732,Mauritania,Offals,Feed,0.0,0.0,0.0,0.0,0.0,0.0,0.0,0.0,0.0,0.0,0.0,0.0,0.0,0.0,0.0,0.0,0.0,0.0
2733,Mauritania,Offals,Losses,0.0,0.0,0.0,0.0,0.0,0.0,0.0,0.0,0.0,0.0,0.0,0.0,0.0,0.0,0.0,0.0,0.0,0.0
2734,Mauritania,Animal fats,Human Consumption,4.0,4.0,4.0,4.0,4.0,5.0,4.0,4.0,6.0,3.0,7.0,7.0,6.0,5.0,4.0,4.0,4.0,4.0
2735,Mauritius,Vegetable Oils,Production,0.0,0.0,0.0,0.0,0.0,0.0,0.0,0.0,0.0,0.0,0.0,0.0,0.0,0.0,0.0,0.0,0.0,0.0
2736,Mauritius,Vegetable Oils,Processing,0.0,0.0,0.0,0.0,0.0,0.0,0.0,0.0,0.0,0.0,0.0,0.0,0.0,0.0,3.0,2.0,1.0,3.0
2737,Mauritius,Vegetable Oils,Import,37.0,37.0,40.0,36.0,37.0,44.0,34.0,40.0,40.0,52.0,35.0,41.0,45.0,40.0,51.0,42.0,42.0,46.0
2738,Mauritius,Vegetable Oils,Stock Variation,-1.0,-5.0,1.0,0.0,0.0,-6.0,5.0,-1.0,1.0,-5.0,10.0,0.0,-2.0,4.0,3.0,-2.0,2.0,-2.0
2739,Mauritius,Vegetable Oils,Export,1.0,1.0,4.0,2.0,1.0,1.0,1.0,1.0,1.0,6.0,1.0,3.0,2.0,3.0,3.0,1.0,1.0,0.0
2740,Mauritius,Vegetable Oils,Domestic supply,36.0,31.0,37.0,35.0,36.0,37.0,38.0,39.0,39.0,40.0,45.0,38.0,42.0,41.0,45.0,42.0,39.0,49.0
2741,Mauritius,Vegetable Oils,Feed,0.0,0.0,0.0,0.0,0.0,0.0,0.0,0.0,0.0,0.0,0.0,0.0,0.0,0.0,0.0,0.0,0.0,0.0
2742,Mauritius,Vegetable Oils,Other uses (non-food),15.0,11.0,15.0,13.0,15.0,15.0,15.0,15.0,16.0,19.0,22.0,15.0,17.0,16.0,16.0,15.0,15.0,18.0
2743,Mauritius,Sugar & Sweeteners,Processing,0.0,0.0,0.0,0.0,0.0,0.0,0.0,0.0,0.0,0.0,0.0,0.0,0.0,0.0,1.0,1.0,0.0,0.0
2744,Mauritius,Sugar & Sweeteners,Production,569.0,646.0,521.0,537.0,572.0,520.0,505.0,436.0,452.0,467.0,452.0,435.0,409.0,405.0,403.0,407.0,385.0,376.0
2745,Mauritius,Sugar & Sweeteners,Import,40.0,23.0,30.0,42.0,44.0,44.0,49.0,45.0,47.0,38.0,26.0,48.0,80.0,65.0,93.0,109.0,127.0,142.0
2746,Mauritius,Sugar & Sweeteners,Stock Variation,-140.0,-20.0,65.0,-14.0,-18.0,20.0,37.0,9.0,-27.0,-113.0,-1.0,-6.0,-55.0,25.0,31.0,4.0,-9.0,-1.0
2747,Mauritius,Sugar & Sweeteners,Export,425.0,600.0,572.0,519.0,552.0,539.0,545.0,445.0,429.0,349.0,438.0,441.0,393.0,451.0,458.0,471.0,480.0,470.0
2748,Mauritius,Sugar & Sweeteners,Domestic supply,45.0,48.0,44.0,46.0,46.0,46.0,47.0,46.0,43.0,43.0,40.0,36.0,41.0,44.0,6.0,41.0,41.0,50.0
2749,Mauritius,Sugar & Sweeteners,Feed,0.0,0.0,0.0,0.0,0.0,0.0,0.0,0.0,0.0,0.0,0.0,0.0,0.0,0.0,0.0,0.0,0.0,0.0
2750,Mauritius,Sugar & Sweeteners,Other uses (non-food),0.0,0.0,0.0,0.0,0.0,0.0,0.0,0.0,0.0,0.0,0.0,0.0,0.0,0.0,0.0,0.0,0.0,0.0
2751,Mauritius,Vegetables,Human Consumption,100.0,103.0,93.0,97.0,101.0,88.0,91.0,88.0,81.0,99.0,98.0,93.0,90.0,89.0,86.0,79.0,84.0,92.0
2752,Mauritius,Vegetable Oils,Human Consumption,20.0,20.0,22.0,21.0,21.0,22.0,22.0,23.0,23.0,22.0,23.0,23.0,24.0,24.0,25.0,25.0,25.0,28.0
2753,Mauritius,Vegetables,Other uses (non-food),1.0,1.0,1.0,0.0,0.0,0.0,0.0,0.0,0.0,0.0,0.0,0.0,0.0,0.0,0.0,0.0,0.0,0.0
2754,Mauritius,Stimulants,Seed,0.0,0.0,0.0,0.0,0.0,0.0,0.0,0.0,0.0,0.0,0.0,0.0,0.0,0.0,0.0,0.0,0.0,0.0
2755,Mauritius,Vegetables,Domestic supply,111.0,111.0,100.0,104.0,107.0,93.0,97.0,93.0,86.0,104.0,103.0,99.0,98.0,98.0,96.0,88.0,94.0,102.0
2756,Mauritius,Sugar & Sweeteners,Human Consumption,45.0,48.0,44.0,46.0,46.0,46.0,47.0,46.0,43.0,43.0,40.0,36.0,41.0,44.0,48.0,54.0,44.0,49.0
2757,Mauritius,Stimulants,Domestic supply,3.0,3.0,3.0,3.0,3.0,3.0,4.0,4.0,4.0,4.0,3.0,4.0,4.0,4.0,2.0,2.0,2.0,2.0
2758,Mauritius,Stimulants,Losses,0.0,0.0,0.0,0.0,0.0,0.0,0.0,0.0,0.0,0.0,0.0,0.0,0.0,0.0,0.0,0.0,0.0,0.0
2759,Mauritius,Stimulants,Export,0.0,0.0,0.0,0.0,0.0,0.0,0.0,0.0,0.0,0.0,0.0,0.0,0.0,0.0,0.0,0.0,0.0,0.0
2760,Mauritius,Stimulants,Human Consumption,3.0,3.0,3.0,3.0,3.0,3.0,4.0,4.0,4.0,4.0,3.0,4.0,4.0,4.0,2.0,2.0,2.0,2.0
2761,Mauritius,Fruits - Excluding Wine,Production,13.0,18.0,11.0,19.0,19.0,20.0,20.0,19.0,21.0,24.0,23.0,26.0,30.0,32.0,26.0,26.0,24.0,24.0
2762,Mauritius,Fruits - Excluding Wine,Import,33.0,31.0,37.0,37.0,38.0,36.0,37.0,39.0,50.0,49.0,42.0,44.0,50.0,58.0,32.0,32.0,33.0,31.0
2763,Mauritius,Fruits - Excluding Wine,Stock Variation,0.0,0.0,0.0,0.0,0.0,0.0,0.0,0.0,0.0,0.0,0.0,0.0,0.0,0.0,1.0,1.0,1.0,0.0
2764,Mauritius,Vegetables,Losses,9.0,7.0,6.0,6.0,6.0,5.0,6.0,5.0,4.0,5.0,5.0,5.0,8.0,8.0,7.0,6.0,6.0,7.0
2765,Mauritius,Fruits - Excluding Wine,Export,1.0,1.0,1.0,1.0,1.0,2.0,2.0,2.0,2.0,2.0,0.0,2.0,3.0,3.0,2.0,2.0,2.0,2.0
2766,Mauritius,Fruits - Excluding Wine,Feed,0.0,0.0,0.0,0.0,0.0,0.0,0.0,0.0,0.0,0.0,0.0,0.0,0.0,0.0,0.0,0.0,0.0,0.0
2767,Mauritius,Fruits - Excluding Wine,Losses,1.0,2.0,2.0,1.0,1.0,1.0,1.0,1.0,1.0,1.0,1.0,1.0,3.0,3.0,2.0,2.0,2.0,2.0
2768,Mauritius,Fruits - Excluding Wine,Other uses (non-food),1.0,1.0,1.0,0.0,0.0,1.0,0.0,0.0,0.0,0.0,0.0,0.0,1.0,1.0,1.0,0.0,0.0,1.0
2769,Mauritius,Fruits - Excluding Wine,Human Consumption,43.0,46.0,44.0,53.0,54.0,52.0,55.0,55.0,68.0,70.0,63.0,67.0,72.0,83.0,51.0,50.0,50.0,49.0
2770,Mauritius,Vegetables,Production,94.0,94.0,79.0,81.0,85.0,68.0,73.0,65.0,59.0,71.0,72.0,69.0,71.0,71.0,71.0,62.0,67.0,75.0
2771,Mauritius,Vegetables,Import,17.0,18.0,22.0,23.0,23.0,26.0,25.0,28.0,29.0,33.0,31.0,30.0,28.0,27.0,28.0,31.0,30.0,32.0
2772,Mauritius,Vegetables,Stock Variation,0.0,0.0,0.0,0.0,0.0,0.0,0.0,0.0,0.0,0.0,0.0,0.0,0.0,0.0,2.0,5.0,3.0,4.0
2773,Mauritius,Vegetables,Export,0.0,1.0,1.0,1.0,1.0,1.0,1.0,1.0,2.0,0.0,0.0,1.0,1.0,1.0,0.0,0.0,0.0,0.0
2774,Mauritius,Fruits - Excluding Wine,Domestic supply,45.0,48.0,47.0,55.0,56.0,53.0,55.0,56.0,69.0,72.0,64.0,68.0,76.0,88.0,55.0,54.0,54.0,53.0
2775,Mauritius,Pulses,Production,0.0,0.0,0.0,0.0,0.0,0.0,0.0,0.0,0.0,0.0,0.0,0.0,0.0,0.0,0.0,0.0,0.0,0.0
2776,Mauritius,Sugar Crops,Domestic supply,5110.0,5792.0,4874.0,5199.0,5280.0,4984.0,4749.0,4236.0,4533.0,4667.0,4366.0,4230.0,3947.0,3816.0,4044.0,4009.0,3798.0,3713.0
2777,Mauritius,Pulses,Stock Variation,-1.0,0.0,1.0,0.0,0.0,0.0,0.0,1.0,0.0,0.0,0.0,0.0,0.0,0.0,-1.0,-1.0,0.0,0.0
2778,Mauritius,Oilcrops,Human Consumption,5.0,5.0,5.0,5.0,5.0,7.0,7.0,7.0,7.0,7.0,6.0,7.0,7.0,7.0,6.0,6.0,6.0,6.0
2779,Mauritius,Starchy Roots,Production,15.0,17.0,14.0,13.0,12.0,14.0,12.0,17.0,16.0,22.0,23.0,23.0,23.0,19.0,21.0,19.0,18.0,16.0
2780,Mauritius,Starchy Roots,Import,11.0,13.0,13.0,15.0,15.0,15.0,14.0,14.0,13.0,13.0,12.0,12.0,17.0,16.0,13.0,17.0,18.0,16.0
2781,Mauritius,Starchy Roots,Stock Variation,0.0,0.0,0.0,0.0,0.0,0.0,0.0,0.0,0.0,0.0,0.0,0.0,0.0,0.0,0.0,1.0,2.0,2.0
2782,Mauritius,Starchy Roots,Export,0.0,0.0,0.0,0.0,0.0,0.0,0.0,0.0,0.0,0.0,0.0,0.0,1.0,1.0,0.0,0.0,0.0,0.0
2783,Mauritius,Starchy Roots,Domestic supply,25.0,30.0,27.0,28.0,27.0,28.0,26.0,30.0,29.0,34.0,35.0,35.0,38.0,33.0,34.0,34.0,35.0,30.0
2784,Mauritius,Starchy Roots,Feed,0.0,0.0,0.0,0.0,0.0,0.0,0.0,0.0,0.0,0.0,0.0,0.0,0.0,0.0,0.0,0.0,0.0,0.0
2785,Mauritius,Starchy Roots,Seed,2.0,2.0,1.0,1.0,1.0,1.0,2.0,2.0,2.0,2.0,3.0,3.0,3.0,2.0,2.0,2.0,2.0,2.0
2786,Mauritius,Oilcrops,Other uses (non-food),1.0,1.0,0.0,0.0,0.0,0.0,0.0,0.0,0.0,0.0,0.0,0.0,0.0,0.0,0.0,0.0,0.0,0.0
2787,Mauritius,Starchy Roots,Losses,1.0,3.0,0.0,0.0,0.0,0.0,1.0,1.0,1.0,1.0,1.0,1.0,1.0,1.0,1.0,1.0,1.0,1.0
2788,Mauritius,Starchy Roots,Other uses (non-food),2.0,2.0,3.0,2.0,4.0,4.0,4.0,4.0,3.0,3.0,4.0,4.0,3.0,4.0,1.0,1.0,1.0,1.0
2789,Mauritius,Starchy Roots,Human Consumption,21.0,23.0,23.0,25.0,22.0,23.0,20.0,24.0,23.0,28.0,27.0,28.0,31.0,26.0,29.0,29.0,29.0,25.0
2790,Mauritius,Sugar Crops,Production,5110.0,5792.0,4874.0,5199.0,5280.0,4984.0,4749.0,4236.0,4533.0,4667.0,4366.0,4230.0,3947.0,3816.0,4044.0,4009.0,3798.0,3713.0
2791,Mauritius,Sugar Crops,Import,0.0,0.0,0.0,0.0,0.0,0.0,0.0,0.0,0.0,0.0,0.0,0.0,0.0,0.0,0.0,0.0,0.0,0.0
2792,Mauritius,Sugar Crops,Feed,0.0,0.0,0.0,0.0,0.0,0.0,0.0,0.0,0.0,0.0,0.0,0.0,0.0,0.0,71.0,0.0,0.0,0.0
2793,Mauritius,Sugar Crops,Losses,0.0,0.0,0.0,0.0,0.0,0.0,0.0,0.0,0.0,0.0,0.0,0.0,0.0,0.0,201.0,200.0,189.0,185.0
2794,Mauritius,Sugar Crops,Processing,5110.0,5792.0,4874.0,5199.0,5280.0,4984.0,4749.0,4236.0,4533.0,4667.0,4366.0,4230.0,3947.0,3816.0,3772.0,3810.0,3609.0,3528.0
2795,Mauritius,Stimulants,Stock Variation,0.0,0.0,0.0,0.0,0.0,0.0,0.0,0.0,0.0,0.0,0.0,0.0,0.0,0.0,0.0,0.0,0.0,0.0
2796,Mauritius,Starchy Roots,Processing,0.0,0.0,0.0,0.0,0.0,0.0,0.0,0.0,0.0,0.0,0.0,0.0,0.0,0.0,0.0,0.0,0.0,0.0
2797,Mauritius,Pulses,Import,12.0,12.0,12.0,12.0,13.0,13.0,12.0,14.0,11.0,13.0,13.0,12.0,13.0,14.0,13.0,12.0,13.0,14.0
2798,Mauritius,Oilcrops,Processing,1.0,1.0,2.0,2.0,2.0,0.0,0.0,0.0,0.0,0.0,0.0,0.0,0.0,0.0,1.0,0.0,0.0,0.0
2799,Mauritius,Oilcrops,Seed,0.0,0.0,0.0,0.0,0.0,0.0,0.0,0.0,0.0,0.0,0.0,0.0,0.0,0.0,0.0,0.0,0.0,0.0
2800,Mauritius,Pulses,Export,0.0,0.0,0.0,0.0,0.0,0.0,0.0,0.0,0.0,0.0,0.0,1.0,0.0,1.0,0.0,0.0,0.0,0.0
2801,Mauritius,Pulses,Domestic supply,11.0,12.0,13.0,12.0,13.0,13.0,13.0,15.0,11.0,13.0,13.0,12.0,13.0,13.0,13.0,13.0,12.0,13.0
2802,Mauritius,Pulses,Feed,0.0,0.0,0.0,0.0,0.0,0.0,0.0,0.0,0.0,0.0,0.0,0.0,0.0,0.0,1.0,1.0,0.0,1.0
2803,Mauritius,Pulses,Losses,0.0,0.0,0.0,0.0,0.0,0.0,0.0,0.0,0.0,0.0,0.0,0.0,0.0,0.0,0.0,0.0,0.0,0.0
2804,Mauritius,Pulses,Human Consumption,11.0,12.0,13.0,12.0,13.0,13.0,13.0,15.0,11.0,13.0,13.0,12.0,13.0,13.0,12.0,12.0,12.0,12.0
2805,Mauritius,Treenuts,Production,0.0,0.0,0.0,0.0,0.0,0.0,0.0,0.0,0.0,0.0,0.0,0.0,0.0,0.0,0.0,0.0,0.0,0.0
2806,Mauritius,Treenuts,Import,0.0,0.0,0.0,0.0,0.0,1.0,1.0,1.0,1.0,1.0,1.0,1.0,1.0,1.0,1.0,0.0,1.0,1.0
2807,Mauritius,Treenuts,Stock Variation,0.0,0.0,0.0,0.0,0.0,0.0,0.0,0.0,0.0,0.0,0.0,0.0,0.0,0.0,0.0,0.0,0.0,0.0
2808,Mauritius,Oilcrops,Losses,0.0,0.0,0.0,0.0,0.0,0.0,0.0,0.0,0.0,0.0,0.0,0.0,0.0,0.0,0.0,0.0,0.0,0.0
2809,Mauritius,Treenuts,Export,0.0,0.0,0.0,0.0,0.0,0.0,0.0,0.0,0.0,0.0,0.0,0.0,0.0,0.0,0.0,0.0,0.0,0.0
2810,Mauritius,Treenuts,Losses,0.0,0.0,0.0,0.0,0.0,0.0,0.0,0.0,0.0,0.0,0.0,0.0,0.0,0.0,0.0,0.0,0.0,0.0
2811,Mauritius,Treenuts,Human Consumption,0.0,0.0,0.0,0.0,0.0,1.0,1.0,1.0,1.0,1.0,1.0,1.0,1.0,1.0,0.0,0.0,0.0,1.0
2812,Mauritius,Oilcrops,Production,2.0,2.0,2.0,2.0,2.0,2.0,2.0,2.0,2.0,2.0,2.0,2.0,2.0,2.0,2.0,2.0,2.0,2.0
2813,Mauritius,Oilcrops,Import,5.0,5.0,5.0,5.0,5.0,5.0,5.0,6.0,6.0,5.0,5.0,5.0,5.0,5.0,5.0,5.0,5.0,5.0
2814,Mauritius,Oilcrops,Stock Variation,0.0,0.0,0.0,0.0,0.0,0.0,0.0,0.0,0.0,0.0,0.0,0.0,0.0,0.0,0.0,0.0,1.0,0.0
2815,Mauritius,Oilcrops,Export,0.0,0.0,0.0,0.0,0.0,0.0,0.0,0.0,0.0,0.0,0.0,0.0,0.0,0.0,0.0,0.0,0.0,0.0
2816,Mauritius,Oilcrops,Domestic supply,7.0,7.0,7.0,7.0,7.0,7.0,7.0,7.0,7.0,7.0,6.0,7.0,7.0,7.0,7.0,7.0,6.0,7.0
2817,Mauritius,Oilcrops,Feed,0.0,0.0,0.0,0.0,0.0,0.0,0.0,0.0,0.0,0.0,0.0,0.0,0.0,0.0,0.0,0.0,0.0,0.0
2818,Mauritius,Treenuts,Domestic supply,0.0,0.0,0.0,0.0,0.0,1.0,1.0,1.0,1.0,1.0,1.0,1.0,1.0,1.0,0.0,0.0,0.0,1.0
2819,Mauritius,Stimulants,Import,2.0,2.0,2.0,2.0,2.0,2.0,2.0,2.0,2.0,3.0,2.0,2.0,3.0,3.0,1.0,1.0,1.0,1.0
2820,Mauritius,"Fish, Seafood",Feed,3.0,4.0,6.0,1.0,5.0,9.0,18.0,16.0,13.0,8.0,4.0,8.0,10.0,7.0,7.0,7.0,7.0,7.0
2821,Mauritius,Spices,Human Consumption,2.0,2.0,3.0,2.0,3.0,3.0,3.0,3.0,3.0,3.0,3.0,3.0,3.0,3.0,3.0,2.0,3.0,3.0
2822,Mauritius,"Fish, Seafood",Other uses (non-food),0.0,0.0,0.0,0.0,0.0,0.0,0.0,0.0,0.0,0.0,0.0,0.0,0.0,0.0,0.0,0.0,0.0,0.0
2823,Mauritius,"Fish, Seafood",Human Consumption,28.0,24.0,25.0,23.0,24.0,24.0,24.0,23.0,26.0,25.0,27.0,27.0,29.0,29.0,29.0,29.0,29.0,29.0
2824,Mauritius,Eggs,Production,13.0,13.0,14.0,14.0,14.0,13.0,12.0,12.0,11.0,10.0,10.0,11.0,11.0,11.0,12.0,12.0,12.0,12.0
2825,Mauritius,Eggs,Import,0.0,0.0,0.0,0.0,0.0,0.0,0.0,0.0,0.0,0.0,0.0,0.0,0.0,0.0,0.0,0.0,0.0,0.0
2826,Mauritius,Eggs,Stock Variation,0.0,0.0,0.0,0.0,0.0,0.0,0.0,0.0,0.0,0.0,0.0,0.0,0.0,0.0,0.0,0.0,0.0,0.0
2827,Mauritius,Eggs,Export,0.0,0.0,0.0,0.0,0.0,0.0,0.0,0.0,0.0,0.0,0.0,0.0,0.0,0.0,0.0,0.0,0.0,0.0
2828,Mauritius,Eggs,Domestic supply,13.0,13.0,14.0,14.0,14.0,13.0,12.0,12.0,11.0,10.0,10.0,10.0,11.0,11.0,12.0,12.0,12.0,12.0
2829,Mauritius,Eggs,Feed,0.0,0.0,0.0,0.0,0.0,0.0,0.0,0.0,0.0,0.0,0.0,0.0,0.0,0.0,2.0,2.0,2.0,1.0
2830,Mauritius,Eggs,Seed,2.0,2.0,2.0,2.0,2.0,2.0,2.0,3.0,3.0,3.0,3.0,4.0,3.0,3.0,2.0,2.0,2.0,2.0
2831,Mauritius,Eggs,Losses,0.0,0.0,0.0,0.0,0.0,0.0,0.0,0.0,0.0,0.0,0.0,0.0,0.0,0.0,1.0,1.0,1.0,1.0
2832,Mauritius,Eggs,Human Consumption,11.0,11.0,12.0,12.0,12.0,11.0,10.0,9.0,8.0,7.0,7.0,7.0,8.0,8.0,8.0,8.0,8.0,8.0
2833,Mauritius,Milk - Excluding Butter,Production,5.0,4.0,4.0,4.0,4.0,4.0,4.0,4.0,3.0,4.0,4.0,5.0,6.0,5.0,5.0,5.0,4.0,4.0
2834,Mauritius,Milk - Excluding Butter,Import,126.0,133.0,145.0,153.0,147.0,145.0,134.0,150.0,145.0,164.0,143.0,155.0,160.0,144.0,23.0,21.0,26.0,23.0
2835,Mauritius,Milk - Excluding Butter,Stock Variation,0.0,-1.0,1.0,0.0,0.0,0.0,0.0,0.0,0.0,0.0,0.0,0.0,0.0,0.0,-2.0,0.0,0.0,0.0
2836,Mauritius,Milk - Excluding Butter,Export,1.0,4.0,5.0,4.0,4.0,3.0,3.0,2.0,3.0,3.0,0.0,5.0,3.0,2.0,1.0,1.0,2.0,0.0
2837,Mauritius,Milk - Excluding Butter,Domestic supply,130.0,132.0,146.0,153.0,146.0,147.0,135.0,151.0,146.0,164.0,147.0,156.0,163.0,147.0,29.0,24.0,28.0,26.0
2838,Mauritius,Milk - Excluding Butter,Feed,0.0,0.0,0.0,0.0,0.0,0.0,0.0,0.0,0.0,0.0,0.0,0.0,0.0,0.0,4.0,0.0,2.0,2.0
2839,Mauritius,"Fish, Seafood",Domestic supply,31.0,28.0,31.0,24.0,29.0,33.0,42.0,39.0,39.0,34.0,30.0,35.0,40.0,37.0,37.0,37.0,37.0,37.0
2840,Mauritius,"Fish, Seafood",Export,30.0,45.0,78.0,60.0,75.0,99.0,123.0,133.0,127.0,134.0,156.0,140.0,155.0,163.0,163.0,163.0,163.0,163.0
2841,Mauritius,"Fish, Seafood",Stock Variation,1.0,0.0,0.0,0.0,0.0,0.0,-17.0,16.0,-11.0,-5.0,17.0,-16.0,16.0,0.0,0.0,0.0,0.0,0.0
2842,Mauritius,"Fish, Seafood",Import,51.0,62.0,99.0,73.0,94.0,121.0,172.0,148.0,171.0,165.0,162.0,184.0,172.0,192.0,192.0,192.0,192.0,192.0
2843,Mauritius,Stimulants,Production,1.0,2.0,1.0,1.0,1.0,1.0,2.0,2.0,2.0,1.0,1.0,2.0,2.0,2.0,2.0,1.0,1.0,1.0
2844,Mauritius,Cereals - Excluding Beer,Production,1.0,0.0,0.0,0.0,0.0,0.0,0.0,1.0,0.0,0.0,0.0,1.0,1.0,1.0,2.0,1.0,1.0,1.0
2845,Mauritius,Cereals - Excluding Beer,Import,303.0,311.0,323.0,301.0,323.0,325.0,295.0,313.0,301.0,351.0,346.0,310.0,292.0,352.0,338.0,381.0,326.0,406.0
2846,Mauritius,Cereals - Excluding Beer,Stock Variation,-4.0,1.0,7.0,33.0,12.0,5.0,16.0,-3.0,8.0,-8.0,6.0,32.0,22.0,-3.0,-26.0,-8.0,-20.0,-6.0
2847,Mauritius,Cereals - Excluding Beer,Export,38.0,42.0,52.0,54.0,44.0,41.0,26.0,19.0,13.0,34.0,40.0,29.0,38.0,37.0,33.0,35.0,30.0,31.0
2848,Mauritius,Cereals - Excluding Beer,Domestic supply,261.0,271.0,278.0,280.0,292.0,289.0,286.0,291.0,297.0,309.0,311.0,313.0,277.0,313.0,332.0,355.0,317.0,382.0
2849,Mauritius,Cereals - Excluding Beer,Feed,62.0,70.0,78.0,77.0,81.0,83.0,79.0,78.0,81.0,85.0,78.0,92.0,71.0,96.0,99.0,108.0,99.0,130.0
2850,Mauritius,Cereals - Excluding Beer,Seed,0.0,0.0,0.0,0.0,0.0,0.0,0.0,0.0,0.0,0.0,0.0,0.0,0.0,0.0,0.0,0.0,0.0,0.0
2851,Mauritius,Milk - Excluding Butter,Losses,0.0,0.0,0.0,0.0,0.0,0.0,0.0,0.0,0.0,0.0,0.0,0.0,0.0,0.0,0.0,0.0,0.0,0.0
2852,Mauritius,Cereals - Excluding Beer,Losses,2.0,2.0,2.0,2.0,2.0,2.0,2.0,2.0,2.0,2.0,3.0,2.0,3.0,3.0,1.0,1.0,1.0,1.0
2853,Mauritius,Cereals - Excluding Beer,Other uses (non-food),4.0,3.0,3.0,3.0,3.0,3.0,3.0,3.0,4.0,4.0,4.0,3.0,2.0,3.0,4.0,4.0,4.0,4.0
2854,Mauritius,Cereals - Excluding Beer,Human Consumption,187.0,188.0,187.0,191.0,199.0,194.0,195.0,202.0,203.0,210.0,221.0,208.0,194.0,205.0,216.0,230.0,226.0,235.0
2855,Mauritius,"Aquatic Products, Other",Production,0.0,0.0,0.0,0.0,0.0,0.0,0.0,1.0,0.0,0.0,0.0,0.0,0.0,0.0,0.0,0.0,0.0,0.0
2856,Mauritius,"Aquatic Products, Other",Import,0.0,0.0,0.0,0.0,0.0,0.0,0.0,0.0,0.0,0.0,0.0,0.0,0.0,1.0,1.0,1.0,1.0,1.0
2857,Mauritius,"Aquatic Products, Other",Export,0.0,0.0,0.0,0.0,0.0,0.0,0.0,0.0,0.0,0.0,0.0,0.0,0.0,0.0,0.0,0.0,0.0,0.0
2858,Mauritius,"Aquatic Products, Other",Domestic supply,0.0,0.0,0.0,0.0,0.0,0.0,0.0,1.0,0.0,0.0,0.0,0.0,0.0,0.0,0.0,0.0,0.0,0.0
2859,Mauritius,"Aquatic Products, Other",Human Consumption,0.0,0.0,0.0,0.0,0.0,0.0,0.0,1.0,0.0,0.0,0.0,0.0,0.0,0.0,0.0,0.0,0.0,0.0
2860,Mauritius,"Fish, Seafood",Production,10.0,11.0,11.0,11.0,10.0,10.0,9.0,8.0,7.0,8.0,8.0,8.0,7.0,8.0,8.0,8.0,8.0,8.0
2861,Mauritius,Cereals - Excluding Beer,Processing,7.0,7.0,7.0,8.0,7.0,7.0,7.0,6.0,7.0,8.0,7.0,7.0,7.0,7.0,6.0,6.0,7.0,7.0
2862,Mauritius,Milk - Excluding Butter,Other uses (non-food),1.0,2.0,0.0,1.0,0.0,0.0,0.0,0.0,0.0,0.0,0.0,0.0,1.0,1.0,0.0,0.0,0.0,0.0
2863,Mauritius,"Aquatic Products, Other",Other uses (non-food),0.0,0.0,0.0,0.0,0.0,0.0,0.0,0.0,0.0,0.0,0.0,0.0,0.0,0.0,0.0,0.0,0.0,0.0
2864,Mauritius,Animal fats,Production,0.0,0.0,0.0,0.0,0.0,0.0,0.0,0.0,0.0,0.0,1.0,1.0,1.0,1.0,1.0,1.0,1.0,1.0
2865,Mauritius,Miscellaneous,Import,1.0,1.0,1.0,1.0,1.0,1.0,1.0,1.0,1.0,1.0,1.0,1.0,1.0,1.0,14.0,14.0,15.0,16.0
2866,Mauritius,Miscellaneous,Stock Variation,0.0,0.0,0.0,0.0,0.0,0.0,0.0,0.0,0.0,0.0,0.0,0.0,0.0,0.0,0.0,0.0,0.0,0.0
2867,Mauritius,Miscellaneous,Export,0.0,0.0,0.0,0.0,0.0,0.0,0.0,0.0,0.0,0.0,0.0,0.0,0.0,0.0,4.0,4.0,4.0,2.0
2868,Mauritius,Miscellaneous,Domestic supply,1.0,1.0,1.0,1.0,1.0,1.0,1.0,1.0,1.0,1.0,1.0,1.0,1.0,1.0,10.0,10.0,11.0,15.0
2869,Mauritius,Miscellaneous,Human Consumption,1.0,1.0,1.0,1.0,1.0,1.0,1.0,1.0,1.0,1.0,1.0,1.0,1.0,1.0,10.0,10.0,11.0,14.0
2870,Mauritius,Alcoholic Beverages,Production,42.0,43.0,41.0,45.0,46.0,44.0,42.0,44.0,47.0,45.0,45.0,46.0,48.0,47.0,57.0,47.0,48.0,52.0
2871,Mauritius,Alcoholic Beverages,Import,4.0,3.0,3.0,3.0,3.0,3.0,3.0,3.0,4.0,3.0,4.0,3.0,3.0,4.0,4.0,4.0,6.0,5.0
2872,Mauritius,Alcoholic Beverages,Stock Variation,-1.0,-1.0,0.0,0.0,0.0,0.0,4.0,8.0,0.0,0.0,0.0,0.0,0.0,0.0,0.0,-3.0,0.0,0.0
2873,Mauritius,Meat,Human Consumption,41.0,46.0,48.0,49.0,53.0,53.0,55.0,58.0,60.0,63.0,64.0,65.0,66.0,67.0,66.0,66.0,66.0,64.0
2874,Mauritius,Alcoholic Beverages,Domestic supply,43.0,44.0,40.0,42.0,43.0,43.0,41.0,40.0,34.0,41.0,43.0,41.0,41.0,42.0,44.0,29.0,28.0,32.0
2875,Mauritius,Alcoholic Beverages,Human Consumption,40.0,40.0,37.0,39.0,39.0,40.0,39.0,39.0,33.0,40.0,42.0,40.0,40.0,41.0,42.0,35.0,41.0,42.0
2876,Mauritius,Spices,Production,1.0,1.0,1.0,1.0,1.0,1.0,1.0,1.0,1.0,1.0,2.0,1.0,1.0,1.0,1.0,1.0,1.0,1.0
2877,Mauritius,Spices,Import,2.0,2.0,2.0,2.0,2.0,2.0,2.0,2.0,2.0,2.0,2.0,2.0,2.0,2.0,2.0,2.0,2.0,2.0
2878,Mauritius,Spices,Stock Variation,0.0,0.0,0.0,0.0,0.0,0.0,0.0,0.0,0.0,0.0,0.0,0.0,0.0,0.0,0.0,0.0,0.0,0.0
2879,Mauritius,Spices,Export,0.0,0.0,0.0,0.0,0.0,0.0,0.0,0.0,0.0,0.0,0.0,0.0,0.0,0.0,0.0,0.0,0.0,0.0
2880,Mauritius,Spices,Domestic supply,2.0,2.0,3.0,3.0,3.0,3.0,3.0,3.0,3.0,3.0,3.0,3.0,3.0,3.0,3.0,2.0,3.0,3.0
2881,Mauritius,Milk - Excluding Butter,Human Consumption,129.0,130.0,145.0,152.0,146.0,147.0,135.0,151.0,145.0,164.0,147.0,155.0,163.0,146.0,25.0,24.0,24.0,24.0
2882,Mauritius,Spices,Losses,0.0,0.0,0.0,0.0,0.0,0.0,0.0,0.0,0.0,0.0,0.0,0.0,0.0,0.0,0.0,0.0,0.0,0.0
2883,Mauritius,Alcoholic Beverages,Other uses (non-food),4.0,3.0,3.0,3.0,3.0,3.0,3.0,1.0,0.0,1.0,1.0,0.0,0.0,1.0,1.0,0.0,0.0,0.0
2884,Mauritius,Meat,Other uses (non-food),0.0,0.0,0.0,0.0,0.0,0.0,1.0,1.0,1.0,1.0,1.0,1.0,1.0,1.0,1.0,1.0,1.0,0.0
2885,Mauritius,Alcoholic Beverages,Export,1.0,2.0,3.0,5.0,6.0,4.0,7.0,15.0,17.0,7.0,6.0,9.0,11.0,9.0,17.0,25.0,26.0,26.0
2886,Mauritius,Meat,Export,1.0,0.0,0.0,0.0,0.0,0.0,0.0,0.0,0.0,0.0,0.0,0.0,0.0,0.0,0.0,0.0,0.0,0.0
2887,Mauritius,Animal fats,Stock Variation,0.0,0.0,0.0,0.0,0.0,0.0,0.0,0.0,0.0,0.0,0.0,0.0,0.0,0.0,0.0,0.0,0.0,0.0
2888,Mauritius,Meat,Domestic supply,41.0,46.0,48.0,49.0,53.0,53.0,56.0,59.0,61.0,64.0,65.0,66.0,68.0,68.0,69.0,69.0,69.0,66.0
2889,Mauritius,Animal fats,Export,0.0,0.0,0.0,0.0,0.0,0.0,0.0,0.0,0.0,1.0,1.0,1.0,1.0,1.0,1.0,1.0,1.0,1.0
2890,Mauritius,Animal fats,Domestic supply,7.0,7.0,6.0,6.0,4.0,4.0,2.0,3.0,3.0,2.0,2.0,2.0,2.0,2.0,0.0,0.0,0.0,0.0
2891,Mauritius,Animal fats,Feed,0.0,0.0,0.0,0.0,0.0,0.0,0.0,0.0,0.0,0.0,0.0,0.0,0.0,0.0,0.0,0.0,0.0,0.0
2892,Mauritius,Animal fats,Losses,0.0,0.0,0.0,0.0,0.0,0.0,0.0,0.0,0.0,0.0,0.0,0.0,0.0,0.0,0.0,0.0,0.0,0.0
2893,Mauritius,Animal fats,Human Consumption,3.0,3.0,3.0,3.0,3.0,2.0,2.0,3.0,3.0,2.0,2.0,2.0,2.0,2.0,0.0,0.0,0.0,0.0
2894,Mauritius,Offals,Production,0.0,0.0,0.0,0.0,0.0,0.0,0.0,0.0,0.0,0.0,0.0,0.0,0.0,0.0,0.0,0.0,0.0,0.0
2895,Mauritius,Offals,Import,2.0,2.0,2.0,2.0,2.0,2.0,1.0,2.0,2.0,2.0,1.0,2.0,2.0,2.0,1.0,2.0,1.0,2.0
2896,Mauritius,Animal fats,Other uses (non-food),4.0,3.0,2.0,4.0,1.0,2.0,0.0,0.0,0.0,0.0,0.0,0.0,0.0,0.0,0.0,0.0,0.0,0.0
2897,Mauritius,Animal fats,Import,7.0,7.0,6.0,6.0,4.0,4.0,2.0,3.0,3.0,2.0,2.0,2.0,2.0,2.0,1.0,0.0,0.0,0.0
2898,Mauritius,Offals,Domestic supply,2.0,2.0,2.0,2.0,2.0,2.0,2.0,2.0,2.0,2.0,2.0,2.0,2.0,2.0,2.0,2.0,2.0,2.0
2899,Mauritius,Offals,Losses,0.0,0.0,0.0,0.0,0.0,0.0,0.0,0.0,0.0,0.0,0.0,0.0,0.0,0.0,0.0,0.0,0.0,0.0
2900,Mauritius,Offals,Other uses (non-food),0.0,0.0,0.0,0.0,0.0,0.0,0.0,0.0,0.0,0.0,0.0,0.0,0.0,0.0,0.0,0.0,0.0,0.0
2901,Mauritius,Offals,Human Consumption,2.0,2.0,2.0,2.0,2.0,2.0,2.0,2.0,2.0,2.0,2.0,2.0,2.0,2.0,2.0,2.0,1.0,2.0
2902,Mauritius,Meat,Production,26.0,31.0,34.0,35.0,38.0,38.0,41.0,44.0,46.0,48.0,51.0,52.0,51.0,51.0,51.0,50.0,49.0,51.0
2903,Mauritius,Meat,Import,16.0,15.0,14.0,15.0,16.0,14.0,15.0,15.0,16.0,16.0,14.0,15.0,16.0,17.0,15.0,16.0,16.0,17.0
2904,Mauritius,Offals,Export,0.0,0.0,0.0,0.0,0.0,0.0,0.0,0.0,0.0,0.0,0.0,0.0,0.0,0.0,0.0,0.0,0.0,0.0
2905,Mauritius,Meat,Stock Variation,0.0,0.0,0.0,0.0,-1.0,1.0,0.0,0.0,0.0,0.0,0.0,0.0,0.0,0.0,-2.0,-3.0,-4.0,1.0
2906,Mexico,Vegetable Oils,Domestic supply,1630.0,1647.0,1760.0,1708.0,1946.0,1987.0,1974.0,1978.0,2066.0,1980.0,2143.0,2354.0,2237.0,2279.0,2113.0,2235.0,2291.0,2296.0
2907,Mexico,Vegetable Oils,Export,55.0,57.0,42.0,69.0,60.0,65.0,64.0,79.0,67.0,53.0,59.0,66.0,79.0,80.0,69.0,63.0,72.0,93.0
2908,Mexico,Vegetable Oils,Stock Variation,-30.0,41.0,16.0,4.0,15.0,23.0,21.0,15.0,1.0,-1.0,7.0,0.0,-19.0,2.0,22.0,60.0,47.0,67.0
2909,Mexico,Vegetables,Seed,0.0,0.0,0.0,0.0,0.0,0.0,0.0,0.0,0.0,0.0,0.0,0.0,0.0,0.0,0.0,0.0,0.0,0.0
2910,Mexico,Vegetables,Processing,0.0,0.0,0.0,0.0,0.0,0.0,0.0,0.0,0.0,0.0,0.0,0.0,0.0,0.0,0.0,0.0,0.0,0.0
2911,Mexico,Vegetable Oils,Production,960.0,951.0,899.0,971.0,1078.0,1110.0,1143.0,1175.0,1203.0,1106.0,1224.0,1292.0,1310.0,1305.0,1326.0,1342.0,1368.0,1457.0
2912,Mexico,Vegetables,Human Consumption,6504.0,7205.0,6940.0,7212.0,7230.0,7020.0,6916.0,7338.0,7132.0,6398.0,6626.0,6163.0,7232.0,6834.0,7190.0,7683.0,8345.0,9424.0
2913,Mexico,Vegetables,Losses,599.0,629.0,610.0,636.0,653.0,642.0,661.0,695.0,723.0,674.0,720.0,699.0,757.0,746.0,803.0,853.0,928.0,1008.0
2914,Mexico,Vegetable Oils,Feed,0.0,0.0,0.0,0.0,0.0,0.0,0.0,0.0,0.0,0.0,0.0,0.0,0.0,0.0,0.0,0.0,0.0,0.0
2915,Mexico,Vegetable Oils,Import,754.0,712.0,886.0,802.0,913.0,919.0,874.0,867.0,929.0,929.0,971.0,1128.0,1024.0,1053.0,878.0,1016.0,1041.0,999.0
2916,Mexico,Vegetables,Other uses (non-food),0.0,0.0,0.0,0.0,0.0,0.0,0.0,0.0,0.0,0.0,0.0,0.0,0.0,0.0,0.0,0.0,0.0,0.0
2917,Mexico,Sugar & Sweeteners,Export,536.0,375.0,687.0,350.0,399.0,434.0,1315.0,659.0,1556.0,1455.0,1237.0,1930.0,1522.0,3191.0,2691.0,2392.0,2213.0,2097.0
2918,Mexico,Vegetable Oils,Losses,0.0,0.0,0.0,0.0,0.0,0.0,0.0,0.0,0.0,0.0,0.0,0.0,0.0,0.0,0.0,0.0,0.0,0.0
2919,Mexico,Vegetable Oils,Processing,0.0,0.0,0.0,0.0,0.0,0.0,9.0,12.0,13.0,27.0,31.0,32.0,28.0,28.0,230.0,246.0,239.0,241.0
2920,Mexico,Vegetable Oils,Other uses (non-food),694.0,683.0,693.0,664.0,866.0,807.0,840.0,776.0,849.0,809.0,872.0,922.0,886.0,870.0,706.0,711.0,736.0,782.0
2921,Mexico,Vegetable Oils,Human Consumption,936.0,964.0,1067.0,1043.0,1080.0,1180.0,1125.0,1190.0,1204.0,1145.0,1240.0,1400.0,1322.0,1381.0,1177.0,1279.0,1315.0,1274.0
2922,Mexico,Sugar & Sweeteners,Production,5310.0,5939.0,5399.0,5765.0,5995.0,5936.0,5734.0,5742.0,6271.0,5285.0,5143.0,5403.0,5369.0,7290.0,6608.0,6583.0,6788.0,6876.0
2923,Mexico,Sugar & Sweeteners,Import,438.0,483.0,227.0,358.0,538.0,390.0,1129.0,1077.0,1047.0,1456.0,2369.0,2266.0,2357.0,1843.0,1718.0,1840.0,1830.0,1975.0
2924,Mexico,Sugar & Sweeteners,Stock Variation,349.0,-179.0,924.0,153.0,-211.0,-240.0,345.0,-164.0,288.0,887.0,86.0,522.0,429.0,448.0,29.0,188.0,63.0,151.0
2925,Mexico,Sugar & Sweeteners,Domestic supply,5562.0,5867.0,5863.0,5926.0,5923.0,5651.0,5894.0,5995.0,6049.0,6174.0,6361.0,6261.0,6633.0,6390.0,5606.0,5843.0,6342.0,6603.0
2926,Mexico,Sugar & Sweeteners,Feed,0.0,0.0,0.0,0.0,0.0,0.0,0.0,0.0,0.0,0.0,0.0,0.0,0.0,0.0,0.0,0.0,0.0,0.0
2927,Mexico,Vegetables,Feed,0.0,0.0,0.0,1.0,0.0,0.0,0.0,0.0,0.0,0.0,0.0,0.0,0.0,0.0,0.0,0.0,0.0,0.0
2928,Mexico,Sugar & Sweeteners,Seed,0.0,0.0,0.0,0.0,0.0,0.0,0.0,0.0,0.0,0.0,0.0,0.0,0.0,0.0,0.0,0.0,0.0,0.0
2929,Mexico,Sugar & Sweeteners,Losses,0.0,0.0,0.0,0.0,0.0,0.0,0.0,0.0,0.0,0.0,0.0,0.0,0.0,0.0,3.0,3.0,3.0,3.0
2930,Mexico,Vegetable Oils,Seed,0.0,0.0,0.0,0.0,0.0,0.0,0.0,0.0,0.0,0.0,0.0,0.0,0.0,0.0,0.0,0.0,0.0,0.0
2931,Mexico,Vegetables,Domestic supply,7103.0,7834.0,7550.0,7848.0,7882.0,7661.0,7577.0,8032.0,7854.0,7069.0,7343.0,6859.0,7986.0,7577.0,7973.0,8524.0,9264.0,10418.0
2932,Mexico,Stimulants,Seed,0.0,0.0,0.0,0.0,0.0,0.0,0.0,0.0,0.0,0.0,0.0,0.0,0.0,0.0,0.0,0.0,0.0,0.0
2933,Mexico,Vegetables,Stock Variation,0.0,2.0,1.0,0.0,2.0,0.0,0.0,0.0,0.0,-2.0,2.0,-1.0,-49.0,50.0,0.0,0.0,0.0,0.0
2934,Mexico,Stimulants,Production,366.0,350.0,359.0,361.0,356.0,331.0,318.0,309.0,310.0,324.0,306.0,320.0,328.0,314.0,242.0,217.0,179.0,181.0
2935,Mexico,Sugar & Sweeteners,Processing,0.0,0.0,0.0,0.0,0.0,0.0,0.0,0.0,0.0,0.0,0.0,0.0,0.0,0.0,71.0,70.0,25.0,55.0
2936,Mexico,Stimulants,Import,83.0,90.0,88.0,98.0,102.0,89.0,87.0,96.0,96.0,80.0,103.0,112.0,97.0,103.0,86.0,94.0,150.0,118.0
2937,Mexico,Stimulants,Stock Variation,3.0,-3.0,-1.0,-4.0,-5.0,-6.0,-4.0,2.0,-17.0,15.0,17.0,-1.0,-1.0,-10.0,-3.0,-1.0,1.0,-3.0
2938,Mexico,Stimulants,Export,337.0,219.0,204.0,203.0,208.0,153.0,250.0,286.0,235.0,282.0,275.0,296.0,338.0,276.0,176.0,161.0,145.0,182.0
2939,Mexico,Stimulants,Domestic supply,115.0,217.0,242.0,251.0,245.0,261.0,150.0,120.0,154.0,138.0,152.0,135.0,86.0,130.0,155.0,151.0,184.0,120.0
2940,Mexico,Stimulants,Feed,0.0,0.0,0.0,0.0,0.0,0.0,0.0,0.0,0.0,0.0,0.0,0.0,0.0,0.0,0.0,0.0,0.0,0.0
2941,Mexico,Stimulants,Losses,12.0,12.0,12.0,12.0,12.0,11.0,10.0,10.0,11.0,11.0,11.0,13.0,11.0,11.0,13.0,12.0,10.0,10.0
2942,Mexico,Stimulants,Processing,0.0,0.0,0.0,0.0,0.0,0.0,0.0,0.0,0.0,0.0,0.0,0.0,0.0,0.0,53.0,50.0,80.0,83.0
2943,Mexico,Stimulants,Other uses (non-food),0.0,0.0,0.0,0.0,0.0,0.0,0.0,0.0,0.0,0.0,0.0,0.0,0.0,0.0,0.0,0.0,0.0,0.0
2944,Mexico,Stimulants,Human Consumption,125.0,218.0,241.0,257.0,267.0,253.0,155.0,129.0,144.0,129.0,142.0,122.0,75.0,120.0,102.0,99.0,94.0,46.0
2945,Mexico,Vegetables,Export,3483.0,3470.0,3432.0,3715.0,3899.0,3982.0,4487.0,4561.0,5052.0,5053.0,5674.0,5749.0,5858.0,6169.0,6417.0,6723.0,7311.0,7530.0
2946,Mexico,Fruits - Excluding Wine,Production,13314.0,14302.0,14297.0,14473.0,15310.0,15255.0,15804.0,15844.0,16131.0,15950.0,15430.0,16231.0,15959.0,17557.0,17854.0,18619.0,19629.0,19920.0
2947,Mexico,Fruits - Excluding Wine,Stock Variation,1.0,1.0,0.0,0.0,0.0,1.0,0.0,0.0,0.0,3.0,4.0,0.0,-19.0,19.0,0.0,0.0,0.0,0.0
2948,Mexico,Fruits - Excluding Wine,Export,1435.0,1357.0,1452.0,1551.0,1825.0,2334.0,2303.0,2620.0,2490.0,2701.0,3167.0,3397.0,3331.0,3649.0,3882.0,4218.0,4591.0,4969.0
2949,Mexico,Fruits - Excluding Wine,Domestic supply,12615.0,13700.0,13621.0,13710.0,14160.0,13669.0,14321.0,14153.0,14522.0,14206.0,13121.0,13729.0,13529.0,14952.0,14812.0,15324.0,15851.0,15902.0
2950,Mexico,Fruits - Excluding Wine,Feed,0.0,0.0,0.0,0.0,0.0,0.0,0.0,0.0,0.0,0.0,0.0,0.0,0.0,0.0,0.0,0.0,0.0,0.0
2951,Mexico,Fruits - Excluding Wine,Seed,0.0,0.0,0.0,0.0,0.0,0.0,0.0,0.0,0.0,0.0,0.0,0.0,0.0,0.0,0.0,0.0,0.0,0.0
2952,Mexico,Fruits - Excluding Wine,Losses,1375.0,1469.0,1474.0,1486.0,1584.0,1577.0,1641.0,1625.0,1657.0,1642.0,1584.0,1663.0,1628.0,1788.0,1953.0,2042.0,2136.0,2155.0
2953,Mexico,Fruits - Excluding Wine,Processing,149.0,202.0,145.0,157.0,104.0,59.0,81.0,90.0,80.0,64.0,49.0,55.0,56.0,26.0,126.0,129.0,190.0,174.0
2954,Mexico,Fruits - Excluding Wine,Other uses (non-food),0.0,0.0,0.0,0.0,0.0,0.0,0.0,0.0,0.0,0.0,0.0,0.0,0.0,0.0,0.0,0.0,0.0,0.0
2955,Mexico,Fruits - Excluding Wine,Human Consumption,11091.0,12030.0,12002.0,12068.0,12472.0,12033.0,12599.0,12438.0,12785.0,12500.0,11488.0,12016.0,11851.0,13143.0,13222.0,13592.0,14036.0,14269.0
2956,Mexico,Vegetables,Production,10262.0,10949.0,10556.0,11149.0,11340.0,11185.0,11452.0,12124.0,12425.0,11727.0,12602.0,12161.0,13475.0,13238.0,13942.0,14813.0,16114.0,17457.0
2957,Mexico,Vegetables,Import,325.0,353.0,425.0,414.0,439.0,457.0,612.0,469.0,481.0,398.0,413.0,448.0,418.0,458.0,448.0,435.0,461.0,492.0
2958,Mexico,Fruits - Excluding Wine,Import,735.0,755.0,776.0,788.0,675.0,747.0,819.0,929.0,880.0,954.0,854.0,895.0,919.0,1025.0,841.0,923.0,813.0,951.0
2959,Mexico,Sugar & Sweeteners,Other uses (non-food),553.0,614.0,512.0,478.0,484.0,514.0,468.0,495.0,428.0,381.0,504.0,410.0,502.0,462.0,411.0,416.0,475.0,550.0
2960,Mexico,Starchy Roots,Other uses (non-food),142.0,145.0,163.0,166.0,167.0,163.0,159.0,143.0,127.0,160.0,192.0,165.0,191.0,184.0,9.0,9.0,12.0,7.0
2961,Mexico,Pulses,Production,1265.0,1532.0,1919.0,1699.0,1394.0,1098.0,1691.0,1292.0,1413.0,1325.0,1429.0,779.0,1500.0,1658.0,1607.0,1273.0,1372.0,1516.0
2962,Mexico,Oilcrops,Processing,4434.0,4429.0,4184.0,4353.0,4576.0,4942.0,5033.0,5046.0,5136.0,4623.0,5087.0,5163.0,5227.0,5361.0,5937.0,6091.0,6123.0,6546.0
2963,Mexico,Oilcrops,Other uses (non-food),1135.0,1713.0,1639.0,1353.0,1367.0,924.0,853.0,554.0,608.0,483.0,746.0,633.0,714.0,460.0,784.0,605.0,819.0,882.0
2964,Mexico,Oilcrops,Human Consumption,293.0,283.0,250.0,255.0,309.0,276.0,259.0,323.0,285.0,288.0,283.0,238.0,262.0,249.0,323.0,345.0,340.0,362.0
2965,Mexico,Starchy Roots,Production,1820.0,1833.0,1672.0,1904.0,1756.0,1902.0,1796.0,1982.0,1923.0,1727.0,1800.0,1694.0,2088.0,1891.0,1935.0,2022.0,2153.0,2063.0
2966,Mexico,Starchy Roots,Import,314.0,311.0,348.0,453.0,505.0,452.0,545.0,511.0,464.0,509.0,584.0,562.0,604.0,611.0,387.0,429.0,434.0,433.0
2967,Mexico,Starchy Roots,Stock Variation,0.0,0.0,0.0,-1.0,0.0,2.0,2.0,0.0,0.0,0.0,0.0,0.0,0.0,0.0,61.0,100.0,139.0,53.0
2968,Mexico,Starchy Roots,Export,26.0,26.0,31.0,30.0,39.0,38.0,54.0,43.0,51.0,59.0,65.0,67.0,59.0,66.0,62.0,63.0,59.0,66.0
2969,Mexico,Starchy Roots,Feed,0.0,0.0,0.0,0.0,0.0,0.0,0.0,0.0,0.0,0.0,0.0,0.0,0.0,0.0,0.0,0.0,0.0,0.0
2970,Mexico,Starchy Roots,Seed,58.0,54.0,57.0,57.0,56.0,52.0,55.0,52.0,46.0,47.0,58.0,57.0,52.0,52.0,51.0,54.0,54.0,52.0
2971,Mexico,Starchy Roots,Losses,178.0,178.0,162.0,183.0,170.0,186.0,175.0,196.0,188.0,172.0,179.0,167.0,205.0,187.0,145.0,151.0,161.0,154.0
2972,Mexico,Starchy Roots,Processing,0.0,0.0,0.0,0.0,0.0,0.0,0.0,0.0,0.0,0.0,0.0,0.0,0.0,0.0,0.0,0.0,0.0,0.0
2973,Mexico,Oilcrops,Losses,148.0,164.0,152.0,152.0,140.0,137.0,142.0,139.0,134.0,129.0,146.0,136.0,144.0,143.0,264.0,263.0,272.0,249.0
2974,Mexico,Starchy Roots,Human Consumption,1730.0,1741.0,1608.0,1920.0,1830.0,1917.0,1901.0,2060.0,1995.0,1826.0,1919.0,1799.0,2185.0,2014.0,1994.0,2074.0,2162.0,2164.0
2975,Mexico,Sugar Crops,Import,0.0,0.0,0.0,0.0,0.0,0.0,0.0,0.0,0.0,0.0,0.0,0.0,0.0,0.0,0.0,0.0,0.0,0.0
2976,Mexico,Sugar Crops,Stock Variation,0.0,0.0,0.0,0.0,0.0,0.0,0.0,0.0,0.0,0.0,0.0,0.0,0.0,0.0,0.0,0.0,0.0,0.0
2977,Mexico,Sugar Crops,Export,0.0,0.0,0.0,0.0,0.0,0.0,0.0,0.0,1.0,1.0,0.0,0.0,1.0,1.0,1.0,1.0,1.0,1.0
2978,Mexico,Sugar Crops,Domestic supply,44100.0,47250.0,45635.0,47484.0,48662.0,51646.0,50676.0,52089.0,51090.0,49492.0,50422.0,49736.0,50947.0,61182.0,56673.0,55396.0,56447.0,56955.0
2979,Mexico,Sugar Crops,Feed,0.0,0.0,0.0,0.0,0.0,0.0,0.0,0.0,0.0,0.0,0.0,1.0,1.0,1.0,3736.0,2813.0,2715.0,3002.0
2980,Mexico,Sugar Crops,Seed,0.0,0.0,0.0,0.0,0.0,0.0,0.0,0.0,0.0,0.0,0.0,0.0,0.0,0.0,0.0,0.0,0.0,0.0
2981,Mexico,Sugar Crops,Losses,882.0,945.0,913.0,950.0,973.0,1033.0,1014.0,1042.0,1022.0,990.0,1008.0,995.0,1019.0,1224.0,1134.0,1108.0,1129.0,1139.0
2982,Mexico,Sugar Crops,Processing,42873.0,46001.0,44658.0,46280.0,46667.0,50270.0,48957.0,50308.0,50000.0,48000.0,48700.0,48030.0,49200.0,59086.0,51055.0,50743.0,51857.0,52059.0
2983,Mexico,Sugar Crops,Other uses (non-food),294.0,253.0,13.0,204.0,971.0,292.0,655.0,687.0,16.0,450.0,660.0,658.0,673.0,815.0,749.0,732.0,746.0,755.0
2984,Mexico,Sugar Crops,Human Consumption,50.0,51.0,51.0,50.0,51.0,50.0,51.0,52.0,52.0,52.0,53.0,53.0,54.0,56.0,0.0,0.0,0.0,0.0
2985,Mexico,Spices,Human Consumption,93.0,110.0,126.0,122.0,132.0,153.0,131.0,141.0,150.0,131.0,128.0,138.0,138.0,136.0,121.0,144.0,155.0,208.0
2986,Mexico,Sugar Crops,Production,44100.0,47250.0,45635.0,47484.0,48662.0,51646.0,50676.0,52089.0,51091.0,49493.0,50422.0,49736.0,50947.0,61183.0,56674.0,55397.0,56448.0,56956.0
2987,Mexico,Oilcrops,Seed,15.0,9.0,13.0,19.0,16.0,13.0,14.0,13.0,12.0,17.0,20.0,21.0,18.0,19.0,12.0,11.0,12.0,16.0
2988,Mexico,Oilcrops,Feed,933.0,887.0,868.0,961.0,910.0,1205.0,1520.0,1662.0,1592.0,1554.0,1639.0,1428.0,1132.0,970.0,1105.0,1092.0,1174.0,1232.0
2989,Mexico,Oilcrops,Domestic supply,6960.0,7486.0,7108.0,7093.0,7318.0,7496.0,7821.0,7738.0,7767.0,7094.0,7922.0,7620.0,7496.0,7202.0,8425.0,8407.0,8739.0,9288.0
2990,Mexico,Pulses,Import,133.0,177.0,151.0,129.0,109.0,127.0,185.0,147.0,143.0,227.0,180.0,172.0,294.0,198.0,174.0,140.0,222.0,260.0
2991,Mexico,Pulses,Stock Variation,231.0,-69.0,-409.0,-129.0,111.0,326.0,-214.0,181.0,41.0,91.0,90.0,361.0,0.0,0.0,-110.0,-200.0,65.0,40.0
2992,Mexico,Pulses,Export,167.0,212.0,156.0,159.0,102.0,103.0,156.0,113.0,133.0,166.0,143.0,91.0,230.0,148.0,249.0,170.0,146.0,243.0
2993,Mexico,Pulses,Domestic supply,1462.0,1428.0,1505.0,1541.0,1512.0,1448.0,1506.0,1506.0,1464.0,1477.0,1557.0,1220.0,1564.0,1708.0,1642.0,1443.0,1384.0,1493.0
2994,Mexico,Pulses,Feed,21.0,22.0,22.0,19.0,21.0,19.0,14.0,14.0,15.0,1.0,3.0,4.0,19.0,44.0,46.0,14.0,3.0,12.0
2995,Mexico,Pulses,Seed,67.0,73.0,66.0,58.0,57.0,59.0,55.0,53.0,54.0,61.0,49.0,57.0,60.0,61.0,102.0,87.0,88.0,91.0
2996,Mexico,Pulses,Losses,76.0,80.0,99.0,89.0,76.0,72.0,90.0,76.0,76.0,76.0,79.0,60.0,84.0,87.0,80.0,64.0,62.0,76.0
2997,Mexico,Pulses,Processing,0.0,0.0,0.0,0.0,0.0,0.0,0.0,0.0,0.0,0.0,0.0,0.0,0.0,0.0,0.0,0.0,0.0,0.0
2998,Mexico,Pulses,Other uses (non-food),0.0,0.0,0.0,0.0,0.0,0.0,0.0,0.0,0.0,0.0,0.0,0.0,0.0,0.0,0.0,0.0,0.0,0.0
2999,Mexico,Pulses,Human Consumption,1298.0,1253.0,1318.0,1375.0,1358.0,1297.0,1347.0,1364.0,1319.0,1339.0,1425.0,1100.0,1401.0,1516.0,1414.0,1278.0,1230.0,1314.0
3000,Mexico,Treenuts,Production,121.0,135.0,142.0,168.0,172.0,172.0,167.0,178.0,168.0,217.0,141.0,161.0,175.0,171.0,249.0,249.0,271.0,280.0
3001,Mexico,Treenuts,Import,74.0,99.0,99.0,115.0,120.0,102.0,127.0,122.0,114.0,80.0,75.0,70.0,77.0,79.0,54.0,62.0,60.0,57.0
3002,Mexico,Treenuts,Stock Variation,0.0,0.0,0.0,0.0,0.0,0.0,0.0,0.0,0.0,-37.0,38.0,0.0,-1.0,1.0,-7.0,-7.0,-8.0,-8.0
3003,Mexico,Treenuts,Export,33.0,33.0,52.0,56.0,63.0,50.0,76.0,69.0,49.0,80.0,115.0,70.0,82.0,98.0,92.0,100.0,129.0,122.0
3004,Mexico,Treenuts,Domestic supply,163.0,201.0,190.0,228.0,229.0,224.0,217.0,231.0,233.0,180.0,137.0,161.0,170.0,153.0,217.0,218.0,209.0,223.0
3005,Mexico,Treenuts,Feed,0.0,0.0,0.0,0.0,0.0,0.0,0.0,0.0,0.0,0.0,0.0,0.0,0.0,0.0,0.0,0.0,0.0,0.0
3006,Mexico,Treenuts,Seed,0.0,0.0,0.0,0.0,0.0,0.0,0.0,0.0,0.0,0.0,0.0,0.0,0.0,0.0,0.0,0.0,0.0,0.0
3007,Mexico,Treenuts,Losses,0.0,0.0,0.0,0.0,0.0,0.0,0.0,0.0,0.0,0.0,0.0,0.0,0.0,0.0,13.0,13.0,14.0,15.0
3008,Mexico,Treenuts,Processing,0.0,0.0,0.0,0.0,0.0,0.0,0.0,0.0,0.0,0.0,0.0,0.0,0.0,0.0,0.0,0.0,0.0,0.0
3009,Mexico,Treenuts,Other uses (non-food),0.0,0.0,0.0,0.0,0.0,0.0,0.0,0.0,0.0,0.0,0.0,0.0,0.0,0.0,0.0,0.0,0.0,0.0
3010,Mexico,Treenuts,Human Consumption,163.0,201.0,190.0,228.0,229.0,224.0,217.0,231.0,233.0,180.0,137.0,161.0,170.0,153.0,204.0,204.0,195.0,208.0
3011,Mexico,Oilcrops,Production,1613.0,1642.0,1436.0,1586.0,1958.0,1774.0,1646.0,1710.0,1829.0,1663.0,1811.0,2017.0,2121.0,1845.0,3044.0,2814.0,3007.0,3258.0
3012,Mexico,Oilcrops,Import,5436.0,5900.0,5728.0,5525.0,5467.0,5646.0,6206.0,6064.0,5978.0,5491.0,6262.0,5701.0,5431.0,5310.0,5684.0,5689.0,5958.0,6420.0
3013,Mexico,Oilcrops,Stock Variation,-26.0,-5.0,-25.0,21.0,-70.0,116.0,16.0,14.0,16.0,2.0,-87.0,-33.0,11.0,108.0,228.0,5.0,129.0,300.0
3014,Mexico,Oilcrops,Export,64.0,51.0,31.0,39.0,37.0,39.0,47.0,50.0,56.0,62.0,63.0,64.0,67.0,60.0,76.0,91.0,97.0,90.0
3015,Mexico,Sugar & Sweeteners,Human Consumption,5009.0,5254.0,5351.0,5448.0,5439.0,5137.0,5425.0,5500.0,5621.0,5792.0,5857.0,5852.0,6131.0,5928.0,5926.0,6106.0,5838.0,5995.0
3016,Mexico,Spices,Other uses (non-food),0.0,0.0,0.0,0.0,0.0,0.0,0.0,0.0,0.0,0.0,0.0,0.0,0.0,0.0,0.0,0.0,0.0,0.0
3017,Mexico,Starchy Roots,Domestic supply,2108.0,2118.0,1989.0,2326.0,2223.0,2318.0,2289.0,2451.0,2337.0,2176.0,2319.0,2188.0,2632.0,2437.0,2199.0,2289.0,2390.0,2377.0
3018,Mexico,Spices,Losses,0.0,0.0,0.0,0.0,0.0,0.0,0.0,0.0,0.0,0.0,0.0,0.0,0.0,0.0,6.0,7.0,8.0,11.0
3019,Mexico,Eggs,Export,0.0,1.0,1.0,0.0,1.0,1.0,0.0,0.0,0.0,1.0,3.0,8.0,9.0,1.0,0.0,3.0,1.0,2.0
3020,Mexico,Eggs,Domestic supply,1800.0,1903.0,1913.0,1901.0,2008.0,2037.0,2315.0,2310.0,2351.0,2376.0,2394.0,2470.0,2350.0,2616.0,2646.0,2718.0,2792.0,2837.0
3021,Mexico,Eggs,Feed,0.0,0.0,0.0,0.0,0.0,0.0,0.0,0.0,0.0,0.0,0.0,0.0,0.0,0.0,7.0,9.0,14.0,14.0
3022,Mexico,Eggs,Seed,79.0,83.0,92.0,94.0,100.0,106.0,102.0,105.0,108.0,110.0,110.0,114.0,114.0,114.0,118.0,121.0,128.0,131.0
3023,Mexico,Eggs,Losses,180.0,190.0,191.0,190.0,201.0,203.0,230.0,230.0,234.0,237.0,239.0,247.0,234.0,259.0,262.0,271.0,278.0,283.0
3024,Mexico,Eggs,Processing,0.0,0.0,0.0,0.0,0.0,0.0,0.0,0.0,0.0,0.0,0.0,0.0,0.0,0.0,0.0,0.0,0.0,0.0
3025,Mexico,Eggs,Other uses (non-food),0.0,0.0,0.0,0.0,0.0,0.0,0.0,0.0,0.0,0.0,0.0,0.0,0.0,0.0,0.0,0.0,0.0,0.0
3026,Mexico,Eggs,Human Consumption,1541.0,1629.0,1630.0,1617.0,1708.0,1728.0,1983.0,1975.0,2009.0,2029.0,2045.0,2110.0,2002.0,2243.0,2258.0,2317.0,2370.0,2409.0
3027,Mexico,Milk - Excluding Butter,Production,9443.0,9612.0,9805.0,9936.0,10025.0,10033.0,10253.0,10513.0,10755.0,10714.0,10838.0,10886.0,11037.0,11118.0,11341.0,11610.0,11826.0,11988.0
3028,Mexico,Milk - Excluding Butter,Import,2677.0,3114.0,2999.0,3026.0,3073.0,3351.0,2675.0,2932.0,2775.0,2963.0,2871.0,3481.0,3896.0,3851.0,3691.0,4366.0,4847.0,5181.0
3029,Mexico,Milk - Excluding Butter,Stock Variation,0.0,0.0,-6.0,-1.0,-1.0,1.0,4.0,5.0,6.0,7.0,8.0,8.0,8.0,8.0,0.0,0.0,0.0,0.0
3030,Mexico,Eggs,Stock Variation,0.0,0.0,0.0,0.0,0.0,0.0,0.0,0.0,0.0,0.0,0.0,0.0,0.0,0.0,0.0,0.0,0.0,0.0
3031,Mexico,Milk - Excluding Butter,Export,120.0,137.0,126.0,135.0,125.0,164.0,147.0,151.0,158.0,165.0,276.0,216.0,197.0,216.0,175.0,185.0,268.0,1000.0
3032,Mexico,Milk - Excluding Butter,Feed,5.0,4.0,2.0,6.0,10.0,9.0,10.0,10.0,11.0,10.0,12.0,11.0,10.0,10.0,96.0,93.0,94.0,95.0
3033,Mexico,Milk - Excluding Butter,Seed,0.0,0.0,0.0,0.0,0.0,0.0,0.0,0.0,0.0,0.0,0.0,0.0,0.0,0.0,0.0,0.0,0.0,0.0
3034,Mexico,Milk - Excluding Butter,Losses,474.0,482.0,493.0,500.0,505.0,505.0,514.0,529.0,540.0,537.0,543.0,546.0,553.0,558.0,568.0,581.0,592.0,600.0
3035,Mexico,Milk - Excluding Butter,Processing,0.0,0.0,0.0,0.0,0.0,0.0,0.0,0.0,0.0,0.0,0.0,0.0,0.0,0.0,0.0,0.0,0.0,0.0
3036,Mexico,Milk - Excluding Butter,Other uses (non-food),515.0,514.0,543.0,503.0,474.0,493.0,337.0,380.0,292.0,317.0,310.0,330.0,400.0,508.0,597.0,592.0,654.0,638.0
3037,Mexico,Milk - Excluding Butter,Human Consumption,11006.0,11588.0,11634.0,11818.0,11984.0,12213.0,11923.0,12381.0,12536.0,12655.0,12576.0,13272.0,13779.0,13685.0,13607.0,14537.0,15079.0,14849.0
3038,Mexico,Animal fats,Production,260.0,268.0,268.0,270.0,280.0,282.0,293.0,294.0,317.0,325.0,315.0,336.0,339.0,340.0,184.0,185.0,189.0,200.0
3039,Mexico,Animal fats,Import,570.0,510.0,555.0,586.0,672.0,591.0,605.0,709.0,671.0,714.0,682.0,597.0,596.0,577.0,341.0,361.0,350.0,345.0
3040,Mexico,Animal fats,Stock Variation,0.0,0.0,0.0,0.0,0.0,0.0,0.0,0.0,-6.0,6.0,0.0,-2.0,2.0,0.0,-4.0,-3.0,-3.0,17.0
3041,Mexico,Animal fats,Export,4.0,6.0,12.0,3.0,5.0,5.0,16.0,10.0,35.0,44.0,31.0,51.0,53.0,53.0,16.0,16.0,29.0,41.0
3042,Mexico,Animal fats,Domestic supply,826.0,773.0,812.0,852.0,946.0,868.0,883.0,992.0,948.0,1002.0,966.0,882.0,885.0,864.0,505.0,528.0,508.0,508.0
3043,Mexico,Milk - Excluding Butter,Domestic supply,12000.0,12589.0,12672.0,12826.0,12973.0,13220.0,12784.0,13300.0,13378.0,13519.0,13441.0,14159.0,14743.0,14760.0,14857.0,15792.0,16406.0,16169.0
3044,Mexico,Animal fats,Feed,0.0,0.0,0.0,0.0,0.0,0.0,0.0,0.0,0.0,0.0,0.0,0.0,0.0,0.0,0.0,0.0,0.0,0.0
3045,Mexico,Eggs,Import,13.0,12.0,13.0,28.0,8.0,13.0,25.0,19.0,14.0,17.0,15.0,20.0,41.0,101.0,79.0,68.0,72.0,68.0
3046,Mexico,"Fish, Seafood",Human Consumption,999.0,1023.0,1095.0,1076.0,1114.0,1228.0,1311.0,1397.0,1439.0,1363.0,1430.0,1280.0,1280.0,1280.0,1731.0,1814.0,1927.0,1795.0
3047,Mexico,Cereals - Excluding Beer,Production,27878.0,30985.0,28698.0,31245.0,32222.0,28966.0,32046.0,34216.0,36036.0,31199.0,34854.0,28352.0,33555.0,33150.0,36527.0,34705.0,38466.0,37487.0
3048,Mexico,Cereals - Excluding Beer,Import,14893.0,16193.0,17954.0,18305.0,17342.0,18386.0,20576.0,19395.0,15986.0,14357.0,15433.0,17876.0,17866.0,14473.0,17129.0,18876.0,21924.0,23545.0
3049,Mexico,Cereals - Excluding Beer,Stock Variation,-974.0,-1974.0,-3.0,-85.0,999.0,1001.0,0.0,-1902.0,-1174.0,1666.0,815.0,1505.0,500.0,2500.0,2385.0,118.0,3514.0,3600.0
3050,Mexico,Cereals - Excluding Beer,Export,828.0,839.0,947.0,967.0,803.0,1095.0,1237.0,1494.0,2218.0,2171.0,1857.0,1893.0,2337.0,2285.0,2570.0,2663.0,4414.0,3731.0
3051,Mexico,Cereals - Excluding Beer,Domestic supply,40969.0,44365.0,45702.0,48498.0,49761.0,47259.0,51385.0,50215.0,48630.0,45052.0,49245.0,45839.0,49584.0,47838.0,48700.0,50800.0,52461.0,53702.0
3052,Mexico,Cereals - Excluding Beer,Feed,16759.0,19221.0,18865.0,20514.0,20091.0,17430.0,19227.0,18882.0,21467.0,18245.0,21347.0,18727.0,21317.0,20516.0,20093.0,21639.0,22297.0,23176.0
3053,Mexico,Cereals - Excluding Beer,Seed,549.0,535.0,528.0,531.0,520.0,510.0,552.0,553.0,553.0,516.0,513.0,480.0,496.0,492.0,573.0,628.0,334.0,370.0
3054,Mexico,Cereals - Excluding Beer,Losses,3076.0,3312.0,2161.0,2221.0,4534.0,3658.0,4830.0,4452.0,4412.0,4394.0,4541.0,3417.0,3782.0,3286.0,3993.0,4260.0,4977.0,4923.0
3055,Mexico,Cereals - Excluding Beer,Processing,1900.0,1942.0,1963.0,2030.0,2069.0,2139.0,2250.0,2297.0,2340.0,2333.0,2286.0,2237.0,2433.0,2332.0,1527.0,1688.0,1933.0,2144.0
3056,Mexico,Cereals - Excluding Beer,Other uses (non-food),1172.0,1524.0,4282.0,5153.0,4559.0,5596.0,6099.0,5399.0,1347.0,1191.0,1796.0,1971.0,2427.0,1706.0,1790.0,2053.0,2103.0,2331.0
3057,Mexico,Cereals - Excluding Beer,Human Consumption,17514.0,17830.0,17903.0,18050.0,17988.0,17925.0,18427.0,18631.0,18511.0,18373.0,18762.0,19007.0,19129.0,19506.0,20781.0,20738.0,21229.0,21243.0
3058,Mexico,Eggs,Production,1788.0,1892.0,1901.0,1873.0,2002.0,2025.0,2290.0,2291.0,2337.0,2360.0,2381.0,2459.0,2318.0,2516.0,2567.0,2653.0,2721.0,2772.0
3059,Mexico,"Aquatic Products, Other",Production,38.0,50.0,33.0,31.0,30.0,8.0,7.0,8.0,8.0,9.0,6.0,24.0,24.0,24.0,78.0,59.0,41.0,62.0
3060,Mexico,"Aquatic Products, Other",Export,15.0,28.0,22.0,19.0,17.0,0.0,0.0,0.0,0.0,0.0,0.0,1.0,1.0,1.0,15.0,14.0,5.0,16.0
3061,Mexico,"Aquatic Products, Other",Domestic supply,24.0,24.0,11.0,15.0,14.0,10.0,9.0,9.0,9.0,9.0,6.0,24.0,24.0,24.0,63.0,46.0,37.0,48.0
3062,Mexico,"Aquatic Products, Other",Other uses (non-food),20.0,21.0,9.0,12.0,12.0,7.0,6.0,6.0,6.0,5.0,1.0,5.0,5.0,5.0,8.0,11.0,13.0,10.0
3063,Mexico,"Aquatic Products, Other",Human Consumption,4.0,3.0,3.0,2.0,3.0,3.0,3.0,3.0,3.0,4.0,5.0,19.0,19.0,19.0,55.0,34.0,24.0,38.0
3064,Mexico,"Fish, Seafood",Production,1366.0,1471.0,1522.0,1439.0,1363.0,1450.0,1512.0,1612.0,1737.0,1766.0,1651.0,1684.0,1684.0,1684.0,1644.0,1631.0,1704.0,1819.0
3065,Mexico,"Fish, Seafood",Import,213.0,231.0,178.0,205.0,328.0,359.0,367.0,379.0,350.0,267.0,351.0,344.0,344.0,344.0,467.0,525.0,560.0,568.0
3066,Mexico,"Fish, Seafood",Stock Variation,0.0,-1.0,1.0,0.0,0.0,0.0,0.0,-98.0,19.0,68.0,-7.0,19.0,19.0,19.0,160.0,-19.0,7.0,163.0
3067,Mexico,"Fish, Seafood",Export,200.0,245.0,287.0,290.0,173.0,194.0,443.0,358.0,569.0,656.0,479.0,541.0,541.0,541.0,520.0,304.0,327.0,733.0
3068,Mexico,"Fish, Seafood",Domestic supply,1379.0,1457.0,1414.0,1354.0,1517.0,1615.0,1435.0,1535.0,1537.0,1445.0,1516.0,1507.0,1507.0,1507.0,1750.0,1833.0,1945.0,1818.0
3069,Mexico,"Fish, Seafood",Feed,379.0,433.0,319.0,278.0,403.0,387.0,123.0,138.0,97.0,81.0,85.0,224.0,224.0,224.0,20.0,19.0,18.0,23.0
3070,Mexico,"Fish, Seafood",Other uses (non-food),1.0,1.0,1.0,1.0,1.0,1.0,1.0,1.0,1.0,1.0,1.0,3.0,3.0,3.0,0.0,0.0,0.0,0.0
3071,Mexico,"Aquatic Products, Other",Import,2.0,3.0,1.0,2.0,2.0,2.0,2.0,1.0,1.0,1.0,1.0,1.0,1.0,1.0,1.0,1.0,1.0,2.0
3072,Mexico,Animal fats,Seed,0.0,0.0,0.0,0.0,0.0,0.0,0.0,0.0,0.0,0.0,0.0,0.0,0.0,0.0,0.0,0.0,0.0,0.0
3073,Mexico,Spices,Processing,0.0,0.0,0.0,0.0,0.0,0.0,0.0,0.0,0.0,0.0,0.0,0.0,0.0,0.0,0.0,0.0,0.0,0.0
3074,Mexico,Animal fats,Processing,0.0,0.0,0.0,0.0,0.0,0.0,0.0,0.0,0.0,0.0,0.0,0.0,0.0,0.0,65.0,65.0,61.0,0.0
3075,Mexico,Miscellaneous,Feed,0.0,0.0,0.0,0.0,0.0,0.0,0.0,0.0,0.0,0.0,0.0,0.0,0.0,0.0,0.0,0.0,0.0,0.0
3076,Mexico,Miscellaneous,Seed,0.0,0.0,0.0,0.0,0.0,0.0,0.0,0.0,0.0,0.0,0.0,0.0,0.0,0.0,0.0,0.0,0.0,0.0
3077,Mexico,Miscellaneous,Losses,0.0,0.0,0.0,0.0,0.0,0.0,0.0,0.0,0.0,0.0,0.0,0.0,0.0,0.0,0.0,0.0,0.0,0.0
3078,Mexico,Miscellaneous,Processing,0.0,0.0,0.0,0.0,0.0,0.0,0.0,0.0,0.0,0.0,0.0,0.0,0.0,0.0,0.0,0.0,0.0,0.0
3079,Mexico,Miscellaneous,Other uses (non-food),0.0,0.0,0.0,0.0,0.0,0.0,0.0,0.0,0.0,0.0,0.0,0.0,0.0,0.0,0.0,0.0,0.0,0.0
3080,Mexico,Miscellaneous,Human Consumption,0.0,0.0,0.0,0.0,0.0,0.0,0.0,0.0,0.0,0.0,0.0,0.0,0.0,0.0,62.0,52.0,40.0,51.0
3081,Mexico,Alcoholic Beverages,Production,6399.0,6575.0,6759.0,7043.0,7203.0,7573.0,8157.0,8450.0,8579.0,8560.0,8389.0,8881.0,9059.0,8869.0,8922.0,10104.0,10947.0,11506.0
3082,Mexico,Alcoholic Beverages,Import,208.0,264.0,336.0,321.0,297.0,289.0,294.0,283.0,312.0,350.0,377.0,380.0,430.0,416.0,444.0,563.0,557.0,581.0
3083,Mexico,Alcoholic Beverages,Stock Variation,0.0,0.0,0.0,0.0,0.0,0.0,0.0,0.0,0.0,0.0,0.0,0.0,0.0,0.0,53.0,54.0,57.0,51.0
3084,Mexico,Alcoholic Beverages,Export,1232.0,1345.0,1425.0,1512.0,1607.0,1741.0,2091.0,2089.0,2232.0,1792.0,1975.0,2345.0,2607.0,2537.0,2958.0,3049.0,3453.0,3535.0
3085,Mexico,Alcoholic Beverages,Domestic supply,5375.0,5494.0,5671.0,5853.0,5892.0,6121.0,6359.0,6645.0,6659.0,7118.0,6790.0,6916.0,6882.0,6747.0,6355.0,7564.0,7994.0,8501.0
3086,Mexico,Miscellaneous,Domestic supply,-11.0,-9.0,-11.0,-11.0,-18.0,-20.0,-19.0,-23.0,-24.0,-23.0,-30.0,-36.0,-50.0,-45.0,62.0,52.0,40.0,51.0
3087,Mexico,Alcoholic Beverages,Feed,0.0,0.0,0.0,0.0,0.0,0.0,0.0,0.0,0.0,0.0,0.0,0.0,0.0,0.0,0.0,0.0,0.0,0.0
3088,Mexico,Alcoholic Beverages,Losses,0.0,0.0,0.0,0.0,0.0,0.0,0.0,0.0,0.0,0.0,0.0,0.0,0.0,0.0,0.0,0.0,0.0,0.0
3089,Mexico,Alcoholic Beverages,Other uses (non-food),192.0,258.0,299.0,283.0,271.0,239.0,211.0,175.0,170.0,254.0,270.0,259.0,299.0,257.0,203.0,249.0,249.0,270.0
3090,Mexico,Alcoholic Beverages,Human Consumption,5079.0,5089.0,5253.0,5453.0,5543.0,5830.0,6074.0,6384.0,6401.0,6793.0,6455.0,6587.0,6513.0,6431.0,6126.0,7284.0,7710.0,8196.0
3091,Mexico,Spices,Production,93.0,101.0,110.0,107.0,109.0,118.0,119.0,120.0,106.0,98.0,106.0,120.0,123.0,134.0,122.0,138.0,152.0,208.0
3092,Mexico,Spices,Import,21.0,30.0,34.0,33.0,40.0,52.0,34.0,37.0,61.0,53.0,40.0,40.0,43.0,36.0,38.0,47.0,54.0,49.0
3093,Mexico,Spices,Stock Variation,0.0,0.0,0.0,0.0,0.0,0.0,0.0,0.0,-2.0,-2.0,2.0,0.0,1.0,2.0,-1.0,-2.0,-1.0,-1.0
3094,Mexico,Spices,Export,21.0,21.0,19.0,19.0,17.0,17.0,22.0,16.0,16.0,19.0,20.0,22.0,29.0,35.0,35.0,36.0,44.0,40.0
3095,Mexico,Spices,Domestic supply,93.0,110.0,126.0,122.0,132.0,153.0,131.0,141.0,149.0,130.0,128.0,138.0,138.0,136.0,127.0,151.0,163.0,219.0
3096,Mexico,Spices,Feed,0.0,0.0,0.0,0.0,0.0,0.0,0.0,0.0,0.0,0.0,0.0,0.0,0.0,0.0,0.0,0.0,0.0,0.0
3097,Mexico,Spices,Seed,0.0,0.0,0.0,0.0,0.0,0.0,0.0,0.0,0.0,0.0,0.0,0.0,0.0,0.0,0.0,0.0,0.0,0.0
3098,Mexico,Animal fats,Losses,0.0,0.0,0.0,0.0,0.0,0.0,0.0,0.0,0.0,0.0,0.0,0.0,0.0,0.0,4.0,4.0,3.0,0.0
3099,Mexico,Alcoholic Beverages,Seed,0.0,0.0,0.0,0.0,0.0,0.0,0.0,0.0,0.0,0.0,0.0,0.0,0.0,0.0,0.0,0.0,0.0,0.0
3100,Mexico,Miscellaneous,Export,13.0,14.0,17.0,19.0,24.0,28.0,31.0,34.0,35.0,32.0,39.0,44.0,60.0,54.0,301.0,309.0,304.0,337.0
3101,Mexico,Alcoholic Beverages,Processing,104.0,147.0,119.0,116.0,79.0,52.0,75.0,86.0,88.0,70.0,66.0,70.0,69.0,60.0,26.0,32.0,34.0,35.0
3102,Mexico,Miscellaneous,Import,3.0,5.0,6.0,8.0,7.0,9.0,13.0,11.0,10.0,8.0,8.0,8.0,9.0,9.0,326.0,327.0,312.0,354.0
3103,Mexico,Animal fats,Other uses (non-food),511.0,447.0,478.0,481.0,537.0,491.0,517.0,606.0,569.0,584.0,581.0,537.0,532.0,498.0,214.0,229.0,205.0,193.0
3104,Mexico,Miscellaneous,Stock Variation,0.0,0.0,0.0,0.0,0.0,0.0,0.0,0.0,0.0,0.0,0.0,0.0,0.0,0.0,0.0,0.0,0.0,0.0
3105,Mexico,Animal fats,Human Consumption,315.0,326.0,333.0,371.0,410.0,377.0,366.0,386.0,379.0,418.0,385.0,345.0,353.0,366.0,292.0,298.0,304.0,311.0
3106,Mexico,Offals,Production,328.0,336.0,336.0,336.0,353.0,356.0,362.0,369.0,376.0,384.0,393.0,403.0,408.0,408.0,413.0,418.0,427.0,439.0
3107,Mexico,Offals,Import,221.0,230.0,250.0,232.0,231.0,236.0,241.0,244.0,241.0,243.0,253.0,242.0,243.0,242.0,252.0,251.0,237.0,255.0
3108,Mexico,Offals,Stock Variation,0.0,0.0,0.0,0.0,0.0,0.0,0.0,0.0,0.0,-1.0,1.0,0.0,0.0,0.0,0.0,0.0,0.0,0.0
3109,Mexico,Offals,Export,1.0,1.0,1.0,1.0,3.0,4.0,6.0,5.0,6.0,6.0,8.0,9.0,12.0,9.0,10.0,12.0,14.0,18.0
3110,Mexico,Offals,Feed,0.0,0.0,0.0,0.0,0.0,0.0,0.0,0.0,0.0,0.0,0.0,0.0,0.0,0.0,0.0,0.0,0.0,0.0
3111,Mexico,Offals,Seed,0.0,0.0,0.0,0.0,0.0,0.0,0.0,0.0,0.0,0.0,0.0,0.0,0.0,0.0,0.0,0.0,0.0,0.0
3112,Mexico,Offals,Losses,0.0,0.0,0.0,0.0,0.0,0.0,0.0,0.0,0.0,0.0,0.0,0.0,0.0,0.0,18.0,18.0,17.0,0.0
3113,Mexico,Offals,Processing,0.0,0.0,0.0,0.0,0.0,0.0,0.0,0.0,0.0,0.0,0.0,0.0,0.0,0.0,0.0,0.0,0.0,0.0
3114,Mexico,Offals,Other uses (non-food),17.0,17.0,17.0,17.0,17.0,17.0,17.0,17.0,17.0,17.0,17.0,17.0,17.0,17.0,17.0,16.0,16.0,16.0
3115,Mexico,Offals,Human Consumption,531.0,548.0,567.0,550.0,564.0,572.0,581.0,591.0,594.0,603.0,623.0,618.0,623.0,623.0,619.0,622.0,614.0,660.0
3116,Mexico,Offals,Domestic supply,548.0,565.0,584.0,566.0,581.0,589.0,598.0,608.0,611.0,620.0,640.0,636.0,640.0,640.0,654.0,657.0,649.0,676.0
3117,Mexico,Meat,Import,1132.0,1221.0,1289.0,1247.0,1217.0,1286.0,1412.0,1416.0,1541.0,1568.0,1616.0,1534.0,1630.0,1785.0,1751.0,1899.0,1970.0,2036.0
3118,Mexico,Meat,Human Consumption,5510.0,5771.0,6031.0,6049.0,6237.0,6501.0,6684.0,6804.0,7004.0,7149.0,7234.0,7277.0,7403.0,7613.0,7362.0,7612.0,7838.0,8094.0
3119,Mexico,Meat,Production,4464.0,4637.0,4828.0,4873.0,5109.0,5322.0,5401.0,5547.0,5632.0,5728.0,5828.0,6001.0,6079.0,6122.0,6221.0,6353.0,6553.0,6802.0
3120,Mexico,Miscellaneous,Production,0.0,0.0,0.0,0.0,0.0,0.0,0.0,0.0,0.0,0.0,0.0,0.0,0.0,0.0,37.0,34.0,32.0,33.0
3121,Mexico,Meat,Other uses (non-food),0.0,0.0,0.0,0.0,0.0,0.0,0.0,0.0,0.0,0.0,0.0,0.0,0.0,0.0,6145.0,6623.0,5548.0,0.0
3122,Mexico,Meat,Processing,0.0,0.0,0.0,0.0,0.0,0.0,0.0,0.0,0.0,0.0,0.0,0.0,0.0,0.0,0.0,0.0,0.0,0.0
3123,Mexico,Meat,Seed,0.0,0.0,0.0,0.0,0.0,0.0,0.0,0.0,0.0,0.0,0.0,0.0,0.0,0.0,0.0,0.0,0.0,0.0
3124,Mexico,Meat,Losses,0.0,0.0,0.0,0.0,0.0,0.0,0.0,0.0,0.0,0.0,0.0,0.0,0.0,0.0,305.0,312.0,322.0,334.0
3125,Mexico,Meat,Domestic supply,5510.0,5771.0,6031.0,6049.0,6237.0,6501.0,6684.0,6804.0,7004.0,7149.0,7234.0,7277.0,7403.0,7613.0,7667.0,7924.0,8160.0,8429.0
3126,Mexico,Meat,Export,90.0,91.0,88.0,72.0,89.0,108.0,130.0,159.0,170.0,147.0,210.0,258.0,306.0,295.0,305.0,329.0,366.0,414.0
3127,Mexico,Meat,Stock Variation,5.0,4.0,3.0,1.0,0.0,0.0,0.0,0.0,0.0,0.0,0.0,0.0,0.0,0.0,1.0,0.0,-3.0,-5.0
3128,Mexico,Meat,Feed,0.0,0.0,0.0,0.0,0.0,0.0,0.0,0.0,0.0,0.0,0.0,0.0,0.0,0.0,0.0,0.0,0.0,0.0
3129,Mongolia,Vegetable Oils,Stock Variation,-4.0,-1.0,1.0,2.0,1.0,1.0,0.0,0.0,0.0,0.0,0.0,0.0,0.0,0.0,-1.0,6.0,7.0,9.0
3130,Mongolia,Vegetable Oils,Other uses (non-food),1.0,0.0,3.0,2.0,0.0,2.0,0.0,2.0,2.0,6.0,1.0,1.0,1.0,1.0,1.0,1.0,1.0,2.0
3131,Mongolia,Vegetable Oils,Import,10.0,12.0,13.0,13.0,12.0,17.0,16.0,19.0,14.0,21.0,23.0,19.0,19.0,21.0,19.0,27.0,29.0,30.0
3132,Mongolia,Vegetable Oils,Export,0.0,0.0,0.0,0.0,0.0,0.0,0.0,0.0,0.0,0.0,0.0,0.0,0.0,0.0,0.0,0.0,0.0,0.0
3133,Mongolia,Vegetables,Human Consumption,43.0,44.0,48.0,69.0,69.0,78.0,85.0,97.0,101.0,107.0,113.0,132.0,144.0,154.0,160.0,120.0,155.0,147.0
3134,Mongolia,Vegetable Oils,Domestic supply,7.0,11.0,14.0,15.0,13.0,18.0,16.0,19.0,14.0,21.0,23.0,19.0,19.0,21.0,20.0,21.0,21.0,21.0
3135,Mongolia,Vegetable Oils,Human Consumption,6.0,11.0,11.0,13.0,13.0,16.0,16.0,16.0,12.0,15.0,22.0,18.0,18.0,19.0,19.0,20.0,20.0,19.0
3136,Mongolia,Sugar & Sweeteners,Export,0.0,0.0,0.0,0.0,0.0,1.0,1.0,4.0,0.0,0.0,0.0,0.0,0.0,0.0,0.0,0.0,0.0,1.0
3137,Mongolia,Sugar & Sweeteners,Import,27.0,29.0,33.0,24.0,39.0,34.0,33.0,45.0,30.0,36.0,36.0,41.0,42.0,46.0,85.0,71.0,88.0,72.0
3138,Mongolia,Sugar & Sweeteners,Stock Variation,2.0,2.0,-4.0,5.0,-9.0,0.0,1.0,-9.0,8.0,-1.0,0.0,0.0,-1.0,-4.0,15.0,8.0,21.0,22.0
3139,Mongolia,Sugar & Sweeteners,Domestic supply,29.0,32.0,29.0,29.0,30.0,33.0,33.0,32.0,38.0,35.0,35.0,40.0,42.0,42.0,71.0,62.0,66.0,50.0
3140,Mongolia,Sugar & Sweeteners,Feed,0.0,0.0,0.0,0.0,0.0,0.0,0.0,0.0,0.0,0.0,0.0,0.0,0.0,0.0,0.0,0.0,0.0,0.0
3141,Mongolia,Vegetables,Losses,3.0,3.0,3.0,5.0,4.0,5.0,4.0,5.0,6.0,6.0,6.0,7.0,8.0,7.0,11.0,7.0,10.0,8.0
3142,Mongolia,Sugar & Sweeteners,Other uses (non-food),0.0,0.0,0.0,0.0,0.0,0.0,0.0,0.0,0.0,0.0,0.0,0.0,0.0,0.0,0.0,0.0,0.0,0.0
3143,Mongolia,Sugar & Sweeteners,Losses,0.0,0.0,0.0,0.0,0.0,0.0,0.0,0.0,0.0,0.0,0.0,0.0,0.0,0.0,0.0,0.0,0.0,0.0
3144,Mongolia,Sugar & Sweeteners,Production,0.0,0.0,0.0,0.0,0.0,0.0,0.0,0.0,0.0,0.0,0.0,0.0,0.0,0.0,0.0,0.0,0.0,0.0
3145,Mongolia,Vegetables,Feed,7.0,11.0,6.0,10.0,8.0,11.0,11.0,12.0,10.0,11.0,11.0,11.0,20.0,10.0,6.0,6.0,7.0,8.0
3146,Mongolia,Stimulants,Human Consumption,3.0,4.0,4.0,5.0,6.0,6.0,7.0,11.0,12.0,11.0,11.0,13.0,11.0,11.0,5.0,5.0,5.0,5.0
3147,Mongolia,Vegetables,Export,0.0,0.0,0.0,0.0,0.0,0.0,0.0,0.0,0.0,0.0,0.0,0.0,0.0,0.0,0.0,1.0,0.0,0.0
3148,Mongolia,Stimulants,Production,0.0,0.0,0.0,0.0,0.0,0.0,0.0,0.0,0.0,0.0,0.0,0.0,0.0,0.0,0.0,0.0,0.0,0.0
3149,Mongolia,Sugar & Sweeteners,Human Consumption,29.0,32.0,29.0,29.0,30.0,34.0,34.0,32.0,38.0,35.0,35.0,40.0,42.0,42.0,71.0,62.0,66.0,50.0
3150,Mongolia,Stimulants,Import,3.0,4.0,4.0,5.0,6.0,6.0,7.0,12.0,14.0,12.0,13.0,16.0,15.0,14.0,4.0,6.0,5.0,5.0
3151,Mongolia,Stimulants,Stock Variation,0.0,0.0,0.0,0.0,0.0,0.0,0.0,0.0,0.0,0.0,0.0,0.0,0.0,0.0,-1.0,1.0,1.0,1.0
3152,Mongolia,Stimulants,Export,0.0,0.0,0.0,0.0,0.0,0.0,0.0,1.0,2.0,1.0,2.0,3.0,4.0,3.0,0.0,0.0,0.0,0.0
3153,Mongolia,Stimulants,Domestic supply,3.0,4.0,4.0,5.0,6.0,6.0,7.0,11.0,12.0,11.0,11.0,13.0,11.0,11.0,5.0,5.0,5.0,5.0
3154,Mongolia,Fruits - Excluding Wine,Production,0.0,0.0,0.0,0.0,0.0,0.0,0.0,0.0,1.0,0.0,1.0,2.0,1.0,2.0,1.0,1.0,1.0,1.0
3155,Mongolia,Vegetables,Domestic supply,53.0,58.0,58.0,84.0,80.0,93.0,101.0,115.0,117.0,124.0,131.0,151.0,171.0,172.0,177.0,133.0,171.0,164.0
3156,Mongolia,Fruits - Excluding Wine,Import,25.0,26.0,34.0,42.0,40.0,33.0,67.0,100.0,63.0,67.0,77.0,78.0,80.0,84.0,32.0,38.0,33.0,36.0
3157,Mongolia,Fruits - Excluding Wine,Export,0.0,0.0,0.0,0.0,0.0,0.0,0.0,0.0,0.0,0.0,0.0,0.0,0.0,0.0,0.0,0.0,0.0,0.0
3158,Mongolia,Fruits - Excluding Wine,Domestic supply,26.0,26.0,34.0,42.0,40.0,33.0,68.0,100.0,63.0,67.0,78.0,80.0,81.0,86.0,35.0,38.0,34.0,36.0
3159,Mongolia,Fruits - Excluding Wine,Losses,0.0,0.0,0.0,0.0,0.0,0.0,0.0,0.0,0.0,0.0,0.0,0.0,0.0,0.0,0.0,0.0,0.0,0.0
3160,Mongolia,Fruits - Excluding Wine,Human Consumption,26.0,26.0,34.0,42.0,40.0,33.0,68.0,100.0,63.0,67.0,78.0,80.0,81.0,85.0,34.0,37.0,34.0,35.0
3161,Mongolia,Vegetables,Production,44.0,45.0,40.0,60.0,49.0,63.0,70.0,76.0,78.0,78.0,81.0,91.0,100.0,102.0,105.0,73.0,95.0,82.0
3162,Mongolia,Vegetables,Import,9.0,13.0,18.0,24.0,31.0,30.0,30.0,39.0,40.0,46.0,49.0,60.0,71.0,70.0,72.0,66.0,81.0,87.0
3163,Mongolia,Vegetables,Stock Variation,0.0,0.0,0.0,0.0,0.0,0.0,0.0,0.0,0.0,0.0,0.0,0.0,0.0,0.0,0.0,5.0,4.0,5.0
3164,Mongolia,Fruits - Excluding Wine,Stock Variation,0.0,0.0,0.0,0.0,0.0,0.0,0.0,0.0,0.0,0.0,0.0,0.0,0.0,0.0,-2.0,1.0,1.0,2.0
3165,Mongolia,Pulses,Production,1.0,1.0,1.0,1.0,1.0,1.0,1.0,1.0,2.0,1.0,1.0,1.0,2.0,2.0,1.0,1.0,1.0,1.0
3166,Mongolia,Starchy Roots,Stock Variation,6.0,8.0,0.0,0.0,0.0,0.0,0.0,0.0,0.0,0.0,0.0,0.0,0.0,0.0,-38.0,0.0,0.0,0.0
3167,Mongolia,Pulses,Stock Variation,0.0,0.0,0.0,0.0,0.0,0.0,0.0,0.0,0.0,0.0,0.0,0.0,0.0,0.0,0.0,0.0,0.0,0.0
3168,Mongolia,Oilcrops,Other uses (non-food),0.0,0.0,0.0,0.0,0.0,0.0,0.0,0.0,0.0,0.0,0.0,0.0,0.0,0.0,0.0,0.0,0.0,0.0
3169,Mongolia,Oilcrops,Human Consumption,0.0,0.0,0.0,0.0,0.0,0.0,0.0,0.0,0.0,0.0,0.0,1.0,0.0,0.0,1.0,1.0,1.0,1.0
3170,Mongolia,Starchy Roots,Production,59.0,58.0,52.0,79.0,80.0,83.0,109.0,114.0,135.0,151.0,168.0,202.0,246.0,192.0,161.0,164.0,165.0,122.0
3171,Mongolia,Starchy Roots,Import,14.0,24.0,40.0,44.0,43.0,45.0,40.0,37.0,47.0,34.0,23.0,23.0,15.0,9.0,7.0,19.0,2.0,2.0
3172,Mongolia,Starchy Roots,Export,0.0,0.0,0.0,0.0,0.0,0.0,0.0,0.0,0.0,0.0,0.0,0.0,0.0,2.0,4.0,0.0,0.0,1.0
3173,Mongolia,Starchy Roots,Domestic supply,79.0,90.0,91.0,123.0,123.0,127.0,149.0,152.0,182.0,185.0,191.0,224.0,261.0,198.0,202.0,183.0,168.0,123.0
3174,Mongolia,Starchy Roots,Feed,4.0,4.0,3.0,4.0,4.0,4.0,11.0,10.0,21.0,32.0,17.0,42.0,78.0,19.0,30.0,28.0,25.0,10.0
3175,Mongolia,Starchy Roots,Seed,14.0,11.0,10.0,14.0,14.0,15.0,19.0,20.0,24.0,24.0,25.0,25.0,23.0,23.0,23.0,19.0,15.0,11.0
3176,Mongolia,Starchy Roots,Losses,5.0,5.0,5.0,7.0,7.0,7.0,9.0,9.0,11.0,11.0,11.0,13.0,15.0,11.0,17.0,17.0,18.0,13.0
3177,Mongolia,Starchy Roots,Processing,1.0,1.0,1.0,1.0,1.0,1.0,1.0,1.0,1.0,1.0,1.0,1.0,1.0,1.0,0.0,1.0,0.0,0.0
3178,Mongolia,Starchy Roots,Human Consumption,55.0,69.0,72.0,97.0,98.0,101.0,109.0,112.0,126.0,117.0,138.0,143.0,144.0,144.0,131.0,117.0,109.0,89.0
3179,Mongolia,Sugar Crops,Import,0.0,0.0,0.0,0.0,0.0,0.0,0.0,0.0,0.0,0.0,0.0,0.0,0.0,0.0,0.0,0.0,0.0,0.0
3180,Mongolia,Sugar Crops,Domestic supply,0.0,0.0,0.0,0.0,0.0,0.0,0.0,0.0,0.0,0.0,0.0,0.0,0.0,0.0,0.0,0.0,0.0,0.0
3181,Mongolia,Sugar Crops,Human Consumption,0.0,0.0,0.0,0.0,0.0,0.0,0.0,0.0,0.0,0.0,0.0,0.0,0.0,0.0,0.0,0.0,0.0,0.0
3182,Mongolia,Spices,Human Consumption,0.0,0.0,0.0,0.0,0.0,0.0,0.0,1.0,0.0,0.0,0.0,0.0,0.0,0.0,0.0,0.0,0.0,0.0
3183,Mongolia,Oilcrops,Losses,0.0,0.0,0.0,0.0,0.0,0.0,0.0,0.0,0.0,0.0,0.0,0.0,0.0,0.0,0.0,0.0,0.0,0.0
3184,Mongolia,Oilcrops,Feed,1.0,1.0,0.0,0.0,0.0,0.0,1.0,1.0,3.0,4.0,3.0,1.0,5.0,1.0,1.0,0.0,0.0,0.0
3185,Mongolia,Oilcrops,Domestic supply,1.0,1.0,1.0,1.0,1.0,1.0,1.0,1.0,4.0,4.0,3.0,2.0,5.0,2.0,-23.0,-32.0,-29.0,-3.0
3186,Mongolia,Oilcrops,Export,0.0,0.0,0.0,0.0,1.0,1.0,10.0,7.0,2.0,9.0,1.0,12.0,8.0,19.0,38.0,44.0,41.0,15.0
3187,Mongolia,Pulses,Export,0.0,0.0,0.0,0.0,0.0,0.0,0.0,0.0,0.0,0.0,0.0,0.0,0.0,0.0,0.0,0.0,0.0,0.0
3188,Mongolia,Pulses,Domestic supply,1.0,1.0,1.0,1.0,1.0,1.0,1.0,1.0,2.0,1.0,1.0,2.0,2.0,2.0,2.0,2.0,1.0,1.0
3189,Mongolia,Pulses,Feed,0.0,0.0,0.0,0.0,0.0,0.0,0.0,0.0,0.0,0.0,0.0,0.0,0.0,0.0,0.0,0.0,0.0,0.0
3190,Mongolia,Pulses,Seed,0.0,0.0,0.0,0.0,0.0,0.0,0.0,0.0,0.0,0.0,0.0,0.0,0.0,0.0,0.0,0.0,0.0,0.0
3191,Mongolia,Pulses,Losses,0.0,0.0,0.0,0.0,0.0,0.0,0.0,0.0,0.0,0.0,0.0,0.0,0.0,0.0,0.0,0.0,0.0,0.0
3192,Mongolia,Pulses,Human Consumption,1.0,1.0,1.0,1.0,1.0,1.0,1.0,1.0,1.0,1.0,1.0,1.0,2.0,1.0,2.0,1.0,1.0,1.0
3193,Mongolia,Treenuts,Production,1.0,3.0,4.0,3.0,6.0,4.0,5.0,5.0,5.0,4.0,4.0,4.0,4.0,4.0,5.0,5.0,5.0,5.0
3194,Mongolia,Pulses,Import,0.0,0.0,0.0,0.0,0.0,0.0,0.0,0.0,0.0,0.0,0.0,0.0,0.0,0.0,0.0,0.0,0.0,0.0
3195,Mongolia,Treenuts,Import,0.0,0.0,0.0,0.0,0.0,0.0,0.0,0.0,0.0,0.0,0.0,0.0,0.0,0.0,0.0,0.0,0.0,0.0
3196,Mongolia,Treenuts,Export,0.0,2.0,3.0,1.0,5.0,0.0,4.0,0.0,1.0,0.0,0.0,1.0,1.0,0.0,0.0,3.0,5.0,13.0
3197,Mongolia,Treenuts,Domestic supply,1.0,1.0,1.0,2.0,1.0,4.0,1.0,5.0,4.0,4.0,4.0,3.0,3.0,4.0,4.0,4.0,1.0,-7.0
3198,Mongolia,Treenuts,Losses,0.0,0.0,0.0,0.0,0.0,0.0,0.0,0.0,0.0,0.0,0.0,0.0,0.0,0.0,0.0,0.0,0.0,0.0
3199,Mongolia,Treenuts,Human Consumption,1.0,1.0,1.0,2.0,1.0,4.0,1.0,5.0,4.0,4.0,4.0,3.0,3.0,4.0,4.0,4.0,1.0,0.0
3200,Mongolia,Oilcrops,Production,0.0,0.0,0.0,0.0,0.0,0.0,11.0,8.0,5.0,4.0,3.0,12.0,13.0,20.0,11.0,11.0,11.0,11.0
3201,Mongolia,Oilcrops,Import,3.0,0.0,0.0,0.0,0.0,0.0,0.0,1.0,1.0,9.0,0.0,2.0,1.0,1.0,4.0,1.0,1.0,2.0
3202,Mongolia,Oilcrops,Stock Variation,-2.0,1.0,1.0,1.0,1.0,1.0,0.0,0.0,0.0,0.0,0.0,0.0,0.0,0.0,0.0,0.0,0.0,0.0
3203,Mongolia,Treenuts,Stock Variation,0.0,0.0,0.0,0.0,0.0,0.0,0.0,0.0,0.0,0.0,0.0,0.0,0.0,0.0,1.0,-1.0,-1.0,0.0
3204,Mongolia,Spices,Domestic supply,0.0,0.0,0.0,0.0,0.0,0.0,0.0,1.0,0.0,0.0,0.0,0.0,0.0,0.0,0.0,0.0,0.0,0.0
3205,Mongolia,Meat,Domestic supply,241.0,211.0,184.0,174.0,185.0,179.0,171.0,186.0,212.0,245.0,202.0,204.0,225.0,258.0,253.0,274.0,276.0,286.0
3206,Mongolia,Spices,Stock Variation,0.0,0.0,0.0,0.0,0.0,0.0,0.0,0.0,0.0,0.0,0.0,0.0,0.0,0.0,0.0,0.0,0.0,0.0
3207,Mongolia,"Fish, Seafood",Other uses (non-food),0.0,0.0,0.0,0.0,0.0,0.0,0.0,0.0,0.0,0.0,0.0,0.0,0.0,0.0,0.0,0.0,0.0,0.0
3208,Mongolia,"Fish, Seafood",Human Consumption,1.0,1.0,1.0,1.0,0.0,1.0,1.0,1.0,1.0,1.0,1.0,2.0,2.0,2.0,2.0,1.0,2.0,2.0
3209,Mongolia,Eggs,Production,0.0,0.0,0.0,0.0,0.0,0.0,0.0,0.0,0.0,0.0,0.0,0.0,0.0,0.0,4.0,6.0,7.0,5.0
3210,Mongolia,Eggs,Import,1.0,1.0,1.0,2.0,1.0,1.0,1.0,2.0,2.0,2.0,3.0,5.0,6.0,6.0,6.0,4.0,5.0,8.0
3211,Mongolia,Eggs,Stock Variation,0.0,0.0,0.0,0.0,0.0,0.0,0.0,0.0,0.0,0.0,0.0,0.0,0.0,0.0,0.0,0.0,0.0,0.0
3212,Mongolia,Eggs,Domestic supply,1.0,2.0,2.0,2.0,2.0,1.0,2.0,3.0,3.0,3.0,4.0,5.0,6.0,7.0,10.0,10.0,12.0,13.0
3213,Mongolia,Eggs,Seed,0.0,0.0,0.0,0.0,0.0,0.0,0.0,0.0,0.0,0.0,0.0,0.0,0.0,0.0,0.0,0.0,0.0,0.0
3214,Mongolia,Eggs,Losses,0.0,0.0,0.0,0.0,0.0,0.0,0.0,0.0,0.0,0.0,0.0,0.0,0.0,0.0,0.0,0.0,0.0,0.0
3215,Mongolia,Eggs,Human Consumption,1.0,2.0,2.0,2.0,2.0,1.0,2.0,3.0,3.0,2.0,3.0,5.0,6.0,6.0,9.0,10.0,12.0,13.0
3216,Mongolia,Milk - Excluding Butter,Production,435.0,345.0,337.0,350.0,398.0,349.0,399.0,414.0,412.0,444.0,306.0,408.0,454.0,510.0,567.0,640.0,645.0,667.0
3217,Mongolia,Milk - Excluding Butter,Import,4.0,10.0,11.0,13.0,9.0,11.0,10.0,11.0,13.0,8.0,9.0,10.0,10.0,9.0,7.0,7.0,5.0,8.0
3218,Mongolia,Milk - Excluding Butter,Stock Variation,0.0,0.0,0.0,0.0,0.0,0.0,0.0,0.0,0.0,0.0,0.0,0.0,0.0,0.0,3.0,3.0,0.0,1.0
3219,Mongolia,Milk - Excluding Butter,Export,0.0,0.0,0.0,0.0,0.0,0.0,0.0,0.0,0.0,0.0,0.0,0.0,0.0,0.0,0.0,0.0,0.0,0.0
3220,Mongolia,Milk - Excluding Butter,Domestic supply,439.0,355.0,348.0,364.0,407.0,360.0,409.0,425.0,425.0,452.0,315.0,418.0,464.0,519.0,570.0,643.0,650.0,673.0
3221,Mongolia,Milk - Excluding Butter,Feed,79.0,24.0,27.0,21.0,50.0,23.0,36.0,36.0,36.0,38.0,15.0,36.0,72.0,111.0,91.0,113.0,115.0,117.0
3222,Mongolia,"Fish, Seafood",Domestic supply,1.0,1.0,1.0,1.0,0.0,1.0,1.0,1.0,1.0,1.0,1.0,2.0,2.0,2.0,2.0,1.0,2.0,2.0
3223,Mongolia,"Fish, Seafood",Export,0.0,0.0,0.0,0.0,0.0,0.0,0.0,0.0,0.0,0.0,0.0,1.0,1.0,1.0,0.0,0.0,0.0,0.0
3224,Mongolia,"Fish, Seafood",Stock Variation,0.0,0.0,0.0,0.0,0.0,0.0,0.0,0.0,0.0,0.0,0.0,0.0,0.0,0.0,0.0,0.0,0.0,0.0
3225,Mongolia,"Fish, Seafood",Import,1.0,1.0,1.0,1.0,0.0,1.0,1.0,1.0,1.0,1.0,2.0,2.0,2.0,2.0,2.0,1.0,2.0,2.0
3226,Mongolia,Spices,Export,0.0,0.0,0.0,0.0,0.0,0.0,0.0,0.0,0.0,0.0,0.0,0.0,0.0,0.0,0.0,0.0,0.0,0.0
3227,Mongolia,Cereals - Excluding Beer,Import,251.0,230.0,310.0,221.0,259.0,270.0,288.0,281.0,338.0,308.0,182.0,155.0,135.0,105.0,126.0,126.0,284.0,125.0
3228,Mongolia,Cereals - Excluding Beer,Stock Variation,-40.0,0.0,-19.0,6.0,-14.0,49.0,-5.0,20.0,12.0,1.0,0.0,0.0,-75.0,60.0,52.0,-48.0,166.0,-147.0
3229,Mongolia,Cereals - Excluding Beer,Export,0.0,0.0,0.0,0.0,0.0,0.0,0.0,0.0,0.0,0.0,0.0,0.0,0.0,14.0,6.0,3.0,1.0,0.0
3230,Mongolia,Cereals - Excluding Beer,Domestic supply,353.0,373.0,416.0,392.0,384.0,396.0,422.0,415.0,563.0,701.0,537.0,601.0,540.0,537.0,588.0,387.0,601.0,510.0
3231,Mongolia,Cereals - Excluding Beer,Feed,15.0,10.0,10.0,14.0,14.0,15.0,21.0,25.0,97.0,220.0,101.0,140.0,78.0,70.0,104.0,62.0,83.0,93.0
3232,Mongolia,Cereals - Excluding Beer,Seed,25.0,23.0,36.0,30.0,24.0,25.0,26.0,20.0,22.0,22.0,24.0,25.0,24.0,24.0,42.0,13.0,37.0,13.0
3233,Mongolia,Milk - Excluding Butter,Losses,9.0,7.0,7.0,7.0,8.0,7.0,8.0,8.0,8.0,9.0,6.0,8.0,9.0,10.0,15.0,17.0,17.0,17.0
3234,Mongolia,Cereals - Excluding Beer,Losses,6.0,6.0,5.0,4.0,4.0,3.0,6.0,3.0,14.0,15.0,12.0,14.0,12.0,18.0,15.0,12.0,17.0,13.0
3235,Mongolia,Cereals - Excluding Beer,Other uses (non-food),0.0,0.0,0.0,0.0,0.0,1.0,1.0,1.0,58.0,64.0,0.0,15.0,8.0,3.0,8.0,5.0,8.0,7.0
3236,Mongolia,Cereals - Excluding Beer,Human Consumption,291.0,315.0,344.0,327.0,324.0,334.0,349.0,346.0,351.0,351.0,368.0,372.0,383.0,386.0,378.0,265.0,414.0,345.0
3237,Mongolia,"Aquatic Products, Other",Import,0.0,0.0,0.0,0.0,0.0,0.0,0.0,0.0,0.0,0.0,0.0,0.0,0.0,0.0,0.0,0.0,0.0,0.0
3238,Mongolia,"Aquatic Products, Other",Domestic supply,0.0,0.0,0.0,0.0,0.0,0.0,0.0,0.0,0.0,0.0,0.0,0.0,0.0,0.0,0.0,0.0,0.0,0.0
3239,Mongolia,"Aquatic Products, Other",Other uses (non-food),0.0,0.0,0.0,0.0,0.0,0.0,0.0,0.0,0.0,0.0,0.0,0.0,0.0,0.0,0.0,0.0,0.0,0.0
3240,Mongolia,"Aquatic Products, Other",Human Consumption,0.0,0.0,0.0,0.0,0.0,0.0,0.0,0.0,0.0,0.0,0.0,0.0,0.0,0.0,0.0,0.0,0.0,0.0
3241,Mongolia,"Fish, Seafood",Production,0.0,0.0,0.0,0.0,0.0,0.0,0.0,0.0,0.0,0.0,0.0,0.0,0.0,0.0,0.0,0.0,0.0,0.0
3242,Mongolia,Cereals - Excluding Beer,Processing,15.0,19.0,21.0,19.0,18.0,18.0,19.0,21.0,21.0,29.0,31.0,34.0,35.0,36.0,41.0,30.0,41.0,38.0
3243,Mongolia,Milk - Excluding Butter,Processing,0.0,0.0,0.0,0.0,0.0,0.0,0.0,0.0,0.0,0.0,0.0,0.0,0.0,0.0,0.0,0.0,0.0,0.0
3244,Mongolia,Cereals - Excluding Beer,Production,142.0,142.0,126.0,165.0,139.0,77.0,139.0,115.0,213.0,392.0,355.0,446.0,479.0,387.0,520.0,216.0,483.0,238.0
3245,Mongolia,Milk - Excluding Butter,Human Consumption,350.0,324.0,314.0,335.0,348.0,329.0,365.0,380.0,380.0,405.0,294.0,373.0,383.0,397.0,463.0,513.0,519.0,539.0
3246,Mongolia,Meat,Other uses (non-food),0.0,0.0,0.0,0.0,0.0,0.0,0.0,0.0,0.0,10.0,0.0,0.0,1.0,27.0,9.0,13.0,11.0,12.0
3247,Mongolia,Meat,Human Consumption,241.0,211.0,184.0,174.0,185.0,178.0,170.0,184.0,211.0,234.0,201.0,203.0,223.0,230.0,244.0,261.0,265.0,275.0
3248,Mongolia,Miscellaneous,Import,0.0,0.0,1.0,0.0,0.0,0.0,0.0,0.0,0.0,0.0,1.0,1.0,1.0,1.0,22.0,19.0,18.0,19.0
3249,Mongolia,Miscellaneous,Stock Variation,0.0,0.0,0.0,0.0,0.0,0.0,0.0,0.0,0.0,0.0,0.0,0.0,0.0,0.0,2.0,0.0,0.0,-3.0
3250,Mongolia,Miscellaneous,Export,0.0,0.0,0.0,0.0,0.0,0.0,0.0,0.0,0.0,0.0,0.0,0.0,0.0,0.0,0.0,1.0,1.0,2.0
3251,Mongolia,Miscellaneous,Domestic supply,0.0,0.0,1.0,0.0,0.0,0.0,0.0,0.0,0.0,0.0,1.0,1.0,1.0,1.0,20.0,18.0,17.0,20.0
3252,Mongolia,Miscellaneous,Human Consumption,0.0,0.0,1.0,0.0,0.0,0.0,0.0,0.0,0.0,0.0,1.0,1.0,1.0,1.0,20.0,18.0,17.0,20.0
3253,Mongolia,Alcoholic Beverages,Production,13.0,17.0,18.0,16.0,19.0,19.0,20.0,31.0,32.0,48.0,61.0,73.0,81.0,86.0,98.0,86.0,94.0,98.0
3254,Mongolia,Alcoholic Beverages,Import,19.0,14.0,16.0,20.0,15.0,9.0,14.0,16.0,22.0,13.0,22.0,27.0,32.0,37.0,26.0,21.0,22.0,13.0
3255,Mongolia,Alcoholic Beverages,Stock Variation,0.0,0.0,0.0,0.0,0.0,0.0,0.0,0.0,0.0,0.0,0.0,0.0,0.0,0.0,-4.0,-20.0,0.0,0.0
3256,Mongolia,Alcoholic Beverages,Export,0.0,0.0,0.0,0.0,0.0,0.0,0.0,0.0,0.0,0.0,0.0,0.0,0.0,0.0,0.0,0.0,0.0,1.0
3257,Mongolia,Alcoholic Beverages,Domestic supply,31.0,31.0,33.0,36.0,34.0,29.0,33.0,47.0,54.0,61.0,82.0,99.0,113.0,122.0,128.0,127.0,115.0,110.0
3258,Mongolia,Alcoholic Beverages,Other uses (non-food),2.0,4.0,4.0,3.0,1.0,1.0,1.0,1.0,2.0,4.0,4.0,3.0,3.0,3.0,4.0,2.0,4.0,3.0
3259,Mongolia,Alcoholic Beverages,Human Consumption,29.0,27.0,29.0,33.0,33.0,28.0,32.0,46.0,53.0,57.0,78.0,96.0,110.0,119.0,124.0,125.0,111.0,107.0
3260,Mongolia,Milk - Excluding Butter,Other uses (non-food),1.0,1.0,0.0,0.0,0.0,0.0,0.0,0.0,0.0,0.0,0.0,0.0,0.0,0.0,0.0,0.0,0.0,0.0
3261,Mongolia,Meat,Processing,0.0,0.0,0.0,0.0,0.0,0.0,1.0,1.0,1.0,1.0,1.0,1.0,1.0,1.0,0.0,0.0,0.0,0.0
3262,Mongolia,Meat,Export,17.0,20.0,23.0,15.0,9.0,9.0,12.0,11.0,11.0,17.0,19.0,11.0,3.0,2.0,4.0,5.0,10.0,33.0
3263,Mongolia,Spices,Import,0.0,0.0,0.0,0.0,0.0,0.0,0.0,1.0,0.0,0.0,0.0,0.0,0.0,0.0,0.0,0.0,0.0,0.0
3264,Mongolia,Meat,Import,0.0,0.0,0.0,1.0,0.0,1.0,1.0,1.0,2.0,2.0,5.0,6.0,6.0,9.0,12.0,9.0,10.0,13.0
3265,Mongolia,Meat,Stock Variation,-30.0,15.0,4.0,33.0,-5.0,-1.0,10.0,6.0,0.0,-10.0,10.0,0.0,0.0,0.0,0.0,103.0,59.0,49.0
3266,Mongolia,Animal fats,Import,1.0,0.0,1.0,1.0,1.0,1.0,2.0,2.0,3.0,2.0,3.0,3.0,2.0,3.0,4.0,4.0,3.0,4.0
3267,Mongolia,Animal fats,Stock Variation,0.0,0.0,0.0,0.0,0.0,0.0,0.0,0.0,0.0,0.0,0.0,0.0,0.0,0.0,0.0,0.0,0.0,0.0
3268,Mongolia,Animal fats,Export,0.0,0.0,0.0,0.0,0.0,0.0,0.0,0.0,0.0,0.0,0.0,0.0,0.0,0.0,0.0,0.0,1.0,2.0
3269,Mongolia,Animal fats,Domestic supply,11.0,9.0,10.0,9.0,11.0,10.0,10.0,12.0,14.0,15.0,14.0,14.0,13.0,16.0,13.0,16.0,14.0,14.0
3270,Mongolia,Animal fats,Losses,0.0,0.0,0.0,0.0,0.0,0.0,0.0,0.0,0.0,0.0,0.0,0.0,0.0,0.0,0.0,0.0,0.0,0.0
3271,Mongolia,Animal fats,Human Consumption,7.0,6.0,8.0,7.0,8.0,8.0,8.0,10.0,11.0,12.0,10.0,11.0,10.0,11.0,10.0,14.0,12.0,13.0
3272,Mongolia,Offals,Production,60.0,48.0,47.0,40.0,48.0,44.0,42.0,49.0,57.0,73.0,55.0,57.0,56.0,66.0,58.0,88.0,79.0,84.0
3273,Mongolia,Animal fats,Other uses (non-food),3.0,2.0,2.0,2.0,3.0,3.0,2.0,2.0,4.0,3.0,3.0,3.0,4.0,5.0,3.0,3.0,2.0,2.0
3274,Mongolia,Offals,Export,1.0,3.0,2.0,1.0,0.0,0.0,3.0,1.0,1.0,1.0,1.0,1.0,1.0,1.0,0.0,0.0,0.0,0.0
3275,Mongolia,Offals,Domestic supply,59.0,44.0,45.0,39.0,48.0,44.0,39.0,48.0,56.0,72.0,54.0,56.0,55.0,65.0,58.0,88.0,79.0,84.0
3276,Mongolia,Offals,Losses,0.0,0.0,0.0,0.0,0.0,0.0,0.0,0.0,0.0,0.0,0.0,0.0,0.0,0.0,2.0,2.0,2.0,2.0
3277,Mongolia,Offals,Other uses (non-food),31.0,15.0,16.0,10.0,17.0,15.0,15.0,19.0,27.0,43.0,25.0,27.0,26.0,35.0,29.0,46.0,40.0,43.0
3278,Mongolia,Offals,Human Consumption,28.0,29.0,29.0,29.0,31.0,29.0,25.0,29.0,29.0,29.0,29.0,29.0,29.0,29.0,28.0,40.0,37.0,39.0
3279,Mongolia,Meat,Production,288.0,216.0,203.0,156.0,198.0,188.0,172.0,190.0,221.0,271.0,206.0,210.0,222.0,251.0,244.0,374.0,335.0,355.0
3280,Mongolia,Animal fats,Production,10.0,8.0,10.0,8.0,10.0,10.0,9.0,10.0,11.0,13.0,11.0,12.0,11.0,14.0,9.0,13.0,12.0,13.0
3281,Mongolia,Offals,Import,0.0,0.0,0.0,0.0,0.0,0.0,0.0,0.0,0.0,0.0,0.0,0.0,0.0,0.0,0.0,0.0,0.0,0.0
3282,Montenegro,Vegetable Oils,Export,0.0,0.0,0.0,0.0,0.0,0.0,0.0,0.0,0.0,0.0,1.0,1.0,2.0,2.0,3.0,0.0,0.0,0.0
3283,Montenegro,Vegetables,Human Consumption,0.0,0.0,0.0,0.0,0.0,0.0,118.0,113.0,151.0,153.0,150.0,150.0,146.0,148.0,55.0,72.0,72.0,68.0
3284,Montenegro,Vegetable Oils,Production,0.0,0.0,0.0,0.0,0.0,0.0,0.0,0.0,0.0,0.0,0.0,0.0,0.0,0.0,0.0,0.0,0.0,0.0
3285,Montenegro,Vegetable Oils,Import,0.0,0.0,0.0,0.0,0.0,0.0,12.0,10.0,11.0,13.0,13.0,12.0,13.0,13.0,14.0,14.0,14.0,15.0
3286,Montenegro,Vegetable Oils,Stock Variation,0.0,0.0,0.0,0.0,0.0,0.0,0.0,0.0,0.0,0.0,0.0,0.0,0.0,0.0,-1.0,1.0,1.0,1.0
3287,Montenegro,Vegetable Oils,Domestic supply,0.0,0.0,0.0,0.0,0.0,0.0,12.0,10.0,11.0,13.0,12.0,12.0,11.0,12.0,11.0,13.0,13.0,14.0
3288,Montenegro,Sugar & Sweeteners,Losses,0.0,0.0,0.0,0.0,0.0,0.0,0.0,0.0,0.0,0.0,0.0,0.0,0.0,0.0,0.0,0.0,0.0,0.0
3289,Montenegro,Vegetable Oils,Human Consumption,0.0,0.0,0.0,0.0,0.0,0.0,7.0,5.0,5.0,6.0,5.0,6.0,5.0,5.0,6.0,6.0,6.0,6.0
3290,Montenegro,Sugar & Sweeteners,Production,0.0,0.0,0.0,0.0,0.0,0.0,1.0,1.0,1.0,1.0,1.0,1.0,1.0,1.0,1.0,1.0,1.0,1.0
3291,Montenegro,Sugar & Sweeteners,Import,0.0,0.0,0.0,0.0,0.0,0.0,41.0,46.0,42.0,34.0,31.0,34.0,33.0,35.0,75.0,79.0,81.0,85.0
3292,Montenegro,Sugar & Sweeteners,Stock Variation,0.0,0.0,0.0,0.0,0.0,0.0,0.0,0.0,0.0,0.0,0.0,0.0,0.0,0.0,-9.0,-5.0,0.0,0.0
3293,Montenegro,Sugar & Sweeteners,Export,0.0,0.0,0.0,0.0,0.0,0.0,3.0,1.0,1.0,0.0,0.0,1.0,0.0,0.0,0.0,0.0,1.0,0.0
3294,Montenegro,Sugar & Sweeteners,Domestic supply,0.0,0.0,0.0,0.0,0.0,0.0,39.0,46.0,42.0,34.0,32.0,34.0,34.0,36.0,85.0,85.0,81.0,87.0
3295,Montenegro,Vegetables,Losses,0.0,0.0,0.0,0.0,0.0,0.0,13.0,12.0,15.0,15.0,16.0,16.0,15.0,15.0,5.0,6.0,6.0,6.0
3296,Montenegro,Sugar & Sweeteners,Processing,0.0,0.0,0.0,0.0,0.0,0.0,0.0,0.0,0.0,0.0,0.0,0.0,0.0,0.0,0.0,0.0,0.0,0.0
3297,Montenegro,Vegetable Oils,Other uses (non-food),0.0,0.0,0.0,0.0,0.0,0.0,5.0,5.0,6.0,7.0,7.0,6.0,6.0,7.0,6.0,8.0,8.0,8.0
3298,Montenegro,Vegetables,Domestic supply,0.0,0.0,0.0,0.0,0.0,0.0,130.0,125.0,166.0,169.0,166.0,166.0,161.0,163.0,60.0,78.0,78.0,74.0
3299,Montenegro,Fruits - Excluding Wine,Feed,0.0,0.0,0.0,0.0,0.0,0.0,0.0,3.0,3.0,3.0,1.0,3.0,2.0,6.0,3.0,3.0,2.0,2.0
3300,Montenegro,Vegetables,Stock Variation,0.0,0.0,0.0,0.0,0.0,0.0,0.0,0.0,0.0,0.0,0.0,0.0,0.0,0.0,0.0,1.0,1.0,1.0
3301,Montenegro,Stimulants,Stock Variation,0.0,0.0,0.0,0.0,0.0,0.0,-3.0,0.0,1.0,-2.0,0.0,0.0,0.0,0.0,-1.0,0.0,0.0,0.0
3302,Montenegro,Sugar & Sweeteners,Other uses (non-food),0.0,0.0,0.0,0.0,0.0,0.0,11.0,17.0,13.0,7.0,5.0,4.0,4.0,6.0,4.0,4.0,4.0,4.0
3303,Montenegro,Stimulants,Export,0.0,0.0,0.0,0.0,0.0,0.0,0.0,0.0,0.0,0.0,0.0,1.0,1.0,1.0,0.0,0.0,0.0,0.0
3304,Montenegro,Stimulants,Domestic supply,0.0,0.0,0.0,0.0,0.0,0.0,10.0,12.0,13.0,14.0,16.0,12.0,7.0,8.0,5.0,4.0,4.0,4.0
3305,Montenegro,Stimulants,Losses,0.0,0.0,0.0,0.0,0.0,0.0,0.0,0.0,0.0,0.0,0.0,0.0,0.0,0.0,0.0,0.0,0.0,0.0
3306,Montenegro,Stimulants,Human Consumption,0.0,0.0,0.0,0.0,0.0,0.0,10.0,12.0,13.0,14.0,16.0,12.0,7.0,8.0,5.0,4.0,4.0,4.0
3307,Montenegro,Fruits - Excluding Wine,Production,0.0,0.0,0.0,0.0,0.0,0.0,73.0,65.0,76.0,80.0,77.0,76.0,64.0,71.0,52.0,59.0,66.0,59.0
3308,Montenegro,Vegetables,Export,0.0,0.0,0.0,0.0,0.0,0.0,3.0,4.0,2.0,2.0,7.0,7.0,4.0,2.0,3.0,3.0,2.0,2.0
3309,Montenegro,Fruits - Excluding Wine,Import,0.0,0.0,0.0,0.0,0.0,0.0,45.0,80.0,101.0,89.0,68.0,65.0,51.0,55.0,44.0,48.0,50.0,50.0
3310,Montenegro,Fruits - Excluding Wine,Export,0.0,0.0,0.0,0.0,0.0,0.0,4.0,5.0,5.0,8.0,12.0,8.0,5.0,5.0,4.0,3.0,3.0,2.0
3311,Montenegro,Fruits - Excluding Wine,Domestic supply,0.0,0.0,0.0,0.0,0.0,0.0,114.0,141.0,172.0,159.0,136.0,133.0,110.0,121.0,93.0,105.0,112.0,107.0
3312,Montenegro,Sugar Crops,Feed,0.0,0.0,0.0,0.0,0.0,0.0,0.0,0.0,0.0,0.0,0.0,0.0,0.0,0.0,0.0,0.0,0.0,0.0
3313,Montenegro,Fruits - Excluding Wine,Processing,0.0,0.0,0.0,0.0,0.0,0.0,25.0,20.0,26.0,26.0,27.0,18.0,26.0,24.0,18.0,25.0,27.0,22.0
3314,Montenegro,Fruits - Excluding Wine,Human Consumption,0.0,0.0,0.0,0.0,0.0,0.0,84.0,114.0,138.0,124.0,103.0,106.0,75.0,85.0,68.0,72.0,78.0,78.0
3315,Montenegro,Vegetables,Production,0.0,0.0,0.0,0.0,0.0,0.0,121.0,111.0,138.0,140.0,146.0,144.0,135.0,133.0,34.0,46.0,43.0,39.0
3316,Montenegro,Vegetables,Import,0.0,0.0,0.0,0.0,0.0,0.0,12.0,18.0,31.0,30.0,26.0,29.0,31.0,32.0,29.0,35.0,37.0,39.0
3317,Montenegro,Fruits - Excluding Wine,Stock Variation,0.0,0.0,0.0,0.0,0.0,0.0,0.0,0.0,0.0,-2.0,2.0,0.0,0.0,0.0,-2.0,-1.0,0.0,0.0
3318,Montenegro,Sugar & Sweeteners,Human Consumption,0.0,0.0,0.0,0.0,0.0,0.0,28.0,29.0,29.0,27.0,27.0,30.0,30.0,30.0,81.0,81.0,77.0,82.0
3319,Montenegro,Oilcrops,Stock Variation,0.0,0.0,0.0,0.0,0.0,0.0,0.0,0.0,0.0,0.0,0.0,0.0,0.0,0.0,0.0,0.0,0.0,1.0
3320,Montenegro,Pulses,Import,0.0,0.0,0.0,0.0,0.0,0.0,0.0,1.0,1.0,1.0,1.0,1.0,1.0,1.0,1.0,1.0,1.0,1.0
3321,Montenegro,Oilcrops,Other uses (non-food),0.0,0.0,0.0,0.0,0.0,0.0,0.0,0.0,0.0,0.0,0.0,0.0,0.0,0.0,0.0,0.0,0.0,0.0
3322,Montenegro,Oilcrops,Human Consumption,0.0,0.0,0.0,0.0,0.0,0.0,1.0,1.0,1.0,1.0,2.0,2.0,3.0,3.0,1.0,1.0,1.0,1.0
3323,Montenegro,Starchy Roots,Production,0.0,0.0,0.0,0.0,0.0,0.0,133.0,107.0,134.0,156.0,149.0,180.0,133.0,149.0,24.0,27.0,30.0,28.0
3324,Montenegro,Starchy Roots,Import,0.0,0.0,0.0,0.0,0.0,0.0,3.0,8.0,14.0,10.0,9.0,11.0,12.0,13.0,11.0,11.0,10.0,12.0
3325,Montenegro,Starchy Roots,Stock Variation,0.0,0.0,0.0,0.0,0.0,0.0,-8.0,8.0,0.0,0.0,0.0,-20.0,20.0,0.0,0.0,0.0,1.0,1.0
3326,Montenegro,Starchy Roots,Export,0.0,0.0,0.0,0.0,0.0,0.0,0.0,0.0,0.0,0.0,0.0,0.0,0.0,0.0,0.0,0.0,0.0,0.0
3327,Montenegro,Starchy Roots,Domestic supply,0.0,0.0,0.0,0.0,0.0,0.0,128.0,123.0,148.0,166.0,158.0,171.0,164.0,162.0,35.0,38.0,39.0,38.0
3328,Montenegro,Starchy Roots,Feed,0.0,0.0,0.0,0.0,0.0,0.0,80.0,60.0,80.0,85.0,80.0,100.0,85.0,80.0,17.0,18.0,19.0,18.0
3329,Montenegro,Starchy Roots,Seed,0.0,0.0,0.0,0.0,0.0,0.0,2.0,2.0,2.0,2.0,2.0,2.0,3.0,3.0,0.0,0.0,0.0,1.0
3330,Montenegro,Starchy Roots,Losses,0.0,0.0,0.0,0.0,0.0,0.0,4.0,4.0,4.0,5.0,5.0,6.0,5.0,5.0,3.0,3.0,1.0,3.0
3331,Montenegro,Starchy Roots,Other uses (non-food),0.0,0.0,0.0,0.0,0.0,0.0,0.0,0.0,0.0,0.0,0.0,0.0,0.0,0.0,0.0,0.0,0.0,0.0
3332,Montenegro,Starchy Roots,Human Consumption,0.0,0.0,0.0,0.0,0.0,0.0,42.0,57.0,61.0,73.0,71.0,63.0,71.0,74.0,15.0,16.0,19.0,16.0
3333,Montenegro,Sugar Crops,Import,0.0,0.0,0.0,0.0,0.0,0.0,0.0,0.0,0.0,0.0,0.0,0.0,0.0,0.0,0.0,0.0,0.0,0.0
3334,Montenegro,Sugar Crops,Domestic supply,0.0,0.0,0.0,0.0,0.0,0.0,0.0,0.0,0.0,0.0,0.0,0.0,0.0,0.0,0.0,0.0,0.0,0.0
3335,Montenegro,Stimulants,Import,0.0,0.0,0.0,0.0,0.0,0.0,13.0,11.0,12.0,16.0,16.0,12.0,8.0,9.0,4.0,4.0,4.0,4.0
3336,Montenegro,Oilcrops,Processing,0.0,0.0,0.0,0.0,0.0,0.0,2.0,1.0,2.0,1.0,1.0,1.0,1.0,1.0,0.0,0.0,0.0,0.0
3337,Montenegro,Oilcrops,Losses,0.0,0.0,0.0,0.0,0.0,0.0,0.0,0.0,0.0,0.0,0.0,0.0,0.0,0.0,0.0,0.0,0.0,0.0
3338,Montenegro,Oilcrops,Feed,0.0,0.0,0.0,0.0,0.0,0.0,0.0,0.0,0.0,0.0,1.0,1.0,0.0,0.0,0.0,0.0,2.0,1.0
3339,Montenegro,Oilcrops,Domestic supply,0.0,0.0,0.0,0.0,0.0,0.0,3.0,2.0,3.0,3.0,4.0,3.0,4.0,4.0,1.0,2.0,3.0,3.0
3340,Montenegro,Pulses,Stock Variation,0.0,0.0,0.0,0.0,0.0,0.0,0.0,0.0,0.0,0.0,0.0,0.0,0.0,0.0,-1.0,0.0,0.0,0.0
3341,Montenegro,Pulses,Export,0.0,0.0,0.0,0.0,0.0,0.0,0.0,0.0,0.0,0.0,0.0,0.0,0.0,0.0,0.0,0.0,0.0,0.0
3342,Montenegro,Pulses,Domestic supply,0.0,0.0,0.0,0.0,0.0,0.0,3.0,3.0,3.0,3.0,4.0,4.0,4.0,4.0,3.0,3.0,3.0,3.0
3343,Montenegro,Pulses,Feed,0.0,0.0,0.0,0.0,0.0,0.0,0.0,0.0,0.0,0.0,0.0,0.0,0.0,0.0,0.0,0.0,0.0,0.0
3344,Montenegro,Pulses,Losses,0.0,0.0,0.0,0.0,0.0,0.0,0.0,0.0,0.0,0.0,0.0,0.0,0.0,0.0,0.0,0.0,0.0,0.0
3345,Montenegro,Pulses,Human Consumption,0.0,0.0,0.0,0.0,0.0,0.0,3.0,3.0,3.0,3.0,4.0,4.0,4.0,4.0,3.0,2.0,3.0,3.0
3346,Montenegro,Treenuts,Production,0.0,0.0,0.0,0.0,0.0,0.0,1.0,1.0,1.0,1.0,1.0,1.0,1.0,1.0,1.0,1.0,1.0,1.0
3347,Montenegro,Pulses,Production,0.0,0.0,0.0,0.0,0.0,0.0,2.0,2.0,3.0,3.0,3.0,3.0,3.0,3.0,2.0,2.0,2.0,2.0
3348,Montenegro,Treenuts,Import,0.0,0.0,0.0,0.0,0.0,0.0,0.0,0.0,1.0,1.0,1.0,1.0,1.0,1.0,1.0,0.0,1.0,1.0
3349,Montenegro,Treenuts,Export,0.0,0.0,0.0,0.0,0.0,0.0,0.0,0.0,0.0,0.0,0.0,0.0,0.0,0.0,0.0,0.0,0.0,0.0
3350,Montenegro,Treenuts,Domestic supply,0.0,0.0,0.0,0.0,0.0,0.0,1.0,1.0,2.0,2.0,2.0,2.0,2.0,2.0,1.0,1.0,1.0,1.0
3351,Montenegro,Treenuts,Losses,0.0,0.0,0.0,0.0,0.0,0.0,0.0,0.0,0.0,0.0,0.0,0.0,0.0,0.0,0.0,0.0,0.0,0.0
3352,Montenegro,Treenuts,Human Consumption,0.0,0.0,0.0,0.0,0.0,0.0,1.0,1.0,1.0,2.0,2.0,2.0,2.0,2.0,1.0,1.0,1.0,1.0
3353,Montenegro,Oilcrops,Production,0.0,0.0,0.0,0.0,0.0,0.0,2.0,1.0,2.0,2.0,2.0,2.0,3.0,3.0,0.0,0.0,0.0,0.0
3354,Montenegro,Oilcrops,Import,0.0,0.0,0.0,0.0,0.0,0.0,1.0,1.0,1.0,1.0,2.0,2.0,1.0,1.0,1.0,2.0,3.0,3.0
3355,Montenegro,Oilcrops,Export,0.0,0.0,0.0,0.0,0.0,0.0,0.0,0.0,0.0,0.0,0.0,0.0,0.0,0.0,0.0,0.0,0.0,0.0
3356,Montenegro,Treenuts,Stock Variation,0.0,0.0,0.0,0.0,0.0,0.0,0.0,0.0,0.0,0.0,0.0,0.0,0.0,0.0,0.0,0.0,0.0,0.0
3357,Montenegro,Stimulants,Production,0.0,0.0,0.0,0.0,0.0,0.0,0.0,0.0,0.0,0.0,0.0,0.0,0.0,0.0,0.0,0.0,0.0,0.0
3358,Montenegro,Fruits - Excluding Wine,Losses,0.0,0.0,0.0,0.0,0.0,0.0,5.0,4.0,5.0,5.0,5.0,5.0,5.0,5.0,5.0,6.0,6.0,5.0
3359,Montenegro,Spices,Domestic supply,0.0,0.0,0.0,0.0,0.0,0.0,0.0,0.0,0.0,0.0,0.0,0.0,0.0,0.0,0.0,0.0,0.0,0.0
3360,Montenegro,"Fish, Seafood",Other uses (non-food),0.0,0.0,0.0,0.0,0.0,0.0,0.0,0.0,0.0,0.0,0.0,0.0,0.0,0.0,0.0,0.0,0.0,0.0
3361,Montenegro,"Fish, Seafood",Human Consumption,0.0,0.0,0.0,0.0,0.0,0.0,5.0,6.0,7.0,7.0,7.0,7.0,7.0,8.0,7.0,8.0,8.0,9.0
3362,Montenegro,Eggs,Production,0.0,0.0,0.0,0.0,0.0,0.0,2.0,4.0,3.0,3.0,3.0,4.0,3.0,4.0,4.0,6.0,7.0,6.0
3363,Montenegro,Eggs,Import,0.0,0.0,0.0,0.0,0.0,0.0,0.0,0.0,1.0,1.0,1.0,2.0,2.0,3.0,3.0,2.0,2.0,2.0
3364,Montenegro,Eggs,Export,0.0,0.0,0.0,0.0,0.0,0.0,0.0,0.0,0.0,0.0,0.0,0.0,0.0,0.0,0.0,0.0,0.0,0.0
3365,Montenegro,Eggs,Domestic supply,0.0,0.0,0.0,0.0,0.0,0.0,3.0,4.0,3.0,4.0,4.0,6.0,5.0,7.0,7.0,8.0,9.0,8.0
3366,Montenegro,Eggs,Seed,0.0,0.0,0.0,0.0,0.0,0.0,0.0,0.0,0.0,0.0,0.0,0.0,0.0,0.0,0.0,0.0,0.0,0.0
3367,Montenegro,Eggs,Losses,0.0,0.0,0.0,0.0,0.0,0.0,0.0,0.0,0.0,0.0,0.0,0.0,0.0,0.0,0.0,0.0,0.0,0.0
3368,Montenegro,Eggs,Human Consumption,0.0,0.0,0.0,0.0,0.0,0.0,3.0,4.0,3.0,4.0,4.0,5.0,5.0,7.0,7.0,8.0,8.0,8.0
3369,Montenegro,Milk - Excluding Butter,Production,0.0,0.0,0.0,0.0,0.0,0.0,183.0,178.0,165.0,157.0,147.0,206.0,160.0,184.0,187.0,179.0,176.0,178.0
3370,Montenegro,Milk - Excluding Butter,Import,0.0,0.0,0.0,0.0,0.0,0.0,55.0,64.0,83.0,76.0,74.0,80.0,84.0,83.0,72.0,78.0,83.0,81.0
3371,Montenegro,Milk - Excluding Butter,Stock Variation,0.0,0.0,0.0,0.0,0.0,0.0,0.0,0.0,-9.0,9.0,0.0,-30.0,0.0,0.0,0.0,0.0,0.0,0.0
3372,Montenegro,Milk - Excluding Butter,Export,0.0,0.0,0.0,0.0,0.0,0.0,0.0,0.0,0.0,0.0,0.0,0.0,0.0,2.0,1.0,1.0,0.0,1.0
3373,Montenegro,Milk - Excluding Butter,Domestic supply,0.0,0.0,0.0,0.0,0.0,0.0,238.0,242.0,238.0,242.0,221.0,255.0,244.0,265.0,259.0,256.0,258.0,258.0
3374,Montenegro,Milk - Excluding Butter,Feed,0.0,0.0,0.0,0.0,0.0,0.0,17.0,16.0,16.0,20.0,19.0,37.0,42.0,43.0,14.0,41.0,17.0,10.0
3375,Montenegro,"Fish, Seafood",Feed,0.0,0.0,0.0,0.0,0.0,0.0,1.0,0.0,0.0,0.0,0.0,0.0,0.0,0.0,0.0,0.0,0.0,0.0
3376,Montenegro,"Fish, Seafood",Domestic supply,0.0,0.0,0.0,0.0,0.0,0.0,6.0,6.0,7.0,7.0,7.0,7.0,7.0,8.0,7.0,8.0,9.0,9.0
3377,Montenegro,"Fish, Seafood",Export,0.0,0.0,0.0,0.0,0.0,0.0,1.0,0.0,0.0,0.0,0.0,0.0,0.0,0.0,0.0,0.0,0.0,0.0
3378,Montenegro,"Fish, Seafood",Import,0.0,0.0,0.0,0.0,0.0,0.0,4.0,5.0,5.0,5.0,5.0,5.0,5.0,5.0,5.0,5.0,6.0,7.0
3379,Montenegro,Spices,Human Consumption,0.0,0.0,0.0,0.0,0.0,0.0,0.0,0.0,0.0,0.0,0.0,0.0,0.0,0.0,0.0,0.0,0.0,0.0
3380,Montenegro,Cereals - Excluding Beer,Production,0.0,0.0,0.0,0.0,0.0,0.0,14.0,10.0,16.0,17.0,16.0,18.0,13.0,8.0,8.0,7.0,7.0,7.0
3381,Montenegro,Cereals - Excluding Beer,Import,0.0,0.0,0.0,0.0,0.0,0.0,141.0,135.0,144.0,166.0,136.0,144.0,149.0,148.0,131.0,136.0,130.0,126.0
3382,Montenegro,Cereals - Excluding Beer,Stock Variation,0.0,0.0,0.0,0.0,0.0,0.0,-3.0,3.0,0.0,-15.0,15.0,0.0,0.0,0.0,1.0,3.0,1.0,1.0
3383,Montenegro,Cereals - Excluding Beer,Export,0.0,0.0,0.0,0.0,0.0,0.0,3.0,1.0,4.0,14.0,6.0,5.0,12.0,12.0,10.0,9.0,8.0,4.0
3384,Montenegro,Cereals - Excluding Beer,Domestic supply,0.0,0.0,0.0,0.0,0.0,0.0,150.0,146.0,156.0,154.0,161.0,156.0,151.0,143.0,128.0,131.0,128.0,128.0
3385,Montenegro,Cereals - Excluding Beer,Feed,0.0,0.0,0.0,0.0,0.0,0.0,42.0,33.0,41.0,50.0,51.0,49.0,51.0,44.0,54.0,56.0,51.0,42.0
3386,Montenegro,Milk - Excluding Butter,Losses,0.0,0.0,0.0,0.0,0.0,0.0,4.0,4.0,4.0,3.0,3.0,4.0,3.0,4.0,9.0,9.0,8.0,8.0
3387,Montenegro,Cereals - Excluding Beer,Seed,0.0,0.0,0.0,0.0,0.0,0.0,1.0,1.0,1.0,1.0,1.0,1.0,0.0,0.0,0.0,0.0,0.0,1.0
3388,Montenegro,Cereals - Excluding Beer,Processing,0.0,0.0,0.0,0.0,0.0,0.0,4.0,5.0,5.0,4.0,4.0,4.0,4.0,4.0,26.0,26.0,26.0,27.0
3389,Montenegro,Cereals - Excluding Beer,Other uses (non-food),0.0,0.0,0.0,0.0,0.0,0.0,9.0,11.0,13.0,7.0,11.0,11.0,10.0,10.0,9.0,9.0,8.0,9.0
3390,Montenegro,Cereals - Excluding Beer,Human Consumption,0.0,0.0,0.0,0.0,0.0,0.0,90.0,94.0,91.0,87.0,90.0,87.0,80.0,81.0,60.0,61.0,68.0,69.0
3391,Montenegro,"Aquatic Products, Other",Import,0.0,0.0,0.0,0.0,0.0,0.0,0.0,0.0,0.0,0.0,0.0,0.0,0.0,0.0,0.0,0.0,0.0,0.0
3392,Montenegro,"Aquatic Products, Other",Domestic supply,0.0,0.0,0.0,0.0,0.0,0.0,0.0,0.0,0.0,0.0,0.0,0.0,0.0,0.0,0.0,0.0,0.0,0.0
3393,Montenegro,"Aquatic Products, Other",Other uses (non-food),0.0,0.0,0.0,0.0,0.0,0.0,0.0,0.0,0.0,0.0,0.0,0.0,0.0,0.0,0.0,0.0,0.0,0.0
3394,Montenegro,"Aquatic Products, Other",Human Consumption,0.0,0.0,0.0,0.0,0.0,0.0,0.0,0.0,0.0,0.0,0.0,0.0,0.0,0.0,0.0,0.0,0.0,0.0
3395,Montenegro,Cereals - Excluding Beer,Losses,0.0,0.0,0.0,0.0,0.0,0.0,4.0,3.0,5.0,6.0,5.0,6.0,6.0,5.0,6.0,6.0,6.0,5.0
3396,Montenegro,Milk - Excluding Butter,Processing,0.0,0.0,0.0,0.0,0.0,0.0,0.0,0.0,0.0,0.0,0.0,0.0,0.0,0.0,0.0,0.0,0.0,0.0
3397,Montenegro,"Fish, Seafood",Production,0.0,0.0,0.0,0.0,0.0,0.0,2.0,1.0,2.0,2.0,2.0,2.0,2.0,2.0,2.0,2.0,3.0,2.0
3398,Montenegro,Animal fats,Production,0.0,0.0,0.0,0.0,0.0,0.0,1.0,1.0,1.0,1.0,1.0,1.0,1.0,1.0,1.0,1.0,1.0,1.0
3399,Montenegro,Miscellaneous,Import,0.0,0.0,0.0,0.0,0.0,0.0,0.0,0.0,0.0,0.0,0.0,0.0,0.0,0.0,10.0,10.0,11.0,12.0
3400,Montenegro,Miscellaneous,Stock Variation,0.0,0.0,0.0,0.0,0.0,0.0,0.0,0.0,0.0,0.0,0.0,0.0,0.0,0.0,0.0,0.0,0.0,0.0
3401,Montenegro,Miscellaneous,Export,0.0,0.0,0.0,0.0,0.0,0.0,0.0,0.0,0.0,0.0,0.0,0.0,0.0,0.0,1.0,0.0,0.0,0.0
3402,Montenegro,Miscellaneous,Domestic supply,0.0,0.0,0.0,0.0,0.0,0.0,0.0,0.0,0.0,0.0,0.0,0.0,0.0,0.0,9.0,10.0,11.0,12.0
3403,Montenegro,Miscellaneous,Human Consumption,0.0,0.0,0.0,0.0,0.0,0.0,0.0,0.0,0.0,0.0,0.0,0.0,0.0,0.0,9.0,10.0,11.0,12.0
3404,Montenegro,Alcoholic Beverages,Production,0.0,0.0,0.0,0.0,0.0,0.0,23.0,19.0,24.0,23.0,23.0,17.0,23.0,21.0,47.0,52.0,54.0,52.0
3405,Montenegro,Alcoholic Beverages,Stock Variation,0.0,0.0,0.0,0.0,0.0,0.0,0.0,0.0,0.0,0.0,0.0,0.0,0.0,0.0,31.0,35.0,31.0,29.0
3406,Montenegro,Alcoholic Beverages,Export,0.0,0.0,0.0,0.0,0.0,0.0,26.0,25.0,21.0,15.0,14.0,14.0,14.0,14.0,15.0,17.0,16.0,15.0
3407,Montenegro,Alcoholic Beverages,Domestic supply,0.0,0.0,0.0,0.0,0.0,0.0,13.0,15.0,21.0,21.0,22.0,17.0,24.0,23.0,19.0,21.0,27.0,30.0
3408,Montenegro,Alcoholic Beverages,Other uses (non-food),0.0,0.0,0.0,0.0,0.0,0.0,0.0,0.0,0.0,0.0,0.0,0.0,0.0,0.0,0.0,0.0,0.0,0.0
3409,Montenegro,Alcoholic Beverages,Human Consumption,0.0,0.0,0.0,0.0,0.0,0.0,13.0,15.0,21.0,21.0,22.0,17.0,24.0,23.0,19.0,21.0,27.0,30.0
3410,Montenegro,Spices,Import,0.0,0.0,0.0,0.0,0.0,0.0,0.0,0.0,0.0,0.0,0.0,0.0,0.0,0.0,0.0,0.0,0.0,0.0
3411,Montenegro,Spices,Stock Variation,0.0,0.0,0.0,0.0,0.0,0.0,0.0,0.0,0.0,0.0,0.0,0.0,0.0,0.0,0.0,0.0,0.0,0.0
3412,Montenegro,Milk - Excluding Butter,Human Consumption,0.0,0.0,0.0,0.0,0.0,0.0,217.0,222.0,219.0,219.0,198.0,214.0,197.0,217.0,236.0,207.0,233.0,245.0
3413,Montenegro,Spices,Export,0.0,0.0,0.0,0.0,0.0,0.0,0.0,0.0,0.0,0.0,0.0,0.0,0.0,0.0,0.0,0.0,0.0,0.0
3414,Montenegro,Meat,Human Consumption,0.0,0.0,0.0,0.0,0.0,0.0,38.0,38.0,43.0,44.0,49.0,49.0,52.0,52.0,47.0,46.0,47.0,46.0
3415,Montenegro,Meat,Domestic supply,0.0,0.0,0.0,0.0,0.0,0.0,38.0,38.0,43.0,44.0,49.0,49.0,52.0,52.0,47.0,46.0,47.0,46.0
3416,Montenegro,Alcoholic Beverages,Import,0.0,0.0,0.0,0.0,0.0,0.0,17.0,21.0,18.0,13.0,13.0,13.0,15.0,16.0,17.0,21.0,20.0,23.0
3417,Montenegro,Meat,Stock Variation,0.0,0.0,0.0,0.0,0.0,0.0,4.0,0.0,-5.0,-3.0,0.0,0.0,0.0,0.0,1.0,1.0,1.0,4.0
3418,Montenegro,Animal fats,Stock Variation,0.0,0.0,0.0,0.0,0.0,0.0,0.0,0.0,0.0,0.0,0.0,0.0,0.0,0.0,0.0,0.0,0.0,0.0
3419,Montenegro,Animal fats,Import,0.0,0.0,0.0,0.0,0.0,0.0,1.0,2.0,2.0,1.0,1.0,1.0,1.0,1.0,2.0,1.0,1.0,2.0
3420,Montenegro,Meat,Export,0.0,0.0,0.0,0.0,0.0,0.0,0.0,1.0,1.0,2.0,2.0,2.0,2.0,3.0,14.0,3.0,3.0,3.0
3421,Montenegro,Animal fats,Export,0.0,0.0,0.0,0.0,0.0,0.0,0.0,0.0,0.0,0.0,0.0,0.0,1.0,1.0,1.0,0.0,0.0,0.0
3422,Montenegro,Animal fats,Domestic supply,0.0,0.0,0.0,0.0,0.0,0.0,2.0,3.0,2.0,2.0,2.0,2.0,1.0,2.0,2.0,2.0,2.0,3.0
3423,Montenegro,Animal fats,Losses,0.0,0.0,0.0,0.0,0.0,0.0,0.0,0.0,0.0,0.0,0.0,0.0,0.0,0.0,0.0,0.0,0.0,0.0
3424,Montenegro,Animal fats,Other uses (non-food),0.0,0.0,0.0,0.0,0.0,0.0,0.0,0.0,0.0,0.0,0.0,0.0,0.0,0.0,0.0,0.0,0.0,0.0
3425,Montenegro,Offals,Production,0.0,0.0,0.0,0.0,0.0,0.0,1.0,1.0,1.0,1.0,1.0,1.0,1.0,1.0,1.0,1.0,1.0,1.0
3426,Montenegro,Offals,Import,0.0,0.0,0.0,0.0,0.0,0.0,0.0,1.0,1.0,1.0,1.0,1.0,1.0,1.0,1.0,1.0,1.0,1.0
3427,Montenegro,Animal fats,Human Consumption,0.0,0.0,0.0,0.0,0.0,0.0,2.0,3.0,2.0,2.0,2.0,2.0,2.0,2.0,2.0,2.0,2.0,3.0
3428,Montenegro,Offals,Stock Variation,0.0,0.0,0.0,0.0,0.0,0.0,0.0,0.0,0.0,0.0,0.0,0.0,0.0,0.0,0.0,0.0,0.0,0.0
3429,Montenegro,Offals,Export,0.0,0.0,0.0,0.0,0.0,0.0,0.0,0.0,0.0,0.0,0.0,0.0,0.0,0.0,0.0,0.0,0.0,0.0
3430,Montenegro,Offals,Domestic supply,0.0,0.0,0.0,0.0,0.0,0.0,1.0,1.0,2.0,2.0,2.0,1.0,2.0,1.0,2.0,2.0,1.0,2.0
3431,Montenegro,Offals,Losses,0.0,0.0,0.0,0.0,0.0,0.0,0.0,0.0,0.0,0.0,0.0,0.0,0.0,0.0,0.0,0.0,0.0,0.0
3432,Montenegro,Offals,Human Consumption,0.0,0.0,0.0,0.0,0.0,0.0,1.0,1.0,2.0,2.0,2.0,1.0,2.0,1.0,2.0,2.0,1.0,2.0
3433,Montenegro,Meat,Production,0.0,0.0,0.0,0.0,0.0,0.0,11.0,12.0,11.0,11.0,11.0,14.0,13.0,10.0,11.0,12.0,11.0,12.0
3434,Montenegro,Meat,Import,0.0,0.0,0.0,0.0,0.0,0.0,23.0,27.0,39.0,37.0,40.0,37.0,41.0,45.0,50.0,38.0,40.0,41.0
3435,Morocco,Vegetable Oils,Other uses (non-food),150.0,201.0,221.0,224.0,239.0,211.0,301.0,267.0,247.0,337.0,268.0,221.0,266.0,240.0,283.0,272.0,292.0,325.0
3436,Morocco,Vegetable Oils,Stock Variation,-4.0,5.0,1.0,5.0,0.0,-1.0,9.0,5.0,1.0,1.0,-21.0,4.0,16.0,15.0,36.0,48.0,40.0,91.0
3437,Morocco,Vegetable Oils,Production,139.0,108.0,149.0,161.0,233.0,180.0,205.0,195.0,174.0,229.0,248.0,197.0,179.0,161.0,199.0,205.0,197.0,183.0
3438,Morocco,Vegetable Oils,Export,8.0,3.0,10.0,14.0,55.0,40.0,48.0,25.0,26.0,18.0,53.0,56.0,38.0,117.0,49.0,71.0,70.0,67.0
3439,Morocco,Vegetable Oils,Domestic supply,473.0,520.0,526.0,555.0,563.0,537.0,632.0,625.0,591.0,704.0,622.0,579.0,656.0,630.0,683.0,655.0,701.0,722.0
3440,Morocco,Vegetable Oils,Processing,0.0,0.0,0.0,0.0,0.0,0.0,0.0,0.0,0.0,0.0,0.0,0.0,0.0,0.0,1.0,3.0,1.0,2.0
3441,Morocco,Vegetable Oils,Import,345.0,411.0,386.0,403.0,386.0,398.0,466.0,451.0,441.0,490.0,448.0,433.0,499.0,570.0,569.0,569.0,614.0,697.0
3442,Morocco,Vegetable Oils,Human Consumption,323.0,319.0,305.0,331.0,325.0,326.0,331.0,358.0,344.0,366.0,354.0,358.0,395.0,396.0,406.0,387.0,414.0,407.0
3443,Morocco,Sugar & Sweeteners,Processing,1.0,1.0,1.0,1.0,1.0,1.0,1.0,1.0,1.0,1.0,1.0,1.0,1.0,1.0,23.0,23.0,24.0,23.0
3444,Morocco,Sugar & Sweeteners,Import,565.0,522.0,586.0,564.0,613.0,630.0,680.0,764.0,774.0,1000.0,821.0,881.0,1023.0,964.0,801.0,947.0,1089.0,1199.0
3445,Morocco,Sugar & Sweeteners,Stock Variation,3.0,2.0,6.0,3.0,12.0,29.0,0.0,0.0,0.0,-140.0,32.0,32.0,32.0,32.0,-14.0,10.0,13.0,19.0
3446,Morocco,Sugar & Sweeteners,Export,14.0,15.0,21.0,21.0,29.0,51.0,27.0,23.0,19.0,20.0,36.0,17.0,33.0,54.0,60.0,258.0,398.0,493.0
3447,Morocco,Sugar & Sweeteners,Domestic supply,1080.0,1054.0,1089.0,1077.0,1112.0,1129.0,1101.0,1206.0,1269.0,1289.0,1235.0,1299.0,1296.0,1344.0,1303.0,1340.0,1396.0,1337.0
3448,Morocco,Sugar & Sweeteners,Feed,0.0,0.0,0.0,0.0,0.0,0.0,0.0,0.0,0.0,0.0,0.0,0.0,0.0,0.0,0.0,0.0,0.0,0.0
3449,Morocco,Sugar & Sweeteners,Losses,0.0,0.0,0.0,0.0,0.0,0.0,0.0,0.0,0.0,0.0,0.0,0.0,0.0,0.0,0.0,0.0,0.0,0.0
3450,Morocco,Sugar & Sweeteners,Other uses (non-food),0.0,0.0,0.0,0.0,0.0,0.0,0.0,0.0,0.0,0.0,32.0,32.0,32.0,32.0,31.0,33.0,34.0,0.0
3451,Morocco,Vegetables,Human Consumption,2658.0,2879.0,3324.0,3671.0,4612.0,3935.0,4927.0,4188.0,4191.0,4321.0,4324.0,4501.0,4437.0,4360.0,4143.0,4165.0,3155.0,3631.0
3452,Morocco,Sugar & Sweeteners,Human Consumption,1079.0,1053.0,1088.0,1077.0,1113.0,1130.0,1101.0,1206.0,1269.0,1288.0,1202.0,1266.0,1263.0,1311.0,1249.0,1284.0,1337.0,1336.0
3453,Morocco,Sugar & Sweeteners,Production,526.0,545.0,518.0,531.0,517.0,521.0,448.0,465.0,514.0,449.0,417.0,402.0,273.0,402.0,548.0,660.0,718.0,650.0
3454,Morocco,Vegetables,Processing,0.0,0.0,0.0,0.0,0.0,0.0,0.0,0.0,0.0,0.0,0.0,0.0,0.0,0.0,0.0,0.0,0.0,0.0
3455,Morocco,Stimulants,Processing,0.0,0.0,0.0,0.0,0.0,0.0,0.0,0.0,0.0,0.0,0.0,0.0,0.0,0.0,1.0,1.0,1.0,1.0
3456,Morocco,Vegetables,Feed,10.0,15.0,3.0,4.0,4.0,5.0,11.0,13.0,9.0,10.0,7.0,7.0,4.0,1.0,2.0,0.0,0.0,0.0
3457,Morocco,Pulses,Production,100.0,182.0,258.0,252.0,263.0,172.0,352.0,144.0,201.0,276.0,282.0,340.0,286.0,298.0,387.0,336.0,166.0,253.0
3458,Morocco,Stimulants,Stock Variation,0.0,0.0,0.0,0.0,0.0,0.0,0.0,0.0,0.0,0.0,0.0,0.0,0.0,0.0,-3.0,2.0,2.0,5.0
3459,Morocco,Stimulants,Export,6.0,5.0,9.0,10.0,8.0,8.0,9.0,10.0,9.0,10.0,9.0,8.0,9.0,9.0,7.0,6.0,8.0,8.0
3460,Morocco,Stimulants,Domestic supply,76.0,72.0,81.0,77.0,77.0,82.0,87.0,95.0,90.0,101.0,93.0,90.0,103.0,114.0,93.0,97.0,99.0,103.0
3461,Morocco,Stimulants,Human Consumption,76.0,72.0,81.0,77.0,77.0,82.0,87.0,95.0,90.0,101.0,93.0,90.0,103.0,114.0,93.0,96.0,98.0,102.0
3462,Morocco,Fruits - Excluding Wine,Production,2663.0,2124.0,2477.0,2660.0,2619.0,2778.0,2869.0,2732.0,2691.0,3095.0,3264.0,3615.0,3740.0,3618.0,4293.0,4274.0,3945.0,4988.0
3463,Morocco,Fruits - Excluding Wine,Import,35.0,51.0,90.0,73.0,88.0,105.0,105.0,134.0,130.0,179.0,159.0,124.0,157.0,148.0,143.0,148.0,150.0,170.0
3464,Morocco,Fruits - Excluding Wine,Stock Variation,0.0,0.0,0.0,0.0,0.0,4.0,0.0,29.0,0.0,-1.0,-1.0,-2.0,4.0,0.0,-3.0,76.0,-188.0,171.0
3465,Morocco,Fruits - Excluding Wine,Export,572.0,514.0,512.0,569.0,452.0,671.0,594.0,649.0,754.0,584.0,685.0,667.0,666.0,685.0,622.0,665.0,705.0,807.0
3466,Morocco,Fruits - Excluding Wine,Domestic supply,2125.0,1661.0,2055.0,2165.0,2254.0,2215.0,2380.0,2246.0,2066.0,2689.0,2737.0,3070.0,3236.0,3081.0,3818.0,3680.0,3578.0,4180.0
3467,Morocco,Fruits - Excluding Wine,Feed,16.0,9.0,14.0,16.0,20.0,17.0,16.0,25.0,23.0,27.0,31.0,27.0,32.0,30.0,33.0,34.0,39.0,40.0
3468,Morocco,Fruits - Excluding Wine,Losses,133.0,108.0,127.0,131.0,127.0,138.0,144.0,138.0,136.0,149.0,168.0,185.0,188.0,179.0,244.0,246.0,224.0,289.0
3469,Morocco,Fruits - Excluding Wine,Processing,40.0,48.0,52.0,47.0,50.0,53.0,53.0,53.0,53.0,53.0,53.0,53.0,54.0,58.0,213.0,233.0,197.0,259.0
3470,Morocco,Fruits - Excluding Wine,Other uses (non-food),0.0,0.0,0.0,0.0,0.0,0.0,0.0,0.0,0.0,0.0,0.0,0.0,0.0,0.0,0.0,0.0,0.0,0.0
3471,Morocco,Fruits - Excluding Wine,Human Consumption,1936.0,1497.0,1863.0,1971.0,2057.0,2007.0,2167.0,2031.0,1855.0,2461.0,2486.0,2805.0,2964.0,2816.0,3330.0,3172.0,3120.0,3594.0
3472,Morocco,Vegetables,Import,12.0,14.0,15.0,15.0,26.0,43.0,40.0,33.0,28.0,40.0,72.0,47.0,47.0,72.0,48.0,54.0,62.0,68.0
3473,Morocco,Vegetables,Stock Variation,-5.0,-3.0,-1.0,8.0,0.0,0.0,-30.0,-34.0,-25.0,45.0,0.0,45.0,0.0,0.0,-49.0,4.0,-8.0,0.0
3474,Morocco,Vegetables,Export,274.0,338.0,378.0,385.0,251.0,405.0,444.0,624.0,695.0,778.0,739.0,766.0,801.0,913.0,969.0,916.0,1060.0,1122.0
3475,Morocco,Vegetables,Domestic supply,2919.0,3169.0,3644.0,4021.0,5041.0,4310.0,5404.0,4624.0,4629.0,4783.0,4753.0,4977.0,4904.0,4820.0,4669.0,4693.0,3580.0,4121.0
3476,Morocco,Vegetables,Losses,252.0,276.0,320.0,352.0,426.0,371.0,468.0,426.0,430.0,454.0,423.0,470.0,464.0,459.0,528.0,530.0,435.0,495.0
3477,Morocco,Pulses,Import,79.0,56.0,39.0,20.0,20.0,54.0,31.0,45.0,34.0,57.0,29.0,16.0,16.0,19.0,22.0,17.0,57.0,77.0
3478,Morocco,Sugar Crops,Production,4319.0,3950.0,3936.0,4327.0,4062.0,4084.0,3549.0,3418.0,3838.0,3566.0,3068.0,3799.0,2168.0,2762.0,3487.0,4271.0,4645.0,4295.0
3479,Morocco,Pulses,Export,3.0,3.0,4.0,14.0,16.0,6.0,2.0,2.0,2.0,11.0,22.0,4.0,2.0,2.0,1.0,10.0,10.0,9.0
3480,Morocco,Oilcrops,Other uses (non-food),0.0,0.0,0.0,0.0,0.0,0.0,1.0,0.0,0.0,19.0,78.0,98.0,90.0,98.0,15.0,15.0,15.0,15.0
3481,Morocco,Oilcrops,Human Consumption,73.0,92.0,43.0,79.0,38.0,66.0,34.0,50.0,48.0,54.0,73.0,49.0,70.0,28.0,101.0,116.0,157.0,94.0
3482,Morocco,Starchy Roots,Production,1103.0,1161.0,1341.0,1411.0,1494.0,1486.0,1579.0,1446.0,1548.0,1246.0,1616.0,1739.0,1683.0,1955.0,1968.0,1942.0,1760.0,1940.0
3483,Morocco,Starchy Roots,Import,60.0,71.0,59.0,78.0,77.0,86.0,74.0,106.0,61.0,82.0,116.0,84.0,84.0,79.0,54.0,71.0,73.0,72.0
3484,Morocco,Starchy Roots,Stock Variation,1.0,0.0,0.0,0.0,0.0,0.0,0.0,0.0,0.0,0.0,0.0,0.0,0.0,0.0,78.0,48.0,-155.0,-57.0
3485,Morocco,Starchy Roots,Export,58.0,46.0,38.0,36.0,44.0,42.0,35.0,46.0,57.0,11.0,24.0,21.0,37.0,49.0,53.0,30.0,46.0,43.0
3486,Morocco,Starchy Roots,Domestic supply,1106.0,1185.0,1362.0,1454.0,1527.0,1530.0,1619.0,1506.0,1552.0,1318.0,1708.0,1802.0,1730.0,1985.0,1891.0,1936.0,1942.0,2025.0
3487,Morocco,Starchy Roots,Feed,25.0,25.0,30.0,30.0,30.0,30.0,50.0,30.0,50.0,20.0,30.0,45.0,43.0,50.0,50.0,50.0,45.0,50.0
3488,Morocco,Starchy Roots,Seed,105.0,98.0,109.0,104.0,106.0,101.0,99.0,107.0,107.0,96.0,98.0,101.0,90.0,108.0,57.0,58.0,53.0,58.0
3489,Morocco,Starchy Roots,Losses,114.0,121.0,138.0,145.0,152.0,152.0,161.0,147.0,157.0,129.0,164.0,177.0,170.0,198.0,209.0,206.0,187.0,206.0
3490,Morocco,Starchy Roots,Human Consumption,862.0,942.0,1084.0,1174.0,1240.0,1247.0,1310.0,1222.0,1237.0,1073.0,1415.0,1479.0,1427.0,1629.0,1575.0,1621.0,1657.0,1712.0
3491,Morocco,Stimulants,Import,82.0,78.0,90.0,87.0,85.0,90.0,96.0,105.0,99.0,111.0,102.0,97.0,113.0,123.0,97.0,105.0,109.0,116.0
3492,Morocco,Sugar Crops,Import,0.0,0.0,0.0,0.0,0.0,0.0,0.0,0.0,0.0,0.0,0.0,0.0,0.0,0.0,0.0,0.0,0.0,0.0
3493,Morocco,Sugar Crops,Stock Variation,0.0,0.0,0.0,0.0,0.0,0.0,0.0,0.0,0.0,0.0,0.0,0.0,0.0,0.0,0.0,0.0,0.0,0.0
3494,Morocco,Sugar Crops,Export,0.0,0.0,0.0,0.0,0.0,0.0,0.0,0.0,0.0,0.0,0.0,0.0,0.0,0.0,0.0,21.0,19.0,36.0
3495,Morocco,Sugar Crops,Domestic supply,4319.0,3950.0,3936.0,4327.0,4062.0,4084.0,3549.0,3418.0,3838.0,3566.0,3068.0,3799.0,2168.0,2762.0,3487.0,4250.0,4627.0,4259.0
3496,Morocco,Sugar Crops,Feed,0.0,0.0,0.0,0.0,0.0,0.0,0.0,0.0,0.0,0.0,0.0,0.0,0.0,0.0,0.0,0.0,0.0,0.0
3497,Morocco,Sugar Crops,Losses,0.0,0.0,0.0,0.0,0.0,0.0,0.0,0.0,0.0,0.0,0.0,0.0,0.0,0.0,174.0,213.0,231.0,214.0
3498,Morocco,Sugar Crops,Processing,4319.0,3950.0,3936.0,4327.0,4062.0,4084.0,3549.0,3418.0,3838.0,3566.0,3068.0,3799.0,2168.0,2762.0,3314.0,4037.0,4396.0,4045.0
3499,Morocco,Oilcrops,Processing,670.0,570.0,734.0,888.0,921.0,1037.0,1011.0,1125.0,963.0,1237.0,1391.0,1086.0,1042.0,947.0,1318.0,1056.0,1210.0,895.0
3500,Morocco,Pulses,Stock Variation,5.0,0.0,0.0,0.0,-10.0,10.0,-40.0,40.0,0.0,-35.0,25.0,10.0,25.0,25.0,16.0,14.0,-3.0,28.0
3501,Morocco,Oilcrops,Losses,70.0,68.0,71.0,111.0,102.0,123.0,130.0,133.0,138.0,136.0,224.0,214.0,265.0,166.0,170.0,126.0,153.0,113.0
3502,Morocco,Oilcrops,Feed,0.0,0.0,0.0,0.0,0.0,0.0,0.0,0.0,0.0,0.0,0.0,0.0,0.0,0.0,1.0,2.0,3.0,3.0
3503,Morocco,Pulses,Domestic supply,181.0,234.0,293.0,257.0,257.0,230.0,341.0,228.0,233.0,286.0,315.0,362.0,325.0,339.0,392.0,329.0,215.0,294.0
3504,Morocco,Pulses,Feed,21.0,23.0,32.0,25.0,23.0,16.0,29.0,13.0,17.0,33.0,42.0,79.0,80.0,78.0,119.0,83.0,46.0,95.0
3505,Morocco,Pulses,Seed,16.0,19.0,18.0,18.0,17.0,18.0,18.0,16.0,17.0,18.0,19.0,17.0,18.0,17.0,20.0,19.0,11.0,18.0
3506,Morocco,Pulses,Losses,9.0,12.0,15.0,13.0,14.0,12.0,19.0,11.0,12.0,17.0,17.0,19.0,16.0,17.0,17.0,15.0,7.0,11.0
3507,Morocco,Pulses,Other uses (non-food),0.0,0.0,0.0,0.0,0.0,0.0,0.0,0.0,0.0,15.0,25.0,25.0,25.0,25.0,29.0,23.0,14.0,5.0
3508,Morocco,Pulses,Human Consumption,136.0,181.0,229.0,201.0,203.0,185.0,275.0,187.0,188.0,204.0,213.0,222.0,187.0,203.0,207.0,189.0,138.0,165.0
3509,Morocco,Treenuts,Production,72.0,100.0,91.0,72.0,68.0,81.0,94.0,96.0,100.0,128.0,98.0,106.0,108.0,106.0,114.0,115.0,123.0,130.0
3510,Morocco,Treenuts,Import,1.0,1.0,2.0,4.0,2.0,2.0,2.0,6.0,7.0,9.0,8.0,5.0,5.0,7.0,4.0,3.0,6.0,10.0
3511,Morocco,Treenuts,Stock Variation,0.0,0.0,0.0,0.0,0.0,0.0,0.0,0.0,0.0,0.0,0.0,0.0,0.0,0.0,-2.0,1.0,-4.0,3.0
3512,Morocco,Treenuts,Export,4.0,3.0,3.0,4.0,4.0,4.0,3.0,3.0,3.0,4.0,4.0,5.0,4.0,4.0,3.0,3.0,2.0,2.0
3513,Morocco,Treenuts,Domestic supply,69.0,98.0,90.0,73.0,65.0,80.0,93.0,99.0,104.0,132.0,102.0,106.0,110.0,109.0,117.0,114.0,131.0,135.0
3514,Morocco,Treenuts,Losses,0.0,0.0,0.0,0.0,0.0,0.0,0.0,0.0,0.0,0.0,0.0,0.0,0.0,0.0,6.0,6.0,6.0,6.0
3515,Morocco,Treenuts,Other uses (non-food),2.0,3.0,3.0,3.0,3.0,3.0,3.0,3.0,3.0,30.0,3.0,3.0,3.0,3.0,3.0,3.0,3.0,2.0
3516,Morocco,Treenuts,Human Consumption,67.0,95.0,87.0,70.0,62.0,77.0,90.0,96.0,101.0,102.0,99.0,103.0,107.0,106.0,108.0,105.0,121.0,127.0
3517,Morocco,Oilcrops,Production,450.0,482.0,521.0,939.0,589.0,805.0,689.0,732.0,831.0,941.0,1606.0,1497.0,1366.0,1234.0,1643.0,1235.0,1487.0,1103.0
3518,Morocco,Oilcrops,Import,328.0,259.0,362.0,455.0,461.0,617.0,493.0,548.0,391.0,415.0,284.0,61.0,124.0,110.0,170.0,157.0,106.0,107.0
3519,Morocco,Oilcrops,Stock Variation,94.0,46.0,20.0,-270.0,75.0,-145.0,42.0,71.0,-12.0,147.0,-58.0,-36.0,40.0,-29.0,80.0,1.0,2.0,1.0
3520,Morocco,Oilcrops,Export,56.0,53.0,51.0,44.0,62.0,49.0,46.0,42.0,58.0,54.0,64.0,72.0,62.0,73.0,90.0,75.0,91.0,86.0
3521,Morocco,Oilcrops,Domestic supply,816.0,733.0,852.0,1081.0,1063.0,1228.0,1179.0,1310.0,1152.0,1449.0,1767.0,1450.0,1469.0,1242.0,1644.0,1316.0,1500.0,1122.0
3522,Morocco,Oilcrops,Seed,3.0,2.0,3.0,3.0,2.0,2.0,2.0,2.0,3.0,3.0,2.0,2.0,2.0,2.0,1.0,1.0,1.0,2.0
3523,Morocco,Stimulants,Production,0.0,0.0,0.0,0.0,0.0,0.0,0.0,0.0,0.0,0.0,0.0,0.0,0.0,0.0,0.0,0.0,0.0,0.0
3524,Morocco,Vegetables,Production,3187.0,3496.0,4007.0,4384.0,5266.0,4672.0,5838.0,5248.0,5320.0,5476.0,5420.0,5651.0,5658.0,5660.0,5541.0,5560.0,4570.0,5175.0
3525,Morocco,Spices,Losses,1.0,1.0,1.0,1.0,0.0,1.0,1.0,1.0,1.0,1.0,1.0,1.0,2.0,1.0,2.0,2.0,2.0,2.0
3526,Morocco,"Fish, Seafood",Seed,3.0,6.0,8.0,10.0,11.0,6.0,5.0,5.0,5.0,6.0,4.0,3.0,3.0,4.0,3.0,2.0,1.0,0.0
3527,Morocco,"Fish, Seafood",Other uses (non-food),0.0,0.0,0.0,0.0,0.0,0.0,0.0,0.0,0.0,0.0,0.0,0.0,0.0,0.0,0.0,0.0,0.0,0.0
3528,Morocco,"Fish, Seafood",Human Consumption,232.0,244.0,284.0,314.0,318.0,382.0,365.0,349.0,351.0,399.0,465.0,461.0,564.0,597.0,583.0,700.0,715.0,693.0
3529,Morocco,Eggs,Production,235.0,235.0,235.0,230.0,232.0,232.0,242.0,260.0,192.0,200.0,244.0,265.0,272.0,278.0,319.0,327.0,270.0,393.0
3530,Morocco,Eggs,Import,1.0,1.0,0.0,0.0,0.0,0.0,0.0,0.0,0.0,0.0,0.0,0.0,0.0,0.0,0.0,0.0,1.0,0.0
3531,Morocco,Eggs,Stock Variation,0.0,0.0,0.0,0.0,0.0,0.0,0.0,0.0,0.0,0.0,0.0,0.0,0.0,0.0,0.0,0.0,0.0,0.0
3532,Morocco,Eggs,Export,0.0,0.0,0.0,0.0,0.0,0.0,0.0,0.0,0.0,0.0,2.0,1.0,2.0,1.0,4.0,3.0,1.0,3.0
3533,Morocco,Eggs,Domestic supply,236.0,236.0,235.0,230.0,232.0,232.0,242.0,260.0,193.0,200.0,243.0,264.0,270.0,277.0,315.0,324.0,270.0,391.0
3534,Morocco,"Fish, Seafood",Feed,259.0,292.0,278.0,154.0,191.0,64.0,20.0,21.0,8.0,4.0,0.0,0.0,3.0,2.0,2.0,3.0,3.0,2.0
3535,Morocco,Eggs,Feed,0.0,0.0,0.0,0.0,0.0,0.0,0.0,0.0,0.0,0.0,0.0,0.0,0.0,0.0,57.0,55.0,18.0,85.0
3536,Morocco,Eggs,Losses,14.0,14.0,14.0,14.0,14.0,14.0,15.0,16.0,12.0,12.0,15.0,16.0,16.0,17.0,16.0,16.0,13.0,20.0
3537,Morocco,Eggs,Other uses (non-food),0.0,0.0,0.0,0.0,0.0,0.0,0.0,0.0,0.0,0.0,0.0,0.0,0.0,0.0,0.0,0.0,0.0,0.0
3538,Morocco,Eggs,Human Consumption,199.0,199.0,197.0,193.0,194.0,194.0,201.0,218.0,153.0,157.0,192.0,211.0,214.0,220.0,211.0,222.0,212.0,242.0
3539,Morocco,Milk - Excluding Butter,Production,1253.0,1199.0,1305.0,1319.0,1448.0,1475.0,1582.0,1688.0,1790.0,1879.0,2001.0,2303.0,2606.0,2410.0,2488.0,2538.0,2586.0,2535.0
3540,Morocco,Milk - Excluding Butter,Import,114.0,198.0,272.0,239.0,200.0,230.0,235.0,311.0,218.0,236.0,210.0,187.0,209.0,178.0,123.0,118.0,125.0,140.0
3541,Morocco,Milk - Excluding Butter,Stock Variation,0.0,0.0,0.0,0.0,0.0,0.0,0.0,0.0,0.0,0.0,0.0,0.0,0.0,0.0,6.0,-3.0,-3.0,0.0
3542,Morocco,Milk - Excluding Butter,Export,45.0,53.0,68.0,78.0,89.0,110.0,121.0,108.0,82.0,85.0,86.0,33.0,98.0,90.0,104.0,94.0,84.0,61.0
3543,Morocco,Milk - Excluding Butter,Domestic supply,1321.0,1343.0,1509.0,1480.0,1559.0,1594.0,1697.0,1890.0,1926.0,2030.0,2125.0,2457.0,2717.0,2498.0,2502.0,2564.0,2630.0,2614.0
3544,Morocco,Eggs,Seed,23.0,23.0,24.0,24.0,24.0,24.0,27.0,26.0,28.0,31.0,36.0,38.0,40.0,40.0,31.0,32.0,26.0,44.0
3545,Morocco,"Fish, Seafood",Domestic supply,494.0,542.0,571.0,478.0,520.0,452.0,390.0,374.0,364.0,409.0,470.0,465.0,570.0,603.0,588.0,706.0,718.0,695.0
3546,Morocco,"Fish, Seafood",Export,424.0,542.0,452.0,484.0,367.0,572.0,615.0,546.0,767.0,844.0,732.0,545.0,666.0,717.0,862.0,748.0,816.0,777.0
3547,Morocco,"Fish, Seafood",Stock Variation,-10.0,-32.0,35.0,11.0,-80.0,-54.0,71.0,-20.0,50.0,26.0,1.0,-18.0,17.0,3.0,-2.0,-3.0,5.0,0.0
3548,Morocco,Spices,Human Consumption,39.0,40.0,39.0,45.0,39.0,43.0,48.0,47.0,46.0,50.0,55.0,60.0,65.0,63.0,59.0,52.0,57.0,59.0
3549,Morocco,Cereals - Excluding Beer,Production,1987.0,4590.0,5280.0,7968.0,8593.0,4269.0,9230.0,2494.0,5315.0,10427.0,7818.0,8683.0,5288.0,9862.0,6938.0,11689.0,3562.0,9787.0
3550,Morocco,Cereals - Excluding Beer,Import,5233.0,5176.0,5052.0,3437.0,4100.0,5059.0,3547.0,6193.0,6164.0,4454.0,5543.0,5629.0,6727.0,4749.0,7823.0,5769.0,9467.0,6583.0
3551,Morocco,Cereals - Excluding Beer,Stock Variation,2296.0,-80.0,-199.0,-800.0,-1700.0,1000.0,-1880.0,2050.0,-120.0,-1800.0,-349.0,-949.0,598.0,-162.0,-706.0,3382.0,-3262.0,765.0
3552,Morocco,Cereals - Excluding Beer,Export,93.0,163.0,157.0,140.0,75.0,89.0,108.0,137.0,91.0,93.0,117.0,21.0,188.0,235.0,210.0,121.0,44.0,28.0
3553,Morocco,Cereals - Excluding Beer,Domestic supply,9424.0,9523.0,9976.0,10466.0,10917.0,10238.0,10790.0,10601.0,11269.0,12988.0,12894.0,13342.0,12425.0,14214.0,15257.0,13955.0,16247.0,15578.0
3554,Morocco,Cereals - Excluding Beer,Feed,1038.0,842.0,1191.0,1398.0,1515.0,1166.0,1524.0,1458.0,1670.0,2430.0,2515.0,2743.0,1953.0,3493.0,3318.0,2729.0,4213.0,3634.0
3555,Morocco,Cereals - Excluding Beer,Seed,455.0,437.0,494.0,505.0,485.0,499.0,429.0,473.0,485.0,453.0,484.0,476.0,489.0,436.0,829.0,488.0,538.0,928.0
3556,Morocco,Cereals - Excluding Beer,Losses,749.0,777.0,810.0,890.0,983.0,814.0,985.0,842.0,916.0,1146.0,1029.0,1105.0,971.0,1123.0,1073.0,807.0,934.0,722.0
3557,Morocco,Cereals - Excluding Beer,Processing,15.0,15.0,14.0,14.0,16.0,14.0,15.0,17.0,17.0,18.0,16.0,15.0,15.0,19.0,27.0,15.0,16.0,16.0
3558,Morocco,Cereals - Excluding Beer,Other uses (non-food),19.0,16.0,19.0,17.0,20.0,18.0,19.0,21.0,222.0,1001.0,832.0,849.0,770.0,638.0,941.0,668.0,1038.0,957.0
3559,Morocco,Cereals - Excluding Beer,Human Consumption,7149.0,7436.0,7449.0,7640.0,7898.0,7727.0,7817.0,7790.0,7959.0,7940.0,8019.0,8154.0,8227.0,8503.0,9068.0,9248.0,9510.0,9321.0
3560,Morocco,"Aquatic Products, Other",Production,12.0,10.0,8.0,11.0,13.0,13.0,15.0,12.0,9.0,10.0,7.0,6.0,5.0,6.0,5.0,5.0,7.0,7.0
3561,Morocco,"Aquatic Products, Other",Import,0.0,0.0,0.0,1.0,0.0,0.0,1.0,1.0,1.0,0.0,0.0,0.0,1.0,1.0,1.0,1.0,0.0,0.0
3562,Morocco,"Aquatic Products, Other",Export,6.0,6.0,6.0,6.0,7.0,10.0,8.0,6.0,5.0,6.0,6.0,3.0,5.0,5.0,4.0,3.0,3.0,3.0
3563,Morocco,"Aquatic Products, Other",Domestic supply,6.0,4.0,2.0,6.0,7.0,4.0,7.0,7.0,4.0,5.0,2.0,3.0,1.0,1.0,1.0,3.0,4.0,4.0
3564,Morocco,"Aquatic Products, Other",Other uses (non-food),6.0,4.0,2.0,6.0,7.0,4.0,7.0,7.0,4.0,5.0,2.0,3.0,1.0,1.0,1.0,3.0,4.0,4.0
3565,Morocco,"Fish, Seafood",Production,905.0,1097.0,963.0,920.0,920.0,1029.0,878.0,881.0,999.0,1167.0,1138.0,960.0,1163.0,1255.0,1366.0,1366.0,1448.0,1379.0
3566,Morocco,"Fish, Seafood",Import,23.0,19.0,25.0,30.0,47.0,49.0,57.0,60.0,82.0,60.0,63.0,68.0,56.0,61.0,85.0,90.0,81.0,93.0
3567,Morocco,Milk - Excluding Butter,Feed,296.0,301.0,309.0,313.0,344.0,350.0,375.0,400.0,425.0,450.0,475.0,550.0,629.0,575.0,619.0,618.0,630.0,617.0
3568,Morocco,Milk - Excluding Butter,Losses,61.0,59.0,64.0,65.0,71.0,72.0,78.0,83.0,88.0,93.0,98.0,113.0,129.0,118.0,125.0,127.0,129.0,127.0
3569,Morocco,"Aquatic Products, Other",Human Consumption,0.0,0.0,0.0,0.0,0.0,0.0,0.0,0.0,0.0,0.0,0.0,0.0,0.0,0.0,0.0,0.0,0.0,0.0
3570,Morocco,Milk - Excluding Butter,Human Consumption,964.0,983.0,1136.0,1103.0,1144.0,1172.0,1244.0,1407.0,1413.0,1488.0,1551.0,1794.0,1959.0,1805.0,1759.0,1820.0,1870.0,1871.0
3571,Morocco,Miscellaneous,Import,0.0,0.0,0.0,0.0,0.0,1.0,2.0,4.0,3.0,4.0,4.0,4.0,5.0,8.0,27.0,25.0,28.0,32.0
3572,Morocco,Miscellaneous,Stock Variation,0.0,0.0,0.0,0.0,0.0,0.0,0.0,0.0,0.0,0.0,0.0,0.0,0.0,0.0,-2.0,0.0,0.0,0.0
3573,Morocco,Miscellaneous,Export,0.0,0.0,0.0,0.0,0.0,0.0,0.0,0.0,0.0,0.0,0.0,1.0,0.0,1.0,31.0,37.0,41.0,47.0
3574,Morocco,Miscellaneous,Domestic supply,0.0,0.0,0.0,0.0,0.0,1.0,2.0,4.0,3.0,3.0,3.0,3.0,4.0,8.0,-2.0,-12.0,-13.0,-14.0
3575,Morocco,Miscellaneous,Human Consumption,0.0,0.0,0.0,0.0,0.0,1.0,2.0,4.0,3.0,3.0,3.0,3.0,4.0,8.0,5.0,3.0,3.0,4.0
3576,Morocco,Alcoholic Beverages,Production,115.0,114.0,112.0,119.0,125.0,121.0,123.0,131.0,129.0,133.0,122.0,123.0,119.0,145.0,181.0,126.0,124.0,129.0
3577,Morocco,Alcoholic Beverages,Import,7.0,6.0,9.0,14.0,10.0,13.0,8.0,10.0,12.0,12.0,11.0,20.0,17.0,17.0,11.0,9.0,11.0,22.0
3578,Morocco,Alcoholic Beverages,Stock Variation,0.0,0.0,0.0,0.0,0.0,0.0,0.0,0.0,0.0,0.0,0.0,15.0,5.0,5.0,44.0,-22.0,-21.0,-22.0
3579,Morocco,Alcoholic Beverages,Export,11.0,12.0,18.0,10.0,12.0,10.0,9.0,12.0,11.0,7.0,7.0,8.0,7.0,6.0,6.0,11.0,8.0,9.0
3580,Morocco,Alcoholic Beverages,Losses,1.0,1.0,1.0,1.0,1.0,1.0,1.0,1.0,1.0,1.0,1.0,1.0,1.0,2.0,1.0,1.0,1.0,1.0
3581,Morocco,Alcoholic Beverages,Processing,4.0,4.0,4.0,4.0,4.0,4.0,4.0,4.0,4.0,4.0,4.0,4.0,4.0,5.0,3.0,3.0,3.0,4.0
3582,Morocco,Alcoholic Beverages,Other uses (non-food),6.0,5.0,8.0,10.0,8.0,10.0,8.0,7.0,10.0,10.0,10.0,23.0,10.0,14.0,12.0,13.0,14.0,16.0
3583,Morocco,Alcoholic Beverages,Human Consumption,100.0,98.0,91.0,108.0,110.0,110.0,110.0,117.0,117.0,123.0,111.0,121.0,119.0,140.0,126.0,129.0,130.0,143.0
3584,Morocco,Spices,Production,39.0,39.0,39.0,40.0,35.0,37.0,40.0,40.0,43.0,40.0,54.0,62.0,65.0,62.0,52.0,53.0,53.0,54.0
3585,Morocco,Spices,Import,7.0,8.0,9.0,11.0,9.0,12.0,13.0,13.0,13.0,18.0,11.0,10.0,13.0,15.0,14.0,10.0,17.0,22.0
3586,Morocco,Spices,Stock Variation,0.0,0.0,0.0,0.0,0.0,0.0,0.0,0.0,0.0,0.0,0.0,0.0,0.0,0.0,-11.0,-1.0,2.0,5.0
3587,Morocco,Spices,Export,7.0,6.0,8.0,5.0,5.0,5.0,4.0,5.0,9.0,7.0,9.0,11.0,11.0,13.0,16.0,10.0,8.0,9.0
3588,Morocco,Milk - Excluding Butter,Processing,0.0,0.0,0.0,0.0,0.0,0.0,0.0,0.0,0.0,0.0,0.0,0.0,0.0,0.0,0.0,0.0,0.0,0.0
3589,Morocco,Spices,Domestic supply,40.0,41.0,40.0,45.0,39.0,44.0,49.0,47.0,47.0,51.0,56.0,62.0,67.0,64.0,61.0,55.0,59.0,61.0
3590,Morocco,Meat,Human Consumption,601.0,610.0,648.0,661.0,660.0,731.0,752.0,779.0,871.0,952.0,1037.0,1102.0,1116.0,1156.0,1171.0,1184.0,1219.0,1249.0
3591,Morocco,Meat,Processing,0.0,0.0,0.0,0.0,0.0,0.0,0.0,0.0,0.0,0.0,0.0,0.0,0.0,0.0,0.0,0.0,0.0,0.0
3592,Morocco,Alcoholic Beverages,Domestic supply,111.0,108.0,104.0,123.0,123.0,125.0,123.0,129.0,131.0,138.0,126.0,149.0,134.0,160.0,143.0,146.0,148.0,164.0
3593,Morocco,Meat,Export,8.0,8.0,8.0,8.0,3.0,10.0,11.0,10.0,11.0,15.0,11.0,13.0,9.0,12.0,13.0,12.0,11.0,12.0
3594,Morocco,Animal fats,Import,44.0,36.0,50.0,47.0,37.0,37.0,50.0,48.0,48.0,45.0,53.0,43.0,40.0,42.0,47.0,30.0,36.0,33.0
3595,Morocco,Meat,Domestic supply,601.0,610.0,648.0,661.0,660.0,731.0,752.0,779.0,871.0,951.0,1036.0,1102.0,1116.0,1156.0,1171.0,1184.0,1219.0,1249.0
3596,Morocco,Animal fats,Stock Variation,0.0,0.0,0.0,0.0,0.0,4.0,0.0,0.0,0.0,0.0,-10.0,-3.0,3.0,3.0,1.0,-3.0,-3.0,-2.0
3597,Morocco,Animal fats,Export,5.0,18.0,12.0,20.0,32.0,24.0,22.0,26.0,26.0,43.0,40.0,17.0,27.0,24.0,40.0,53.0,45.0,44.0
3598,Morocco,Animal fats,Domestic supply,74.0,62.0,77.0,74.0,65.0,70.0,81.0,80.0,82.0,81.0,82.0,89.0,91.0,85.0,91.0,80.0,80.0,75.0
3599,Morocco,Animal fats,Production,35.0,45.0,39.0,46.0,60.0,54.0,53.0,58.0,60.0,78.0,79.0,65.0,76.0,65.0,84.0,99.0,86.0,84.0
3600,Morocco,Animal fats,Losses,0.0,0.0,0.0,0.0,0.0,0.0,0.0,0.0,0.0,0.0,0.0,0.0,0.0,0.0,0.0,0.0,0.0,0.0
3601,Morocco,Animal fats,Other uses (non-food),4.0,2.0,4.0,3.0,2.0,1.0,3.0,5.0,3.0,7.0,11.0,10.0,7.0,4.0,7.0,4.0,4.0,2.0
3602,Morocco,Animal fats,Human Consumption,65.0,58.0,72.0,71.0,63.0,68.0,77.0,75.0,78.0,74.0,69.0,73.0,81.0,83.0,81.0,73.0,78.0,72.0
3603,Morocco,Offals,Production,45.0,46.0,49.0,46.0,46.0,48.0,50.0,52.0,55.0,58.0,59.0,62.0,63.0,67.0,88.0,96.0,99.0,100.0
3604,Morocco,Animal fats,Feed,5.0,2.0,1.0,0.0,1.0,1.0,0.0,0.0,1.0,0.0,3.0,6.0,4.0,5.0,2.0,2.0,4.0,5.0
3605,Morocco,Offals,Import,0.0,0.0,0.0,0.0,0.0,0.0,0.0,0.0,0.0,0.0,0.0,0.0,0.0,0.0,0.0,0.0,0.0,0.0
3606,Morocco,Offals,Stock Variation,0.0,0.0,0.0,0.0,0.0,0.0,0.0,0.0,0.0,0.0,0.0,0.0,0.0,0.0,0.0,0.0,0.0,0.0
3607,Morocco,Offals,Export,0.0,0.0,0.0,0.0,0.0,0.0,0.0,0.0,0.0,0.0,0.0,0.0,0.0,0.0,0.0,0.0,0.0,0.0
3608,Morocco,Offals,Domestic supply,45.0,46.0,49.0,46.0,46.0,48.0,50.0,52.0,55.0,58.0,59.0,62.0,63.0,67.0,88.0,96.0,99.0,100.0
3609,Morocco,Offals,Losses,0.0,0.0,0.0,0.0,0.0,0.0,0.0,0.0,0.0,0.0,0.0,0.0,0.0,0.0,3.0,3.0,3.0,3.0
3610,Morocco,Offals,Human Consumption,45.0,46.0,49.0,46.0,46.0,48.0,50.0,52.0,55.0,58.0,59.0,62.0,63.0,67.0,86.0,93.0,97.0,97.0
3611,Morocco,Meat,Production,606.0,615.0,653.0,665.0,661.0,736.0,758.0,777.0,869.0,953.0,1037.0,1100.0,1116.0,1152.0,1118.0,1220.0,1199.0,1288.0
3612,Morocco,Meat,Import,3.0,4.0,4.0,3.0,3.0,4.0,4.0,12.0,13.0,13.0,10.0,15.0,9.0,16.0,15.0,7.0,12.0,11.0
3613,Morocco,Meat,Stock Variation,0.0,0.0,0.0,0.0,-1.0,0.0,1.0,0.0,0.0,0.0,0.0,0.0,0.0,0.0,-52.0,32.0,-18.0,37.0
3614,Mozambique,Vegetable Oils,Feed,0.0,0.0,0.0,0.0,0.0,0.0,0.0,0.0,0.0,0.0,0.0,0.0,0.0,0.0,0.0,0.0,0.0,0.0
3615,Mozambique,Vegetable Oils,Domestic supply,139.0,142.0,166.0,167.0,216.0,227.0,241.0,228.0,285.0,253.0,291.0,248.0,252.0,280.0,241.0,276.0,271.0,272.0
3616,Mozambique,Vegetable Oils,Export,6.0,7.0,10.0,2.0,1.0,6.0,6.0,7.0,7.0,6.0,4.0,7.0,5.0,10.0,19.0,14.0,23.0,12.0
3617,Mozambique,Vegetable Oils,Stock Variation,5.0,-45.0,10.0,4.0,-6.0,-9.0,1.0,7.0,-6.0,14.0,8.0,-35.0,62.0,3.0,23.0,-10.0,152.0,153.0
3618,Mozambique,Vegetable Oils,Import,32.0,73.0,55.0,66.0,115.0,111.0,127.0,110.0,173.0,121.0,158.0,148.0,43.0,136.0,161.0,117.0,318.0,312.0
3619,Mozambique,Vegetables,Human Consumption,107.0,121.0,142.0,182.0,210.0,228.0,292.0,321.0,349.0,376.0,422.0,449.0,509.0,480.0,593.0,677.0,756.0,802.0
3620,Mozambique,Vegetables,Losses,12.0,13.0,15.0,20.0,23.0,25.0,32.0,35.0,39.0,42.0,47.0,50.0,56.0,52.0,66.0,77.0,83.0,92.0
3621,Mozambique,Vegetables,Other uses (non-food),0.0,0.0,0.0,0.0,0.0,0.0,0.0,0.0,0.0,0.0,0.0,0.0,0.0,0.0,0.0,0.0,0.0,0.0
3622,Mozambique,Vegetables,Processing,0.0,0.0,0.0,0.0,0.0,0.0,0.0,0.0,0.0,0.0,0.0,0.0,0.0,0.0,0.0,0.0,0.0,0.0
3623,Mozambique,Vegetables,Seed,0.0,0.0,0.0,0.0,0.0,0.0,0.0,0.0,0.0,0.0,0.0,0.0,0.0,0.0,0.0,0.0,0.0,0.0
3624,Mozambique,Vegetable Oils,Production,108.0,121.0,111.0,100.0,108.0,131.0,119.0,117.0,126.0,124.0,128.0,141.0,152.0,151.0,123.0,163.0,129.0,124.0
3625,Mozambique,Vegetable Oils,Seed,0.0,0.0,0.0,0.0,0.0,0.0,0.0,0.0,0.0,0.0,0.0,0.0,0.0,0.0,0.0,0.0,0.0,0.0
3626,Mozambique,Sugar & Sweeteners,Export,69.0,15.0,14.0,45.0,47.0,86.0,156.0,116.0,138.0,109.0,249.0,163.0,251.0,173.0,143.0,326.0,177.0,152.0
3627,Mozambique,Vegetable Oils,Processing,0.0,0.0,0.0,0.0,0.0,0.0,0.0,0.0,0.0,0.0,0.0,0.0,0.0,0.0,0.0,0.0,0.0,0.0
3628,Mozambique,Vegetable Oils,Other uses (non-food),15.0,20.0,24.0,27.0,73.0,65.0,75.0,66.0,105.0,78.0,105.0,42.0,33.0,54.0,44.0,43.0,57.0,55.0
3629,Mozambique,Vegetable Oils,Human Consumption,124.0,122.0,142.0,140.0,143.0,162.0,166.0,162.0,180.0,175.0,185.0,206.0,219.0,226.0,197.0,222.0,215.0,217.0
3630,Mozambique,Sugar & Sweeteners,Production,39.0,60.0,170.0,225.0,206.0,266.0,243.0,244.0,251.0,246.0,325.0,379.0,386.0,397.0,413.0,384.0,295.0,341.0
3631,Mozambique,Sugar & Sweeteners,Import,239.0,186.0,150.0,109.0,168.0,112.0,12.0,20.0,66.0,130.0,84.0,65.0,27.0,175.0,112.0,101.0,145.0,145.0
3632,Mozambique,Sugar & Sweeteners,Stock Variation,-72.0,-87.0,-163.0,-120.0,-152.0,-109.0,87.0,76.0,76.0,0.0,109.0,0.0,109.0,-109.0,65.0,-130.0,193.0,25.0
3633,Mozambique,Sugar & Sweeteners,Domestic supply,139.0,144.0,144.0,169.0,174.0,184.0,186.0,225.0,254.0,267.0,268.0,281.0,270.0,290.0,317.0,289.0,70.0,308.0
3634,Mozambique,Sugar & Sweeteners,Feed,0.0,0.0,0.0,0.0,0.0,0.0,0.0,0.0,0.0,0.0,0.0,0.0,0.0,0.0,0.0,0.0,0.0,0.0
3635,Mozambique,Sugar & Sweeteners,Seed,0.0,0.0,0.0,0.0,0.0,0.0,0.0,0.0,0.0,0.0,0.0,0.0,0.0,0.0,0.0,0.0,0.0,0.0
3636,Mozambique,Vegetables,Feed,0.0,0.0,0.0,0.0,0.0,0.0,0.0,0.0,0.0,0.0,0.0,0.0,0.0,0.0,0.0,0.0,0.0,0.0
3637,Mozambique,Sugar & Sweeteners,Losses,0.0,0.0,0.0,0.0,0.0,0.0,0.0,0.0,0.0,0.0,0.0,0.0,0.0,0.0,0.0,0.0,0.0,0.0
3638,Mozambique,Vegetable Oils,Losses,0.0,0.0,0.0,0.0,0.0,0.0,0.0,0.0,0.0,0.0,0.0,0.0,0.0,0.0,0.0,0.0,0.0,0.0
3639,Mozambique,Vegetables,Domestic supply,119.0,135.0,158.0,202.0,234.0,253.0,324.0,357.0,387.0,418.0,468.0,498.0,564.0,532.0,658.0,753.0,839.0,893.0
3640,Mozambique,Stimulants,Seed,0.0,0.0,0.0,0.0,0.0,0.0,0.0,0.0,0.0,0.0,0.0,0.0,0.0,0.0,0.0,0.0,0.0,0.0
3641,Mozambique,Vegetables,Stock Variation,0.0,0.0,0.0,0.0,0.0,0.0,0.0,0.0,0.0,0.0,0.0,0.0,0.0,0.0,0.0,0.0,0.0,0.0
3642,Mozambique,Sugar & Sweeteners,Processing,0.0,0.0,0.0,0.0,0.0,0.0,0.0,0.0,0.0,0.0,0.0,0.0,0.0,0.0,1.0,0.0,1.0,0.0
3643,Mozambique,Stimulants,Import,1.0,3.0,3.0,3.0,3.0,3.0,2.0,2.0,3.0,4.0,4.0,7.0,2.0,4.0,3.0,2.0,6.0,3.0
3644,Mozambique,Stimulants,Stock Variation,-1.0,0.0,1.0,0.0,0.0,0.0,0.0,0.0,0.0,0.0,0.0,0.0,0.0,0.0,0.0,0.0,0.0,0.0
3645,Mozambique,Stimulants,Export,0.0,1.0,2.0,1.0,1.0,0.0,1.0,2.0,1.0,1.0,2.0,1.0,3.0,3.0,4.0,0.0,4.0,3.0
3646,Mozambique,Stimulants,Domestic supply,11.0,12.0,14.0,15.0,18.0,19.0,19.0,17.0,20.0,33.0,32.0,33.0,23.0,25.0,29.0,35.0,35.0,32.0
3647,Mozambique,Stimulants,Feed,0.0,0.0,0.0,0.0,0.0,0.0,0.0,0.0,0.0,0.0,0.0,0.0,0.0,0.0,0.0,0.0,0.0,0.0
3648,Mozambique,Stimulants,Losses,0.0,0.0,0.0,0.0,0.0,0.0,0.0,0.0,0.0,0.0,0.0,0.0,0.0,0.0,2.0,2.0,2.0,2.0
3649,Mozambique,Stimulants,Processing,0.0,0.0,0.0,0.0,0.0,0.0,0.0,0.0,0.0,0.0,0.0,0.0,0.0,0.0,0.0,0.0,0.0,0.0
3650,Mozambique,Stimulants,Other uses (non-food),0.0,0.0,0.0,0.0,0.0,0.0,0.0,0.0,0.0,0.0,0.0,0.0,0.0,0.0,0.0,0.0,0.0,0.0
3651,Mozambique,Stimulants,Human Consumption,11.0,12.0,14.0,15.0,18.0,19.0,19.0,17.0,20.0,33.0,32.0,33.0,23.0,25.0,27.0,33.0,33.0,30.0
3652,Mozambique,Fruits - Excluding Wine,Production,291.0,311.0,337.0,348.0,359.0,390.0,446.0,485.0,529.0,583.0,647.0,674.0,810.0,785.0,916.0,1024.0,887.0,957.0
3653,Mozambique,Vegetables,Export,0.0,0.0,0.0,0.0,0.0,0.0,0.0,0.0,0.0,0.0,0.0,1.0,2.0,2.0,3.0,3.0,2.0,2.0
3654,Mozambique,Sugar Crops,Human Consumption,2.0,3.0,8.0,10.0,9.0,11.0,10.0,10.0,12.0,11.0,14.0,17.0,17.0,19.0,0.0,0.0,0.0,0.0
3655,Mozambique,Fruits - Excluding Wine,Stock Variation,0.0,0.0,0.0,0.0,0.0,0.0,0.0,0.0,0.0,0.0,0.0,0.0,0.0,0.0,4.0,1.0,6.0,3.0
3656,Mozambique,Fruits - Excluding Wine,Export,2.0,3.0,3.0,1.0,3.0,5.0,10.0,19.0,20.0,19.0,43.0,51.0,72.0,84.0,174.0,148.0,99.0,100.0
3657,Mozambique,Fruits - Excluding Wine,Domestic supply,291.0,310.0,386.0,404.0,409.0,428.0,475.0,523.0,557.0,601.0,650.0,646.0,760.0,729.0,792.0,929.0,847.0,889.0
3658,Mozambique,Fruits - Excluding Wine,Feed,0.0,0.0,0.0,0.0,0.0,0.0,0.0,0.0,0.0,0.0,0.0,0.0,0.0,0.0,0.0,0.0,0.0,0.0
3659,Mozambique,Fruits - Excluding Wine,Seed,0.0,0.0,0.0,0.0,0.0,0.0,0.0,0.0,0.0,0.0,0.0,0.0,0.0,0.0,0.0,0.0,0.0,0.0
3660,Mozambique,Fruits - Excluding Wine,Losses,25.0,27.0,33.0,35.0,36.0,36.0,40.0,44.0,45.0,48.0,53.0,52.0,58.0,56.0,67.0,73.0,67.0,71.0
3661,Mozambique,Fruits - Excluding Wine,Processing,0.0,0.0,0.0,0.0,0.0,0.0,0.0,0.0,0.0,0.0,0.0,0.0,0.0,0.0,0.0,0.0,0.0,0.0
3662,Mozambique,Fruits - Excluding Wine,Other uses (non-food),0.0,0.0,0.0,0.0,0.0,0.0,0.0,0.0,0.0,0.0,0.0,0.0,0.0,0.0,0.0,0.0,0.0,0.0
3663,Mozambique,Fruits - Excluding Wine,Human Consumption,267.0,284.0,353.0,369.0,373.0,392.0,436.0,479.0,512.0,553.0,597.0,594.0,702.0,673.0,726.0,856.0,782.0,819.0
3664,Mozambique,Vegetables,Production,115.0,131.0,147.0,193.0,225.0,251.0,311.0,343.0,374.0,406.0,450.0,476.0,546.0,501.0,598.0,694.0,751.0,798.0
3665,Mozambique,Vegetables,Import,4.0,3.0,11.0,9.0,8.0,2.0,13.0,14.0,14.0,12.0,19.0,23.0,20.0,33.0,63.0,63.0,90.0,97.0
3666,Mozambique,Fruits - Excluding Wine,Import,2.0,2.0,51.0,58.0,52.0,42.0,39.0,56.0,48.0,37.0,46.0,24.0,22.0,28.0,54.0,54.0,65.0,35.0
3667,Mozambique,Sugar & Sweeteners,Other uses (non-food),0.0,0.0,0.0,0.0,0.0,0.0,0.0,0.0,0.0,0.0,0.0,0.0,0.0,0.0,0.0,0.0,0.0,0.0
3668,Mozambique,Starchy Roots,Human Consumption,4653.0,4974.0,5086.0,5574.0,5432.0,4855.0,5099.0,4961.0,5378.0,5751.0,6000.0,6179.0,6718.0,6867.0,6865.0,6977.0,7204.0,6445.0
3669,Mozambique,Pulses,Production,100.0,105.0,256.0,279.0,302.0,290.0,390.0,419.0,381.0,380.0,415.0,479.0,472.0,475.0,377.0,324.0,341.0,356.0
3670,Mozambique,Oilcrops,Processing,463.0,553.0,434.0,397.0,464.0,611.0,493.0,496.0,491.0,493.0,471.0,514.0,548.0,511.0,463.0,673.0,612.0,575.0
3671,Mozambique,Oilcrops,Other uses (non-food),0.0,0.0,0.0,0.0,0.0,0.0,0.0,0.0,0.0,0.0,0.0,0.0,0.0,0.0,0.0,0.0,0.0,0.0
3672,Mozambique,Oilcrops,Human Consumption,47.0,43.0,37.0,33.0,30.0,40.0,29.0,33.0,31.0,30.0,49.0,34.0,38.0,34.0,48.0,44.0,39.0,36.0
3673,Mozambique,Starchy Roots,Production,5878.0,6520.0,6476.0,7132.0,7422.0,5387.0,6257.0,5929.0,5085.0,6724.0,10845.0,11152.0,11165.0,11099.0,8999.0,8739.0,10000.0,9739.0
3674,Mozambique,Starchy Roots,Import,8.0,6.0,9.0,8.0,7.0,2.0,14.0,19.0,19.0,14.0,22.0,28.0,25.0,33.0,29.0,13.0,52.0,70.0
3675,Mozambique,Starchy Roots,Stock Variation,0.0,0.0,0.0,0.0,-500.0,500.0,0.0,0.0,1200.0,600.0,-1900.0,-1800.0,0.0,0.0,-156.0,-278.0,-41.0,7.0
3676,Mozambique,Starchy Roots,Export,0.0,0.0,0.0,0.0,0.0,0.0,0.0,0.0,0.0,0.0,0.0,0.0,0.0,0.0,0.0,0.0,0.0,0.0
3677,Mozambique,Starchy Roots,Domestic supply,5885.0,6527.0,6485.0,7139.0,6928.0,5888.0,6272.0,5948.0,6303.0,7338.0,8967.0,9380.0,11191.0,11132.0,9184.0,9029.0,10094.0,9801.0
3678,Mozambique,Starchy Roots,Feed,579.0,645.0,640.0,664.0,693.0,570.0,592.0,536.0,567.0,677.0,1052.0,1090.0,1357.0,1350.0,990.0,957.0,1103.0,1052.0
3679,Mozambique,Starchy Roots,Seed,6.0,8.0,8.0,8.0,8.0,7.0,8.0,9.0,10.0,12.0,13.0,14.0,14.0,14.0,13.0,11.0,10.0,10.0
3680,Mozambique,Starchy Roots,Losses,648.0,900.0,751.0,893.0,796.0,456.0,573.0,442.0,348.0,537.0,784.0,804.0,806.0,801.0,955.0,922.0,1062.0,1034.0
3681,Mozambique,Oilcrops,Losses,3.0,2.0,3.0,2.0,2.0,3.0,2.0,3.0,3.0,3.0,5.0,5.0,6.0,6.0,72.0,80.0,81.0,82.0
3682,Mozambique,Starchy Roots,Processing,0.0,0.0,0.0,0.0,0.0,0.0,0.0,0.0,0.0,0.0,0.0,0.0,0.0,0.0,0.0,0.0,0.0,0.0
3683,Mozambique,Sugar Crops,Production,397.0,676.0,1586.0,1941.0,1873.0,2247.0,2060.0,2061.0,2451.0,2207.0,2720.0,3396.0,3394.0,3800.0,3620.0,3084.0,2762.0,2900.0
3684,Mozambique,Sugar Crops,Import,0.0,0.0,0.0,0.0,0.0,0.0,0.0,0.0,0.0,0.0,0.0,0.0,0.0,0.0,0.0,0.0,0.0,0.0
3685,Mozambique,Sugar Crops,Stock Variation,0.0,0.0,0.0,0.0,0.0,0.0,0.0,0.0,0.0,0.0,0.0,0.0,0.0,0.0,0.0,-66.0,0.0,0.0
3686,Mozambique,Sugar Crops,Export,0.0,0.0,0.0,0.0,0.0,0.0,0.0,0.0,0.0,0.0,0.0,0.0,0.0,0.0,0.0,0.0,0.0,0.0
3687,Mozambique,Sugar Crops,Domestic supply,397.0,676.0,1586.0,1941.0,1873.0,2247.0,2060.0,2061.0,2451.0,2207.0,2720.0,3396.0,3394.0,3800.0,3620.0,3150.0,2762.0,2900.0
3688,Mozambique,Sugar Crops,Feed,0.0,0.0,0.0,0.0,0.0,0.0,0.0,0.0,0.0,0.0,0.0,0.0,0.0,0.0,223.0,0.0,337.0,102.0
3689,Mozambique,Sugar Crops,Seed,0.0,0.0,0.0,0.0,0.0,0.0,0.0,0.0,0.0,0.0,0.0,0.0,0.0,0.0,0.0,0.0,0.0,0.0
3690,Mozambique,Sugar Crops,Losses,8.0,14.0,32.0,39.0,37.0,45.0,41.0,41.0,49.0,44.0,54.0,68.0,68.0,76.0,72.0,62.0,55.0,58.0
3691,Mozambique,Sugar Crops,Processing,387.0,659.0,1547.0,1892.0,1826.0,2191.0,2009.0,2009.0,2390.0,2152.0,2652.0,3311.0,3309.0,3705.0,3324.0,3089.0,2369.0,2740.0
3692,Mozambique,Sugar Crops,Other uses (non-food),0.0,0.0,0.0,0.0,0.0,0.0,0.0,0.0,0.0,0.0,0.0,0.0,0.0,0.0,0.0,0.0,0.0,0.0
3693,Mozambique,Stimulants,Production,11.0,10.0,13.0,13.0,16.0,17.0,17.0,17.0,18.0,31.0,30.0,28.0,23.0,24.0,30.0,33.0,33.0,33.0
3694,Mozambique,Starchy Roots,Other uses (non-food),0.0,0.0,0.0,0.0,0.0,0.0,0.0,0.0,0.0,360.0,1118.0,1294.0,2296.0,2100.0,361.0,163.0,714.0,1260.0
3695,Mozambique,Oilcrops,Seed,19.0,25.0,22.0,24.0,31.0,27.0,32.0,37.0,32.0,27.0,24.0,30.0,24.0,24.0,41.0,29.0,26.0,28.0
3696,Mozambique,Oilcrops,Feed,0.0,0.0,0.0,0.0,0.0,0.0,0.0,0.0,0.0,0.0,0.0,0.0,0.0,0.0,0.0,0.0,0.0,0.0
3697,Mozambique,Oilcrops,Domestic supply,533.0,624.0,495.0,456.0,527.0,681.0,557.0,569.0,557.0,553.0,550.0,583.0,617.0,575.0,624.0,825.0,757.0,722.0
3698,Mozambique,Pulses,Import,1.0,0.0,0.0,0.0,0.0,2.0,3.0,0.0,0.0,0.0,0.0,0.0,0.0,1.0,12.0,1.0,133.0,134.0
3699,Mozambique,Pulses,Stock Variation,0.0,0.0,-5.0,0.0,0.0,0.0,0.0,0.0,0.0,0.0,0.0,0.0,0.0,0.0,-138.0,-100.0,-209.0,-157.0
3700,Mozambique,Pulses,Export,0.0,0.0,1.0,0.0,2.0,3.0,4.0,11.0,9.0,9.0,52.0,71.0,32.0,36.0,87.0,41.0,148.0,163.0
3701,Mozambique,Pulses,Domestic supply,101.0,105.0,250.0,279.0,300.0,288.0,389.0,407.0,372.0,371.0,363.0,408.0,440.0,439.0,440.0,383.0,535.0,485.0
3702,Mozambique,Pulses,Feed,0.0,0.0,0.0,0.0,0.0,0.0,0.0,0.0,0.0,0.0,0.0,0.0,0.0,0.0,8.0,1.0,122.0,66.0
3703,Mozambique,Pulses,Seed,8.0,9.0,41.0,46.0,57.0,58.0,64.0,59.0,59.0,65.0,75.0,58.0,65.0,65.0,31.0,18.0,31.0,31.0
3704,Mozambique,Pulses,Losses,5.0,5.0,11.0,12.0,13.0,13.0,17.0,18.0,16.0,16.0,17.0,20.0,21.0,21.0,18.0,16.0,17.0,18.0
3705,Mozambique,Pulses,Processing,0.0,0.0,0.0,0.0,0.0,0.0,0.0,0.0,0.0,0.0,0.0,0.0,0.0,0.0,0.0,0.0,0.0,0.0
3706,Mozambique,Pulses,Other uses (non-food),0.0,0.0,0.0,0.0,0.0,0.0,0.0,0.0,0.0,0.0,0.0,0.0,0.0,0.0,0.0,0.0,0.0,0.0
3707,Mozambique,Pulses,Human Consumption,87.0,92.0,198.0,221.0,230.0,218.0,308.0,331.0,297.0,289.0,272.0,330.0,369.0,362.0,383.0,348.0,366.0,370.0
3708,Mozambique,Treenuts,Production,58.0,58.0,50.0,64.0,43.0,104.0,63.0,74.0,85.0,64.0,97.0,113.0,65.0,65.0,63.0,82.0,104.0,139.0
3709,Mozambique,Treenuts,Import,0.0,0.0,0.0,0.0,0.0,1.0,2.0,2.0,2.0,3.0,5.0,5.0,4.0,2.0,1.0,0.0,2.0,2.0
3710,Mozambique,Treenuts,Stock Variation,0.0,0.0,0.0,-15.0,15.0,-30.0,10.0,20.0,-5.0,5.0,0.0,0.0,0.0,0.0,-4.0,5.0,4.0,2.0
3711,Mozambique,Treenuts,Export,19.0,19.0,41.0,34.0,42.0,37.0,33.0,45.0,24.0,41.0,19.0,50.0,16.0,19.0,23.0,7.0,44.0,74.0
3712,Mozambique,Treenuts,Domestic supply,39.0,39.0,9.0,15.0,17.0,38.0,42.0,51.0,58.0,31.0,82.0,68.0,52.0,48.0,44.0,70.0,58.0,65.0
3713,Mozambique,Treenuts,Feed,0.0,0.0,0.0,0.0,0.0,0.0,0.0,0.0,0.0,0.0,0.0,0.0,0.0,0.0,0.0,0.0,0.0,0.0
3714,Mozambique,Treenuts,Seed,0.0,0.0,0.0,0.0,0.0,0.0,0.0,0.0,0.0,0.0,0.0,0.0,0.0,0.0,0.0,0.0,0.0,0.0
3715,Mozambique,Treenuts,Losses,1.0,1.0,1.0,1.0,1.0,1.0,1.0,1.0,1.0,1.0,1.0,1.0,1.0,1.0,3.0,4.0,6.0,7.0
3716,Mozambique,Treenuts,Processing,0.0,0.0,0.0,0.0,0.0,0.0,0.0,0.0,0.0,0.0,0.0,0.0,0.0,0.0,0.0,0.0,0.0,0.0
3717,Mozambique,Treenuts,Other uses (non-food),0.0,0.0,0.0,0.0,0.0,0.0,0.0,0.0,0.0,0.0,0.0,0.0,0.0,0.0,0.0,0.0,0.0,0.0
3718,Mozambique,Treenuts,Human Consumption,39.0,39.0,9.0,15.0,16.0,37.0,41.0,50.0,58.0,30.0,81.0,67.0,52.0,48.0,48.0,69.0,52.0,58.0
3719,Mozambique,Oilcrops,Production,625.0,668.0,521.0,497.0,544.0,697.0,577.0,627.0,605.0,614.0,602.0,620.0,647.0,634.0,613.0,583.0,544.0,558.0
3720,Mozambique,Oilcrops,Import,0.0,3.0,9.0,4.0,5.0,6.0,3.0,4.0,2.0,2.0,7.0,9.0,4.0,3.0,5.0,11.0,14.0,17.0
3721,Mozambique,Oilcrops,Stock Variation,0.0,0.0,0.0,0.0,0.0,0.0,0.0,0.0,0.0,0.0,0.0,0.0,0.0,0.0,-82.0,-271.0,-262.0,-224.0
3722,Mozambique,Oilcrops,Export,92.0,47.0,36.0,46.0,22.0,23.0,23.0,62.0,50.0,62.0,58.0,46.0,34.0,62.0,77.0,40.0,63.0,77.0
3723,Mozambique,Sugar & Sweeteners,Human Consumption,139.0,144.0,144.0,169.0,174.0,184.0,186.0,225.0,254.0,267.0,268.0,281.0,270.0,290.0,318.0,304.0,263.0,308.0
3724,Mozambique,Spices,Human Consumption,0.0,0.0,1.0,0.0,1.0,0.0,0.0,0.0,1.0,1.0,1.0,1.0,0.0,0.0,0.0,1.0,2.0,1.0
3725,Mozambique,Alcoholic Beverages,Seed,0.0,0.0,0.0,0.0,0.0,0.0,0.0,0.0,0.0,0.0,0.0,0.0,0.0,0.0,0.0,0.0,0.0,0.0
3726,Mozambique,Spices,Processing,0.0,0.0,0.0,0.0,0.0,0.0,0.0,0.0,0.0,0.0,0.0,0.0,0.0,0.0,0.0,0.0,0.0,0.0
3727,Mozambique,Eggs,Export,0.0,0.0,0.0,0.0,0.0,0.0,0.0,0.0,0.0,0.0,0.0,0.0,0.0,0.0,0.0,0.0,0.0,0.0
3728,Mozambique,Eggs,Domestic supply,3.0,3.0,4.0,8.0,12.0,10.0,11.0,15.0,20.0,23.0,29.0,37.0,50.0,51.0,59.0,60.0,64.0,65.0
3729,Mozambique,Eggs,Feed,0.0,0.0,0.0,0.0,0.0,0.0,0.0,0.0,0.0,0.0,0.0,0.0,0.0,0.0,0.0,0.0,0.0,0.0
3730,Mozambique,Eggs,Seed,2.0,2.0,2.0,2.0,1.0,1.0,2.0,2.0,2.0,2.0,2.0,2.0,2.0,2.0,2.0,2.0,3.0,3.0
3731,Mozambique,Eggs,Losses,0.0,0.0,0.0,1.0,1.0,1.0,1.0,1.0,2.0,2.0,3.0,4.0,5.0,5.0,6.0,6.0,6.0,6.0
3732,Mozambique,Eggs,Processing,0.0,0.0,0.0,0.0,0.0,0.0,0.0,0.0,0.0,0.0,0.0,0.0,0.0,0.0,0.0,0.0,0.0,0.0
3733,Mozambique,Eggs,Other uses (non-food),0.0,0.0,0.0,0.0,0.0,0.0,0.0,0.0,0.0,0.0,0.0,0.0,0.0,0.0,0.0,0.0,0.0,0.0
3734,Mozambique,Eggs,Human Consumption,0.0,1.0,2.0,6.0,9.0,8.0,8.0,12.0,16.0,19.0,24.0,31.0,43.0,44.0,51.0,52.0,55.0,56.0
3735,Mozambique,Milk - Excluding Butter,Production,70.0,71.0,73.0,73.0,75.0,78.0,77.0,75.0,75.0,75.0,76.0,77.0,79.0,79.0,553.0,558.0,561.0,619.0
3736,Mozambique,Milk - Excluding Butter,Import,38.0,26.0,18.0,12.0,26.0,19.0,27.0,19.0,28.0,23.0,31.0,46.0,91.0,50.0,9.0,11.0,13.0,22.0
3737,Mozambique,Milk - Excluding Butter,Stock Variation,0.0,0.0,0.0,0.0,0.0,0.0,0.0,0.0,0.0,0.0,0.0,0.0,0.0,0.0,0.0,0.0,0.0,0.0
3738,Mozambique,Eggs,Stock Variation,0.0,0.0,0.0,0.0,0.0,0.0,0.0,0.0,0.0,0.0,0.0,0.0,0.0,0.0,0.0,0.0,0.0,0.0
3739,Mozambique,Milk - Excluding Butter,Export,0.0,0.0,0.0,0.0,0.0,0.0,0.0,0.0,0.0,0.0,1.0,1.0,1.0,1.0,0.0,0.0,0.0,0.0
3740,Mozambique,Milk - Excluding Butter,Feed,0.0,0.0,0.0,0.0,0.0,0.0,0.0,0.0,0.0,0.0,0.0,0.0,0.0,0.0,111.0,110.0,108.0,125.0
3741,Mozambique,Milk - Excluding Butter,Seed,0.0,0.0,0.0,0.0,0.0,0.0,0.0,0.0,0.0,0.0,0.0,0.0,0.0,0.0,0.0,0.0,0.0,0.0
3742,Mozambique,Milk - Excluding Butter,Losses,4.0,4.0,4.0,4.0,4.0,4.0,4.0,4.0,4.0,4.0,4.0,4.0,4.0,4.0,28.0,28.0,29.0,31.0
3743,Mozambique,Milk - Excluding Butter,Processing,0.0,0.0,0.0,0.0,0.0,0.0,0.0,0.0,0.0,0.0,0.0,0.0,0.0,0.0,0.0,0.0,0.0,0.0
3744,Mozambique,Milk - Excluding Butter,Other uses (non-food),0.0,0.0,0.0,0.0,0.0,0.0,0.0,0.0,0.0,0.0,0.0,0.0,0.0,0.0,0.0,0.0,0.0,0.0
3745,Mozambique,Milk - Excluding Butter,Human Consumption,105.0,93.0,87.0,82.0,98.0,93.0,99.0,90.0,99.0,94.0,101.0,118.0,164.0,124.0,423.0,431.0,438.0,474.0
3746,Mozambique,Animal fats,Production,8.0,8.0,8.0,7.0,8.0,8.0,6.0,7.0,9.0,7.0,7.0,8.0,9.0,9.0,10.0,8.0,9.0,9.0
3747,Mozambique,Animal fats,Import,24.0,24.0,24.0,24.0,3.0,2.0,1.0,1.0,1.0,1.0,0.0,1.0,1.0,1.0,1.0,1.0,1.0,1.0
3748,Mozambique,Animal fats,Stock Variation,0.0,0.0,0.0,0.0,0.0,0.0,0.0,0.0,0.0,0.0,0.0,0.0,0.0,0.0,0.0,0.0,0.0,0.0
3749,Mozambique,Animal fats,Export,0.0,0.0,0.0,0.0,0.0,0.0,0.0,0.0,1.0,0.0,0.0,0.0,0.0,0.0,0.0,0.0,0.0,0.0
3750,Mozambique,Animal fats,Domestic supply,32.0,32.0,32.0,30.0,10.0,11.0,7.0,8.0,9.0,8.0,7.0,8.0,10.0,10.0,11.0,9.0,9.0,10.0
3751,Mozambique,Milk - Excluding Butter,Domestic supply,108.0,97.0,91.0,85.0,101.0,97.0,104.0,94.0,103.0,98.0,105.0,122.0,168.0,128.0,562.0,569.0,574.0,641.0
3752,Mozambique,Animal fats,Feed,0.0,0.0,0.0,0.0,0.0,0.0,0.0,0.0,0.0,0.0,0.0,0.0,0.0,0.0,0.0,0.0,0.0,0.0
3753,Mozambique,Eggs,Import,1.0,1.0,1.0,1.0,1.0,0.0,1.0,0.0,1.0,1.0,2.0,2.0,3.0,6.0,5.0,3.0,14.0,12.0
3754,Mozambique,"Fish, Seafood",Human Consumption,35.0,31.0,32.0,92.0,91.0,95.0,109.0,97.0,132.0,161.0,174.0,208.0,208.0,208.0,287.0,325.0,328.0,328.0
3755,Mozambique,Cereals - Excluding Beer,Production,1527.0,1452.0,1330.0,1473.0,1297.0,1122.0,1719.0,1855.0,2182.0,2179.0,2717.0,2842.0,1582.0,2122.0,1718.0,1504.0,1714.0,1945.0
3756,Mozambique,Cereals - Excluding Beer,Import,436.0,577.0,708.0,750.0,862.0,1013.0,1305.0,887.0,777.0,1069.0,1024.0,954.0,1211.0,969.0,1062.0,1692.0,1840.0,1865.0
3757,Mozambique,Cereals - Excluding Beer,Stock Variation,80.0,1.0,26.0,-80.0,79.0,240.0,-298.0,27.0,61.0,-127.0,-252.0,-235.0,470.0,239.0,-662.0,-399.0,-431.0,-406.0
3758,Mozambique,Cereals - Excluding Beer,Export,0.0,0.0,7.0,4.0,14.0,3.0,107.0,21.0,30.0,16.0,61.0,63.0,79.0,15.0,85.0,37.0,47.0,10.0
3759,Mozambique,Cereals - Excluding Beer,Domestic supply,2043.0,2030.0,2058.0,2139.0,2224.0,2372.0,2619.0,2748.0,2990.0,3105.0,3428.0,3497.0,3184.0,3313.0,3357.0,3557.0,3939.0,4206.0
3760,Mozambique,Cereals - Excluding Beer,Feed,141.0,155.0,120.0,136.0,135.0,95.0,147.0,223.0,341.0,372.0,462.0,512.0,267.0,367.0,284.0,260.0,266.0,330.0
3761,Mozambique,Cereals - Excluding Beer,Seed,39.0,41.0,39.0,36.0,45.0,47.0,45.0,63.0,54.0,59.0,62.0,64.0,62.0,62.0,66.0,55.0,48.0,51.0
3762,Mozambique,Cereals - Excluding Beer,Losses,91.0,92.0,94.0,95.0,98.0,96.0,123.0,122.0,134.0,137.0,160.0,168.0,134.0,142.0,105.0,92.0,105.0,115.0
3763,Mozambique,Cereals - Excluding Beer,Processing,11.0,9.0,9.0,8.0,13.0,33.0,17.0,17.0,30.0,42.0,36.0,33.0,29.0,25.0,24.0,1.0,25.0,14.0
3764,Mozambique,Cereals - Excluding Beer,Other uses (non-food),0.0,0.0,0.0,0.0,0.0,0.0,0.0,0.0,0.0,0.0,0.0,0.0,0.0,0.0,1.0,1.0,1.0,1.0
3765,Mozambique,Cereals - Excluding Beer,Human Consumption,1763.0,1732.0,1796.0,1864.0,1934.0,2102.0,2287.0,2324.0,2430.0,2495.0,2709.0,2720.0,2691.0,2716.0,3031.0,3286.0,3615.0,3815.0
3766,Mozambique,Eggs,Production,2.0,2.0,3.0,7.0,12.0,10.0,11.0,14.0,19.0,22.0,27.0,35.0,47.0,45.0,54.0,58.0,50.0,53.0
3767,Mozambique,"Aquatic Products, Other",Production,0.0,0.0,2.0,6.0,1.0,1.0,0.0,1.0,1.0,1.0,0.0,0.0,0.0,0.0,0.0,0.0,0.0,0.0
3768,Mozambique,"Aquatic Products, Other",Export,0.0,0.0,0.0,1.0,0.0,1.0,0.0,0.0,1.0,0.0,0.0,0.0,0.0,0.0,0.0,0.0,0.0,0.0
3769,Mozambique,"Aquatic Products, Other",Domestic supply,0.0,0.0,1.0,5.0,1.0,1.0,0.0,1.0,1.0,0.0,0.0,0.0,0.0,0.0,0.0,0.0,0.0,0.0
3770,Mozambique,"Aquatic Products, Other",Other uses (non-food),0.0,0.0,1.0,5.0,1.0,1.0,0.0,1.0,1.0,0.0,0.0,0.0,0.0,0.0,0.0,0.0,0.0,0.0
3771,Mozambique,"Aquatic Products, Other",Human Consumption,0.0,0.0,0.0,0.0,0.0,0.0,0.0,0.0,0.0,0.0,0.0,0.0,0.0,0.0,0.0,0.0,0.0,0.0
3772,Mozambique,"Fish, Seafood",Production,41.0,36.0,39.0,97.0,100.0,95.0,103.0,93.0,122.0,150.0,165.0,190.0,190.0,190.0,254.0,288.0,301.0,301.0
3773,Mozambique,"Fish, Seafood",Import,9.0,6.0,10.0,14.0,25.0,38.0,25.0,19.0,24.0,23.0,19.0,34.0,34.0,34.0,60.0,62.0,44.0,44.0
3774,Mozambique,"Fish, Seafood",Stock Variation,0.0,0.0,0.0,-3.0,-3.0,-2.0,5.0,3.0,0.0,0.0,0.0,0.0,0.0,0.0,0.0,0.0,0.0,0.0
3775,Mozambique,"Fish, Seafood",Export,14.0,11.0,15.0,15.0,21.0,20.0,17.0,15.0,12.0,10.0,10.0,13.0,13.0,13.0,26.0,23.0,16.0,16.0
3776,Mozambique,"Fish, Seafood",Domestic supply,37.0,32.0,33.0,93.0,100.0,110.0,115.0,100.0,134.0,163.0,174.0,211.0,211.0,211.0,289.0,326.0,329.0,329.0
3777,Mozambique,"Fish, Seafood",Feed,2.0,1.0,2.0,2.0,10.0,16.0,6.0,2.0,3.0,2.0,0.0,3.0,3.0,3.0,2.0,1.0,0.0,0.0
3778,Mozambique,"Fish, Seafood",Other uses (non-food),0.0,0.0,0.0,0.0,0.0,0.0,0.0,0.0,0.0,0.0,0.0,0.0,0.0,0.0,0.0,0.0,0.0,0.0
3779,Mozambique,"Aquatic Products, Other",Import,0.0,0.0,0.0,0.0,0.0,0.0,0.0,0.0,0.0,0.0,0.0,0.0,0.0,0.0,0.0,0.0,0.0,0.0
3780,Mozambique,Animal fats,Seed,0.0,0.0,0.0,0.0,0.0,0.0,0.0,0.0,0.0,0.0,0.0,0.0,0.0,0.0,0.0,0.0,0.0,0.0
3781,Mozambique,Spices,Other uses (non-food),0.0,0.0,0.0,0.0,0.0,0.0,0.0,0.0,0.0,0.0,0.0,0.0,0.0,0.0,0.0,0.0,0.0,0.0
3782,Mozambique,Animal fats,Processing,0.0,0.0,0.0,0.0,0.0,0.0,0.0,0.0,0.0,0.0,0.0,0.0,0.0,0.0,0.0,0.0,0.0,0.0
3783,Mozambique,Miscellaneous,Feed,0.0,0.0,0.0,0.0,0.0,0.0,0.0,0.0,0.0,0.0,0.0,0.0,0.0,0.0,0.0,0.0,0.0,0.0
3784,Mozambique,Miscellaneous,Seed,0.0,0.0,0.0,0.0,0.0,0.0,0.0,0.0,0.0,0.0,0.0,0.0,0.0,0.0,0.0,0.0,0.0,0.0
3785,Mozambique,Miscellaneous,Losses,0.0,0.0,0.0,0.0,0.0,0.0,0.0,0.0,0.0,0.0,0.0,0.0,0.0,0.0,0.0,0.0,0.0,0.0
3786,Mozambique,Miscellaneous,Processing,0.0,0.0,0.0,0.0,0.0,0.0,0.0,0.0,0.0,0.0,0.0,0.0,0.0,0.0,0.0,0.0,0.0,0.0
3787,Mozambique,Miscellaneous,Other uses (non-food),0.0,0.0,0.0,0.0,0.0,0.0,0.0,0.0,0.0,0.0,0.0,0.0,0.0,0.0,0.0,0.0,0.0,0.0
3788,Mozambique,Miscellaneous,Human Consumption,1.0,1.0,0.0,0.0,0.0,0.0,1.0,1.0,2.0,2.0,2.0,2.0,0.0,0.0,19.0,19.0,40.0,45.0
3789,Mozambique,Alcoholic Beverages,Production,67.0,86.0,73.0,67.0,89.0,101.0,104.0,98.0,133.0,116.0,174.0,173.0,163.0,144.0,236.0,291.0,306.0,319.0
3790,Mozambique,Alcoholic Beverages,Import,15.0,17.0,31.0,11.0,13.0,15.0,13.0,13.0,16.0,13.0,15.0,16.0,36.0,83.0,87.0,97.0,63.0,35.0
3791,Mozambique,Alcoholic Beverages,Stock Variation,0.0,0.0,0.0,0.0,0.0,0.0,0.0,0.0,0.0,0.0,0.0,0.0,0.0,0.0,0.0,0.0,0.0,0.0
3792,Mozambique,Animal fats,Losses,0.0,0.0,0.0,0.0,0.0,0.0,0.0,0.0,0.0,0.0,0.0,0.0,0.0,0.0,0.0,0.0,0.0,0.0
3793,Mozambique,Alcoholic Beverages,Domestic supply,82.0,102.0,105.0,78.0,102.0,116.0,117.0,112.0,149.0,129.0,189.0,189.0,199.0,225.0,314.0,365.0,369.0,354.0
3794,Mozambique,Miscellaneous,Domestic supply,1.0,1.0,0.0,0.0,0.0,0.0,1.0,1.0,2.0,2.0,2.0,2.0,0.0,0.0,19.0,19.0,40.0,45.0
3795,Mozambique,Alcoholic Beverages,Feed,0.0,0.0,0.0,0.0,0.0,0.0,0.0,0.0,0.0,0.0,0.0,0.0,0.0,0.0,0.0,0.0,0.0,0.0
3796,Mozambique,Alcoholic Beverages,Processing,0.0,0.0,0.0,0.0,0.0,0.0,0.0,0.0,0.0,0.0,0.0,0.0,0.0,0.0,0.0,0.0,0.0,0.0
3797,Mozambique,Alcoholic Beverages,Other uses (non-food),0.0,0.0,0.0,0.0,0.0,0.0,0.0,0.0,0.0,0.0,0.0,0.0,24.0,49.0,20.0,15.0,5.0,1.0
3798,Mozambique,Alcoholic Beverages,Human Consumption,82.0,102.0,105.0,78.0,102.0,116.0,117.0,112.0,149.0,129.0,189.0,189.0,175.0,176.0,294.0,350.0,364.0,353.0
3799,Mozambique,Spices,Production,0.0,0.0,0.0,0.0,0.0,0.0,0.0,0.0,0.0,0.0,0.0,0.0,0.0,0.0,0.0,0.0,0.0,0.0
3800,Mozambique,Spices,Import,0.0,0.0,1.0,0.0,1.0,0.0,0.0,0.0,1.0,1.0,1.0,1.0,0.0,0.0,1.0,1.0,2.0,1.0
3801,Mozambique,Spices,Stock Variation,0.0,0.0,0.0,0.0,0.0,0.0,0.0,0.0,0.0,0.0,0.0,0.0,0.0,0.0,0.0,0.0,0.0,0.0
3802,Mozambique,Spices,Export,0.0,0.0,0.0,0.0,0.0,0.0,0.0,0.0,0.0,0.0,0.0,0.0,0.0,0.0,0.0,0.0,0.0,0.0
3803,Mozambique,Spices,Domestic supply,0.0,0.0,1.0,0.0,1.0,0.0,0.0,0.0,1.0,1.0,1.0,1.0,0.0,0.0,0.0,1.0,2.0,1.0
3804,Mozambique,Spices,Feed,0.0,0.0,0.0,0.0,0.0,0.0,0.0,0.0,0.0,0.0,0.0,0.0,0.0,0.0,0.0,0.0,0.0,0.0
3805,Mozambique,Spices,Seed,0.0,0.0,0.0,0.0,0.0,0.0,0.0,0.0,0.0,0.0,0.0,0.0,0.0,0.0,0.0,0.0,0.0,0.0
3806,Mozambique,Spices,Losses,0.0,0.0,0.0,0.0,0.0,0.0,0.0,0.0,0.0,0.0,0.0,0.0,0.0,0.0,0.0,0.0,0.0,0.0
3807,Mozambique,Alcoholic Beverages,Losses,0.0,0.0,0.0,0.0,0.0,0.0,0.0,0.0,0.0,0.0,0.0,0.0,0.0,0.0,0.0,0.0,0.0,0.0
3808,Mozambique,Miscellaneous,Export,0.0,0.0,0.0,0.0,0.0,0.0,0.0,0.0,0.0,0.0,0.0,0.0,0.0,0.0,3.0,3.0,3.0,1.0
3809,Mozambique,Alcoholic Beverages,Export,0.0,0.0,0.0,0.0,0.0,0.0,0.0,0.0,0.0,0.0,0.0,0.0,1.0,1.0,9.0,23.0,1.0,1.0
3810,Mozambique,Miscellaneous,Import,1.0,1.0,0.0,0.0,0.0,0.0,1.0,1.0,2.0,2.0,2.0,2.0,0.0,0.0,22.0,23.0,43.0,46.0
3811,Mozambique,Miscellaneous,Stock Variation,0.0,0.0,0.0,0.0,0.0,0.0,0.0,0.0,0.0,0.0,0.0,0.0,0.0,0.0,0.0,0.0,0.0,0.0
3812,Mozambique,Animal fats,Human Consumption,9.0,9.0,9.0,7.0,8.0,9.0,6.0,7.0,8.0,7.0,7.0,8.0,10.0,10.0,11.0,9.0,9.0,9.0
3813,Mozambique,Offals,Production,15.0,15.0,15.0,13.0,14.0,14.0,13.0,14.0,15.0,14.0,14.0,14.0,16.0,16.0,18.0,19.0,20.0,21.0
3814,Mozambique,Offals,Import,0.0,0.0,0.0,0.0,0.0,0.0,0.0,0.0,0.0,0.0,0.0,0.0,1.0,1.0,4.0,3.0,4.0,4.0
3815,Mozambique,Offals,Stock Variation,0.0,0.0,0.0,0.0,0.0,0.0,0.0,0.0,0.0,0.0,0.0,0.0,0.0,0.0,0.0,0.0,0.0,0.0
3816,Mozambique,Offals,Export,0.0,0.0,0.0,0.0,0.0,0.0,0.0,0.0,0.0,0.0,0.0,0.0,0.0,0.0,0.0,0.0,0.0,0.0
3817,Mozambique,Offals,Domestic supply,15.0,15.0,15.0,13.0,14.0,14.0,13.0,14.0,15.0,14.0,14.0,14.0,16.0,17.0,22.0,22.0,24.0,25.0
3818,Mozambique,Offals,Feed,0.0,0.0,0.0,0.0,0.0,0.0,0.0,0.0,0.0,0.0,0.0,0.0,0.0,0.0,0.0,0.0,0.0,0.0
3819,Mozambique,Offals,Seed,0.0,0.0,0.0,0.0,0.0,0.0,0.0,0.0,0.0,0.0,0.0,0.0,0.0,0.0,0.0,0.0,0.0,0.0
3820,Mozambique,Offals,Losses,0.0,0.0,0.0,0.0,0.0,0.0,0.0,0.0,0.0,0.0,0.0,0.0,0.0,0.0,1.0,1.0,1.0,0.0
3821,Mozambique,Offals,Processing,0.0,0.0,0.0,0.0,0.0,0.0,0.0,0.0,0.0,0.0,0.0,0.0,0.0,0.0,0.0,0.0,0.0,0.0
3822,Mozambique,Offals,Other uses (non-food),0.0,0.0,0.0,0.0,0.0,0.0,0.0,0.0,0.0,0.0,0.0,0.0,0.0,0.0,0.0,0.0,0.0,0.0
3823,Mozambique,Animal fats,Other uses (non-food),23.0,23.0,23.0,23.0,2.0,2.0,1.0,0.0,1.0,1.0,0.0,0.0,0.0,0.0,0.0,0.0,0.0,0.0
3824,Mozambique,Meat,Production,194.0,190.0,189.0,163.0,171.0,183.0,148.0,168.0,182.0,165.0,169.0,179.0,196.0,205.0,254.0,230.0,238.0,253.0
3825,Mozambique,Offals,Human Consumption,15.0,15.0,15.0,13.0,14.0,14.0,13.0,14.0,15.0,14.0,14.0,14.0,16.0,17.0,22.0,21.0,23.0,25.0
3826,Mozambique,Meat,Human Consumption,200.0,194.0,199.0,169.0,186.0,203.0,166.0,186.0,200.0,186.0,189.0,202.0,207.0,220.0,253.0,246.0,260.0,269.0
3827,Mozambique,Meat,Other uses (non-food),0.0,0.0,0.0,0.0,0.0,0.0,0.0,0.0,0.0,0.0,0.0,0.0,0.0,0.0,0.0,0.0,0.0,0.0
3828,Mozambique,Meat,Processing,0.0,0.0,0.0,0.0,0.0,0.0,0.0,0.0,0.0,0.0,0.0,0.0,0.0,0.0,6.0,8.0,8.0,9.0
3829,Mozambique,Meat,Losses,0.0,0.0,0.0,0.0,0.0,0.0,0.0,0.0,0.0,0.0,0.0,0.0,0.0,0.0,13.0,12.0,12.0,13.0
3830,Mozambique,Miscellaneous,Production,0.0,0.0,0.0,0.0,0.0,0.0,0.0,0.0,0.0,0.0,0.0,0.0,0.0,0.0,0.0,0.0,0.0,0.0
3831,Mozambique,Meat,Feed,0.0,0.0,0.0,0.0,0.0,0.0,0.0,0.0,0.0,0.0,0.0,0.0,0.0,0.0,0.0,0.0,0.0,0.0
3832,Mozambique,Meat,Domestic supply,200.0,194.0,199.0,169.0,186.0,203.0,166.0,186.0,200.0,186.0,189.0,202.0,207.0,220.0,272.0,266.0,280.0,291.0
3833,Mozambique,Meat,Export,0.0,0.0,0.0,0.0,0.0,0.0,0.0,0.0,0.0,0.0,0.0,0.0,0.0,0.0,0.0,0.0,0.0,0.0
3834,Mozambique,Meat,Stock Variation,0.0,0.0,0.0,0.0,0.0,0.0,0.0,0.0,0.0,0.0,0.0,0.0,0.0,0.0,6.0,-2.0,-1.0,-2.0
3835,Mozambique,Meat,Import,5.0,4.0,10.0,7.0,14.0,20.0,18.0,18.0,19.0,21.0,20.0,24.0,11.0,14.0,24.0,34.0,40.0,36.0
3836,Mozambique,Meat,Seed,0.0,0.0,0.0,0.0,0.0,0.0,0.0,0.0,0.0,0.0,0.0,0.0,0.0,0.0,0.0,0.0,0.0,0.0
3837,Myanmar,Vegetable Oils,Export,0.0,1.0,3.0,1.0,1.0,1.0,1.0,0.0,1.0,1.0,1.0,1.0,1.0,1.0,1.0,1.0,1.0,1.0
3838,Myanmar,Vegetable Oils,Stock Variation,0.0,0.0,0.0,0.0,0.0,0.0,0.0,0.0,-4.0,0.0,1.0,1.0,1.0,1.0,3.0,7.0,7.0,6.0
3839,Myanmar,Vegetable Oils,Import,266.0,275.0,235.0,282.0,308.0,359.0,379.0,410.0,424.0,373.0,401.0,412.0,527.0,629.0,655.0,817.0,801.0,741.0
3840,Myanmar,Vegetable Oils,Production,356.0,445.0,467.0,516.0,578.0,597.0,710.0,769.0,904.0,983.0,1023.0,873.0,811.0,800.0,595.0,621.0,599.0,559.0
3841,Myanmar,Vegetables,Other uses (non-food),0.0,0.0,0.0,0.0,0.0,0.0,0.0,0.0,0.0,0.0,0.0,0.0,0.0,0.0,0.0,0.0,0.0,0.0
3842,Myanmar,Vegetables,Processing,0.0,0.0,0.0,0.0,0.0,0.0,0.0,0.0,0.0,0.0,0.0,0.0,0.0,0.0,0.0,0.0,0.0,0.0
3843,Myanmar,Vegetables,Losses,308.0,319.0,328.0,343.0,369.0,347.0,373.0,374.0,386.0,391.0,406.0,418.0,398.0,408.0,459.0,471.0,469.0,468.0
3844,Myanmar,Vegetables,Seed,0.0,0.0,0.0,0.0,0.0,0.0,0.0,0.0,0.0,0.0,0.0,0.0,0.0,0.0,0.0,0.0,0.0,0.0
3845,Myanmar,Vegetable Oils,Domestic supply,621.0,719.0,699.0,797.0,885.0,955.0,1088.0,1179.0,1323.0,1355.0,1425.0,1285.0,1338.0,1429.0,1247.0,1430.0,1392.0,1292.0
3846,Myanmar,Vegetables,Human Consumption,2992.0,3147.0,3267.0,3498.0,3742.0,3546.0,3896.0,3901.0,4041.0,4100.0,4279.0,4427.0,4245.0,4337.0,4468.0,4529.0,4471.0,4420.0
3847,Myanmar,Vegetable Oils,Feed,0.0,0.0,0.0,0.0,0.0,0.0,0.0,0.0,0.0,0.0,0.0,0.0,0.0,0.0,0.0,0.0,0.0,0.0
3848,Myanmar,Sugar & Sweeteners,Import,67.0,6.0,7.0,11.0,16.0,21.0,22.0,32.0,27.0,28.0,88.0,117.0,112.0,199.0,555.0,2000.0,3501.0,1686.0
3849,Myanmar,Vegetable Oils,Losses,0.0,0.0,0.0,0.0,0.0,0.0,0.0,0.0,0.0,0.0,0.0,0.0,0.0,0.0,0.0,0.0,0.0,0.0
3850,Myanmar,Vegetable Oils,Processing,0.0,0.0,0.0,0.0,0.0,0.0,0.0,0.0,0.0,0.0,0.0,0.0,0.0,0.0,0.0,0.0,0.0,0.0
3851,Myanmar,Vegetable Oils,Other uses (non-food),309.0,422.0,389.0,504.0,562.0,623.0,782.0,816.0,924.0,907.0,972.0,827.0,915.0,1002.0,840.0,1013.0,980.0,897.0
3852,Myanmar,Vegetable Oils,Human Consumption,312.0,297.0,310.0,293.0,323.0,332.0,306.0,364.0,399.0,448.0,453.0,458.0,423.0,427.0,407.0,418.0,411.0,395.0
3853,Myanmar,Sugar & Sweeteners,Production,800.0,935.0,896.0,1022.0,1035.0,1040.0,1083.0,1223.0,1252.0,1265.0,1238.0,1266.0,1262.0,1252.0,1377.0,1309.0,1347.0,1353.0
3854,Myanmar,Sugar & Sweeteners,Stock Variation,-60.0,-13.0,40.0,14.0,-14.0,-11.0,-11.0,-20.0,4.0,49.0,-52.0,-82.0,-43.0,-145.0,60.0,350.0,100.0,1190.0
3855,Myanmar,Sugar & Sweeteners,Export,6.0,11.0,14.0,4.0,2.0,2.0,2.0,1.0,18.0,62.0,16.0,8.0,9.0,7.0,94.0,1003.0,2209.0,37.0
3856,Myanmar,Sugar & Sweeteners,Domestic supply,801.0,918.0,927.0,1043.0,1035.0,1049.0,1092.0,1234.0,1265.0,1281.0,1259.0,1293.0,1322.0,1298.0,1778.0,1957.0,2539.0,1812.0
3857,Myanmar,Sugar & Sweeteners,Feed,0.0,0.0,0.0,0.0,0.0,0.0,0.0,0.0,0.0,0.0,0.0,0.0,0.0,0.0,0.0,0.0,0.0,0.0
3858,Myanmar,Sugar & Sweeteners,Seed,0.0,0.0,0.0,0.0,0.0,0.0,0.0,0.0,0.0,0.0,0.0,0.0,0.0,0.0,0.0,0.0,0.0,0.0
3859,Myanmar,Sugar & Sweeteners,Losses,0.0,0.0,0.0,0.0,0.0,0.0,0.0,0.0,0.0,0.0,0.0,0.0,0.0,0.0,24.0,24.0,25.0,25.0
3860,Myanmar,Vegetable Oils,Seed,0.0,0.0,0.0,0.0,0.0,0.0,0.0,0.0,0.0,0.0,0.0,0.0,0.0,0.0,0.0,0.0,0.0,0.0
3861,Myanmar,Vegetables,Feed,0.0,0.0,0.0,0.0,0.0,0.0,0.0,0.0,0.0,0.0,0.0,0.0,0.0,0.0,0.0,0.0,0.0,0.0
3862,Myanmar,Stimulants,Production,21.0,23.0,25.0,26.0,28.0,29.0,30.0,33.0,35.0,37.0,38.0,39.0,39.0,40.0,107.0,108.0,111.0,113.0
3863,Myanmar,Vegetables,Export,54.0,57.0,81.0,16.0,42.0,53.0,36.0,10.0,36.0,33.0,26.0,13.0,10.0,9.0,38.0,62.0,40.0,19.0
3864,Myanmar,Sugar & Sweeteners,Processing,261.0,276.0,301.0,376.0,352.0,372.0,378.0,365.0,370.0,397.0,400.0,400.0,405.0,400.0,0.0,0.0,0.0,0.0
3865,Myanmar,Stimulants,Import,4.0,4.0,5.0,7.0,10.0,9.0,11.0,13.0,19.0,17.0,53.0,55.0,68.0,53.0,68.0,67.0,52.0,46.0
3866,Myanmar,Stimulants,Stock Variation,0.0,0.0,0.0,0.0,0.0,0.0,0.0,0.0,0.0,0.0,0.0,0.0,0.0,0.0,1.0,2.0,3.0,6.0
3867,Myanmar,Stimulants,Export,0.0,0.0,0.0,1.0,1.0,1.0,1.0,1.0,0.0,1.0,1.0,1.0,2.0,2.0,2.0,5.0,8.0,4.0
3868,Myanmar,Stimulants,Domestic supply,25.0,28.0,30.0,31.0,37.0,37.0,41.0,45.0,54.0,54.0,91.0,93.0,105.0,91.0,172.0,168.0,152.0,150.0
3869,Myanmar,Stimulants,Feed,0.0,0.0,0.0,0.0,0.0,0.0,0.0,0.0,0.0,0.0,0.0,0.0,0.0,0.0,0.0,0.0,0.0,0.0
3870,Myanmar,Stimulants,Seed,0.0,0.0,0.0,0.0,0.0,0.0,0.0,0.0,0.0,0.0,0.0,0.0,0.0,0.0,0.0,0.0,0.0,0.0
3871,Myanmar,Stimulants,Losses,0.0,0.0,0.0,0.0,0.0,0.0,0.0,0.0,0.0,0.0,0.0,0.0,0.0,0.0,6.0,6.0,6.0,6.0
3872,Myanmar,Stimulants,Processing,0.0,0.0,0.0,0.0,0.0,0.0,0.0,0.0,0.0,0.0,0.0,0.0,0.0,0.0,0.0,0.0,0.0,0.0
3873,Myanmar,Stimulants,Other uses (non-food),0.0,0.0,0.0,0.0,0.0,0.0,0.0,0.0,0.0,0.0,0.0,0.0,0.0,0.0,0.0,0.0,0.0,0.0
3874,Myanmar,Stimulants,Human Consumption,25.0,28.0,30.0,31.0,37.0,37.0,41.0,45.0,54.0,54.0,91.0,93.0,105.0,91.0,166.0,162.0,146.0,144.0
3875,Myanmar,Fruits - Excluding Wine,Production,1424.0,1571.0,1633.0,1700.0,1750.0,1702.0,1886.0,2054.0,2247.0,2178.0,2200.0,2288.0,2308.0,2308.0,2378.0,2518.0,2522.0,2608.0
3876,Myanmar,Fruits - Excluding Wine,Import,31.0,37.0,38.0,24.0,56.0,149.0,139.0,54.0,11.0,9.0,23.0,18.0,24.0,21.0,107.0,126.0,189.0,169.0
3877,Myanmar,Fruits - Excluding Wine,Stock Variation,0.0,0.0,0.0,0.0,0.0,0.0,0.0,0.0,0.0,0.0,0.0,0.0,0.0,0.0,0.0,0.0,0.0,0.0
3878,Myanmar,Fruits - Excluding Wine,Export,1.0,97.0,81.0,113.0,42.0,50.0,39.0,87.0,252.0,190.0,185.0,32.0,82.0,21.0,92.0,143.0,84.0,123.0
3879,Myanmar,Fruits - Excluding Wine,Domestic supply,1454.0,1510.0,1590.0,1612.0,1765.0,1800.0,1986.0,2021.0,2006.0,1997.0,2039.0,2274.0,2250.0,2309.0,2394.0,2501.0,2627.0,2654.0
3880,Myanmar,Fruits - Excluding Wine,Feed,0.0,0.0,0.0,0.0,0.0,0.0,0.0,0.0,0.0,0.0,0.0,0.0,0.0,0.0,0.0,0.0,0.0,0.0
3881,Myanmar,Fruits - Excluding Wine,Seed,0.0,0.0,0.0,0.0,0.0,0.0,0.0,0.0,0.0,0.0,0.0,0.0,0.0,0.0,0.0,0.0,0.0,0.0
3882,Myanmar,Fruits - Excluding Wine,Losses,108.0,124.0,132.0,140.0,147.0,139.0,162.0,182.0,191.0,186.0,194.0,210.0,215.0,215.0,183.0,194.0,194.0,203.0
3883,Myanmar,Fruits - Excluding Wine,Processing,0.0,0.0,0.0,0.0,0.0,0.0,0.0,0.0,0.0,0.0,0.0,0.0,0.0,0.0,0.0,0.0,0.0,0.0
3884,Myanmar,Fruits - Excluding Wine,Other uses (non-food),0.0,0.0,0.0,0.0,0.0,0.0,0.0,0.0,0.0,0.0,0.0,0.0,0.0,0.0,0.0,0.0,0.0,0.0
3885,Myanmar,Fruits - Excluding Wine,Human Consumption,1346.0,1386.0,1458.0,1471.0,1617.0,1661.0,1825.0,1839.0,1815.0,1811.0,1845.0,2064.0,2035.0,2094.0,2266.0,2377.0,2485.0,2518.0
3886,Myanmar,Vegetables,Production,3343.0,3525.0,3644.0,3838.0,4136.0,3940.0,4295.0,4279.0,4460.0,4521.0,4710.0,4856.0,4651.0,4753.0,4932.0,5038.0,4955.0,4875.0
3887,Myanmar,Vegetables,Import,11.0,8.0,21.0,20.0,17.0,6.0,10.0,6.0,2.0,4.0,1.0,2.0,2.0,1.0,8.0,8.0,11.0,19.0
3888,Myanmar,Vegetables,Stock Variation,0.0,-10.0,10.0,0.0,0.0,0.0,0.0,0.0,0.0,0.0,0.0,0.0,0.0,0.0,0.0,0.0,0.0,0.0
3889,Myanmar,Vegetables,Domestic supply,3300.0,3466.0,3594.0,3841.0,4110.0,3893.0,4268.0,4275.0,4427.0,4491.0,4684.0,4845.0,4643.0,4745.0,4902.0,4984.0,4927.0,4875.0
3890,Myanmar,Sugar & Sweeteners,Other uses (non-food),0.0,0.0,0.0,0.0,0.0,0.0,0.0,0.0,0.0,0.0,0.0,0.0,0.0,0.0,0.0,0.0,0.0,0.0
3891,Myanmar,Oilcrops,Feed,0.0,0.0,0.0,0.0,0.0,0.0,0.0,0.0,0.0,0.0,0.0,0.0,0.0,0.0,507.0,685.0,805.0,710.0
3892,Myanmar,Pulses,Production,1658.0,2005.0,2389.0,2623.0,2739.0,3132.0,3558.0,3997.0,4522.0,4816.0,5022.0,5311.0,5218.0,5237.0,5993.0,6296.0,6577.0,7053.0
3893,Myanmar,Oilcrops,Human Consumption,323.0,408.0,450.0,506.0,553.0,592.0,647.0,687.0,734.0,671.0,687.0,642.0,632.0,646.0,693.0,715.0,721.0,687.0
3894,Myanmar,Starchy Roots,Production,366.0,466.0,509.0,544.0,629.0,704.0,738.0,847.0,944.0,1100.0,1230.0,1342.0,1275.0,1302.0,1080.0,1082.0,1042.0,961.0
3895,Myanmar,Starchy Roots,Import,25.0,1.0,1.0,4.0,3.0,2.0,3.0,0.0,2.0,3.0,4.0,2.0,3.0,3.0,10.0,9.0,27.0,35.0
3896,Myanmar,Starchy Roots,Stock Variation,0.0,0.0,0.0,0.0,0.0,0.0,0.0,0.0,0.0,0.0,0.0,0.0,0.0,0.0,0.0,-185.0,-207.0,-234.0
3897,Myanmar,Starchy Roots,Export,0.0,0.0,0.0,2.0,0.0,6.0,0.0,0.0,0.0,0.0,0.0,0.0,0.0,0.0,20.0,19.0,15.0,14.0
3898,Myanmar,Starchy Roots,Domestic supply,392.0,467.0,510.0,546.0,632.0,699.0,740.0,847.0,945.0,1103.0,1233.0,1344.0,1278.0,1304.0,1071.0,1257.0,1260.0,1216.0
3899,Myanmar,Starchy Roots,Feed,0.0,0.0,0.0,0.0,0.0,0.0,0.0,0.0,0.0,0.0,0.0,0.0,0.0,0.0,135.0,308.0,266.0,203.0
3900,Myanmar,Starchy Roots,Seed,20.0,20.0,21.0,23.0,24.0,24.0,25.0,25.0,26.0,26.0,26.0,26.0,26.0,26.0,23.0,21.0,21.0,18.0
3901,Myanmar,Starchy Roots,Losses,37.0,47.0,51.0,55.0,63.0,70.0,74.0,85.0,94.0,110.0,123.0,134.0,128.0,130.0,81.0,81.0,89.0,82.0
3902,Myanmar,Starchy Roots,Processing,0.0,0.0,0.0,0.0,0.0,0.0,0.0,0.0,0.0,0.0,0.0,0.0,0.0,0.0,0.0,0.0,0.0,0.0
3903,Myanmar,Starchy Roots,Other uses (non-food),0.0,0.0,0.0,0.0,0.0,0.0,0.0,0.0,0.0,0.0,0.0,0.0,0.0,0.0,0.0,0.0,0.0,0.0
3904,Myanmar,Oilcrops,Other uses (non-food),88.0,132.0,129.0,153.0,168.0,203.0,230.0,131.0,126.0,121.0,120.0,124.0,146.0,170.0,175.0,175.0,181.0,208.0
3905,Myanmar,Starchy Roots,Human Consumption,335.0,400.0,437.0,469.0,545.0,605.0,641.0,737.0,825.0,967.0,1084.0,1184.0,1124.0,1148.0,851.0,865.0,887.0,907.0
3906,Myanmar,Sugar Crops,Import,0.0,0.0,0.0,0.0,0.0,0.0,0.0,0.0,0.0,0.0,0.0,0.0,0.0,0.0,0.0,0.0,0.0,0.0
3907,Myanmar,Sugar Crops,Stock Variation,0.0,0.0,0.0,0.0,0.0,0.0,0.0,0.0,0.0,0.0,0.0,0.0,0.0,0.0,0.0,0.0,0.0,0.0
3908,Myanmar,Sugar Crops,Export,0.0,0.0,0.0,0.0,0.0,0.0,0.0,0.0,0.0,0.0,0.0,0.0,0.0,0.0,81.0,80.0,62.0,68.0
3909,Myanmar,Sugar Crops,Domestic supply,5801.0,7004.0,6327.0,6804.0,7195.0,7073.0,8039.0,9677.0,9901.0,9715.0,9398.0,9690.0,9700.0,9650.0,11048.0,10063.0,10376.0,10302.0
3910,Myanmar,Sugar Crops,Feed,0.0,0.0,0.0,0.0,0.0,0.0,0.0,0.0,0.0,0.0,0.0,0.0,0.0,0.0,304.0,197.0,177.0,135.0
3911,Myanmar,Sugar Crops,Seed,406.0,371.0,378.0,365.0,334.0,373.0,422.0,413.0,401.0,385.0,388.0,393.0,395.0,395.0,210.0,221.0,224.0,223.0
3912,Myanmar,Sugar Crops,Losses,290.0,350.0,316.0,340.0,360.0,354.0,402.0,484.0,495.0,486.0,470.0,485.0,485.0,483.0,595.0,543.0,558.0,555.0
3913,Myanmar,Sugar Crops,Processing,5047.0,6212.0,5570.0,6031.0,6429.0,6275.0,6635.0,8184.0,8406.0,8248.0,7947.0,8217.0,8123.0,8076.0,9302.0,8524.0,8819.0,8786.0
3914,Myanmar,Sugar Crops,Other uses (non-food),0.0,0.0,0.0,0.0,0.0,0.0,500.0,500.0,500.0,500.0,500.0,500.0,600.0,600.0,636.0,579.0,597.0,603.0
3915,Myanmar,Sugar Crops,Human Consumption,58.0,70.0,63.0,68.0,72.0,71.0,80.0,97.0,99.0,97.0,94.0,97.0,97.0,97.0,0.0,0.0,0.0,0.0
3916,Myanmar,Spices,Human Consumption,49.0,56.0,66.0,69.0,67.0,88.0,99.0,105.0,108.0,120.0,130.0,125.0,126.0,125.0,123.0,129.0,125.0,136.0
3917,Myanmar,Sugar Crops,Production,5801.0,7004.0,6327.0,6804.0,7195.0,7073.0,8039.0,9677.0,9901.0,9715.0,9398.0,9690.0,9700.0,9650.0,11128.0,10142.0,10437.0,10370.0
3918,Myanmar,Oilcrops,Processing,789.0,1009.0,1065.0,1149.0,1328.0,1346.0,1674.0,1805.0,2089.0,2371.0,2549.0,2430.0,2138.0,2147.0,1761.0,1820.0,1736.0,1602.0
3919,Myanmar,Oilcrops,Losses,26.0,30.0,31.0,48.0,53.0,56.0,60.0,66.0,70.0,71.0,78.0,80.0,54.0,55.0,200.0,202.0,206.0,186.0
3920,Myanmar,Oilcrops,Seed,91.0,96.0,105.0,121.0,125.0,136.0,137.0,152.0,157.0,163.0,153.0,155.0,159.0,159.0,186.0,198.0,206.0,210.0
3921,Myanmar,Pulses,Import,0.0,2.0,2.0,0.0,1.0,0.0,0.0,0.0,0.0,0.0,0.0,0.0,0.0,0.0,4.0,18.0,55.0,101.0
3922,Myanmar,Pulses,Stock Variation,0.0,0.0,0.0,0.0,0.0,0.0,0.0,0.0,0.0,0.0,0.0,0.0,0.0,0.0,19.0,-65.0,-68.0,-105.0
3923,Myanmar,Pulses,Export,831.0,1077.0,1147.0,1074.0,903.0,670.0,1189.0,1453.0,1853.0,1574.0,995.0,1638.0,1339.0,1424.0,1288.0,1076.0,904.0,905.0
3924,Myanmar,Pulses,Domestic supply,827.0,930.0,1244.0,1550.0,1837.0,2462.0,2369.0,2544.0,2669.0,3241.0,4027.0,3673.0,3879.0,3813.0,4690.0,5303.0,5796.0,6354.0
3925,Myanmar,Pulses,Feed,280.0,300.0,487.0,793.0,990.0,1494.0,1304.0,1402.0,1439.0,1832.0,2552.0,2189.0,2400.0,2396.0,3471.0,4000.0,4433.0,4817.0
3926,Myanmar,Pulses,Seed,101.0,110.0,113.0,115.0,120.0,129.0,138.0,147.0,149.0,150.0,150.0,152.0,152.0,152.0,166.0,175.0,182.0,190.0
3927,Myanmar,Pulses,Losses,69.0,78.0,88.0,100.0,103.0,119.0,136.0,154.0,175.0,185.0,194.0,204.0,200.0,202.0,282.0,297.0,311.0,336.0
3928,Myanmar,Pulses,Processing,0.0,0.0,0.0,0.0,0.0,0.0,0.0,0.0,0.0,0.0,0.0,0.0,0.0,0.0,0.0,0.0,0.0,0.0
3929,Myanmar,Pulses,Other uses (non-food),0.0,50.0,150.0,100.0,120.0,190.0,240.0,260.0,295.0,315.0,315.0,320.0,320.0,320.0,111.0,142.0,166.0,211.0
3930,Myanmar,Pulses,Human Consumption,377.0,392.0,406.0,443.0,504.0,530.0,550.0,582.0,611.0,759.0,817.0,808.0,807.0,743.0,660.0,689.0,704.0,800.0
3931,Myanmar,Treenuts,Production,39.0,52.0,54.0,60.0,64.0,69.0,85.0,99.0,116.0,117.0,119.0,121.0,122.0,121.0,121.0,142.0,144.0,149.0
3932,Myanmar,Treenuts,Import,0.0,0.0,0.0,0.0,0.0,0.0,0.0,4.0,6.0,8.0,0.0,0.0,0.0,0.0,11.0,23.0,18.0,39.0
3933,Myanmar,Treenuts,Stock Variation,0.0,0.0,0.0,0.0,0.0,0.0,0.0,0.0,0.0,0.0,0.0,0.0,0.0,0.0,-3.0,-2.0,-4.0,0.0
3934,Myanmar,Treenuts,Export,0.0,0.0,0.0,0.0,0.0,0.0,1.0,2.0,6.0,2.0,2.0,5.0,4.0,4.0,11.0,12.0,10.0,4.0
3935,Myanmar,Treenuts,Domestic supply,39.0,52.0,54.0,59.0,64.0,69.0,84.0,100.0,117.0,123.0,117.0,116.0,119.0,117.0,123.0,155.0,157.0,185.0
3936,Myanmar,Treenuts,Feed,0.0,0.0,0.0,0.0,0.0,0.0,0.0,0.0,0.0,0.0,0.0,0.0,0.0,0.0,0.0,0.0,0.0,0.0
3937,Myanmar,Treenuts,Seed,0.0,0.0,0.0,0.0,0.0,0.0,0.0,0.0,0.0,0.0,0.0,0.0,0.0,0.0,0.0,0.0,0.0,0.0
3938,Myanmar,Treenuts,Losses,1.0,2.0,2.0,2.0,2.0,2.0,3.0,3.0,3.0,3.0,4.0,4.0,4.0,4.0,4.0,5.0,5.0,6.0
3939,Myanmar,Treenuts,Processing,0.0,0.0,0.0,0.0,0.0,0.0,0.0,0.0,0.0,0.0,0.0,0.0,0.0,0.0,0.0,0.0,0.0,0.0
3940,Myanmar,Treenuts,Other uses (non-food),0.0,0.0,0.0,0.0,0.0,0.0,0.0,0.0,0.0,0.0,0.0,0.0,0.0,0.0,0.0,0.0,0.0,0.0
3941,Myanmar,Treenuts,Human Consumption,38.0,50.0,52.0,58.0,62.0,67.0,83.0,100.0,119.0,120.0,115.0,114.0,118.0,116.0,123.0,153.0,155.0,182.0
3942,Myanmar,Oilcrops,Production,1361.0,1686.0,1781.0,2020.0,2273.0,2370.0,2783.0,2917.0,3303.0,3481.0,3654.0,3481.0,3177.0,3225.0,3811.0,3852.0,3776.0,3638.0
3943,Myanmar,Oilcrops,Stock Variation,0.0,0.0,0.0,0.0,0.0,0.0,0.0,0.0,0.0,0.0,0.0,0.0,0.0,0.0,249.0,46.0,-83.0,-11.0
3944,Myanmar,Oilcrops,Export,46.0,28.0,8.0,59.0,50.0,39.0,37.0,77.0,130.0,86.0,69.0,51.0,50.0,50.0,54.0,50.0,65.0,73.0
3945,Myanmar,Oilcrops,Domestic supply,1316.0,1664.0,1780.0,1966.0,2226.0,2333.0,2749.0,2841.0,3177.0,3397.0,3587.0,3431.0,3129.0,3178.0,3516.0,3770.0,3824.0,3603.0
3946,Myanmar,Sugar & Sweeteners,Human Consumption,540.0,642.0,626.0,667.0,684.0,677.0,715.0,869.0,895.0,883.0,859.0,893.0,917.0,898.0,1754.0,1932.0,2514.0,1787.0
3947,Myanmar,Spices,Other uses (non-food),0.0,0.0,0.0,0.0,0.0,0.0,0.0,0.0,0.0,0.0,0.0,0.0,0.0,0.0,0.0,0.0,0.0,0.0
3948,Myanmar,Oilcrops,Import,1.0,6.0,7.0,5.0,3.0,1.0,3.0,1.0,4.0,2.0,1.0,2.0,2.0,2.0,8.0,13.0,30.0,27.0
3949,Myanmar,Spices,Losses,1.0,2.0,2.0,2.0,2.0,3.0,3.0,3.0,3.0,4.0,4.0,4.0,4.0,4.0,6.0,7.0,7.0,7.0
3950,Myanmar,Eggs,Export,0.0,0.0,0.0,0.0,0.0,0.0,0.0,0.0,0.0,0.0,0.0,0.0,0.0,0.0,0.0,0.0,0.0,0.0
3951,Myanmar,Eggs,Domestic supply,123.0,116.0,130.0,150.0,175.0,207.0,231.0,257.0,294.0,353.0,381.0,412.0,421.0,425.0,525.0,566.0,602.0,620.0
3952,Myanmar,Eggs,Feed,0.0,0.0,0.0,0.0,0.0,0.0,0.0,0.0,0.0,0.0,0.0,0.0,0.0,0.0,179.0,217.0,200.0,211.0
3953,Myanmar,Eggs,Seed,11.0,14.0,16.0,20.0,23.0,26.0,30.0,41.0,46.0,47.0,54.0,59.0,60.0,61.0,50.0,52.0,86.0,89.0
3954,Myanmar,Eggs,Losses,6.0,6.0,7.0,7.0,9.0,10.0,12.0,13.0,15.0,18.0,19.0,21.0,21.0,21.0,26.0,28.0,30.0,31.0
3955,Myanmar,Eggs,Processing,0.0,0.0,0.0,0.0,0.0,0.0,0.0,0.0,0.0,0.0,0.0,0.0,0.0,0.0,0.0,0.0,0.0,0.0
3956,Myanmar,Eggs,Other uses (non-food),0.0,0.0,0.0,0.0,0.0,0.0,0.0,0.0,0.0,0.0,0.0,0.0,0.0,0.0,0.0,0.0,0.0,0.0
3957,Myanmar,Eggs,Human Consumption,106.0,96.0,108.0,122.0,143.0,171.0,190.0,203.0,233.0,289.0,308.0,333.0,340.0,343.0,269.0,269.0,286.0,288.0
3958,Myanmar,Milk - Excluding Butter,Production,619.0,633.0,651.0,839.0,905.0,989.0,1094.0,1215.0,1309.0,1482.0,1620.0,1684.0,1626.0,1708.0,2151.0,2361.0,2415.0,2418.0
3959,Myanmar,Milk - Excluding Butter,Import,128.0,110.0,129.0,115.0,152.0,151.0,102.0,126.0,84.0,98.0,77.0,98.0,93.0,93.0,11.0,14.0,15.0,17.0
3960,Myanmar,Milk - Excluding Butter,Stock Variation,0.0,0.0,0.0,0.0,0.0,0.0,0.0,0.0,0.0,0.0,0.0,0.0,0.0,0.0,0.0,0.0,0.0,0.0
3961,Myanmar,Eggs,Stock Variation,0.0,0.0,0.0,0.0,0.0,0.0,0.0,0.0,0.0,0.0,0.0,0.0,0.0,0.0,0.0,0.0,0.0,0.0
3962,Myanmar,Milk - Excluding Butter,Export,0.0,0.0,0.0,0.0,0.0,0.0,0.0,0.0,0.0,0.0,0.0,0.0,0.0,0.0,0.0,0.0,0.0,0.0
3963,Myanmar,Milk - Excluding Butter,Feed,0.0,0.0,0.0,0.0,0.0,0.0,0.0,0.0,0.0,0.0,0.0,0.0,0.0,0.0,25.0,33.0,41.0,41.0
3964,Myanmar,Milk - Excluding Butter,Seed,0.0,0.0,0.0,0.0,0.0,0.0,0.0,0.0,0.0,0.0,0.0,0.0,0.0,0.0,0.0,0.0,0.0,0.0
3965,Myanmar,Milk - Excluding Butter,Losses,45.0,46.0,47.0,61.0,65.0,72.0,79.0,88.0,94.0,107.0,117.0,121.0,117.0,123.0,108.0,118.0,121.0,121.0
3966,Myanmar,Milk - Excluding Butter,Processing,0.0,0.0,0.0,0.0,0.0,0.0,0.0,0.0,0.0,0.0,0.0,0.0,0.0,0.0,0.0,0.0,0.0,0.0
3967,Myanmar,Milk - Excluding Butter,Other uses (non-food),0.0,0.0,0.0,0.0,0.0,0.0,0.0,0.0,0.0,0.0,0.0,1.0,2.0,2.0,3.0,4.0,2.0,4.0
3968,Myanmar,Milk - Excluding Butter,Human Consumption,702.0,698.0,733.0,894.0,992.0,1069.0,1117.0,1253.0,1298.0,1472.0,1581.0,1660.0,1600.0,1677.0,2026.0,2219.0,2266.0,2269.0
3969,Myanmar,Animal fats,Production,21.0,21.0,25.0,35.0,38.0,41.0,45.0,55.0,60.0,64.0,70.0,74.0,73.0,75.0,89.0,104.0,109.0,120.0
3970,Myanmar,Animal fats,Import,9.0,6.0,2.0,0.0,4.0,4.0,4.0,2.0,4.0,5.0,4.0,4.0,4.0,3.0,1.0,1.0,4.0,5.0
3971,Myanmar,Animal fats,Stock Variation,0.0,0.0,0.0,0.0,0.0,0.0,0.0,0.0,0.0,0.0,0.0,0.0,0.0,0.0,0.0,0.0,0.0,0.0
3972,Myanmar,Animal fats,Export,0.0,0.0,0.0,0.0,0.0,0.0,0.0,0.0,0.0,0.0,0.0,0.0,0.0,0.0,0.0,0.0,0.0,0.0
3973,Myanmar,Animal fats,Domestic supply,30.0,28.0,27.0,35.0,41.0,45.0,48.0,57.0,64.0,68.0,75.0,78.0,77.0,79.0,91.0,104.0,112.0,125.0
3974,Myanmar,Milk - Excluding Butter,Domestic supply,746.0,743.0,780.0,955.0,1057.0,1141.0,1196.0,1341.0,1393.0,1579.0,1697.0,1783.0,1718.0,1801.0,2162.0,2375.0,2430.0,2435.0
3975,Myanmar,Animal fats,Feed,0.0,0.0,0.0,0.0,0.0,0.0,0.0,0.0,0.0,0.0,0.0,0.0,0.0,0.0,0.0,0.0,0.0,0.0
3976,Myanmar,Eggs,Import,1.0,0.0,0.0,0.0,0.0,0.0,0.0,0.0,0.0,0.0,0.0,0.0,0.0,0.0,1.0,1.0,3.0,1.0
3977,Myanmar,"Fish, Seafood",Human Consumption,851.0,913.0,980.0,1016.0,1377.0,1377.0,1704.0,1937.0,2206.0,2428.0,2622.0,2897.0,2897.0,2897.0,2395.0,2465.0,2526.0,2526.0
3978,Myanmar,Cereals - Excluding Beer,Production,15025.0,15564.0,15586.0,16617.0,17926.0,19958.0,22209.0,22652.0,23500.0,23638.0,23700.0,21421.0,20824.0,21488.0,28793.0,28635.0,28109.0,28119.0
3979,Myanmar,Cereals - Excluding Beer,Import,131.0,147.0,136.0,90.0,125.0,158.0,131.0,152.0,160.0,186.0,244.0,234.0,347.0,273.0,356.0,407.0,542.0,646.0
3980,Myanmar,Cereals - Excluding Beer,Stock Variation,-706.0,344.0,689.0,-562.0,-386.0,-728.0,-968.0,-858.0,211.0,-1604.0,-1418.0,214.0,295.0,600.0,133.0,103.0,62.0,12.0
3981,Myanmar,Cereals - Excluding Beer,Export,414.0,1160.0,1258.0,566.0,448.0,377.0,426.0,539.0,847.0,898.0,676.0,1047.0,516.0,590.0,750.0,541.0,533.0,1551.0
3982,Myanmar,Cereals - Excluding Beer,Domestic supply,14036.0,14895.0,15153.0,15578.0,17218.0,19010.0,20946.0,21406.0,23023.0,21322.0,21851.0,20822.0,20951.0,21772.0,28266.0,28398.0,28057.0,27203.0
3983,Myanmar,Cereals - Excluding Beer,Feed,4180.0,4664.0,4714.0,4991.0,6422.0,7763.0,9128.0,9504.0,10409.0,9576.0,9727.0,8988.0,8744.0,9205.0,11292.0,11952.0,11037.0,10768.0
3984,Myanmar,Cereals - Excluding Beer,Seed,469.0,472.0,477.0,500.0,539.0,589.0,584.0,585.0,584.0,581.0,584.0,584.0,583.0,589.0,814.0,813.0,795.0,795.0
3985,Myanmar,Cereals - Excluding Beer,Losses,469.0,490.0,497.0,524.0,567.0,635.0,702.0,718.0,743.0,752.0,761.0,694.0,678.0,700.0,1540.0,1532.0,1524.0,1530.0
3986,Myanmar,Cereals - Excluding Beer,Processing,1614.0,1828.0,1910.0,1913.0,2210.0,2421.0,2744.0,2915.0,3408.0,2810.0,2897.0,2685.0,2652.0,2795.0,3061.0,2590.0,2974.0,2661.0
3987,Myanmar,Cereals - Excluding Beer,Other uses (non-food),597.0,631.0,639.0,649.0,658.0,702.0,767.0,780.0,832.0,813.0,809.0,739.0,724.0,757.0,1004.0,943.0,994.0,975.0
3988,Myanmar,Cereals - Excluding Beer,Human Consumption,6706.0,6810.0,6917.0,7001.0,6822.0,6900.0,7021.0,6905.0,7048.0,6789.0,7073.0,7132.0,7571.0,7725.0,10556.0,10568.0,10733.0,10473.0
3989,Myanmar,Eggs,Production,122.0,116.0,130.0,149.0,174.0,207.0,231.0,256.0,293.0,353.0,381.0,412.0,421.0,425.0,524.0,566.0,599.0,619.0
3990,Myanmar,"Aquatic Products, Other",Production,1.0,1.0,1.0,2.0,2.0,2.0,2.0,2.0,3.0,30.0,31.0,5.0,5.0,5.0,20.0,4.0,2.0,2.0
3991,Myanmar,"Aquatic Products, Other",Stock Variation,0.0,0.0,0.0,0.0,0.0,0.0,0.0,0.0,0.0,0.0,0.0,0.0,0.0,0.0,0.0,0.0,0.0,0.0
3992,Myanmar,"Aquatic Products, Other",Export,0.0,0.0,0.0,0.0,0.0,0.0,0.0,0.0,1.0,3.0,3.0,5.0,5.0,5.0,0.0,2.0,0.0,0.0
3993,Myanmar,"Aquatic Products, Other",Other uses (non-food),0.0,0.0,0.0,0.0,0.0,0.0,0.0,0.0,0.0,0.0,0.0,0.0,0.0,0.0,2.0,2.0,0.0,0.0
3994,Myanmar,"Aquatic Products, Other",Human Consumption,1.0,1.0,1.0,2.0,2.0,2.0,2.0,2.0,2.0,28.0,27.0,0.0,0.0,0.0,17.0,0.0,2.0,2.0
3995,Myanmar,"Fish, Seafood",Production,1191.0,1308.0,1473.0,1594.0,1985.0,2215.0,2580.0,2838.0,3166.0,3515.0,3883.0,4145.0,4145.0,4145.0,2915.0,2966.0,3088.0,3088.0
3996,Myanmar,"Fish, Seafood",Import,1.0,0.0,2.0,2.0,5.0,6.0,3.0,4.0,5.0,6.0,9.0,12.0,12.0,12.0,26.0,33.0,34.0,34.0
3997,Myanmar,"Fish, Seafood",Stock Variation,0.0,0.0,0.0,0.0,0.0,0.0,0.0,0.0,0.0,0.0,0.0,0.0,0.0,0.0,-1.0,1.0,0.0,0.0
3998,Myanmar,"Fish, Seafood",Export,174.0,210.0,286.0,321.0,323.0,462.0,420.0,384.0,536.0,465.0,547.0,548.0,548.0,548.0,532.0,524.0,591.0,591.0
3999,Myanmar,"Fish, Seafood",Domestic supply,1018.0,1098.0,1189.0,1275.0,1667.0,1760.0,2163.0,2458.0,2636.0,3056.0,3345.0,3610.0,3610.0,3610.0,2409.0,2476.0,2531.0,2531.0
4000,Myanmar,"Fish, Seafood",Feed,0.0,0.0,0.0,1.0,2.0,125.0,126.0,149.0,18.0,37.0,53.0,62.0,62.0,62.0,14.0,11.0,5.0,5.0
4001,Myanmar,"Fish, Seafood",Other uses (non-food),167.0,185.0,209.0,258.0,288.0,258.0,333.0,372.0,412.0,590.0,670.0,651.0,651.0,651.0,0.0,0.0,0.0,0.0
4002,Myanmar,"Aquatic Products, Other",Import,0.0,0.0,0.0,0.0,0.0,0.0,0.0,0.0,0.0,0.0,0.0,0.0,0.0,0.0,0.0,0.0,0.0,0.0
4003,Myanmar,Animal fats,Seed,0.0,0.0,0.0,0.0,0.0,0.0,0.0,0.0,0.0,0.0,0.0,0.0,0.0,0.0,0.0,0.0,0.0,0.0
4004,Myanmar,"Aquatic Products, Other",Domestic supply,1.0,1.0,1.0,2.0,2.0,2.0,2.0,2.0,2.0,28.0,27.0,1.0,1.0,1.0,20.0,3.0,2.0,2.0
4005,Myanmar,Animal fats,Processing,0.0,0.0,0.0,0.0,0.0,0.0,0.0,0.0,0.0,0.0,0.0,0.0,0.0,0.0,0.0,0.0,0.0,0.0
4006,Myanmar,Miscellaneous,Feed,0.0,0.0,0.0,0.0,0.0,0.0,0.0,0.0,0.0,0.0,0.0,0.0,0.0,0.0,0.0,0.0,0.0,0.0
4007,Myanmar,Miscellaneous,Seed,0.0,0.0,0.0,0.0,0.0,0.0,0.0,0.0,0.0,0.0,0.0,0.0,0.0,0.0,0.0,0.0,0.0,0.0
4008,Myanmar,Miscellaneous,Losses,0.0,0.0,0.0,0.0,0.0,0.0,0.0,0.0,0.0,0.0,0.0,0.0,0.0,0.0,0.0,0.0,0.0,0.0
4009,Myanmar,Miscellaneous,Processing,0.0,0.0,0.0,0.0,0.0,0.0,0.0,0.0,0.0,0.0,0.0,0.0,0.0,0.0,0.0,0.0,0.0,0.0
4010,Myanmar,Miscellaneous,Other uses (non-food),0.0,0.0,0.0,0.0,0.0,0.0,0.0,0.0,0.0,0.0,0.0,0.0,0.0,0.0,0.0,0.0,0.0,0.0
4011,Myanmar,Miscellaneous,Human Consumption,1.0,1.0,1.0,1.0,1.0,1.0,1.0,1.0,1.0,2.0,1.0,2.0,1.0,1.0,110.0,141.0,133.0,212.0
4012,Myanmar,Alcoholic Beverages,Production,631.0,717.0,737.0,736.0,851.0,925.0,1045.0,1107.0,1294.0,1066.0,1099.0,1019.0,1006.0,1060.0,1449.0,959.0,959.0,893.0
4013,Myanmar,Alcoholic Beverages,Import,11.0,9.0,10.0,12.0,15.0,21.0,27.0,35.0,37.0,50.0,80.0,115.0,162.0,167.0,202.0,187.0,167.0,117.0
4014,Myanmar,Alcoholic Beverages,Stock Variation,0.0,0.0,0.0,0.0,0.0,0.0,0.0,0.0,0.0,0.0,0.0,0.0,0.0,0.0,0.0,0.0,0.0,0.0
4015,Myanmar,Alcoholic Beverages,Export,0.0,0.0,0.0,0.0,1.0,1.0,2.0,2.0,1.0,0.0,0.0,0.0,1.0,1.0,1.0,1.0,3.0,2.0
4016,Myanmar,Alcoholic Beverages,Domestic supply,642.0,726.0,747.0,748.0,864.0,945.0,1070.0,1139.0,1330.0,1116.0,1178.0,1134.0,1167.0,1227.0,1650.0,1145.0,1124.0,1008.0
4017,Myanmar,Alcoholic Beverages,Feed,0.0,0.0,0.0,0.0,0.0,0.0,0.0,0.0,0.0,0.0,0.0,0.0,0.0,0.0,0.0,0.0,0.0,0.0
4018,Myanmar,Alcoholic Beverages,Seed,0.0,0.0,0.0,0.0,0.0,0.0,0.0,0.0,0.0,0.0,0.0,0.0,0.0,0.0,0.0,0.0,0.0,0.0
4019,Myanmar,Alcoholic Beverages,Losses,0.0,0.0,0.0,0.0,0.0,0.0,0.0,0.0,0.0,0.0,0.0,0.0,0.0,0.0,0.0,0.0,0.0,0.0
4020,Myanmar,Alcoholic Beverages,Processing,0.0,0.0,0.0,0.0,0.0,0.0,0.0,0.0,0.0,0.0,0.0,0.0,0.0,0.0,0.0,0.0,0.0,0.0
4021,Myanmar,Alcoholic Beverages,Other uses (non-food),608.0,689.0,721.0,721.0,832.0,912.0,1032.0,1096.0,1280.0,1056.0,1088.0,1008.0,992.0,1040.0,1431.0,939.0,937.0,871.0
4022,Myanmar,Alcoholic Beverages,Human Consumption,34.0,37.0,26.0,28.0,32.0,32.0,38.0,43.0,50.0,60.0,90.0,126.0,175.0,186.0,219.0,205.0,186.0,137.0
4023,Myanmar,Spices,Production,54.0,60.0,74.0,82.0,80.0,105.0,114.0,114.0,121.0,132.0,140.0,131.0,134.0,135.0,129.0,140.0,138.0,139.0
4024,Myanmar,Spices,Import,4.0,2.0,3.0,1.0,0.0,1.0,1.0,1.0,1.0,1.0,1.0,1.0,2.0,3.0,9.0,11.0,5.0,11.0
4025,Myanmar,Spices,Stock Variation,-1.0,1.0,-1.0,1.0,0.0,0.0,-1.0,-3.0,4.0,0.0,0.0,0.0,-1.0,-1.0,-1.0,-7.0,-1.0,0.0
4026,Myanmar,Spices,Export,5.0,7.0,9.0,16.0,17.0,16.0,12.0,4.0,18.0,11.0,14.0,4.0,6.0,9.0,9.0,21.0,13.0,8.0
4027,Myanmar,Spices,Domestic supply,51.0,57.0,67.0,67.0,63.0,89.0,102.0,108.0,108.0,122.0,126.0,128.0,129.0,128.0,129.0,136.0,132.0,143.0
4028,Myanmar,Spices,Feed,0.0,0.0,0.0,0.0,0.0,0.0,0.0,0.0,0.0,0.0,0.0,0.0,0.0,0.0,0.0,0.0,0.0,0.0
4029,Myanmar,Spices,Seed,0.0,0.0,0.0,0.0,0.0,0.0,0.0,0.0,0.0,0.0,0.0,0.0,0.0,0.0,0.0,0.0,0.0,0.0
4030,Myanmar,Animal fats,Losses,0.0,0.0,0.0,0.0,0.0,0.0,0.0,0.0,0.0,0.0,0.0,0.0,0.0,0.0,0.0,0.0,0.0,0.0
4031,Myanmar,Miscellaneous,Domestic supply,1.0,1.0,1.0,1.0,1.0,1.0,1.0,1.0,1.0,2.0,1.0,2.0,1.0,1.0,110.0,141.0,133.0,212.0
4032,Myanmar,Miscellaneous,Export,0.0,0.0,0.0,0.0,0.0,0.0,0.0,0.0,0.0,0.0,0.0,0.0,0.0,0.0,1.0,1.0,0.0,1.0
4033,Myanmar,Spices,Processing,0.0,0.0,0.0,0.0,0.0,0.0,0.0,0.0,0.0,0.0,0.0,0.0,0.0,0.0,0.0,0.0,0.0,0.0
4034,Myanmar,Miscellaneous,Import,1.0,1.0,1.0,1.0,1.0,1.0,1.0,1.0,1.0,2.0,1.0,2.0,1.0,1.0,111.0,141.0,133.0,214.0
4035,Myanmar,Animal fats,Other uses (non-food),2.0,0.0,0.0,0.0,3.0,3.0,3.0,2.0,0.0,0.0,0.0,0.0,0.0,0.0,0.0,0.0,0.0,0.0
4036,Myanmar,Miscellaneous,Stock Variation,0.0,0.0,0.0,0.0,0.0,0.0,0.0,0.0,0.0,0.0,0.0,0.0,0.0,0.0,0.0,0.0,0.0,0.0
4037,Myanmar,Animal fats,Human Consumption,27.0,28.0,27.0,35.0,38.0,41.0,45.0,56.0,63.0,68.0,74.0,78.0,77.0,78.0,90.0,104.0,112.0,110.0
4038,Myanmar,Offals,Production,23.0,24.0,28.0,35.0,36.0,38.0,40.0,55.0,60.0,61.0,73.0,80.0,81.0,82.0,84.0,95.0,102.0,144.0
4039,Myanmar,Offals,Import,0.0,0.0,0.0,0.0,0.0,0.0,0.0,0.0,0.0,0.0,1.0,0.0,0.0,0.0,0.0,0.0,0.0,0.0
4040,Myanmar,Offals,Stock Variation,0.0,0.0,0.0,0.0,0.0,0.0,0.0,0.0,0.0,0.0,0.0,0.0,0.0,0.0,0.0,0.0,0.0,0.0
4041,Myanmar,Offals,Domestic supply,23.0,24.0,28.0,35.0,36.0,38.0,40.0,55.0,60.0,61.0,74.0,80.0,81.0,82.0,84.0,95.0,102.0,144.0
4042,Myanmar,Offals,Feed,0.0,0.0,0.0,0.0,0.0,0.0,0.0,0.0,0.0,0.0,0.0,0.0,0.0,0.0,0.0,0.0,0.0,0.0
4043,Myanmar,Offals,Seed,0.0,0.0,0.0,0.0,0.0,0.0,0.0,0.0,0.0,0.0,0.0,0.0,0.0,0.0,0.0,0.0,0.0,0.0
4044,Myanmar,Offals,Losses,0.0,0.0,0.0,0.0,0.0,0.0,0.0,0.0,0.0,0.0,0.0,0.0,0.0,0.0,4.0,4.0,4.0,0.0
4045,Myanmar,Offals,Processing,0.0,0.0,0.0,0.0,0.0,0.0,0.0,0.0,0.0,0.0,0.0,0.0,0.0,0.0,0.0,0.0,0.0,0.0
4046,Myanmar,Offals,Other uses (non-food),0.0,0.0,0.0,0.0,0.0,0.0,0.0,0.0,0.0,0.0,0.0,0.0,0.0,0.0,0.0,0.0,0.0,0.0
4047,Myanmar,Offals,Human Consumption,23.0,24.0,28.0,35.0,36.0,38.0,40.0,55.0,60.0,61.0,74.0,80.0,81.0,82.0,80.0,91.0,98.0,144.0
4048,Myanmar,Offals,Export,0.0,0.0,0.0,0.0,0.0,0.0,0.0,0.0,0.0,0.0,0.0,0.0,0.0,0.0,0.0,0.0,0.0,0.0
4049,Myanmar,Meat,Import,0.0,0.0,1.0,7.0,7.0,0.0,0.0,0.0,0.0,4.0,26.0,10.0,6.0,4.0,3.0,3.0,5.0,5.0
4050,Myanmar,Meat,Production,475.0,532.0,646.0,775.0,912.0,1103.0,1262.0,1402.0,1546.0,1768.0,1982.0,2112.0,2120.0,2126.0,2793.0,3002.0,3079.0,3202.0
4051,Myanmar,Miscellaneous,Production,0.0,0.0,0.0,0.0,0.0,0.0,0.0,0.0,0.0,0.0,0.0,0.0,0.0,0.0,0.0,0.0,0.0,0.0
4052,Myanmar,Meat,Other uses (non-food),0.0,0.0,0.0,0.0,0.0,0.0,0.0,0.0,0.0,0.0,0.0,0.0,0.0,0.0,0.0,0.0,0.0,0.0
4053,Myanmar,Meat,Human Consumption,465.0,521.0,633.0,764.0,897.0,1076.0,1231.0,1368.0,1509.0,1728.0,1960.0,2070.0,2075.0,2079.0,2712.0,2914.0,2990.0,3109.0
4054,Myanmar,Meat,Losses,10.0,12.0,15.0,18.0,22.0,27.0,31.0,34.0,38.0,44.0,48.0,51.0,51.0,51.0,86.0,93.0,97.0,100.0
4055,Myanmar,Meat,Processing,0.0,0.0,0.0,0.0,0.0,0.0,0.0,0.0,0.0,0.0,0.0,0.0,0.0,0.0,0.0,0.0,0.0,0.0
4056,Myanmar,Meat,Feed,0.0,0.0,0.0,0.0,0.0,0.0,0.0,0.0,0.0,0.0,0.0,0.0,0.0,0.0,0.0,0.0,0.0,0.0
4057,Myanmar,Meat,Domestic supply,475.0,533.0,648.0,782.0,919.0,1103.0,1262.0,1402.0,1547.0,1772.0,2008.0,2121.0,2126.0,2130.0,2798.0,3008.0,3086.0,3210.0
4058,Myanmar,Meat,Export,0.0,0.0,0.0,0.0,0.0,0.0,0.0,0.0,0.0,0.0,0.0,0.0,0.0,0.0,0.0,1.0,0.0,0.0
4059,Myanmar,Meat,Stock Variation,0.0,0.0,0.0,0.0,0.0,0.0,0.0,0.0,0.0,0.0,0.0,0.0,0.0,0.0,-3.0,-3.0,-3.0,-3.0
4060,Myanmar,Meat,Seed,0.0,0.0,0.0,0.0,0.0,0.0,0.0,0.0,0.0,0.0,0.0,0.0,0.0,0.0,0.0,0.0,0.0,0.0
4061,Namibia,Vegetables,Losses,1.0,1.0,1.0,1.0,1.0,1.0,2.0,2.0,2.0,2.0,2.0,2.0,2.0,2.0,7.0,7.0,8.0,8.0
4062,Namibia,Vegetables,Human Consumption,38.0,44.0,39.0,41.0,46.0,51.0,55.0,63.0,61.0,61.0,64.0,65.0,75.0,79.0,60.0,66.0,66.0,65.0
4063,Namibia,Vegetables,Feed,0.0,0.0,0.0,0.0,0.0,0.0,0.0,0.0,0.0,0.0,0.0,0.0,0.0,0.0,0.0,0.0,0.0,0.0
4064,Namibia,Vegetable Oils,Production,1.0,1.0,0.0,0.0,1.0,0.0,1.0,1.0,0.0,1.0,1.0,0.0,0.0,0.0,0.0,0.0,0.0,0.0
4065,Namibia,Vegetable Oils,Import,8.0,9.0,10.0,15.0,21.0,22.0,99.0,124.0,26.0,27.0,27.0,26.0,23.0,21.0,28.0,29.0,27.0,30.0
4066,Namibia,Vegetable Oils,Stock Variation,1.0,0.0,0.0,0.0,-1.0,3.0,0.0,-1.0,0.0,0.0,1.0,0.0,-8.0,-5.0,10.0,9.0,8.0,3.0
4067,Namibia,Vegetable Oils,Export,1.0,1.0,1.0,4.0,3.0,2.0,2.0,2.0,2.0,2.0,2.0,2.0,1.0,1.0,2.0,3.0,2.0,1.0
4068,Namibia,Sugar & Sweeteners,Import,70.0,54.0,52.0,61.0,51.0,47.0,52.0,16.0,6.0,44.0,47.0,18.0,109.0,126.0,135.0,159.0,191.0,156.0
4069,Namibia,Vegetable Oils,Other uses (non-food),1.0,1.0,2.0,2.0,4.0,10.0,85.0,108.0,10.0,11.0,11.0,12.0,0.0,0.0,0.0,1.0,1.0,1.0
4070,Namibia,Vegetable Oils,Human Consumption,8.0,8.0,8.0,10.0,14.0,12.0,14.0,14.0,15.0,14.0,15.0,13.0,14.0,15.0,15.0,17.0,17.0,26.0
4071,Namibia,Sugar & Sweeteners,Production,0.0,0.0,0.0,0.0,0.0,0.0,0.0,0.0,0.0,0.0,0.0,0.0,0.0,0.0,500.0,500.0,400.0,400.0
4072,Namibia,Sugar & Sweeteners,Stock Variation,-6.0,10.0,9.0,-2.0,7.0,12.0,3.0,35.0,28.0,-8.0,-10.0,22.0,-61.0,-76.0,499.0,512.0,420.0,401.0
4073,Namibia,Sugar & Sweeteners,Export,6.0,5.0,7.0,7.0,5.0,5.0,2.0,2.0,1.0,1.0,1.0,1.0,3.0,3.0,7.0,5.0,4.0,2.0
4074,Namibia,Sugar & Sweeteners,Feed,0.0,0.0,0.0,0.0,0.0,0.0,0.0,0.0,0.0,0.0,0.0,0.0,0.0,0.0,0.0,0.0,0.0,0.0
4075,Namibia,Vegetables,Domestic supply,39.0,46.0,40.0,42.0,47.0,53.0,57.0,65.0,63.0,62.0,66.0,68.0,78.0,82.0,67.0,74.0,73.0,70.0
4076,Namibia,Sugar & Sweeteners,Domestic supply,57.0,58.0,53.0,53.0,53.0,54.0,53.0,49.0,33.0,35.0,37.0,39.0,45.0,47.0,129.0,143.0,168.0,152.0
4077,Namibia,Vegetable Oils,Domestic supply,9.0,9.0,10.0,12.0,18.0,22.0,99.0,122.0,25.0,25.0,26.0,25.0,15.0,15.0,15.0,18.0,18.0,27.0
4078,Namibia,Vegetables,Export,9.0,6.0,7.0,4.0,2.0,2.0,5.0,6.0,10.0,11.0,13.0,8.0,23.0,25.0,34.0,28.0,30.0,33.0
4079,Namibia,Stimulants,Other uses (non-food),0.0,0.0,0.0,0.0,0.0,0.0,0.0,0.0,0.0,0.0,0.0,0.0,0.0,0.0,0.0,0.0,0.0,0.0
4080,Namibia,Vegetables,Import,26.0,25.0,15.0,13.0,17.0,19.0,19.0,17.0,17.0,17.0,19.0,16.0,37.0,40.0,31.0,31.0,31.0,27.0
4081,Namibia,Spices,Domestic supply,1.0,2.0,1.0,2.0,1.0,2.0,1.0,1.0,2.0,1.0,2.0,2.0,3.0,4.0,3.0,3.0,3.0,3.0
4082,Namibia,Spices,Human Consumption,1.0,2.0,1.0,2.0,1.0,2.0,1.0,1.0,2.0,1.0,2.0,2.0,3.0,4.0,3.0,3.0,3.0,3.0
4083,Namibia,Stimulants,Production,0.0,0.0,0.0,0.0,0.0,0.0,0.0,0.0,0.0,0.0,0.0,0.0,0.0,0.0,0.0,0.0,0.0,0.0
4084,Namibia,Stimulants,Import,4.0,4.0,2.0,3.0,3.0,5.0,4.0,14.0,14.0,7.0,8.0,8.0,4.0,5.0,3.0,5.0,4.0,4.0
4085,Namibia,Stimulants,Stock Variation,0.0,-1.0,0.0,0.0,0.0,-1.0,1.0,-4.0,0.0,2.0,1.0,2.0,0.0,0.0,1.0,2.0,1.0,2.0
4086,Namibia,Stimulants,Export,0.0,0.0,0.0,0.0,0.0,0.0,0.0,0.0,0.0,0.0,0.0,0.0,1.0,1.0,0.0,0.0,0.0,0.0
4087,Namibia,Stimulants,Domestic supply,3.0,3.0,2.0,3.0,3.0,4.0,5.0,10.0,14.0,9.0,9.0,10.0,3.0,4.0,3.0,3.0,2.0,2.0
4088,Namibia,Sugar & Sweeteners,Processing,0.0,0.0,0.0,0.0,0.0,0.0,0.0,0.0,0.0,0.0,0.0,0.0,0.0,0.0,54.0,54.0,43.0,43.0
4089,Namibia,Stimulants,Human Consumption,3.0,3.0,2.0,3.0,3.0,4.0,5.0,10.0,14.0,9.0,9.0,10.0,3.0,4.0,3.0,3.0,2.0,2.0
4090,Namibia,Fruits - Excluding Wine,Production,16.0,20.0,25.0,27.0,31.0,36.0,42.0,42.0,40.0,33.0,42.0,44.0,43.0,44.0,49.0,50.0,53.0,55.0
4091,Namibia,Fruits - Excluding Wine,Import,61.0,50.0,31.0,32.0,40.0,44.0,35.0,34.0,37.0,34.0,34.0,35.0,179.0,171.0,71.0,73.0,104.0,65.0
4092,Namibia,Fruits - Excluding Wine,Stock Variation,-15.0,3.0,8.0,1.0,1.0,1.0,13.0,13.0,4.0,0.0,0.0,0.0,-34.0,-4.0,0.0,3.0,4.0,2.0
4093,Namibia,Fruits - Excluding Wine,Export,6.0,7.0,11.0,9.0,14.0,19.0,26.0,30.0,27.0,21.0,22.0,16.0,19.0,24.0,28.0,28.0,26.0,29.0
4094,Namibia,Fruits - Excluding Wine,Domestic supply,57.0,67.0,53.0,50.0,58.0,62.0,65.0,60.0,54.0,46.0,54.0,63.0,170.0,187.0,92.0,93.0,127.0,88.0
4095,Namibia,Fruits - Excluding Wine,Losses,1.0,1.0,2.0,2.0,2.0,2.0,3.0,3.0,3.0,2.0,3.0,3.0,3.0,3.0,5.0,5.0,5.0,4.0
4096,Namibia,Fruits - Excluding Wine,Human Consumption,56.0,65.0,51.0,48.0,56.0,59.0,63.0,57.0,51.0,44.0,51.0,59.0,144.0,168.0,90.0,90.0,122.0,85.0
4097,Namibia,Vegetables,Production,23.0,26.0,29.0,32.0,32.0,36.0,43.0,54.0,56.0,56.0,60.0,60.0,64.0,67.0,72.0,73.0,76.0,79.0
4098,Namibia,Vegetables,Stock Variation,-1.0,0.0,3.0,2.0,0.0,0.0,0.0,0.0,0.0,0.0,0.0,0.0,0.0,0.0,1.0,2.0,4.0,3.0
4099,Namibia,Sugar & Sweeteners,Other uses (non-food),14.0,15.0,10.0,10.0,10.0,10.0,10.0,10.0,0.0,0.0,0.0,0.0,0.0,0.0,0.0,0.0,0.0,0.0
4100,Namibia,Treenuts,Domestic supply,0.0,0.0,0.0,1.0,1.0,1.0,0.0,0.0,0.0,0.0,0.0,0.0,1.0,1.0,0.0,0.0,0.0,0.0
4101,Namibia,Pulses,Production,13.0,15.0,9.0,15.0,16.0,16.0,17.0,18.0,18.0,21.0,19.0,19.0,20.0,19.0,23.0,23.0,23.0,23.0
4102,Namibia,Oilcrops,Other uses (non-food),0.0,0.0,0.0,0.0,0.0,0.0,0.0,0.0,0.0,0.0,0.0,0.0,0.0,0.0,0.0,0.0,0.0,0.0
4103,Namibia,Oilcrops,Human Consumption,1.0,2.0,3.0,2.0,2.0,2.0,1.0,6.0,6.0,4.0,3.0,3.0,2.0,2.0,2.0,2.0,2.0,2.0
4104,Namibia,Starchy Roots,Production,256.0,272.0,288.0,299.0,309.0,320.0,324.0,339.0,341.0,327.0,343.0,358.0,346.0,363.0,370.0,379.0,381.0,386.0
4105,Namibia,Starchy Roots,Stock Variation,0.0,-2.0,0.0,0.0,1.0,1.0,0.0,1.0,0.0,0.0,0.0,0.0,0.0,0.0,-7.0,-6.0,-9.0,-9.0
4106,Namibia,Starchy Roots,Export,2.0,1.0,3.0,1.0,0.0,0.0,0.0,1.0,0.0,0.0,0.0,0.0,3.0,6.0,3.0,1.0,1.0,2.0
4107,Namibia,Starchy Roots,Domestic supply,284.0,290.0,296.0,309.0,326.0,340.0,351.0,364.0,362.0,348.0,365.0,383.0,388.0,389.0,405.0,412.0,417.0,429.0
4108,Namibia,Starchy Roots,Feed,0.0,0.0,0.0,0.0,0.0,0.0,0.0,0.0,0.0,0.0,0.0,0.0,0.0,0.0,3.0,3.0,3.0,3.0
4109,Namibia,Starchy Roots,Losses,51.0,54.0,57.0,59.0,61.0,63.0,64.0,66.0,67.0,63.0,66.0,69.0,68.0,70.0,73.0,74.0,75.0,76.0
4110,Namibia,Starchy Roots,Other uses (non-food),0.0,0.0,0.0,0.0,0.0,0.0,0.0,0.0,0.0,0.0,0.0,0.0,0.0,1.0,0.0,0.0,0.0,0.0
4111,Namibia,Starchy Roots,Human Consumption,233.0,236.0,239.0,250.0,265.0,277.0,287.0,297.0,295.0,284.0,299.0,314.0,320.0,318.0,329.0,335.0,339.0,350.0
4112,Namibia,Sugar Crops,Import,0.0,0.0,0.0,0.0,0.0,0.0,0.0,0.0,0.0,0.0,0.0,0.0,0.0,0.0,0.0,0.0,0.0,0.0
4113,Namibia,Sugar Crops,Stock Variation,0.0,0.0,0.0,0.0,0.0,0.0,0.0,0.0,0.0,0.0,0.0,0.0,0.0,0.0,0.0,0.0,0.0,0.0
4114,Namibia,Sugar Crops,Export,0.0,0.0,0.0,0.0,0.0,0.0,0.0,0.0,0.0,0.0,0.0,0.0,0.0,0.0,0.0,0.0,0.0,0.0
4115,Namibia,Sugar Crops,Domestic supply,0.0,0.0,0.0,0.0,0.0,0.0,0.0,0.0,0.0,0.0,0.0,0.0,0.0,0.0,0.0,0.0,0.0,0.0
4116,Namibia,Sugar Crops,Feed,0.0,0.0,0.0,0.0,0.0,0.0,0.0,0.0,0.0,0.0,0.0,0.0,0.0,0.0,0.0,0.0,0.0,0.0
4117,Namibia,Spices,Export,0.0,0.0,0.0,0.0,0.0,0.0,0.0,0.0,0.0,0.0,0.0,0.0,0.0,0.0,1.0,1.0,0.0,0.0
4118,Namibia,Sugar Crops,Human Consumption,0.0,0.0,0.0,0.0,0.0,0.0,0.0,0.0,0.0,0.0,0.0,0.0,0.0,0.0,0.0,0.0,0.0,0.0
4119,Namibia,Oilcrops,Processing,4.0,3.0,1.0,1.0,7.0,2.0,6.0,3.0,2.0,3.0,6.0,1.0,1.0,3.0,1.0,1.0,0.0,0.0
4120,Namibia,Sugar & Sweeteners,Human Consumption,43.0,43.0,43.0,43.0,43.0,44.0,43.0,39.0,33.0,35.0,37.0,39.0,45.0,47.0,74.0,88.0,124.0,109.0
4121,Namibia,Oilcrops,Losses,0.0,0.0,0.0,0.0,0.0,0.0,0.0,0.0,0.0,0.0,0.0,0.0,0.0,0.0,0.0,0.0,0.0,0.0
4122,Namibia,Oilcrops,Feed,0.0,0.0,0.0,0.0,0.0,0.0,0.0,0.0,0.0,0.0,0.0,0.0,1.0,1.0,1.0,1.0,0.0,1.0
4123,Namibia,Pulses,Import,1.0,1.0,2.0,1.0,1.0,1.0,1.0,0.0,1.0,0.0,0.0,0.0,1.0,2.0,1.0,1.0,1.0,1.0
4124,Namibia,Pulses,Stock Variation,0.0,0.0,0.0,0.0,0.0,0.0,0.0,0.0,0.0,0.0,0.0,0.0,0.0,0.0,3.0,2.0,1.0,2.0
4125,Namibia,Pulses,Export,0.0,0.0,0.0,0.0,0.0,0.0,0.0,0.0,0.0,0.0,0.0,0.0,0.0,0.0,0.0,0.0,0.0,0.0
4126,Namibia,Pulses,Domestic supply,14.0,16.0,10.0,16.0,17.0,16.0,18.0,18.0,19.0,21.0,19.0,19.0,21.0,21.0,21.0,22.0,22.0,22.0
4127,Namibia,Pulses,Feed,0.0,0.0,0.0,0.0,0.0,0.0,0.0,0.0,0.0,0.0,0.0,0.0,0.0,0.0,0.0,0.0,0.0,0.0
4128,Namibia,Pulses,Seed,1.0,1.0,1.0,1.0,1.0,1.0,1.0,1.0,1.0,1.0,2.0,2.0,2.0,2.0,1.0,1.0,1.0,1.0
4129,Namibia,Pulses,Losses,1.0,1.0,0.0,1.0,1.0,1.0,1.0,1.0,1.0,1.0,1.0,1.0,1.0,1.0,1.0,1.0,1.0,1.0
4130,Namibia,Pulses,Human Consumption,12.0,14.0,9.0,14.0,15.0,14.0,16.0,16.0,17.0,19.0,17.0,17.0,18.0,18.0,19.0,20.0,20.0,20.0
4131,Namibia,Treenuts,Import,0.0,1.0,0.0,1.0,1.0,1.0,0.0,0.0,0.0,0.0,0.0,0.0,1.0,1.0,1.0,1.0,1.0,1.0
4132,Namibia,Treenuts,Stock Variation,0.0,-1.0,0.0,0.0,0.0,0.0,0.0,0.0,0.0,0.0,0.0,0.0,0.0,0.0,1.0,0.0,0.0,0.0
4133,Namibia,Treenuts,Export,0.0,0.0,0.0,0.0,0.0,0.0,0.0,0.0,0.0,0.0,0.0,0.0,0.0,0.0,0.0,1.0,0.0,0.0
4134,Namibia,Treenuts,Human Consumption,0.0,0.0,0.0,1.0,1.0,1.0,0.0,0.0,0.0,0.0,0.0,0.0,1.0,1.0,0.0,0.0,0.0,0.0
4135,Namibia,Oilcrops,Production,4.0,3.0,1.0,1.0,7.0,0.0,0.0,0.0,0.0,0.0,0.0,0.0,0.0,0.0,0.0,0.0,0.0,0.0
4136,Namibia,Oilcrops,Import,2.0,3.0,3.0,1.0,1.0,2.0,7.0,9.0,8.0,7.0,9.0,4.0,8.0,13.0,7.0,5.0,3.0,4.0
4137,Namibia,Oilcrops,Stock Variation,-1.0,0.0,0.0,1.0,1.0,1.0,0.0,0.0,0.0,0.0,0.0,-1.0,1.0,0.0,0.0,0.0,0.0,0.0
4138,Namibia,Oilcrops,Export,0.0,0.0,0.0,0.0,0.0,0.0,0.0,0.0,0.0,0.0,0.0,0.0,5.0,8.0,4.0,1.0,1.0,1.0
4139,Namibia,Oilcrops,Domestic supply,5.0,5.0,4.0,3.0,9.0,4.0,7.0,9.0,9.0,7.0,9.0,4.0,4.0,5.0,4.0,4.0,2.0,3.0
4140,Namibia,Oilcrops,Seed,0.0,0.0,0.0,0.0,0.0,0.0,0.0,0.0,0.0,0.0,0.0,0.0,0.0,0.0,0.0,0.0,0.0,0.0
4141,Namibia,Starchy Roots,Import,30.0,20.0,11.0,10.0,16.0,19.0,27.0,25.0,21.0,21.0,23.0,26.0,45.0,32.0,31.0,29.0,28.0,37.0
4142,Namibia,Spices,Import,2.0,1.0,1.0,1.0,1.0,2.0,1.0,1.0,2.0,1.0,2.0,2.0,3.0,4.0,5.0,5.0,5.0,5.0
4143,Namibia,Alcoholic Beverages,Human Consumption,97.0,91.0,94.0,93.0,87.0,93.0,99.0,105.0,158.0,207.0,199.0,209.0,150.0,188.0,209.0,246.0,210.0,150.0
4144,Namibia,"Fish, Seafood",Domestic supply,259.0,118.0,103.0,129.0,69.0,84.0,37.0,56.0,30.0,38.0,44.0,31.0,31.0,31.0,41.0,41.0,41.0,41.0
4145,Namibia,"Fish, Seafood",Feed,233.0,60.0,55.0,50.0,34.0,0.0,3.0,6.0,3.0,5.0,7.0,5.0,5.0,5.0,14.0,14.0,14.0,14.0
4146,Namibia,"Fish, Seafood",Other uses (non-food),2.0,34.0,23.0,51.0,7.0,55.0,4.0,20.0,0.0,4.0,9.0,0.0,0.0,0.0,0.0,0.0,0.0,0.0
4147,Namibia,"Fish, Seafood",Human Consumption,25.0,25.0,25.0,28.0,28.0,28.0,29.0,30.0,27.0,29.0,28.0,26.0,26.0,26.0,28.0,28.0,28.0,28.0
4148,Namibia,Eggs,Production,2.0,3.0,3.0,3.0,4.0,4.0,4.0,4.0,4.0,4.0,4.0,4.0,4.0,5.0,4.0,4.0,3.0,4.0
4149,Namibia,Eggs,Import,2.0,1.0,1.0,1.0,0.0,0.0,0.0,0.0,0.0,0.0,0.0,0.0,2.0,1.0,1.0,1.0,0.0,0.0
4150,Namibia,Eggs,Stock Variation,0.0,0.0,0.0,0.0,0.0,0.0,0.0,0.0,0.0,0.0,0.0,0.0,0.0,0.0,0.0,0.0,0.0,0.0
4151,Namibia,"Fish, Seafood",Export,624.0,531.0,571.0,519.0,519.0,446.0,476.0,428.0,406.0,434.0,394.0,425.0,425.0,425.0,498.0,498.0,498.0,498.0
4152,Namibia,Eggs,Export,0.0,0.0,0.0,1.0,0.0,0.0,0.0,0.0,0.0,0.0,0.0,0.0,1.0,0.0,0.0,0.0,0.0,0.0
4153,Namibia,Eggs,Feed,0.0,0.0,0.0,0.0,0.0,0.0,0.0,0.0,0.0,0.0,0.0,0.0,0.0,0.0,0.0,0.0,0.0,0.0
4154,Namibia,Eggs,Seed,1.0,1.0,1.0,1.0,1.0,1.0,1.0,1.0,1.0,1.0,1.0,1.0,1.0,1.0,1.0,1.0,1.0,1.0
4155,Namibia,Eggs,Losses,0.0,0.0,0.0,0.0,0.0,0.0,0.0,0.0,0.0,0.0,0.0,0.0,0.0,0.0,0.0,0.0,0.0,0.0
4156,Namibia,Eggs,Other uses (non-food),0.0,0.0,0.0,0.0,0.0,0.0,0.0,0.0,0.0,0.0,0.0,0.0,0.0,0.0,0.0,0.0,0.0,0.0
4157,Namibia,Eggs,Human Consumption,3.0,3.0,3.0,3.0,3.0,3.0,3.0,3.0,3.0,3.0,3.0,3.0,4.0,4.0,4.0,4.0,3.0,3.0
4158,Namibia,Milk - Excluding Butter,Production,89.0,92.0,105.0,109.0,111.0,118.0,108.0,107.0,109.0,110.0,115.0,115.0,118.0,120.0,110.0,107.0,107.0,108.0
4159,Namibia,Milk - Excluding Butter,Import,60.0,89.0,39.0,40.0,34.0,39.0,39.0,36.0,31.0,30.0,37.0,43.0,63.0,66.0,44.0,54.0,50.0,55.0
4160,Namibia,Eggs,Domestic supply,4.0,4.0,4.0,4.0,4.0,4.0,4.0,4.0,4.0,4.0,4.0,4.0,6.0,5.0,5.0,5.0,3.0,4.0
4161,Namibia,"Fish, Seafood",Stock Variation,0.0,-2.0,2.0,-10.0,-30.0,-63.0,-17.0,42.0,28.0,43.0,-6.0,12.0,12.0,12.0,14.0,14.0,14.0,14.0
4162,Namibia,"Fish, Seafood",Import,294.0,103.0,50.0,20.0,46.0,39.0,19.0,27.0,35.0,50.0,62.0,31.0,31.0,31.0,39.0,39.0,39.0,39.0
4163,Namibia,"Fish, Seafood",Production,590.0,548.0,623.0,638.0,571.0,554.0,510.0,414.0,373.0,379.0,382.0,414.0,414.0,414.0,486.0,486.0,486.0,486.0
4164,Namibia,Spices,Stock Variation,-1.0,0.0,0.0,1.0,0.0,0.0,0.0,0.0,0.0,0.0,0.0,0.0,0.0,0.0,1.0,1.0,1.0,1.0
4165,Namibia,Cereals - Excluding Beer,Production,121.0,107.0,100.0,97.0,128.0,129.0,183.0,116.0,113.0,112.0,137.0,117.0,166.0,87.0,112.0,125.0,130.0,127.0
4166,Namibia,Cereals - Excluding Beer,Import,200.0,202.0,173.0,127.0,177.0,229.0,153.0,152.0,246.0,177.0,108.0,178.0,259.0,343.0,279.0,351.0,371.0,297.0
4167,Namibia,Cereals - Excluding Beer,Stock Variation,2.0,13.0,85.0,114.0,-6.0,-24.0,-21.0,46.0,-39.0,15.0,52.0,35.0,-48.0,-36.0,7.0,46.0,10.0,-7.0
4168,Namibia,Cereals - Excluding Beer,Export,5.0,4.0,19.0,6.0,4.0,12.0,2.0,0.0,3.0,0.0,0.0,1.0,10.0,20.0,13.0,28.0,16.0,13.0
4169,Namibia,Cereals - Excluding Beer,Domestic supply,318.0,317.0,339.0,333.0,295.0,322.0,314.0,315.0,317.0,304.0,296.0,330.0,367.0,374.0,370.0,402.0,475.0,417.0
4170,Namibia,Cereals - Excluding Beer,Feed,40.0,32.0,35.0,36.0,5.0,29.0,23.0,22.0,29.0,21.0,11.0,5.0,32.0,42.0,41.0,66.0,109.0,50.0
4171,Namibia,Cereals - Excluding Beer,Seed,6.0,5.0,6.0,6.0,6.0,6.0,5.0,5.0,6.0,7.0,6.0,7.0,6.0,6.0,8.0,9.0,9.0,9.0
4172,Namibia,Cereals - Excluding Beer,Losses,17.0,15.0,16.0,17.0,16.0,18.0,18.0,15.0,22.0,16.0,14.0,14.0,20.0,24.0,18.0,22.0,24.0,17.0
4173,Namibia,Cereals - Excluding Beer,Processing,23.0,23.0,25.0,22.0,25.0,26.0,27.0,32.0,40.0,47.0,50.0,52.0,56.0,56.0,39.0,40.0,42.0,42.0
4174,Namibia,Cereals - Excluding Beer,Other uses (non-food),1.0,1.0,1.0,1.0,0.0,0.0,1.0,1.0,0.0,0.0,0.0,28.0,19.0,6.0,4.0,5.0,5.0,8.0
4175,Namibia,Cereals - Excluding Beer,Human Consumption,231.0,241.0,255.0,251.0,243.0,243.0,240.0,239.0,219.0,212.0,214.0,225.0,235.0,240.0,251.0,271.0,288.0,271.0
4176,Namibia,"Aquatic Products, Other",Production,1.0,1.0,3.0,1.0,0.0,0.0,0.0,0.0,0.0,0.0,0.0,0.0,0.0,0.0,0.0,0.0,0.0,0.0
4177,Namibia,"Aquatic Products, Other",Export,1.0,0.0,0.0,0.0,0.0,0.0,0.0,0.0,0.0,0.0,0.0,0.0,0.0,0.0,0.0,0.0,0.0,0.0
4178,Namibia,"Aquatic Products, Other",Domestic supply,0.0,0.0,3.0,1.0,0.0,0.0,0.0,0.0,0.0,0.0,0.0,0.0,0.0,0.0,0.0,0.0,0.0,0.0
4179,Namibia,"Aquatic Products, Other",Other uses (non-food),0.0,0.0,1.0,0.0,0.0,0.0,0.0,0.0,0.0,0.0,0.0,0.0,0.0,0.0,0.0,0.0,0.0,0.0
4180,Namibia,"Aquatic Products, Other",Human Consumption,0.0,0.0,2.0,0.0,0.0,0.0,0.0,0.0,0.0,0.0,0.0,0.0,0.0,0.0,0.0,0.0,0.0,0.0
4181,Namibia,Milk - Excluding Butter,Stock Variation,-2.0,-3.0,7.0,-3.0,2.0,2.0,0.0,0.0,0.0,0.0,0.0,0.0,-1.0,1.0,1.0,1.0,0.0,2.0
4182,Namibia,Milk - Excluding Butter,Export,2.0,3.0,10.0,5.0,3.0,2.0,1.0,1.0,1.0,1.0,1.0,1.0,4.0,5.0,2.0,1.0,0.0,1.0
4183,Namibia,"Aquatic Products, Other",Import,0.0,0.0,0.0,0.0,0.0,0.0,0.0,0.0,0.0,0.0,0.0,0.0,0.0,0.0,0.0,0.0,0.0,0.0
4184,Namibia,Milk - Excluding Butter,Feed,10.0,8.0,8.0,9.0,7.0,7.0,3.0,3.0,3.0,3.0,4.0,4.0,8.0,6.0,7.0,6.0,6.0,7.0
4185,Namibia,Meat,Stock Variation,0.0,1.0,0.0,0.0,0.0,0.0,0.0,0.0,-2.0,1.0,1.0,0.0,-5.0,0.0,-4.0,1.0,-1.0,5.0
4186,Namibia,Meat,Export,34.0,35.0,34.0,38.0,32.0,29.0,26.0,25.0,25.0,22.0,23.0,23.0,46.0,47.0,41.0,50.0,39.0,39.0
4187,Namibia,Meat,Domestic supply,96.0,72.0,60.0,67.0,67.0,65.0,66.0,72.0,86.0,71.0,68.0,74.0,63.0,57.0,70.0,67.0,72.0,73.0
4188,Namibia,Meat,Processing,0.0,0.0,0.0,0.0,0.0,0.0,0.0,0.0,0.0,0.0,0.0,0.0,0.0,0.0,0.0,0.0,0.0,0.0
4189,Namibia,Meat,Other uses (non-food),15.0,0.0,0.0,0.0,0.0,0.0,0.0,0.0,0.0,0.0,0.0,0.0,0.0,0.0,0.0,0.0,0.0,0.0
4190,Namibia,Meat,Human Consumption,81.0,72.0,60.0,67.0,67.0,65.0,66.0,72.0,86.0,71.0,68.0,74.0,63.0,58.0,70.0,67.0,72.0,73.0
4191,Namibia,Miscellaneous,Import,0.0,0.0,0.0,0.0,0.0,0.0,0.0,0.0,0.0,0.0,0.0,0.0,0.0,0.0,24.0,25.0,24.0,32.0
4192,Namibia,Miscellaneous,Stock Variation,0.0,0.0,0.0,0.0,0.0,0.0,0.0,0.0,0.0,0.0,0.0,0.0,0.0,0.0,17.0,3.0,0.0,4.0
4193,Namibia,Miscellaneous,Export,0.0,0.0,0.0,0.0,0.0,0.0,0.0,0.0,0.0,0.0,0.0,0.0,0.0,0.0,7.0,8.0,9.0,8.0
4194,Namibia,Miscellaneous,Human Consumption,0.0,0.0,0.0,0.0,0.0,0.0,0.0,0.0,0.0,0.0,0.0,0.0,0.0,0.0,0.0,14.0,15.0,20.0
4195,Namibia,Alcoholic Beverages,Production,113.0,116.0,125.0,122.0,122.0,134.0,133.0,146.0,188.0,223.0,223.0,233.0,255.0,255.0,255.0,257.0,274.0,274.0
4196,Namibia,Alcoholic Beverages,Import,40.0,59.0,44.0,37.0,25.0,17.0,3.0,5.0,4.0,7.0,5.0,5.0,105.0,137.0,168.0,142.0,102.0,99.0
4197,Namibia,Alcoholic Beverages,Stock Variation,-3.0,21.0,-19.0,5.0,11.0,8.0,13.0,6.0,-20.0,0.0,1.0,1.0,-12.0,-22.0,97.0,54.0,0.0,5.0
4198,Namibia,Alcoholic Beverages,Export,54.0,105.0,57.0,71.0,70.0,66.0,52.0,54.0,14.0,19.0,27.0,28.0,197.0,181.0,116.0,98.0,166.0,218.0
4199,Namibia,Alcoholic Beverages,Domestic supply,97.0,91.0,94.0,93.0,88.0,93.0,97.0,102.0,158.0,211.0,202.0,211.0,151.0,189.0,209.0,246.0,210.0,150.0
4200,Namibia,Milk - Excluding Butter,Domestic supply,145.0,175.0,140.0,142.0,145.0,156.0,146.0,142.0,139.0,139.0,151.0,157.0,176.0,182.0,151.0,160.0,156.0,161.0
4201,Namibia,Alcoholic Beverages,Other uses (non-food),0.0,0.0,0.0,0.0,1.0,0.0,0.0,0.0,0.0,4.0,3.0,2.0,1.0,1.0,0.0,0.0,0.0,0.0
4202,Namibia,Meat,Import,33.0,25.0,16.0,24.0,24.0,21.0,21.0,21.0,35.0,11.0,11.0,18.0,39.0,25.0,27.0,42.0,34.0,41.0
4203,Namibia,Meat,Production,97.0,82.0,78.0,82.0,75.0,73.0,72.0,76.0,78.0,80.0,80.0,79.0,74.0,78.0,79.0,76.0,77.0,77.0
4204,Namibia,Miscellaneous,Domestic supply,0.0,0.0,0.0,0.0,0.0,0.0,0.0,0.0,0.0,0.0,0.0,0.0,0.0,0.0,0.0,14.0,15.0,20.0
4205,Namibia,Offals,Losses,0.0,0.0,0.0,0.0,0.0,0.0,0.0,0.0,0.0,0.0,0.0,0.0,0.0,0.0,0.0,0.0,0.0,0.0
4206,Namibia,Milk - Excluding Butter,Losses,5.0,5.0,6.0,6.0,6.0,7.0,6.0,6.0,6.0,6.0,7.0,7.0,7.0,7.0,6.0,5.0,5.0,5.0
4207,Namibia,Milk - Excluding Butter,Processing,0.0,0.0,0.0,0.0,0.0,0.0,0.0,0.0,0.0,0.0,0.0,0.0,0.0,0.0,0.0,0.0,0.0,0.0
4208,Namibia,Offals,Human Consumption,10.0,8.0,8.0,7.0,7.0,7.0,7.0,6.0,7.0,8.0,8.0,7.0,3.0,3.0,6.0,4.0,6.0,6.0
4209,Namibia,Milk - Excluding Butter,Human Consumption,130.0,162.0,127.0,126.0,131.0,142.0,137.0,132.0,129.0,129.0,141.0,147.0,162.0,168.0,140.0,148.0,144.0,149.0
4210,Namibia,Animal fats,Production,9.0,7.0,10.0,9.0,8.0,7.0,6.0,7.0,7.0,6.0,6.0,7.0,8.0,8.0,4.0,3.0,3.0,3.0
4211,Namibia,Animal fats,Import,8.0,4.0,2.0,2.0,2.0,1.0,1.0,1.0,0.0,0.0,0.0,0.0,2.0,2.0,2.0,2.0,2.0,1.0
4212,Namibia,Animal fats,Export,6.0,6.0,7.0,5.0,2.0,2.0,2.0,2.0,2.0,1.0,1.0,2.0,5.0,5.0,1.0,1.0,1.0,1.0
4213,Namibia,Animal fats,Domestic supply,8.0,8.0,7.0,7.0,8.0,8.0,5.0,6.0,5.0,5.0,6.0,5.0,5.0,5.0,5.0,4.0,4.0,4.0
4214,Namibia,Animal fats,Losses,0.0,0.0,0.0,0.0,0.0,0.0,0.0,0.0,0.0,0.0,0.0,0.0,0.0,0.0,0.0,0.0,0.0,0.0
4215,Namibia,Animal fats,Stock Variation,-3.0,3.0,2.0,1.0,1.0,1.0,1.0,1.0,0.0,0.0,0.0,0.0,0.0,0.0,0.0,0.0,0.0,0.0
4216,Namibia,Animal fats,Human Consumption,5.0,5.0,5.0,5.0,5.0,5.0,5.0,5.0,4.0,4.0,4.0,4.0,5.0,4.0,4.0,4.0,3.0,3.0
4217,Namibia,Offals,Production,10.0,8.0,8.0,8.0,7.0,7.0,6.0,6.0,7.0,7.0,7.0,7.0,7.0,7.0,8.0,7.0,7.0,7.0
4218,Namibia,Offals,Feed,0.0,0.0,0.0,0.0,0.0,0.0,0.0,0.0,0.0,0.0,0.0,0.0,0.0,0.0,0.0,0.0,0.0,0.0
4219,Namibia,Offals,Import,1.0,0.0,0.0,0.0,0.0,0.0,0.0,0.0,0.0,1.0,1.0,1.0,0.0,1.0,1.0,1.0,1.0,1.0
4220,Namibia,Offals,Stock Variation,0.0,0.0,0.0,0.0,0.0,0.0,0.0,0.0,0.0,0.0,0.0,0.0,0.0,0.0,0.0,0.0,0.0,0.0
4221,Namibia,Offals,Domestic supply,10.0,8.0,8.0,7.0,7.0,7.0,7.0,6.0,7.0,8.0,8.0,7.0,3.0,2.0,6.0,4.0,6.0,6.0
4222,Namibia,Animal fats,Other uses (non-food),3.0,3.0,3.0,4.0,3.0,3.0,0.0,1.0,1.0,1.0,1.0,1.0,2.0,1.0,1.0,1.0,1.0,1.0
4223,Namibia,Offals,Export,0.0,0.0,0.0,1.0,0.0,0.0,0.0,0.0,1.0,0.0,0.0,0.0,4.0,5.0,3.0,3.0,2.0,2.0
4224,Nepal,Vegetables,Processing,0.0,0.0,0.0,0.0,0.0,0.0,0.0,0.0,0.0,0.0,0.0,0.0,0.0,0.0,0.0,0.0,0.0,0.0
4225,Nepal,Vegetable Oils,Domestic supply,177.0,192.0,220.0,255.0,232.0,236.0,212.0,224.0,232.0,279.0,351.0,350.0,336.0,345.0,433.0,403.0,428.0,487.0
4226,Nepal,Vegetable Oils,Export,5.0,80.0,94.0,100.0,77.0,132.0,98.0,86.0,39.0,32.0,4.0,2.0,2.0,3.0,2.0,1.0,2.0,1.0
4227,Nepal,Vegetable Oils,Stock Variation,-13.0,12.0,-1.0,-27.0,4.0,25.0,0.0,0.0,0.0,-4.0,-17.0,-5.0,-30.0,-50.0,65.0,13.0,73.0,112.0
4228,Nepal,Vegetable Oils,Production,125.0,114.0,128.0,128.0,129.0,129.0,128.0,128.0,120.0,145.0,141.0,163.0,158.0,155.0,241.0,234.0,235.0,286.0
4229,Nepal,Vegetables,Human Consumption,1369.0,1521.0,1651.0,1759.0,1877.0,2026.0,2066.0,2204.0,2439.0,2611.0,2870.0,3047.0,3178.0,3171.0,3261.0,3361.0,3696.0,3538.0
4230,Nepal,Vegetables,Other uses (non-food),0.0,0.0,0.0,0.0,0.0,0.0,0.0,0.0,0.0,0.0,0.0,0.0,0.0,0.0,0.0,0.0,0.0,0.0
4231,Nepal,Vegetables,Losses,150.0,166.0,179.0,185.0,200.0,216.0,219.0,233.0,256.0,276.0,301.0,321.0,331.0,330.0,395.0,409.0,449.0,429.0
4232,Nepal,Vegetable Oils,Feed,0.0,0.0,0.0,0.0,0.0,0.0,0.0,0.0,0.0,0.0,0.0,0.0,0.0,0.0,1.0,6.0,2.0,8.0
4233,Nepal,Vegetable Oils,Import,70.0,146.0,186.0,254.0,176.0,213.0,182.0,182.0,151.0,170.0,231.0,194.0,209.0,243.0,259.0,183.0,268.0,313.0
4234,Nepal,Vegetable Oils,Seed,0.0,0.0,0.0,0.0,0.0,0.0,0.0,0.0,0.0,0.0,0.0,0.0,0.0,0.0,0.0,0.0,0.0,0.0
4235,Nepal,Sugar & Sweeteners,Export,1.0,0.0,1.0,14.0,15.0,7.0,8.0,9.0,11.0,1.0,4.0,0.0,0.0,0.0,4.0,0.0,77.0,0.0
4236,Nepal,Vegetable Oils,Processing,0.0,0.0,0.0,0.0,0.0,0.0,0.0,0.0,0.0,0.0,0.0,0.0,0.0,0.0,65.0,49.0,60.0,82.0
4237,Nepal,Vegetable Oils,Other uses (non-food),40.0,42.0,66.0,100.0,62.0,60.0,45.0,35.0,11.0,47.0,111.0,78.0,77.0,74.0,60.0,49.0,61.0,81.0
4238,Nepal,Vegetable Oils,Human Consumption,137.0,150.0,153.0,154.0,170.0,176.0,167.0,189.0,221.0,232.0,240.0,272.0,259.0,271.0,305.0,298.0,304.0,313.0
4239,Nepal,Sugar & Sweeteners,Production,87.0,89.0,93.0,106.0,125.0,129.0,104.0,110.0,102.0,100.0,81.0,134.0,145.0,147.0,173.0,194.0,251.0,172.0
4240,Nepal,Sugar & Sweeteners,Import,33.0,29.0,12.0,15.0,8.0,41.0,14.0,14.0,35.0,47.0,57.0,28.0,46.0,28.0,45.0,62.0,55.0,155.0
4241,Nepal,Sugar & Sweeteners,Stock Variation,1.0,0.0,14.0,15.0,8.0,-43.0,20.0,17.0,-4.0,-25.0,-18.0,-43.0,-65.0,-43.0,39.0,49.0,44.0,110.0
4242,Nepal,Sugar & Sweeteners,Domestic supply,120.0,118.0,117.0,122.0,126.0,119.0,129.0,132.0,122.0,121.0,115.0,118.0,126.0,132.0,175.0,207.0,185.0,217.0
4243,Nepal,Sugar & Sweeteners,Feed,0.0,0.0,0.0,0.0,0.0,0.0,0.0,0.0,0.0,0.0,0.0,0.0,0.0,0.0,0.0,0.0,0.0,0.0
4244,Nepal,Sugar & Sweeteners,Seed,0.0,0.0,0.0,0.0,0.0,0.0,0.0,0.0,0.0,0.0,0.0,0.0,0.0,0.0,0.0,0.0,0.0,0.0
4245,Nepal,Sugar & Sweeteners,Losses,0.0,0.0,0.0,0.0,0.0,0.0,0.0,0.0,0.0,0.0,0.0,0.0,0.0,0.0,0.0,0.0,0.0,0.0
4246,Nepal,Vegetables,Seed,0.0,0.0,0.0,0.0,0.0,0.0,0.0,0.0,0.0,0.0,0.0,0.0,0.0,0.0,0.0,0.0,0.0,0.0
4247,Nepal,Sugar & Sweeteners,Processing,0.0,0.0,0.0,0.0,0.0,0.0,0.0,0.0,0.0,0.0,0.0,0.0,0.0,0.0,7.0,9.0,8.0,8.0
4248,Nepal,Vegetable Oils,Losses,0.0,0.0,0.0,0.0,0.0,0.0,0.0,0.0,0.0,0.0,0.0,0.0,0.0,0.0,0.0,0.0,0.0,0.0
4249,Nepal,Vegetables,Feed,0.0,0.0,0.0,0.0,0.0,0.0,0.0,0.0,0.0,0.0,0.0,0.0,0.0,0.0,0.0,0.0,0.0,0.0
4250,Nepal,Stimulants,Processing,0.0,0.0,0.0,0.0,0.0,0.0,0.0,0.0,0.0,0.0,0.0,0.0,0.0,0.0,0.0,0.0,0.0,0.0
4251,Nepal,Vegetables,Export,0.0,0.0,0.0,4.0,3.0,2.0,4.0,5.0,5.0,6.0,5.0,7.0,9.0,11.0,17.0,13.0,6.0,6.0
4252,Nepal,Sugar & Sweeteners,Other uses (non-food),0.0,0.0,0.0,0.0,0.0,0.0,0.0,0.0,0.0,0.0,0.0,0.0,0.0,0.0,0.0,0.0,0.0,0.0
4253,Nepal,Stimulants,Stock Variation,0.0,0.0,0.0,0.0,0.0,0.0,0.0,0.0,0.0,0.0,0.0,0.0,0.0,0.0,0.0,0.0,0.0,0.0
4254,Nepal,Stimulants,Export,0.0,0.0,0.0,2.0,4.0,5.0,4.0,10.0,10.0,10.0,9.0,9.0,10.0,11.0,8.0,11.0,6.0,13.0
4255,Nepal,Stimulants,Domestic supply,6.0,8.0,8.0,7.0,9.0,8.0,10.0,7.0,8.0,9.0,10.0,11.0,11.0,12.0,15.0,12.0,19.0,14.0
4256,Nepal,Stimulants,Feed,0.0,0.0,0.0,0.0,0.0,0.0,0.0,0.0,0.0,0.0,0.0,0.0,0.0,0.0,0.0,0.0,0.0,0.0
4257,Nepal,Stimulants,Seed,0.0,0.0,0.0,0.0,0.0,0.0,0.0,0.0,0.0,0.0,0.0,0.0,0.0,0.0,0.0,0.0,0.0,0.0
4258,Nepal,Stimulants,Losses,0.0,0.0,0.0,0.0,0.0,0.0,0.0,0.0,0.0,0.0,0.0,0.0,0.0,0.0,1.0,1.0,1.0,1.0
4259,Nepal,Sugar Crops,Human Consumption,886.0,968.0,957.0,918.0,698.0,704.0,1035.0,1100.0,1094.0,829.0,1039.0,961.0,1108.0,1107.0,1150.0,1160.0,1180.0,1170.0
4260,Nepal,Stimulants,Other uses (non-food),0.0,0.0,0.0,0.0,0.0,0.0,0.0,0.0,0.0,0.0,0.0,0.0,0.0,0.0,0.0,0.0,0.0,0.0
4261,Nepal,Stimulants,Human Consumption,6.0,8.0,8.0,7.0,9.0,8.0,10.0,7.0,8.0,9.0,10.0,11.0,11.0,12.0,14.0,11.0,18.0,12.0
4262,Nepal,Fruits - Excluding Wine,Production,845.0,930.0,898.0,972.0,980.0,1028.0,1026.0,1069.0,1179.0,1284.0,1327.0,1494.0,1935.0,1756.0,1804.0,1861.0,1853.0,1936.0
4263,Nepal,Vegetables,Domestic supply,1520.0,1687.0,1830.0,1944.0,2077.0,2242.0,2286.0,2437.0,2695.0,2887.0,3172.0,3368.0,3509.0,3502.0,3655.0,3770.0,4145.0,3967.0
4264,Nepal,Fruits - Excluding Wine,Import,9.0,5.0,21.0,37.0,78.0,81.0,74.0,87.0,82.0,37.0,80.0,91.0,119.0,141.0,135.0,139.0,127.0,215.0
4265,Nepal,Fruits - Excluding Wine,Export,0.0,0.0,0.0,19.0,14.0,2.0,2.0,0.0,1.0,74.0,36.0,77.0,91.0,102.0,50.0,36.0,31.0,23.0
4266,Nepal,Fruits - Excluding Wine,Domestic supply,852.0,934.0,918.0,990.0,1047.0,1108.0,1098.0,1156.0,1259.0,1246.0,1372.0,1508.0,1963.0,1795.0,1888.0,1955.0,1946.0,2107.0
4267,Nepal,Fruits - Excluding Wine,Feed,0.0,0.0,0.0,0.0,0.0,0.0,0.0,0.0,0.0,0.0,0.0,0.0,0.0,0.0,0.0,0.0,0.0,0.0
4268,Nepal,Fruits - Excluding Wine,Seed,0.0,0.0,0.0,0.0,0.0,0.0,0.0,0.0,0.0,0.0,0.0,0.0,0.0,0.0,0.0,0.0,0.0,0.0
4269,Nepal,Fruits - Excluding Wine,Losses,45.0,49.0,48.0,51.0,53.0,57.0,54.0,58.0,64.0,69.0,71.0,80.0,103.0,94.0,243.0,253.0,250.0,254.0
4270,Nepal,Fruits - Excluding Wine,Processing,0.0,0.0,0.0,0.0,0.0,0.0,0.0,0.0,0.0,0.0,0.0,0.0,0.0,0.0,46.0,40.0,41.0,48.0
4271,Nepal,Fruits - Excluding Wine,Other uses (non-food),0.0,0.0,0.0,0.0,0.0,0.0,0.0,0.0,0.0,0.0,0.0,0.0,0.0,0.0,0.0,0.0,0.0,0.0
4272,Nepal,Fruits - Excluding Wine,Human Consumption,807.0,886.0,871.0,938.0,993.0,1050.0,1044.0,1098.0,1195.0,1178.0,1301.0,1428.0,1859.0,1700.0,1607.0,1669.0,1657.0,1809.0
4273,Nepal,Vegetables,Production,1505.0,1675.0,1762.0,1836.0,1934.0,2110.0,2237.0,2380.0,2608.0,2820.0,3078.0,3282.0,3377.0,3383.0,3522.0,3646.0,3999.0,3813.0
4274,Nepal,Vegetables,Import,15.0,13.0,68.0,112.0,147.0,135.0,53.0,62.0,93.0,73.0,98.0,93.0,140.0,130.0,151.0,138.0,151.0,160.0
4275,Nepal,Vegetables,Stock Variation,0.0,0.0,0.0,0.0,0.0,0.0,0.0,0.0,-1.0,0.0,0.0,0.0,0.0,0.0,0.0,0.0,0.0,0.0
4276,Nepal,Fruits - Excluding Wine,Stock Variation,-1.0,0.0,0.0,-1.0,3.0,0.0,0.0,0.0,-1.0,0.0,1.0,0.0,0.0,0.0,1.0,10.0,3.0,21.0
4277,Nepal,Sugar & Sweeteners,Human Consumption,120.0,118.0,117.0,122.0,126.0,119.0,129.0,132.0,122.0,121.0,115.0,118.0,126.0,132.0,168.0,198.0,177.0,209.0
4278,Nepal,Starchy Roots,Seed,123.0,129.0,135.0,140.0,143.0,147.0,151.0,154.0,200.0,220.0,222.0,221.0,260.0,270.0,191.0,169.0,177.0,170.0
4279,Nepal,Pulses,Import,17.0,10.0,30.0,30.0,40.0,39.0,22.0,11.0,20.0,93.0,45.0,57.0,67.0,84.0,101.0,99.0,37.0,171.0
4280,Nepal,Oilcrops,Processing,334.0,301.0,346.0,343.0,347.0,348.0,345.0,347.0,347.0,391.0,385.0,477.0,453.0,440.0,482.0,511.0,481.0,573.0
4281,Nepal,Oilcrops,Other uses (non-food),0.0,0.0,0.0,0.0,0.0,0.0,0.0,0.0,0.0,0.0,0.0,0.0,0.0,0.0,0.0,0.0,0.0,0.0
4282,Nepal,Oilcrops,Human Consumption,5.0,1.0,2.0,13.0,6.0,4.0,3.0,4.0,6.0,15.0,15.0,19.0,26.0,25.0,19.0,17.0,19.0,23.0
4283,Nepal,Starchy Roots,Production,1309.0,1419.0,1593.0,1656.0,1768.0,1866.0,2105.0,2077.0,2190.0,2579.0,2679.0,2666.0,2740.0,2845.0,2972.0,2751.0,2974.0,2862.0
4284,Nepal,Starchy Roots,Import,6.0,10.0,20.0,117.0,49.0,47.0,47.0,71.0,50.0,64.0,111.0,132.0,182.0,226.0,201.0,202.0,162.0,347.0
4285,Nepal,Starchy Roots,Stock Variation,0.0,0.0,0.0,0.0,0.0,0.0,0.0,0.0,0.0,0.0,0.0,0.0,0.0,0.0,0.0,0.0,0.0,0.0
4286,Nepal,Starchy Roots,Export,1.0,0.0,0.0,1.0,0.0,0.0,0.0,0.0,0.0,1.0,0.0,0.0,1.0,1.0,3.0,0.0,0.0,0.0
4287,Nepal,Starchy Roots,Domestic supply,1314.0,1428.0,1612.0,1773.0,1817.0,1914.0,2151.0,2148.0,2240.0,2642.0,2790.0,2798.0,2921.0,3070.0,3170.0,2952.0,3135.0,3209.0
4288,Nepal,Starchy Roots,Feed,0.0,0.0,0.0,0.0,0.0,0.0,0.0,0.0,0.0,0.0,0.0,0.0,0.0,0.0,288.0,237.0,319.0,286.0
4289,Nepal,Starchy Roots,Losses,196.0,213.0,225.0,241.0,265.0,280.0,316.0,312.0,328.0,387.0,402.0,400.0,411.0,427.0,446.0,413.0,442.0,445.0
4290,Nepal,Starchy Roots,Processing,0.0,0.0,0.0,0.0,0.0,0.0,0.0,0.0,0.0,0.0,0.0,0.0,0.0,0.0,0.0,0.0,0.0,0.0
4291,Nepal,Oilcrops,Losses,4.0,4.0,4.0,4.0,4.0,4.0,4.0,5.0,5.0,4.0,6.0,10.0,8.0,11.0,14.0,14.0,6.0,15.0
4292,Nepal,Starchy Roots,Other uses (non-food),0.0,0.0,0.0,0.0,0.0,0.0,0.0,0.0,0.0,0.0,0.0,0.0,0.0,0.0,0.0,0.0,0.0,0.0
4293,Nepal,Sugar Crops,Production,2103.0,2212.0,2248.0,2343.0,2305.0,2376.0,2463.0,2600.0,2485.0,2354.0,2593.0,2718.0,2930.0,2930.0,2998.0,3063.0,4347.0,3235.0
4294,Nepal,Sugar Crops,Import,0.0,0.0,0.0,2.0,0.0,0.0,1.0,0.0,1.0,0.0,0.0,0.0,0.0,0.0,0.0,1.0,0.0,3.0
4295,Nepal,Sugar Crops,Stock Variation,0.0,0.0,0.0,0.0,0.0,0.0,0.0,0.0,0.0,0.0,0.0,0.0,0.0,0.0,0.0,0.0,648.0,42.0
4296,Nepal,Sugar Crops,Export,0.0,0.0,0.0,0.0,0.0,0.0,0.0,0.0,0.0,0.0,0.0,0.0,0.0,0.0,0.0,0.0,0.0,0.0
4297,Nepal,Sugar Crops,Domestic supply,2103.0,2212.0,2248.0,2345.0,2305.0,2376.0,2464.0,2600.0,2486.0,2354.0,2593.0,2718.0,2930.0,2930.0,2998.0,3064.0,3699.0,3196.0
4298,Nepal,Sugar Crops,Feed,0.0,0.0,0.0,0.0,0.0,0.0,0.0,0.0,0.0,0.0,0.0,0.0,0.0,0.0,117.0,29.0,558.0,332.0
4299,Nepal,Sugar Crops,Seed,119.0,119.0,121.0,119.0,118.0,124.0,128.0,126.0,116.0,122.0,126.0,129.0,129.0,130.0,114.0,109.0,173.0,147.0
4300,Nepal,Sugar Crops,Losses,210.0,221.0,225.0,234.0,231.0,238.0,246.0,260.0,249.0,235.0,259.0,272.0,293.0,293.0,160.0,164.0,233.0,173.0
4301,Nepal,Sugar Crops,Processing,889.0,903.0,945.0,1074.0,1258.0,1310.0,1055.0,1114.0,1027.0,1168.0,1168.0,1356.0,1400.0,1400.0,1456.0,1602.0,1556.0,1374.0
4302,Nepal,Sugar Crops,Other uses (non-food),0.0,0.0,0.0,0.0,0.0,0.0,0.0,0.0,0.0,0.0,0.0,0.0,0.0,0.0,0.0,0.0,0.0,0.0
4303,Nepal,Stimulants,Import,1.0,1.0,1.0,1.0,1.0,1.0,1.0,1.0,1.0,2.0,2.0,2.0,2.0,2.0,1.0,1.0,1.0,1.0
4304,Nepal,Starchy Roots,Human Consumption,995.0,1087.0,1252.0,1392.0,1409.0,1487.0,1685.0,1683.0,1711.0,2035.0,2166.0,2177.0,2250.0,2373.0,2245.0,2133.0,2198.0,2308.0
4305,Nepal,Pulses,Production,221.0,226.0,249.0,251.0,241.0,247.0,242.0,249.0,244.0,230.0,236.0,281.0,283.0,314.0,310.0,351.0,373.0,374.0
4306,Nepal,Oilcrops,Seed,4.0,4.0,4.0,4.0,4.0,4.0,4.0,4.0,4.0,4.0,4.0,4.0,4.0,4.0,4.0,4.0,4.0,3.0
4307,Nepal,Oilcrops,Domestic supply,346.0,309.0,355.0,364.0,361.0,360.0,356.0,359.0,362.0,414.0,410.0,510.0,491.0,481.0,529.0,565.0,525.0,634.0
4308,Nepal,Pulses,Stock Variation,12.0,0.0,0.0,0.0,-11.0,-5.0,5.0,11.0,0.0,0.0,0.0,0.0,0.0,0.0,4.0,7.0,-17.0,69.0
4309,Nepal,Pulses,Export,29.0,31.0,67.0,45.0,16.0,15.0,8.0,5.0,17.0,62.0,38.0,23.0,36.0,13.0,16.0,6.0,1.0,8.0
4310,Nepal,Pulses,Domestic supply,221.0,205.0,213.0,236.0,254.0,266.0,261.0,266.0,247.0,261.0,243.0,315.0,314.0,384.0,391.0,437.0,426.0,467.0
4311,Nepal,Pulses,Feed,0.0,0.0,0.0,0.0,0.0,0.0,0.0,0.0,0.0,0.0,0.0,0.0,0.0,0.0,40.0,49.0,57.0,75.0
4312,Nepal,Pulses,Seed,12.0,12.0,12.0,12.0,12.0,12.0,12.0,12.0,12.0,12.0,12.0,13.0,13.0,15.0,12.0,13.0,13.0,14.0
4313,Nepal,Pulses,Losses,10.0,10.0,11.0,11.0,11.0,11.0,11.0,11.0,11.0,12.0,11.0,14.0,14.0,16.0,15.0,17.0,19.0,19.0
4314,Nepal,Pulses,Processing,0.0,0.0,0.0,0.0,0.0,0.0,0.0,0.0,0.0,0.0,0.0,0.0,0.0,0.0,8.0,7.0,6.0,12.0
4315,Nepal,Pulses,Other uses (non-food),0.0,0.0,0.0,0.0,0.0,0.0,0.0,0.0,0.0,0.0,0.0,0.0,0.0,0.0,0.0,0.0,0.0,0.0
4316,Nepal,Pulses,Human Consumption,199.0,184.0,190.0,214.0,232.0,243.0,238.0,243.0,224.0,236.0,220.0,288.0,287.0,353.0,316.0,350.0,331.0,347.0
4317,Nepal,Treenuts,Production,7.0,7.0,8.0,8.0,8.0,8.0,8.0,8.0,9.0,9.0,10.0,14.0,18.0,20.0,11.0,22.0,22.0,23.0
4318,Nepal,Treenuts,Import,19.0,23.0,16.0,27.0,22.0,21.0,10.0,21.0,21.0,121.0,98.0,54.0,48.0,56.0,54.0,35.0,13.0,15.0
4319,Nepal,Oilcrops,Feed,0.0,0.0,0.0,0.0,0.0,0.0,0.0,0.0,0.0,0.0,0.0,0.0,0.0,0.0,10.0,19.0,20.0,20.0
4320,Nepal,Treenuts,Stock Variation,0.0,0.0,0.0,-2.0,1.0,1.0,0.0,0.0,0.0,0.0,0.0,0.0,0.0,0.0,0.0,0.0,0.0,0.0
4321,Nepal,Treenuts,Domestic supply,26.0,30.0,23.0,32.0,30.0,29.0,18.0,29.0,29.0,124.0,100.0,53.0,65.0,66.0,23.0,40.0,35.0,38.0
4322,Nepal,Treenuts,Feed,0.0,0.0,0.0,0.0,0.0,0.0,0.0,0.0,0.0,0.0,0.0,0.0,0.0,0.0,0.0,0.0,0.0,0.0
4323,Nepal,Treenuts,Seed,0.0,0.0,0.0,0.0,0.0,0.0,0.0,0.0,0.0,0.0,0.0,0.0,0.0,0.0,0.0,0.0,0.0,0.0
4324,Nepal,Treenuts,Losses,0.0,0.0,0.0,0.0,0.0,0.0,0.0,0.0,0.0,0.0,0.0,0.0,0.0,0.0,0.0,0.0,0.0,0.0
4325,Nepal,Treenuts,Processing,0.0,0.0,0.0,0.0,0.0,0.0,0.0,0.0,0.0,0.0,0.0,0.0,0.0,0.0,0.0,0.0,0.0,0.0
4326,Nepal,Treenuts,Other uses (non-food),0.0,0.0,0.0,0.0,0.0,0.0,0.0,0.0,0.0,0.0,0.0,0.0,0.0,0.0,0.0,0.0,0.0,0.0
4327,Nepal,Treenuts,Human Consumption,26.0,30.0,23.0,32.0,30.0,29.0,18.0,29.0,29.0,124.0,100.0,53.0,65.0,66.0,23.0,40.0,34.0,37.0
4328,Nepal,Oilcrops,Production,268.0,293.0,294.0,277.0,292.0,311.0,306.0,299.0,296.0,299.0,334.0,389.0,361.0,360.0,372.0,403.0,417.0,414.0
4329,Nepal,Oilcrops,Import,80.0,22.0,71.0,83.0,82.0,64.0,53.0,62.0,80.0,107.0,86.0,170.0,150.0,141.0,149.0,140.0,92.0,200.0
4330,Nepal,Oilcrops,Stock Variation,0.0,-4.0,-8.0,5.0,-12.0,-14.0,-3.0,-2.0,-14.0,8.0,-10.0,-48.0,-20.0,-20.0,-9.0,-23.0,-17.0,-21.0
4331,Nepal,Oilcrops,Export,2.0,2.0,2.0,1.0,1.0,1.0,1.0,1.0,0.0,0.0,0.0,1.0,0.0,0.0,1.0,1.0,1.0,0.0
4332,Nepal,Treenuts,Export,0.0,0.0,0.0,1.0,1.0,1.0,0.0,0.0,0.0,6.0,8.0,15.0,1.0,10.0,42.0,17.0,0.0,0.0
4333,Nepal,Stimulants,Production,5.0,7.0,8.0,8.0,12.0,13.0,13.0,16.0,17.0,16.0,17.0,18.0,19.0,21.0,22.0,22.0,24.0,25.0
4334,Nepal,Spices,Stock Variation,0.0,0.0,0.0,-10.0,-17.0,-15.0,-9.0,-3.0,6.0,-4.0,-10.0,-13.0,-10.0,-10.0,31.0,15.0,38.0,43.0
4335,Nepal,Spices,Other uses (non-food),8.0,0.0,0.0,30.0,40.0,40.0,35.0,40.0,40.0,55.0,70.0,85.0,100.0,105.0,113.0,96.0,113.0,123.0
4336,Nepal,Eggs,Seed,1.0,1.0,1.0,2.0,2.0,2.0,2.0,2.0,2.0,2.0,2.0,3.0,4.0,4.0,3.0,3.0,6.0,6.0
4337,Nepal,Eggs,Losses,1.0,1.0,1.0,1.0,1.0,1.0,1.0,1.0,1.0,1.0,1.0,1.0,1.0,1.0,2.0,2.0,3.0,3.0
4338,Nepal,Eggs,Processing,0.0,0.0,0.0,0.0,0.0,0.0,0.0,0.0,0.0,0.0,0.0,0.0,0.0,0.0,0.0,0.0,0.0,0.0
4339,Nepal,Eggs,Other uses (non-food),0.0,0.0,0.0,0.0,0.0,0.0,0.0,0.0,0.0,0.0,0.0,0.0,0.0,0.0,0.0,0.0,0.0,0.0
4340,Nepal,Eggs,Human Consumption,21.0,24.0,25.0,26.0,27.0,27.0,28.0,29.0,29.0,29.0,30.0,31.0,36.0,39.0,35.0,35.0,52.0,55.0
4341,Nepal,Milk - Excluding Butter,Production,1171.0,1201.0,1236.0,1275.0,1310.0,1354.0,1394.0,1433.0,1472.0,1531.0,1584.0,1645.0,1712.0,1770.0,1835.0,1861.0,1996.0,2055.0
4342,Nepal,Milk - Excluding Butter,Import,5.0,3.0,8.0,31.0,19.0,27.0,18.0,20.0,33.0,45.0,24.0,27.0,24.0,23.0,21.0,1.0,22.0,4.0
4343,Nepal,Milk - Excluding Butter,Stock Variation,0.0,0.0,0.0,0.0,0.0,0.0,0.0,0.0,0.0,0.0,0.0,0.0,0.0,0.0,0.0,0.0,0.0,0.0
4344,Nepal,Milk - Excluding Butter,Export,0.0,0.0,0.0,1.0,1.0,1.0,1.0,1.0,1.0,1.0,1.0,0.0,1.0,0.0,0.0,0.0,0.0,0.0
4345,Nepal,Milk - Excluding Butter,Domestic supply,1175.0,1204.0,1243.0,1304.0,1328.0,1380.0,1411.0,1452.0,1504.0,1575.0,1608.0,1671.0,1735.0,1794.0,1856.0,1862.0,2018.0,2059.0
4346,Nepal,Milk - Excluding Butter,Feed,193.0,198.0,202.0,205.0,209.0,215.0,221.0,227.0,231.0,237.0,240.0,246.0,254.0,261.0,435.0,434.0,515.0,470.0
4347,Nepal,Milk - Excluding Butter,Seed,0.0,0.0,0.0,0.0,0.0,0.0,0.0,0.0,0.0,0.0,0.0,0.0,0.0,0.0,0.0,0.0,0.0,0.0
4348,Nepal,Milk - Excluding Butter,Losses,55.0,56.0,58.0,60.0,62.0,64.0,66.0,68.0,69.0,72.0,75.0,78.0,81.0,84.0,92.0,93.0,100.0,103.0
4349,Nepal,Milk - Excluding Butter,Processing,0.0,0.0,0.0,0.0,0.0,0.0,0.0,0.0,0.0,0.0,0.0,0.0,0.0,0.0,0.0,0.0,0.0,0.0
4350,Nepal,Milk - Excluding Butter,Other uses (non-food),0.0,0.0,0.0,0.0,0.0,0.0,0.0,0.0,0.0,0.0,0.0,0.0,0.0,0.0,0.0,0.0,0.0,0.0
4351,Nepal,Milk - Excluding Butter,Human Consumption,927.0,950.0,983.0,1039.0,1058.0,1102.0,1124.0,1157.0,1203.0,1265.0,1294.0,1348.0,1399.0,1448.0,1342.0,1348.0,1415.0,1496.0
4352,Nepal,Animal fats,Production,27.0,28.0,28.0,29.0,29.0,30.0,31.0,32.0,32.0,33.0,34.0,35.0,38.0,39.0,10.0,10.0,10.0,11.0
4353,Nepal,Animal fats,Import,2.0,2.0,2.0,14.0,1.0,1.0,1.0,1.0,1.0,8.0,8.0,10.0,11.0,10.0,1.0,1.0,0.0,1.0
4354,Nepal,Animal fats,Stock Variation,0.0,0.0,0.0,0.0,0.0,0.0,0.0,0.0,0.0,-1.0,0.0,0.0,0.0,0.0,0.0,0.0,0.0,0.0
4355,Nepal,Animal fats,Export,0.0,5.0,0.0,0.0,0.0,1.0,1.0,1.0,1.0,1.0,1.0,1.0,0.0,0.0,0.0,0.0,0.0,0.0
4356,Nepal,Animal fats,Domestic supply,29.0,25.0,30.0,43.0,30.0,30.0,31.0,31.0,32.0,40.0,40.0,44.0,48.0,48.0,11.0,11.0,10.0,12.0
4357,Nepal,Animal fats,Feed,0.0,0.0,0.0,0.0,0.0,0.0,0.0,0.0,0.0,0.0,0.0,0.0,0.0,0.0,0.0,0.0,0.0,0.0
4358,Nepal,Animal fats,Seed,0.0,0.0,0.0,0.0,0.0,0.0,0.0,0.0,0.0,0.0,0.0,0.0,0.0,0.0,0.0,0.0,0.0,0.0
4359,Nepal,Eggs,Feed,0.0,0.0,0.0,0.0,0.0,0.0,0.0,0.0,0.0,0.0,0.0,0.0,0.0,0.0,3.0,3.0,5.0,4.0
4360,Nepal,Eggs,Domestic supply,23.0,26.0,27.0,28.0,29.0,30.0,30.0,31.0,32.0,32.0,33.0,36.0,40.0,45.0,44.0,44.0,66.0,68.0
4361,Nepal,Eggs,Export,0.0,0.0,0.0,0.0,0.0,0.0,0.0,0.0,0.0,0.0,0.0,0.0,0.0,0.0,0.0,0.0,0.0,0.0
4362,Nepal,Eggs,Stock Variation,0.0,0.0,0.0,0.0,0.0,0.0,0.0,0.0,0.0,0.0,0.0,0.0,0.0,0.0,0.0,0.0,0.0,0.0
4363,Nepal,Spices,Human Consumption,81.0,99.0,100.0,114.0,113.0,112.0,104.0,98.0,111.0,121.0,123.0,131.0,127.0,121.0,142.0,143.0,146.0,160.0
4364,Nepal,Cereals - Excluding Beer,Production,5712.0,5733.0,5845.0,5991.0,6270.0,6346.0,6262.0,6111.0,6645.0,6616.0,6431.0,7130.0,7769.0,7080.0,9576.0,9275.0,8623.0,9769.0
4365,Nepal,Cereals - Excluding Beer,Import,213.0,55.0,38.0,115.0,79.0,89.0,217.0,321.0,147.0,177.0,290.0,430.0,539.0,792.0,1341.0,1281.0,1395.0,1641.0
4366,Nepal,Cereals - Excluding Beer,Stock Variation,-392.0,-61.0,-88.0,-122.0,-174.0,-35.0,-21.0,189.0,-148.0,138.0,288.0,-130.0,-581.0,-209.0,858.0,338.0,143.0,1054.0
4367,Nepal,Cereals - Excluding Beer,Export,6.0,13.0,13.0,30.0,10.0,6.0,4.0,10.0,14.0,60.0,11.0,14.0,11.0,11.0,11.0,7.0,9.0,10.0
4368,Nepal,Cereals - Excluding Beer,Domestic supply,5527.0,5714.0,5782.0,5953.0,6166.0,6393.0,6455.0,6611.0,6630.0,6871.0,6997.0,7416.0,7716.0,7652.0,10047.0,10212.0,9865.0,10346.0
4369,Nepal,Cereals - Excluding Beer,Feed,493.0,578.0,581.0,604.0,624.0,684.0,810.0,828.0,823.0,924.0,957.0,1235.0,1332.0,1289.0,2378.0,2539.0,2155.0,2573.0
4370,Nepal,Cereals - Excluding Beer,Seed,151.0,147.0,150.0,151.0,149.0,153.0,152.0,172.0,158.0,158.0,161.0,167.0,168.0,166.0,176.0,196.0,156.0,184.0
4371,Nepal,Cereals - Excluding Beer,Losses,636.0,642.0,644.0,666.0,692.0,705.0,688.0,673.0,732.0,726.0,716.0,784.0,870.0,815.0,723.0,694.0,684.0,627.0
4372,Nepal,Cereals - Excluding Beer,Processing,4.0,3.0,4.0,5.0,5.0,5.0,5.0,5.0,5.0,7.0,8.0,8.0,10.0,10.0,36.0,30.0,33.0,41.0
4373,Nepal,Cereals - Excluding Beer,Human Consumption,4244.0,4344.0,4401.0,4530.0,4696.0,4847.0,4800.0,4934.0,4915.0,5057.0,5154.0,5221.0,5335.0,5371.0,6733.0,6754.0,6835.0,6922.0
4374,Nepal,Animal fats,Losses,0.0,0.0,0.0,0.0,0.0,0.0,0.0,0.0,0.0,0.0,0.0,0.0,0.0,0.0,0.0,0.0,0.0,0.0
4375,Nepal,"Aquatic Products, Other",Import,0.0,0.0,0.0,0.0,0.0,0.0,0.0,0.0,0.0,0.0,0.0,0.0,0.0,0.0,0.0,0.0,0.0,0.0
4376,Nepal,"Aquatic Products, Other",Other uses (non-food),0.0,0.0,0.0,0.0,0.0,0.0,0.0,0.0,0.0,0.0,0.0,0.0,0.0,0.0,0.0,0.0,0.0,0.0
4377,Nepal,"Aquatic Products, Other",Human Consumption,0.0,0.0,0.0,0.0,0.0,0.0,0.0,0.0,0.0,0.0,0.0,0.0,0.0,0.0,0.0,0.0,0.0,0.0
4378,Nepal,"Fish, Seafood",Production,32.0,33.0,35.0,37.0,40.0,42.0,45.0,47.0,49.0,48.0,50.0,52.0,52.0,52.0,65.0,70.0,70.0,70.0
4379,Nepal,"Fish, Seafood",Import,0.0,0.0,0.0,1.0,1.0,1.0,1.0,1.0,5.0,7.0,7.0,25.0,25.0,25.0,30.0,12.0,12.0,12.0
4380,Nepal,"Fish, Seafood",Export,0.0,0.0,0.0,0.0,0.0,0.0,0.0,0.0,0.0,0.0,0.0,0.0,0.0,0.0,0.0,0.0,0.0,0.0
4381,Nepal,"Fish, Seafood",Domestic supply,32.0,34.0,35.0,38.0,40.0,43.0,47.0,48.0,54.0,55.0,56.0,78.0,78.0,78.0,95.0,82.0,82.0,82.0
4382,Nepal,"Fish, Seafood",Feed,0.0,0.0,0.0,0.0,0.0,0.0,0.0,0.0,3.0,2.0,2.0,17.0,17.0,17.0,21.0,4.0,4.0,4.0
4383,Nepal,"Fish, Seafood",Other uses (non-food),0.0,0.0,0.0,0.0,0.0,0.0,0.0,0.0,0.0,0.0,0.0,0.0,0.0,0.0,0.0,0.0,0.0,0.0
4384,Nepal,"Fish, Seafood",Human Consumption,32.0,34.0,35.0,37.0,40.0,43.0,46.0,48.0,51.0,53.0,54.0,60.0,60.0,60.0,74.0,78.0,78.0,78.0
4385,Nepal,Eggs,Production,23.0,26.0,27.0,28.0,29.0,30.0,30.0,31.0,32.0,32.0,32.0,36.0,40.0,45.0,44.0,44.0,66.0,68.0
4386,Nepal,Eggs,Import,0.0,0.0,0.0,0.0,0.0,0.0,0.0,0.0,0.0,0.0,0.0,0.0,0.0,0.0,0.0,0.0,0.0,0.0
4387,Nepal,"Aquatic Products, Other",Domestic supply,0.0,0.0,0.0,0.0,0.0,0.0,0.0,0.0,0.0,0.0,0.0,0.0,0.0,0.0,0.0,0.0,0.0,0.0
4388,Nepal,Animal fats,Processing,0.0,0.0,0.0,0.0,0.0,0.0,0.0,0.0,0.0,0.0,0.0,0.0,0.0,0.0,0.0,0.0,0.0,0.0
4389,Nepal,Cereals - Excluding Beer,Other uses (non-food),0.0,0.0,1.0,0.0,0.0,0.0,0.0,0.0,0.0,0.0,0.0,0.0,0.0,1.0,0.0,0.0,1.0,0.0
4390,Nepal,Animal fats,Human Consumption,29.0,25.0,30.0,43.0,29.0,30.0,31.0,31.0,32.0,40.0,40.0,43.0,47.0,47.0,11.0,10.0,10.0,12.0
4391,Nepal,Miscellaneous,Seed,0.0,0.0,0.0,0.0,0.0,0.0,0.0,0.0,0.0,0.0,0.0,0.0,0.0,0.0,0.0,0.0,0.0,0.0
4392,Nepal,Miscellaneous,Losses,0.0,0.0,0.0,0.0,0.0,0.0,0.0,0.0,0.0,0.0,0.0,0.0,0.0,0.0,0.0,0.0,0.0,0.0
4393,Nepal,Miscellaneous,Processing,0.0,0.0,0.0,0.0,0.0,0.0,0.0,0.0,0.0,0.0,0.0,0.0,0.0,0.0,0.0,0.0,0.0,0.0
4394,Nepal,Miscellaneous,Other uses (non-food),0.0,0.0,0.0,0.0,0.0,0.0,0.0,0.0,0.0,0.0,0.0,0.0,0.0,0.0,0.0,0.0,0.0,0.0
4395,Nepal,Miscellaneous,Human Consumption,12.0,10.0,2.0,0.0,2.0,2.0,1.0,1.0,1.0,0.0,0.0,0.0,1.0,1.0,18.0,15.0,15.0,23.0
4396,Nepal,Alcoholic Beverages,Production,21.0,19.0,27.0,29.0,29.0,31.0,29.0,32.0,30.0,41.0,50.0,47.0,55.0,59.0,61.0,69.0,105.0,124.0
4397,Nepal,Alcoholic Beverages,Import,1.0,1.0,1.0,1.0,2.0,1.0,1.0,2.0,1.0,2.0,6.0,7.0,7.0,10.0,9.0,8.0,12.0,8.0
4398,Nepal,Alcoholic Beverages,Stock Variation,0.0,0.0,0.0,0.0,0.0,0.0,0.0,0.0,0.0,0.0,0.0,0.0,0.0,0.0,0.0,0.0,0.0,0.0
4399,Nepal,Alcoholic Beverages,Export,0.0,0.0,4.0,2.0,1.0,0.0,0.0,0.0,0.0,0.0,0.0,0.0,0.0,0.0,0.0,0.0,0.0,0.0
4400,Nepal,Alcoholic Beverages,Domestic supply,22.0,19.0,23.0,29.0,31.0,32.0,30.0,34.0,31.0,43.0,56.0,54.0,62.0,69.0,70.0,77.0,116.0,132.0
4401,Nepal,Alcoholic Beverages,Feed,0.0,0.0,0.0,0.0,0.0,0.0,0.0,0.0,0.0,0.0,0.0,0.0,0.0,0.0,0.0,0.0,0.0,0.0
4402,Nepal,Miscellaneous,Feed,0.0,0.0,0.0,0.0,0.0,0.0,0.0,0.0,0.0,0.0,0.0,0.0,0.0,0.0,0.0,0.0,0.0,0.0
4403,Nepal,Alcoholic Beverages,Seed,0.0,0.0,0.0,0.0,0.0,0.0,0.0,0.0,0.0,0.0,0.0,0.0,0.0,0.0,0.0,0.0,0.0,0.0
4404,Nepal,Alcoholic Beverages,Processing,0.0,0.0,0.0,0.0,0.0,0.0,0.0,0.0,0.0,0.0,0.0,0.0,0.0,0.0,0.0,0.0,0.0,0.0
4405,Nepal,Alcoholic Beverages,Other uses (non-food),0.0,0.0,0.0,0.0,0.0,0.0,0.0,0.0,0.0,1.0,5.0,5.0,5.0,8.0,7.0,6.0,10.0,6.0
4406,Nepal,Alcoholic Beverages,Human Consumption,22.0,19.0,23.0,29.0,31.0,32.0,30.0,33.0,31.0,42.0,51.0,49.0,57.0,61.0,63.0,70.0,107.0,126.0
4407,Nepal,Spices,Production,106.0,117.0,124.0,186.0,189.0,191.0,190.0,197.0,202.0,220.0,255.0,262.0,302.0,283.0,331.0,305.0,341.0,358.0
4408,Nepal,Spices,Import,6.0,9.0,11.0,16.0,21.0,22.0,15.0,14.0,16.0,28.0,19.0,25.0,38.0,37.0,25.0,19.0,27.0,33.0
4409,Nepal,Spices,Domestic supply,101.0,114.0,116.0,168.0,178.0,177.0,164.0,164.0,178.0,207.0,227.0,252.0,270.0,266.0,299.0,278.0,304.0,329.0
4410,Nepal,Spices,Feed,0.0,0.0,0.0,0.0,0.0,0.0,0.0,0.0,0.0,0.0,0.0,0.0,0.0,0.0,0.0,0.0,0.0,0.0
4411,Nepal,Spices,Seed,0.0,0.0,0.0,0.0,0.0,0.0,0.0,0.0,0.0,0.0,0.0,0.0,0.0,0.0,0.0,0.0,0.0,0.0
4412,Nepal,Spices,Losses,13.0,15.0,15.0,25.0,25.0,26.0,25.0,26.0,27.0,31.0,35.0,36.0,43.0,40.0,45.0,40.0,46.0,46.0
4413,Nepal,Animal fats,Other uses (non-food),0.0,0.0,0.0,0.0,0.0,0.0,0.0,0.0,0.0,0.0,0.0,1.0,1.0,1.0,1.0,0.0,0.0,0.0
4414,Nepal,Spices,Processing,0.0,0.0,0.0,0.0,0.0,0.0,0.0,0.0,0.0,0.0,0.0,0.0,0.0,0.0,0.0,0.0,0.0,0.0
4415,Nepal,Alcoholic Beverages,Losses,0.0,0.0,0.0,0.0,0.0,0.0,0.0,0.0,0.0,0.0,0.0,0.0,0.0,0.0,0.0,0.0,0.0,0.0
4416,Nepal,Miscellaneous,Domestic supply,12.0,10.0,2.0,0.0,2.0,2.0,1.0,1.0,1.0,0.0,0.0,0.0,1.0,1.0,18.0,15.0,15.0,23.0
4417,Nepal,Spices,Export,11.0,12.0,19.0,24.0,15.0,21.0,31.0,44.0,46.0,37.0,37.0,23.0,61.0,44.0,26.0,30.0,26.0,19.0
4418,Nepal,Miscellaneous,Stock Variation,0.0,0.0,0.0,0.0,0.0,0.0,0.0,0.0,0.0,0.0,0.0,0.0,0.0,0.0,0.0,0.0,0.0,0.0
4419,Nepal,Offals,Import,0.0,0.0,0.0,0.0,0.0,0.0,0.0,0.0,0.0,0.0,0.0,0.0,0.0,0.0,0.0,0.0,0.0,0.0
4420,Nepal,Miscellaneous,Export,0.0,0.0,0.0,0.0,0.0,0.0,0.0,0.0,0.0,0.0,0.0,0.0,0.0,0.0,1.0,0.0,0.0,1.0
4421,Nepal,Offals,Production,43.0,44.0,44.0,45.0,46.0,47.0,48.0,50.0,50.0,50.0,52.0,51.0,55.0,56.0,56.0,55.0,55.0,59.0
4422,Nepal,Offals,Stock Variation,0.0,0.0,0.0,0.0,0.0,0.0,0.0,0.0,0.0,0.0,0.0,0.0,0.0,0.0,0.0,0.0,0.0,0.0
4423,Nepal,Offals,Export,0.0,0.0,0.0,0.0,0.0,0.0,0.0,0.0,0.0,0.0,0.0,0.0,0.0,0.0,0.0,0.0,0.0,0.0
4424,Nepal,Offals,Feed,0.0,0.0,0.0,0.0,0.0,0.0,0.0,0.0,0.0,0.0,0.0,0.0,0.0,0.0,0.0,0.0,0.0,0.0
4425,Nepal,Offals,Seed,0.0,0.0,0.0,0.0,0.0,0.0,0.0,0.0,0.0,0.0,0.0,0.0,0.0,0.0,0.0,0.0,0.0,0.0
4426,Nepal,Offals,Losses,0.0,0.0,0.0,0.0,0.0,0.0,0.0,0.0,0.0,0.0,0.0,0.0,0.0,0.0,1.0,1.0,1.0,0.0
4427,Nepal,Offals,Processing,0.0,0.0,0.0,0.0,0.0,0.0,0.0,0.0,0.0,0.0,0.0,0.0,0.0,0.0,0.0,0.0,0.0,0.0
4428,Nepal,Offals,Other uses (non-food),0.0,0.0,0.0,0.0,0.0,0.0,0.0,0.0,0.0,0.0,0.0,0.0,0.0,0.0,0.0,0.0,0.0,0.0
4429,Nepal,Offals,Human Consumption,43.0,44.0,44.0,45.0,46.0,47.0,48.0,50.0,50.0,50.0,52.0,51.0,55.0,56.0,54.0,53.0,53.0,59.0
4430,Nepal,Meat,Production,237.0,241.0,246.0,251.0,257.0,264.0,268.0,276.0,283.0,292.0,299.0,329.0,339.0,347.0,350.0,354.0,372.0,383.0
4431,Nepal,Offals,Domestic supply,43.0,44.0,44.0,45.0,46.0,47.0,48.0,50.0,50.0,50.0,52.0,51.0,55.0,56.0,56.0,55.0,55.0,59.0
4432,Nepal,Meat,Stock Variation,0.0,0.0,0.0,0.0,0.0,0.0,0.0,0.0,0.0,0.0,0.0,0.0,0.0,0.0,0.0,0.0,0.0,0.0
4433,Nepal,Miscellaneous,Import,12.0,10.0,2.0,0.0,2.0,2.0,1.0,1.0,1.0,0.0,0.0,0.0,1.0,1.0,19.0,15.0,16.0,23.0
4434,Nepal,Miscellaneous,Production,0.0,0.0,0.0,0.0,0.0,0.0,0.0,0.0,0.0,0.0,0.0,0.0,0.0,0.0,0.0,0.0,0.0,0.0
4435,Nepal,Meat,Import,0.0,0.0,0.0,0.0,0.0,0.0,0.0,0.0,0.0,0.0,0.0,1.0,1.0,1.0,1.0,0.0,0.0,1.0
4436,Nepal,Meat,Other uses (non-food),0.0,0.0,0.0,0.0,0.0,0.0,0.0,0.0,0.0,0.0,0.0,0.0,0.0,0.0,1.0,1.0,2.0,0.0
4437,Nepal,Meat,Processing,0.0,0.0,0.0,0.0,0.0,0.0,0.0,0.0,0.0,0.0,0.0,0.0,0.0,0.0,0.0,0.0,0.0,0.0
4438,Nepal,Meat,Losses,0.0,0.0,0.0,0.0,0.0,0.0,0.0,0.0,0.0,0.0,0.0,0.0,0.0,0.0,9.0,9.0,10.0,10.0
4439,Nepal,Meat,Human Consumption,237.0,242.0,246.0,252.0,257.0,264.0,268.0,277.0,284.0,292.0,299.0,326.0,331.0,339.0,340.0,344.0,363.0,374.0
4440,Nepal,Meat,Seed,0.0,0.0,0.0,0.0,0.0,0.0,0.0,0.0,0.0,0.0,0.0,0.0,0.0,0.0,0.0,0.0,0.0,0.0
4441,Nepal,Meat,Feed,0.0,0.0,0.0,0.0,0.0,0.0,0.0,0.0,0.0,0.0,0.0,0.0,0.0,0.0,0.0,0.0,0.0,0.0
4442,Nepal,Meat,Domestic supply,237.0,242.0,246.0,252.0,257.0,264.0,268.0,277.0,284.0,290.0,298.0,326.0,331.0,339.0,341.0,349.0,373.0,376.0
4443,Nepal,Meat,Export,0.0,0.0,0.0,0.0,0.0,0.0,0.0,0.0,0.0,2.0,1.0,4.0,9.0,8.0,10.0,5.0,0.0,7.0
4444,Netherlands,Vegetable Oils,Stock Variation,-107.0,-46.0,-60.0,-94.0,-334.0,-505.0,36.0,486.0,401.0,376.0,51.0,1.0,-29.0,5.0,955.0,263.0,141.0,540.0
4445,Netherlands,Vegetable Oils,Export,1899.0,2192.0,2482.0,2690.0,2565.0,3186.0,3686.0,4028.0,4775.0,4545.0,4316.0,4630.0,4808.0,5286.0,3987.0,4460.0,5010.0,5755.0
4446,Netherlands,Pulses,Stock Variation,0.0,0.0,0.0,0.0,0.0,0.0,0.0,-1.0,1.0,0.0,0.0,0.0,0.0,0.0,-9.0,1.0,0.0,9.0
4447,Netherlands,Vegetable Oils,Domestic supply,1234.0,1632.0,1501.0,1367.0,1536.0,1729.0,1693.0,1008.0,946.0,1356.0,1401.0,1386.0,2050.0,2561.0,3017.0,2860.0,2769.0,3425.0
4448,Netherlands,Vegetable Oils,Processing,56.0,56.0,55.0,49.0,84.0,71.0,129.0,174.0,105.0,127.0,25.0,30.0,20.0,32.0,486.0,491.0,468.0,524.0
4449,Netherlands,Vegetable Oils,Other uses (non-food),885.0,1284.0,1146.0,1046.0,1172.0,1370.0,1306.0,575.0,575.0,990.0,1105.0,1101.0,1793.0,2289.0,2248.0,2089.0,2004.0,2608.0
4450,Netherlands,Vegetable Oils,Human Consumption,293.0,292.0,301.0,272.0,281.0,289.0,258.0,259.0,267.0,239.0,271.0,254.0,241.0,244.0,262.0,263.0,272.0,273.0
4451,Netherlands,Sugar & Sweeteners,Production,1333.0,1140.0,1209.0,1268.0,1248.0,1289.0,1141.0,1158.0,1125.0,1359.0,1213.0,1337.0,1317.0,1284.0,1545.0,1143.0,1372.0,1879.0
4452,Netherlands,Sugar & Sweeteners,Import,382.0,463.0,504.0,606.0,696.0,736.0,797.0,894.0,894.0,859.0,909.0,1046.0,945.0,956.0,1144.0,1149.0,1146.0,1196.0
4453,Netherlands,Sugar & Sweeteners,Export,650.0,587.0,469.0,502.0,1013.0,1106.0,1242.0,1069.0,982.0,1008.0,1079.0,1166.0,1177.0,1281.0,1335.0,1437.0,1474.0,1755.0
4454,Netherlands,Pulses,Import,331.0,230.0,197.0,325.0,263.0,255.0,210.0,152.0,97.0,87.0,102.0,93.0,127.0,97.0,97.0,70.0,105.0,136.0
4455,Netherlands,Sugar & Sweeteners,Domestic supply,1066.0,1233.0,1141.0,1107.0,939.0,1000.0,833.0,1123.0,1035.0,1210.0,1043.0,1217.0,1084.0,959.0,1138.0,1080.0,1091.0,1193.0
4456,Netherlands,Sugar & Sweeteners,Feed,0.0,0.0,0.0,0.0,0.0,0.0,0.0,0.0,0.0,0.0,0.0,0.0,0.0,0.0,0.0,0.0,0.0,0.0
4457,Netherlands,Sugar & Sweeteners,Losses,0.0,0.0,0.0,0.0,0.0,0.0,0.0,0.0,0.0,0.0,0.0,0.0,0.0,0.0,0.0,0.0,0.0,0.0
4458,Netherlands,Sugar & Sweeteners,Processing,0.0,10.0,4.0,11.0,8.0,0.0,0.0,0.0,0.0,0.0,0.0,0.0,16.0,18.0,34.0,37.0,33.0,26.0
4459,Netherlands,Sugar & Sweeteners,Other uses (non-food),337.0,492.0,397.0,323.0,160.0,240.0,73.0,352.0,276.0,429.0,262.0,459.0,310.0,195.0,368.0,262.0,286.0,413.0
4460,Netherlands,Sugar & Sweeteners,Human Consumption,729.0,732.0,739.0,773.0,771.0,761.0,760.0,770.0,759.0,781.0,782.0,758.0,758.0,747.0,741.0,781.0,771.0,754.0
4461,Netherlands,Pulses,Production,13.0,16.0,15.0,20.0,22.0,17.0,9.0,8.0,8.0,12.0,13.0,8.0,9.0,10.0,10.0,10.0,7.0,9.0
4462,Netherlands,Sugar & Sweeteners,Stock Variation,0.0,217.0,-103.0,-265.0,8.0,81.0,137.0,140.0,-2.0,0.0,0.0,0.0,0.0,0.0,216.0,-224.0,-47.0,127.0
4463,Netherlands,Vegetable Oils,Import,1892.0,2502.0,2843.0,3003.0,3370.0,4347.0,4310.0,3409.0,4047.0,4107.0,4262.0,4584.0,5686.0,6582.0,6009.0,5699.0,6077.0,7726.0
4464,Netherlands,Vegetables,Production,3733.0,3697.0,3815.0,3929.0,4439.0,4300.0,4188.0,4438.0,4681.0,4802.0,4841.0,5144.0,4796.0,4871.0,5086.0,5173.0,5054.0,5518.0
4465,Netherlands,Vegetables,Human Consumption,1554.0,1613.0,1385.0,1298.0,1545.0,1403.0,1549.0,1738.0,1708.0,1464.0,1302.0,1386.0,1292.0,1446.0,1074.0,1095.0,1072.0,1049.0
4466,Netherlands,Stimulants,Processing,0.0,0.0,0.0,0.0,0.0,0.0,0.0,0.0,0.0,0.0,0.0,0.0,0.0,0.0,405.0,477.0,696.0,712.0
4467,Netherlands,Pulses,Export,80.0,51.0,61.0,53.0,53.0,44.0,37.0,47.0,54.0,32.0,32.0,35.0,36.0,41.0,59.0,24.0,35.0,49.0
4468,Netherlands,Stimulants,Human Consumption,155.0,161.0,161.0,182.0,164.0,145.0,155.0,145.0,89.0,87.0,71.0,46.0,42.0,59.0,73.0,70.0,75.0,94.0
4469,Netherlands,Fruits - Excluding Wine,Production,711.0,530.0,575.0,569.0,701.0,608.0,641.0,711.0,604.0,763.0,668.0,820.0,549.0,710.0,807.0,801.0,821.0,673.0
4470,Netherlands,Fruits - Excluding Wine,Import,3739.0,4238.0,4790.0,5674.0,5730.0,6196.0,6352.0,6048.0,6363.0,6926.0,7154.0,8752.0,9056.0,9119.0,5318.0,5690.0,5972.0,6560.0
4471,Netherlands,Fruits - Excluding Wine,Stock Variation,-5.0,-68.0,26.0,-451.0,-343.0,41.0,-177.0,824.0,724.0,-92.0,-2.0,62.0,-17.0,-163.0,139.0,95.0,142.0,-21.0
4472,Netherlands,Fruits - Excluding Wine,Export,2464.0,2691.0,3027.0,3568.0,3918.0,4699.0,4601.0,5258.0,5511.0,5579.0,5723.0,6882.0,6798.0,6554.0,3815.0,4198.0,4672.0,5522.0
4473,Netherlands,Fruits - Excluding Wine,Domestic supply,1981.0,2008.0,2364.0,2223.0,2170.0,2146.0,2215.0,2324.0,2180.0,2017.0,2096.0,2753.0,2789.0,3112.0,2171.0,2197.0,1979.0,1733.0
4474,Netherlands,Fruits - Excluding Wine,Losses,54.0,53.0,56.0,68.0,67.0,69.0,86.0,97.0,104.0,107.0,109.0,103.0,106.0,110.0,96.0,99.0,100.0,113.0
4475,Netherlands,Fruits - Excluding Wine,Processing,7.0,7.0,6.0,15.0,15.0,14.0,15.0,16.0,16.0,77.0,66.0,73.0,71.0,64.0,241.0,197.0,165.0,144.0
4476,Netherlands,Fruits - Excluding Wine,Human Consumption,1920.0,1948.0,2303.0,2146.0,2093.0,2071.0,2123.0,2219.0,2066.0,1845.0,1930.0,2585.0,2626.0,2951.0,1883.0,1937.0,1826.0,1584.0
4477,Netherlands,Vegetables,Import,1287.0,1424.0,1553.0,1765.0,1729.0,1803.0,1915.0,2232.0,2321.0,2392.0,2430.0,2516.0,2658.0,2638.0,1863.0,1841.0,1788.0,2164.0
4478,Netherlands,Vegetables,Stock Variation,-24.0,0.0,-212.0,212.0,-131.0,-50.0,197.0,-15.0,9.0,10.0,-1.0,0.0,1.0,0.0,57.0,216.0,138.0,-40.0
4479,Netherlands,Vegetables,Export,3203.0,3287.0,3521.0,4335.0,4223.0,4377.0,4478.0,4648.0,5022.0,5463.0,5679.0,6007.0,5899.0,5794.0,5338.0,5058.0,5106.0,6039.0
4480,Netherlands,Vegetables,Domestic supply,1793.0,1834.0,1634.0,1571.0,1814.0,1677.0,1821.0,2007.0,1989.0,1740.0,1590.0,1653.0,1556.0,1715.0,1554.0,1741.0,1598.0,1683.0
4481,Netherlands,Vegetables,Feed,68.0,65.0,71.0,84.0,63.0,72.0,61.0,68.0,61.0,56.0,54.0,51.0,53.0,58.0,52.0,52.0,48.0,45.0
4482,Netherlands,Vegetables,Seed,0.0,0.0,0.0,0.0,0.0,0.0,0.0,0.0,0.0,0.0,0.0,0.0,0.0,0.0,0.0,0.0,0.0,0.0
4483,Netherlands,Vegetables,Losses,174.0,163.0,178.0,190.0,206.0,202.0,211.0,215.0,222.0,231.0,234.0,215.0,211.0,211.0,221.0,228.0,221.0,247.0
4484,Netherlands,Vegetables,Processing,0.0,0.0,0.0,0.0,0.0,0.0,0.0,0.0,0.0,0.0,0.0,0.0,0.0,0.0,326.0,383.0,270.0,360.0
4485,Netherlands,Vegetable Oils,Production,1348.0,1368.0,1200.0,1148.0,1065.0,1073.0,1034.0,1143.0,1273.0,1418.0,1404.0,1431.0,1202.0,1259.0,1951.0,1884.0,1843.0,1994.0
4486,Netherlands,Pulses,Domestic supply,264.0,195.0,150.0,292.0,233.0,228.0,183.0,112.0,52.0,67.0,83.0,66.0,101.0,66.0,57.0,55.0,77.0,87.0
4487,Netherlands,Starchy Roots,Import,5845.0,5969.0,3731.0,3626.0,4512.0,2203.0,2047.0,4289.0,2396.0,2057.0,2314.0,2620.0,2962.0,2674.0,2570.0,2692.0,2655.0,3328.0
4488,Netherlands,Pulses,Seed,2.0,2.0,2.0,2.0,2.0,2.0,1.0,1.0,1.0,1.0,1.0,1.0,1.0,1.0,1.0,1.0,1.0,1.0
4489,Netherlands,Starchy Roots,Stock Variation,300.0,300.0,1.0,0.0,-250.0,230.0,-2.0,-624.0,625.0,18.0,3.0,0.0,0.0,0.0,166.0,-193.0,-888.0,-203.0
4490,Netherlands,Starchy Roots,Export,4980.0,4379.0,5154.0,5499.0,5061.0,4905.0,4841.0,5298.0,5576.0,5783.0,6146.0,6289.0,6288.0,6273.0,6148.0,6307.0,6606.0,7255.0
4491,Netherlands,Starchy Roots,Domestic supply,9392.0,9004.0,5941.0,4596.0,6689.0,4304.0,3444.0,5237.0,4368.0,3472.0,3015.0,3664.0,3439.0,2977.0,3357.0,3230.0,3472.0,3668.0
4492,Netherlands,Starchy Roots,Feed,5269.0,5059.0,2068.0,1761.0,2783.0,691.0,375.0,1393.0,567.0,342.0,351.0,626.0,564.0,588.0,664.0,597.0,613.0,489.0
4493,Netherlands,Starchy Roots,Seed,410.0,410.0,410.0,271.0,279.0,267.0,204.0,309.0,263.0,298.0,242.0,224.0,234.0,238.0,334.0,317.0,317.0,246.0
4494,Netherlands,Starchy Roots,Losses,200.0,200.0,200.0,158.0,182.0,168.0,150.0,171.0,171.0,171.0,161.0,201.0,181.0,187.0,178.0,168.0,166.0,189.0
4495,Netherlands,Starchy Roots,Processing,187.0,164.0,176.0,146.0,187.0,193.0,153.0,180.0,193.0,191.0,161.0,168.0,171.0,147.0,251.0,248.0,399.0,544.0
4496,Netherlands,Starchy Roots,Other uses (non-food),1680.0,1722.0,1525.0,806.0,1846.0,1590.0,1293.0,1664.0,1656.0,969.0,552.0,870.0,733.0,277.0,511.0,471.0,604.0,828.0
4497,Netherlands,Starchy Roots,Production,8227.0,7115.0,7363.0,6469.0,7488.0,6777.0,6240.0,6870.0,6923.0,7181.0,6844.0,7333.0,6766.0,6577.0,7100.0,6652.0,6534.0,7392.0
4498,Netherlands,Starchy Roots,Human Consumption,1645.0,1450.0,1561.0,1453.0,1412.0,1395.0,1269.0,1522.0,1519.0,1501.0,1549.0,1575.0,1556.0,1541.0,1419.0,1429.0,1372.0,1372.0
4499,Netherlands,Sugar Crops,Import,15.0,37.0,31.0,40.0,19.0,58.0,35.0,21.0,10.0,20.0,11.0,36.0,76.0,76.0,80.0,53.0,15.0,34.0
4500,Netherlands,Sugar Crops,Stock Variation,0.0,0.0,0.0,0.0,0.0,0.0,0.0,0.0,0.0,0.0,0.0,0.0,0.0,0.0,-1117.0,0.0,0.0,0.0
4501,Netherlands,Sugar Crops,Export,2.0,0.0,5.0,0.0,0.0,452.0,314.0,115.0,429.0,313.0,260.0,265.0,280.0,221.0,279.0,173.0,1.0,1.0
4502,Netherlands,Sugar Crops,Domestic supply,6811.0,6032.0,6276.0,6249.0,6311.0,5537.0,5135.0,5418.0,4799.0,5442.0,5032.0,5629.0,5523.0,5583.0,7739.0,4749.0,5516.0,7958.0
4503,Netherlands,Sugar Crops,Feed,0.0,0.0,0.0,0.0,0.0,0.0,0.0,0.0,0.0,0.0,0.0,0.0,0.0,0.0,1241.0,90.0,102.0,247.0
4504,Netherlands,Sugar Crops,Losses,0.0,0.0,0.0,0.0,0.0,0.0,0.0,0.0,0.0,0.0,0.0,0.0,0.0,0.0,340.0,242.0,274.0,395.0
4505,Netherlands,Sugar Crops,Processing,6811.0,6032.0,6276.0,6249.0,6311.0,5537.0,5135.0,5417.0,4799.0,5441.0,5032.0,5629.0,5523.0,5583.0,6158.0,4416.0,5139.0,7317.0
4506,Netherlands,Stimulants,Domestic supply,143.0,161.0,161.0,182.0,164.0,145.0,155.0,145.0,89.0,87.0,70.0,46.0,42.0,59.0,478.0,547.0,771.0,806.0
4507,Netherlands,Sugar Crops,Production,6798.0,5996.0,6250.0,6210.0,6292.0,5931.0,5414.0,5512.0,5219.0,5735.0,5280.0,5858.0,5728.0,5727.0,6822.0,4868.0,5502.0,7924.0
4508,Netherlands,Oilcrops,Human Consumption,59.0,61.0,46.0,53.0,52.0,56.0,62.0,66.0,56.0,45.0,64.0,44.0,51.0,61.0,24.0,27.0,36.0,36.0
4509,Netherlands,Oilcrops,Other uses (non-food),6.0,62.0,19.0,4.0,24.0,24.0,23.0,33.0,24.0,24.0,31.0,27.0,23.0,29.0,24.0,7.0,23.0,39.0
4510,Netherlands,Oilcrops,Processing,5078.0,5114.0,4591.0,4241.0,3772.0,3891.0,3820.0,3868.0,4146.0,4251.0,4240.0,4134.0,3586.0,3992.0,4317.0,4308.0,4142.0,4218.0
4511,Netherlands,Pulses,Losses,0.0,0.0,0.0,0.0,0.0,0.0,0.0,0.0,0.0,0.0,0.0,0.0,0.0,0.0,0.0,0.0,0.0,0.0
4512,Netherlands,Pulses,Processing,0.0,0.0,0.0,0.0,0.0,0.0,0.0,0.0,0.0,0.0,0.0,0.0,0.0,0.0,0.0,0.0,1.0,1.0
4513,Netherlands,Pulses,Other uses (non-food),0.0,0.0,0.0,0.0,0.0,0.0,0.0,0.0,0.0,0.0,0.0,0.0,0.0,0.0,0.0,0.0,0.0,0.0
4514,Netherlands,Pulses,Human Consumption,30.0,30.0,30.0,27.0,27.0,26.0,22.0,21.0,20.0,21.0,24.0,24.0,29.0,28.0,25.0,23.0,27.0,27.0
4515,Netherlands,Treenuts,Production,0.0,0.0,0.0,0.0,0.0,0.0,0.0,0.0,0.0,0.0,0.0,0.0,0.0,0.0,0.0,0.0,0.0,0.0
4516,Netherlands,Treenuts,Import,148.0,155.0,168.0,216.0,205.0,286.0,302.0,379.0,393.0,406.0,320.0,302.0,305.0,301.0,132.0,146.0,140.0,162.0
4517,Netherlands,Treenuts,Stock Variation,0.0,-2.0,0.0,-2.0,0.0,-1.0,-4.0,-4.0,-42.0,-56.0,28.0,25.0,28.0,25.0,-2.0,1.0,0.0,3.0
4518,Netherlands,Treenuts,Export,70.0,65.0,96.0,99.0,114.0,148.0,157.0,207.0,200.0,219.0,280.0,222.0,227.0,212.0,88.0,91.0,93.0,117.0
4519,Netherlands,Treenuts,Domestic supply,78.0,88.0,72.0,115.0,91.0,137.0,141.0,168.0,152.0,131.0,69.0,105.0,105.0,114.0,45.0,54.0,47.0,42.0
4520,Netherlands,Treenuts,Losses,0.0,0.0,0.0,0.0,0.0,0.0,1.0,1.0,1.0,1.0,1.0,1.0,1.0,1.0,1.0,1.0,1.0,1.0
4521,Netherlands,Treenuts,Human Consumption,78.0,88.0,72.0,115.0,91.0,137.0,141.0,167.0,151.0,130.0,68.0,104.0,105.0,114.0,46.0,54.0,46.0,51.0
4522,Netherlands,Oilcrops,Production,8.0,8.0,7.0,9.0,13.0,12.0,16.0,15.0,13.0,15.0,14.0,9.0,10.0,13.0,160.0,74.0,28.0,88.0
4523,Netherlands,Oilcrops,Import,6728.0,7606.0,6706.0,6580.0,6052.0,5971.0,5469.0,6136.0,6931.0,6159.0,6232.0,6538.0,5637.0,6281.0,5643.0,5916.0,6570.0,6348.0
4524,Netherlands,Oilcrops,Stock Variation,-259.0,-541.0,83.0,-306.0,-84.0,72.0,204.0,-234.0,-973.0,252.0,297.0,-600.0,1045.0,776.0,-849.0,131.0,-186.0,-606.0
4525,Netherlands,Oilcrops,Export,1308.0,1811.0,2111.0,1929.0,2107.0,2069.0,1772.0,1914.0,1692.0,2079.0,2195.0,1705.0,2957.0,2955.0,2517.0,2018.0,2461.0,3007.0
4526,Netherlands,Oilcrops,Domestic supply,5169.0,5262.0,4684.0,4354.0,3874.0,3987.0,3916.0,4003.0,4279.0,4347.0,4347.0,4241.0,3734.0,4113.0,4135.0,3842.0,4323.0,4034.0
4527,Netherlands,Oilcrops,Feed,26.0,25.0,28.0,55.0,25.0,16.0,11.0,36.0,53.0,27.0,12.0,35.0,73.0,31.0,183.0,121.0,119.0,92.0
4528,Netherlands,Oilcrops,Seed,0.0,0.0,0.0,0.0,0.0,0.0,0.0,0.0,0.0,0.0,0.0,0.0,0.0,0.0,0.0,0.0,0.0,0.0
4529,Netherlands,Oilcrops,Losses,0.0,0.0,0.0,0.0,0.0,0.0,0.0,0.0,0.0,0.0,1.0,0.0,1.0,1.0,2.0,2.0,1.0,2.0
4530,Netherlands,Pulses,Feed,232.0,164.0,118.0,263.0,204.0,200.0,160.0,90.0,30.0,45.0,58.0,41.0,70.0,37.0,31.0,31.0,49.0,59.0
4531,Netherlands,Stimulants,Export,754.0,723.0,771.0,688.0,1083.0,1170.0,1021.0,1054.0,1038.0,1128.0,1223.0,1234.0,1187.0,1295.0,536.0,525.0,473.0,668.0
4532,Netherlands,Milk - Excluding Butter,Stock Variation,-244.0,-372.0,0.0,120.0,66.0,446.0,159.0,0.0,0.0,0.0,0.0,0.0,-30.0,-608.0,833.0,423.0,90.0,27.0
4533,Netherlands,Stimulants,Import,849.0,940.0,946.0,1025.0,1098.0,1125.0,1037.0,1123.0,1086.0,1171.0,1173.0,1307.0,1174.0,1181.0,1044.0,1104.0,1276.0,1492.0
4534,Netherlands,"Fish, Seafood",Human Consumption,343.0,358.0,320.0,305.0,330.0,334.0,349.0,345.0,353.0,376.0,388.0,373.0,386.0,370.0,370.0,370.0,370.0,370.0
4535,Netherlands,Eggs,Production,668.0,657.0,635.0,463.0,611.0,607.0,611.0,621.0,627.0,638.0,670.0,692.0,672.0,703.0,726.0,742.0,717.0,743.0
4536,Netherlands,Eggs,Import,66.0,58.0,76.0,123.0,109.0,109.0,134.0,203.0,241.0,146.0,202.0,189.0,190.0,244.0,289.0,227.0,221.0,272.0
4537,Netherlands,Eggs,Stock Variation,0.0,0.0,0.0,0.0,0.0,0.0,0.0,0.0,0.0,0.0,0.0,0.0,0.0,0.0,0.0,0.0,0.0,0.0
4538,Netherlands,Eggs,Export,365.0,384.0,348.0,292.0,369.0,380.0,398.0,478.0,564.0,570.0,589.0,569.0,559.0,655.0,640.0,570.0,511.0,629.0
4539,Netherlands,Eggs,Domestic supply,369.0,331.0,364.0,294.0,350.0,336.0,347.0,346.0,305.0,214.0,283.0,312.0,302.0,292.0,374.0,399.0,426.0,386.0
4540,Netherlands,Eggs,Feed,0.0,0.0,0.0,0.0,0.0,0.0,0.0,0.0,0.0,0.0,0.0,0.0,0.0,0.0,86.0,115.0,129.0,92.0
4541,Netherlands,Eggs,Seed,55.0,55.0,54.0,39.0,50.0,50.0,50.0,50.0,50.0,49.0,50.0,49.0,49.0,55.0,51.0,57.0,56.0,51.0
4542,Netherlands,"Fish, Seafood",Other uses (non-food),81.0,81.0,1.0,1.0,0.0,0.0,86.0,141.0,91.0,188.0,238.0,191.0,86.0,114.0,114.0,114.0,114.0,114.0
4543,Netherlands,Eggs,Losses,2.0,2.0,2.0,1.0,1.0,1.0,2.0,2.0,2.0,2.0,2.0,2.0,2.0,2.0,2.0,2.0,2.0,2.0
4544,Netherlands,Milk - Excluding Butter,Production,11155.0,10970.0,10677.0,11075.0,10905.0,10847.0,11127.0,11221.0,11460.0,11656.0,11805.0,11835.0,11893.0,12433.0,12693.0,13551.0,14559.0,14544.0
4545,Netherlands,Milk - Excluding Butter,Import,5029.0,4519.0,5049.0,5366.0,5010.0,5155.0,5332.0,4723.0,4445.0,4701.0,4926.0,5145.0,5395.0,5133.0,5167.0,5972.0,6174.0,6934.0
4546,Netherlands,Milk - Excluding Butter,Export,7659.0,7112.0,7402.0,8409.0,7836.0,8117.0,8358.0,8544.0,9065.0,9285.0,9984.0,10163.0,11065.0,10714.0,9968.0,11987.0,13038.0,14020.0
4547,Netherlands,Milk - Excluding Butter,Domestic supply,8281.0,8005.0,8324.0,8153.0,8145.0,8331.0,8260.0,7400.0,6839.0,7072.0,6747.0,6818.0,6193.0,6243.0,7059.0,7113.0,7604.0,7431.0
4548,Netherlands,Milk - Excluding Butter,Feed,2679.0,2326.0,2765.0,2584.0,2329.0,2437.0,2351.0,1747.0,1422.0,1059.0,1218.0,1163.0,795.0,599.0,1387.0,1672.0,1907.0,1702.0
4549,Netherlands,Milk - Excluding Butter,Losses,0.0,0.0,0.0,0.0,0.0,0.0,0.0,0.0,0.0,0.0,0.0,0.0,0.0,0.0,0.0,0.0,0.0,0.0
4550,Netherlands,Milk - Excluding Butter,Processing,0.0,0.0,0.0,0.0,0.0,0.0,0.0,0.0,0.0,0.0,0.0,0.0,0.0,0.0,0.0,0.0,0.0,0.0
4551,Netherlands,Milk - Excluding Butter,Human Consumption,5602.0,5682.0,5559.0,5569.0,5816.0,5894.0,5909.0,5653.0,5504.0,6166.0,5658.0,5814.0,5491.0,5723.0,5705.0,5453.0,5731.0,5793.0
4552,Netherlands,Eggs,Human Consumption,312.0,274.0,308.0,255.0,299.0,286.0,295.0,294.0,253.0,163.0,231.0,262.0,257.0,235.0,235.0,226.0,239.0,240.0
4553,Netherlands,"Fish, Seafood",Feed,179.0,398.0,291.0,257.0,271.0,259.0,149.0,105.0,92.0,97.0,130.0,81.0,122.0,112.0,112.0,112.0,112.0,112.0
4554,Netherlands,"Fish, Seafood",Domestic supply,603.0,836.0,611.0,562.0,602.0,593.0,583.0,591.0,535.0,660.0,756.0,645.0,594.0,596.0,596.0,596.0,596.0,596.0
4555,Netherlands,"Fish, Seafood",Export,975.0,1012.0,1087.0,1230.0,1353.0,1484.0,1279.0,1268.0,1198.0,1152.0,1219.0,1155.0,1230.0,1196.0,1196.0,1196.0,1196.0,1196.0
4556,Netherlands,Cereals - Excluding Beer,Stock Variation,1358.0,94.0,-923.0,-701.0,-294.0,196.0,568.0,-1117.0,519.0,497.0,-681.0,484.0,-191.0,-148.0,321.0,1121.0,-520.0,-400.0
4557,Netherlands,Cereals - Excluding Beer,Export,1963.0,2117.0,1948.0,2068.0,2219.0,2391.0,2226.0,2733.0,2567.0,2845.0,2362.0,2466.0,2520.0,2793.0,3019.0,2915.0,2789.0,3382.0
4558,Netherlands,Cereals - Excluding Beer,Domestic supply,6507.0,7017.0,7220.0,7439.0,7717.0,7834.0,9591.0,9621.0,11422.0,11885.0,11543.0,11199.0,11117.0,10994.0,12747.0,12664.0,12956.0,15086.0
4559,Netherlands,Cereals - Excluding Beer,Feed,4139.0,4580.0,4625.0,4679.0,5147.0,5080.0,6817.0,6608.0,8434.0,8543.0,8179.0,7679.0,7636.0,7566.0,8949.0,9537.0,8662.0,9787.0
4560,Netherlands,Cereals - Excluding Beer,Seed,66.0,71.0,73.0,86.0,96.0,101.0,100.0,156.0,120.0,126.0,108.0,106.0,106.0,110.0,65.0,56.0,48.0,90.0
4561,Netherlands,Cereals - Excluding Beer,Losses,45.0,50.0,47.0,45.0,34.0,36.0,55.0,60.0,72.0,82.0,82.0,79.0,74.0,83.0,99.0,87.0,81.0,91.0
4562,Netherlands,Cereals - Excluding Beer,Processing,515.0,510.0,514.0,504.0,493.0,579.0,641.0,613.0,602.0,647.0,654.0,681.0,680.0,641.0,847.0,673.0,780.0,813.0
4563,Netherlands,Cereals - Excluding Beer,Other uses (non-food),690.0,685.0,842.0,893.0,713.0,817.0,716.0,886.0,881.0,1076.0,997.0,1132.0,1096.0,1105.0,1327.0,844.0,1922.0,2710.0
4564,Netherlands,Cereals - Excluding Beer,Human Consumption,1052.0,1121.0,1118.0,1231.0,1233.0,1222.0,1263.0,1298.0,1312.0,1411.0,1524.0,1522.0,1526.0,1489.0,1461.0,1468.0,1464.0,1599.0
4565,Netherlands,"Aquatic Products, Other",Production,0.0,0.0,0.0,0.0,0.0,0.0,0.0,0.0,0.0,0.0,0.0,0.0,0.0,0.0,0.0,0.0,0.0,0.0
4566,Netherlands,"Aquatic Products, Other",Import,2.0,2.0,2.0,2.0,2.0,2.0,2.0,2.0,2.0,3.0,3.0,4.0,1.0,41.0,41.0,41.0,41.0,41.0
4567,Netherlands,"Aquatic Products, Other",Stock Variation,0.0,0.0,-1.0,1.0,0.0,0.0,0.0,0.0,0.0,0.0,0.0,0.0,0.0,0.0,0.0,0.0,0.0,0.0
4568,Netherlands,"Aquatic Products, Other",Export,1.0,0.0,1.0,3.0,2.0,2.0,1.0,2.0,2.0,1.0,1.0,1.0,1.0,1.0,1.0,1.0,1.0,1.0
4569,Netherlands,"Aquatic Products, Other",Domestic supply,1.0,1.0,1.0,0.0,0.0,0.0,1.0,0.0,0.0,2.0,2.0,3.0,0.0,40.0,40.0,40.0,40.0,40.0
4570,Netherlands,"Aquatic Products, Other",Other uses (non-food),1.0,1.0,1.0,0.0,0.0,0.0,1.0,0.0,0.0,2.0,2.0,3.0,0.0,36.0,36.0,36.0,36.0,36.0
4571,Netherlands,"Aquatic Products, Other",Human Consumption,0.0,0.0,0.0,0.0,0.0,0.0,0.0,0.0,0.0,0.0,0.0,0.0,0.0,4.0,4.0,4.0,4.0,4.0
4572,Netherlands,"Fish, Seafood",Production,571.0,575.0,518.0,593.0,600.0,627.0,524.0,539.0,464.0,438.0,501.0,414.0,393.0,388.0,388.0,388.0,388.0,388.0
4573,Netherlands,"Fish, Seafood",Import,1027.0,1264.0,1186.0,1305.0,1254.0,1371.0,1308.0,1319.0,1272.0,1383.0,1474.0,1385.0,1445.0,1385.0,1385.0,1385.0,1385.0,1385.0
4574,Netherlands,"Fish, Seafood",Stock Variation,-20.0,10.0,-6.0,-106.0,100.0,80.0,30.0,0.0,-2.0,-9.0,0.0,1.0,-14.0,20.0,20.0,20.0,20.0,20.0
4575,Netherlands,Animal fats,Production,532.0,471.0,453.0,429.0,422.0,429.0,461.0,445.0,455.0,437.0,506.0,484.0,464.0,464.0,314.0,349.0,339.0,324.0
4576,Netherlands,Animal fats,Import,630.0,336.0,313.0,357.0,679.0,350.0,445.0,463.0,336.0,422.0,411.0,480.0,585.0,572.0,414.0,445.0,467.0,549.0
4577,Netherlands,Animal fats,Stock Variation,-71.0,-87.0,-56.0,-8.0,-32.0,84.0,-11.0,-7.0,39.0,176.0,6.0,35.0,-17.0,17.0,-12.0,1.0,2.0,-2.0
4578,Netherlands,Animal fats,Export,680.0,439.0,482.0,600.0,897.0,684.0,705.0,691.0,651.0,832.0,715.0,802.0,874.0,870.0,677.0,695.0,690.0,789.0
4579,Netherlands,Miscellaneous,Import,4.0,9.0,12.0,15.0,16.0,15.0,17.0,7.0,7.0,8.0,9.0,10.0,11.0,17.0,590.0,616.0,595.0,772.0
4580,Netherlands,Miscellaneous,Stock Variation,0.0,0.0,0.0,0.0,0.0,0.0,0.0,0.0,0.0,0.0,0.0,0.0,0.0,0.0,0.0,0.0,0.0,0.0
4581,Netherlands,Miscellaneous,Export,73.0,76.0,78.0,72.0,81.0,98.0,99.0,80.0,100.0,134.0,144.0,132.0,151.0,168.0,1207.0,1301.0,1345.0,1387.0
4582,Netherlands,Miscellaneous,Domestic supply,-69.0,-67.0,-66.0,-57.0,-65.0,-84.0,-82.0,-72.0,-93.0,-126.0,-135.0,-122.0,-140.0,-151.0,-617.0,-686.0,-750.0,-615.0
4583,Netherlands,Alcoholic Beverages,Production,2576.0,2517.0,2555.0,2480.0,2425.0,2444.0,2727.0,2806.0,2798.0,2740.0,2604.0,2583.0,2542.0,2487.0,2541.0,2570.0,2638.0,2615.0
4584,Netherlands,Alcoholic Beverages,Import,408.0,493.0,583.0,713.0,911.0,1204.0,1202.0,1748.0,1899.0,1627.0,1407.0,1675.0,1465.0,1471.0,1300.0,1670.0,1770.0,2049.0
4585,Netherlands,Alcoholic Beverages,Stock Variation,-301.0,100.0,101.0,-1.0,-1.0,0.0,-1.0,5.0,6.0,-95.0,100.0,0.0,0.0,0.0,-78.0,-32.0,56.0,-6.0
4586,Netherlands,Alcoholic Beverages,Export,886.0,1369.0,1529.0,1440.0,1576.0,1922.0,1892.0,2466.0,2744.0,2694.0,2654.0,2779.0,2532.0,2519.0,2551.0,2823.0,2780.0,3195.0
4587,Netherlands,Alcoholic Beverages,Domestic supply,1798.0,1741.0,1709.0,1753.0,1759.0,1726.0,2036.0,2093.0,1958.0,1578.0,1457.0,1478.0,1475.0,1439.0,1368.0,1449.0,1572.0,1475.0
4588,Netherlands,Alcoholic Beverages,Other uses (non-food),36.0,45.0,71.0,112.0,127.0,75.0,415.0,379.0,370.0,56.0,40.0,24.0,125.0,151.0,0.0,55.0,186.0,63.0
4589,Netherlands,Alcoholic Beverages,Human Consumption,1762.0,1696.0,1638.0,1641.0,1632.0,1652.0,1621.0,1714.0,1589.0,1522.0,1417.0,1454.0,1350.0,1288.0,1377.0,1394.0,1386.0,1413.0
4590,Netherlands,Spices,Production,0.0,0.0,0.0,0.0,0.0,0.0,0.0,0.0,0.0,0.0,0.0,0.0,0.0,0.0,0.0,0.0,0.0,0.0
4591,Netherlands,Spices,Import,59.0,26.0,60.0,58.0,60.0,62.0,62.0,69.0,65.0,78.0,88.0,93.0,90.0,97.0,102.0,110.0,119.0,131.0
4592,Netherlands,Spices,Stock Variation,-2.0,1.0,0.0,1.0,0.0,0.0,0.0,0.0,0.0,0.0,0.0,0.0,0.0,0.0,2.0,3.0,8.0,0.0
4593,Netherlands,Spices,Export,34.0,14.0,39.0,38.0,39.0,42.0,44.0,55.0,57.0,67.0,65.0,66.0,78.0,80.0,83.0,88.0,92.0,112.0
4594,Netherlands,Spices,Domestic supply,23.0,12.0,22.0,21.0,21.0,20.0,18.0,15.0,9.0,12.0,24.0,27.0,12.0,18.0,18.0,19.0,19.0,19.0
4595,Netherlands,Spices,Losses,0.0,0.0,0.0,0.0,0.0,0.0,0.0,0.0,0.0,0.0,0.0,0.0,0.0,0.0,0.0,0.0,0.0,0.0
4596,Netherlands,Spices,Human Consumption,23.0,12.0,22.0,21.0,21.0,21.0,20.0,22.0,18.0,21.0,29.0,32.0,18.0,25.0,24.0,24.0,23.0,21.0
4597,Netherlands,Stimulants,Production,0.0,0.0,0.0,0.0,0.0,0.0,0.0,0.0,0.0,0.0,0.0,0.0,0.0,0.0,0.0,0.0,0.0,0.0
4598,Netherlands,Meat,Human Consumption,1429.0,1438.0,1297.0,1082.0,1273.0,1251.0,1318.0,1212.0,1436.0,1443.0,1302.0,1212.0,1513.0,1500.0,1316.0,1328.0,1294.0,1290.0
4599,Netherlands,Stimulants,Stock Variation,47.0,-56.0,-14.0,-154.0,150.0,189.0,139.0,76.0,41.0,44.0,121.0,-28.0,55.0,173.0,29.0,32.0,33.0,18.0
4600,Netherlands,Meat,Processing,23.0,23.0,12.0,10.0,10.0,11.0,10.0,9.0,35.0,37.0,45.0,74.0,19.0,32.0,83.0,67.0,95.0,107.0
4601,Netherlands,Meat,Export,2031.0,1893.0,1988.0,2104.0,2096.0,2217.0,2300.0,2591.0,2707.0,2785.0,2934.0,3138.0,2939.0,2846.0,2809.0,2950.0,3081.0,3427.0
4602,Netherlands,Animal fats,Domestic supply,412.0,281.0,228.0,178.0,173.0,178.0,190.0,210.0,180.0,203.0,209.0,198.0,158.0,183.0,63.0,98.0,114.0,85.0
4603,Netherlands,Animal fats,Feed,27.0,26.0,14.0,9.0,1.0,1.0,1.0,1.0,2.0,1.0,1.0,1.0,1.0,1.0,1.0,1.0,1.0,1.0
4604,Netherlands,Animal fats,Losses,0.0,0.0,0.0,0.0,0.0,0.0,0.0,0.0,0.0,0.0,0.0,0.0,0.0,0.0,1.0,1.0,1.0,1.0
4605,Netherlands,Animal fats,Processing,4.0,0.0,1.0,7.0,9.0,1.0,18.0,36.0,25.0,33.0,0.0,0.0,0.0,0.0,50.0,46.0,25.0,28.0
4606,Netherlands,Animal fats,Other uses (non-food),246.0,128.0,86.0,41.0,49.0,33.0,57.0,72.0,66.0,78.0,118.0,104.0,101.0,103.0,13.0,12.0,21.0,22.0
4607,Netherlands,Animal fats,Human Consumption,135.0,127.0,127.0,121.0,114.0,144.0,113.0,101.0,87.0,92.0,89.0,94.0,96.0,86.0,128.0,145.0,123.0,108.0
4608,Netherlands,Offals,Production,184.0,159.0,159.0,149.0,179.0,186.0,185.0,187.0,216.0,215.0,237.0,305.0,249.0,255.0,200.0,190.0,232.0,239.0
4609,Netherlands,Offals,Import,60.0,75.0,48.0,69.0,58.0,74.0,80.0,94.0,97.0,116.0,173.0,155.0,167.0,182.0,173.0,182.0,194.0,251.0
4610,Netherlands,Offals,Stock Variation,5.0,0.0,0.0,-3.0,-3.0,3.0,-2.0,0.0,12.0,0.0,0.0,0.0,-7.0,0.0,0.0,0.0,0.0,0.0
4611,Netherlands,Offals,Export,211.0,135.0,172.0,194.0,216.0,229.0,229.0,243.0,302.0,319.0,400.0,451.0,400.0,423.0,452.0,425.0,481.0,573.0
4612,Netherlands,Offals,Domestic supply,38.0,98.0,35.0,21.0,18.0,34.0,34.0,39.0,22.0,13.0,9.0,9.0,10.0,14.0,-79.0,-53.0,-55.0,-83.0
4613,Netherlands,Offals,Feed,0.0,0.0,0.0,0.0,0.0,0.0,0.0,0.0,0.0,0.0,0.0,0.0,0.0,0.0,0.0,0.0,0.0,0.0
4614,Netherlands,Offals,Losses,0.0,0.0,0.0,0.0,0.0,0.0,0.0,0.0,0.0,0.0,0.0,0.0,0.0,0.0,5.0,5.0,5.0,5.0
4615,Netherlands,Offals,Processing,0.0,0.0,0.0,0.0,0.0,0.0,0.0,0.0,0.0,0.0,0.0,0.0,0.0,0.0,0.0,0.0,0.0,0.0
4616,Netherlands,Offals,Other uses (non-food),6.0,60.0,0.0,0.0,0.0,0.0,0.0,0.0,0.0,0.0,0.0,0.0,0.0,0.0,0.0,0.0,0.0,0.0
4617,Netherlands,Offals,Human Consumption,35.0,38.0,35.0,21.0,18.0,34.0,34.0,39.0,22.0,13.0,9.0,9.0,10.0,14.0,11.0,7.0,10.0,13.0
4618,Netherlands,Meat,Production,2880.0,2596.0,2536.0,2231.0,2386.0,2412.0,2362.0,2448.0,2475.0,2533.0,2554.0,2661.0,2688.0,2700.0,2784.0,2914.0,2989.0,3011.0
4619,Netherlands,Meat,Import,587.0,742.0,782.0,942.0,990.0,1062.0,1208.0,1437.0,1704.0,1730.0,1727.0,1763.0,1782.0,1684.0,1423.0,1422.0,1437.0,1702.0
4620,Netherlands,Meat,Stock Variation,15.0,16.0,-22.0,21.0,1.0,0.0,58.0,-73.0,-1.0,1.0,0.0,0.0,0.0,-6.0,38.0,31.0,20.0,-32.0
4621,Netherlands,Meat,Domestic supply,1452.0,1461.0,1308.0,1091.0,1282.0,1257.0,1328.0,1221.0,1471.0,1480.0,1347.0,1285.0,1532.0,1531.0,1360.0,1355.0,1325.0,1318.0
4622,Netherlands,Sugar Crops,Processing,6811.0,6032.0,6276.0,6249.0,6311.0,5537.0,5135.0,5417.0,4799.0,5441.0,5032.0,5629.0,5523.0,5583.0,6158.0,4416.0,5139.0,7317.0
4623,Netherlands,Cereals - Excluding Beer,Production,1732.0,1672.0,1740.0,1820.0,1823.0,1775.0,1675.0,1548.0,1963.0,1994.0,1803.0,1610.0,1731.0,1756.0,1766.0,1693.0,1409.0,1399.0
4624,Netherlands,Treenuts,Domestic supply,78.0,88.0,72.0,115.0,91.0,137.0,141.0,168.0,152.0,131.0,69.0,105.0,105.0,114.0,45.0,54.0,47.0,42.0
4625,Netherlands,Vegetables,Processing,0.0,0.0,0.0,0.0,0.0,0.0,0.0,0.0,0.0,0.0,0.0,0.0,0.0,0.0,326.0,383.0,270.0,360.0
4626,Netherlands,Vegetables,Human Consumption,1554.0,1613.0,1385.0,1298.0,1545.0,1403.0,1549.0,1738.0,1708.0,1464.0,1302.0,1386.0,1292.0,1446.0,1074.0,1095.0,1072.0,1049.0
4627,Netherlands,Vegetable Oils,Production,1348.0,1368.0,1200.0,1148.0,1065.0,1073.0,1034.0,1143.0,1273.0,1418.0,1404.0,1431.0,1202.0,1259.0,1951.0,1884.0,1843.0,1994.0
4628,Netherlands,Vegetable Oils,Import,1892.0,2502.0,2843.0,3003.0,3370.0,4347.0,4310.0,3409.0,4047.0,4107.0,4262.0,4584.0,5686.0,6582.0,6009.0,5699.0,6077.0,7726.0
4629,Netherlands,Vegetable Oils,Stock Variation,-107.0,-46.0,-60.0,-94.0,-334.0,-505.0,36.0,486.0,401.0,376.0,51.0,1.0,-29.0,5.0,955.0,263.0,141.0,540.0
4630,Netherlands,Vegetable Oils,Export,1899.0,2192.0,2482.0,2690.0,2565.0,3186.0,3686.0,4028.0,4775.0,4545.0,4316.0,4630.0,4808.0,5286.0,3987.0,4460.0,5010.0,5755.0
4631,Netherlands,Sugar Crops,Domestic supply,6811.0,6032.0,6276.0,6249.0,6311.0,5537.0,5135.0,5418.0,4799.0,5442.0,5032.0,5629.0,5523.0,5583.0,7739.0,4749.0,5516.0,7958.0
4632,Netherlands,Sugar Crops,Export,2.0,0.0,5.0,0.0,0.0,452.0,314.0,115.0,429.0,313.0,260.0,265.0,280.0,221.0,279.0,173.0,1.0,1.0
4633,Netherlands,Vegetables,Losses,174.0,163.0,178.0,190.0,206.0,202.0,211.0,215.0,222.0,231.0,234.0,215.0,211.0,211.0,221.0,228.0,221.0,247.0
4634,Netherlands,Sugar Crops,Stock Variation,0.0,0.0,0.0,0.0,0.0,0.0,0.0,0.0,0.0,0.0,0.0,0.0,0.0,0.0,-1117.0,0.0,0.0,0.0
4635,Netherlands,Sugar Crops,Production,6798.0,5996.0,6250.0,6210.0,6292.0,5931.0,5414.0,5512.0,5219.0,5735.0,5280.0,5858.0,5728.0,5727.0,6822.0,4868.0,5502.0,7924.0
4636,Netherlands,Starchy Roots,Human Consumption,1645.0,1450.0,1561.0,1453.0,1412.0,1395.0,1269.0,1522.0,1519.0,1501.0,1549.0,1575.0,1556.0,1541.0,1419.0,1429.0,1372.0,1372.0
4637,Netherlands,Starchy Roots,Other uses (non-food),1680.0,1722.0,1525.0,806.0,1846.0,1590.0,1293.0,1664.0,1656.0,969.0,552.0,870.0,733.0,277.0,511.0,471.0,604.0,828.0
4638,Netherlands,Starchy Roots,Processing,187.0,164.0,176.0,146.0,187.0,193.0,153.0,180.0,193.0,191.0,161.0,168.0,171.0,147.0,251.0,248.0,399.0,544.0
4639,Netherlands,Starchy Roots,Losses,200.0,200.0,200.0,158.0,182.0,168.0,150.0,171.0,171.0,171.0,161.0,201.0,181.0,187.0,178.0,168.0,166.0,189.0
4640,Netherlands,Starchy Roots,Seed,410.0,410.0,410.0,271.0,279.0,267.0,204.0,309.0,263.0,298.0,242.0,224.0,234.0,238.0,334.0,317.0,317.0,246.0
4641,Netherlands,Starchy Roots,Feed,5269.0,5059.0,2068.0,1761.0,2783.0,691.0,375.0,1393.0,567.0,342.0,351.0,626.0,564.0,588.0,664.0,597.0,613.0,489.0
4642,Netherlands,Starchy Roots,Domestic supply,9392.0,9004.0,5941.0,4596.0,6689.0,4304.0,3444.0,5237.0,4368.0,3472.0,3015.0,3664.0,3439.0,2977.0,3357.0,3230.0,3472.0,3668.0
4643,Netherlands,Sugar Crops,Import,15.0,37.0,31.0,40.0,19.0,58.0,35.0,21.0,10.0,20.0,11.0,36.0,76.0,76.0,80.0,53.0,15.0,34.0
4644,Netherlands,Vegetables,Seed,0.0,0.0,0.0,0.0,0.0,0.0,0.0,0.0,0.0,0.0,0.0,0.0,0.0,0.0,0.0,0.0,0.0,0.0
4645,Netherlands,Vegetables,Feed,68.0,65.0,71.0,84.0,63.0,72.0,61.0,68.0,61.0,56.0,54.0,51.0,53.0,58.0,52.0,52.0,48.0,45.0
4646,Netherlands,Vegetables,Domestic supply,1793.0,1834.0,1634.0,1571.0,1814.0,1677.0,1821.0,2007.0,1989.0,1740.0,1590.0,1653.0,1556.0,1715.0,1554.0,1741.0,1598.0,1683.0
4647,Netherlands,Stimulants,Production,0.0,0.0,0.0,0.0,0.0,0.0,0.0,0.0,0.0,0.0,0.0,0.0,0.0,0.0,0.0,0.0,0.0,0.0
4648,Netherlands,Stimulants,Import,849.0,940.0,946.0,1025.0,1098.0,1125.0,1037.0,1123.0,1086.0,1171.0,1173.0,1307.0,1174.0,1181.0,1044.0,1104.0,1276.0,1492.0
4649,Netherlands,Stimulants,Stock Variation,47.0,-56.0,-14.0,-154.0,150.0,189.0,139.0,76.0,41.0,44.0,121.0,-28.0,55.0,173.0,29.0,32.0,33.0,18.0
4650,Netherlands,Stimulants,Export,754.0,723.0,771.0,688.0,1083.0,1170.0,1021.0,1054.0,1038.0,1128.0,1223.0,1234.0,1187.0,1295.0,536.0,525.0,473.0,668.0
4651,Netherlands,Stimulants,Domestic supply,143.0,161.0,161.0,182.0,164.0,145.0,155.0,145.0,89.0,87.0,70.0,46.0,42.0,59.0,478.0,547.0,771.0,806.0
4652,Netherlands,Stimulants,Processing,0.0,0.0,0.0,0.0,0.0,0.0,0.0,0.0,0.0,0.0,0.0,0.0,0.0,0.0,405.0,477.0,696.0,712.0
4653,Netherlands,Stimulants,Human Consumption,155.0,161.0,161.0,182.0,164.0,145.0,155.0,145.0,89.0,87.0,71.0,46.0,42.0,59.0,73.0,70.0,75.0,94.0
4654,Netherlands,Fruits - Excluding Wine,Production,711.0,530.0,575.0,569.0,701.0,608.0,641.0,711.0,604.0,763.0,668.0,820.0,549.0,710.0,807.0,801.0,821.0,673.0
4655,Netherlands,Fruits - Excluding Wine,Import,3739.0,4238.0,4790.0,5674.0,5730.0,6196.0,6352.0,6048.0,6363.0,6926.0,7154.0,8752.0,9056.0,9119.0,5318.0,5690.0,5972.0,6560.0
4656,Netherlands,Fruits - Excluding Wine,Stock Variation,-5.0,-68.0,26.0,-451.0,-343.0,41.0,-177.0,824.0,724.0,-92.0,-2.0,62.0,-17.0,-163.0,139.0,95.0,142.0,-21.0
4657,Netherlands,Fruits - Excluding Wine,Export,2464.0,2691.0,3027.0,3568.0,3918.0,4699.0,4601.0,5258.0,5511.0,5579.0,5723.0,6882.0,6798.0,6554.0,3815.0,4198.0,4672.0,5522.0
4658,Netherlands,Fruits - Excluding Wine,Domestic supply,1981.0,2008.0,2364.0,2223.0,2170.0,2146.0,2215.0,2324.0,2180.0,2017.0,2096.0,2753.0,2789.0,3112.0,2171.0,2197.0,1979.0,1733.0
4659,Netherlands,Fruits - Excluding Wine,Losses,54.0,53.0,56.0,68.0,67.0,69.0,86.0,97.0,104.0,107.0,109.0,103.0,106.0,110.0,96.0,99.0,100.0,113.0
4660,Netherlands,Fruits - Excluding Wine,Processing,7.0,7.0,6.0,15.0,15.0,14.0,15.0,16.0,16.0,77.0,66.0,73.0,71.0,64.0,241.0,197.0,165.0,144.0
4661,Netherlands,Fruits - Excluding Wine,Human Consumption,1920.0,1948.0,2303.0,2146.0,2093.0,2071.0,2123.0,2219.0,2066.0,1845.0,1930.0,2585.0,2626.0,2951.0,1883.0,1937.0,1826.0,1584.0
4662,Netherlands,Vegetables,Production,3733.0,3697.0,3815.0,3929.0,4439.0,4300.0,4188.0,4438.0,4681.0,4802.0,4841.0,5144.0,4796.0,4871.0,5086.0,5173.0,5054.0,5518.0
4663,Netherlands,Vegetables,Import,1287.0,1424.0,1553.0,1765.0,1729.0,1803.0,1915.0,2232.0,2321.0,2392.0,2430.0,2516.0,2658.0,2638.0,1863.0,1841.0,1788.0,2164.0
4664,Netherlands,Vegetables,Stock Variation,-24.0,0.0,-212.0,212.0,-131.0,-50.0,197.0,-15.0,9.0,10.0,-1.0,0.0,1.0,0.0,57.0,216.0,138.0,-40.0
4665,Netherlands,Vegetables,Export,3203.0,3287.0,3521.0,4335.0,4223.0,4377.0,4478.0,4648.0,5022.0,5463.0,5679.0,6007.0,5899.0,5794.0,5338.0,5058.0,5106.0,6039.0
4666,Netherlands,Starchy Roots,Export,4980.0,4379.0,5154.0,5499.0,5061.0,4905.0,4841.0,5298.0,5576.0,5783.0,6146.0,6289.0,6288.0,6273.0,6148.0,6307.0,6606.0,7255.0
4667,Netherlands,Spices,Human Consumption,23.0,12.0,22.0,21.0,21.0,21.0,20.0,22.0,18.0,21.0,29.0,32.0,18.0,25.0,24.0,24.0,23.0,21.0
4668,Netherlands,Starchy Roots,Stock Variation,300.0,300.0,1.0,0.0,-250.0,230.0,-2.0,-624.0,625.0,18.0,3.0,0.0,0.0,0.0,166.0,-193.0,-888.0,-203.0
4669,Netherlands,Starchy Roots,Production,8227.0,7115.0,7363.0,6469.0,7488.0,6777.0,6240.0,6870.0,6923.0,7181.0,6844.0,7333.0,6766.0,6577.0,7100.0,6652.0,6534.0,7392.0
4670,Netherlands,Pulses,Feed,232.0,164.0,118.0,263.0,204.0,200.0,160.0,90.0,30.0,45.0,58.0,41.0,70.0,37.0,31.0,31.0,49.0,59.0
4671,Netherlands,Pulses,Domestic supply,264.0,195.0,150.0,292.0,233.0,228.0,183.0,112.0,52.0,67.0,83.0,66.0,101.0,66.0,57.0,55.0,77.0,87.0
4672,Netherlands,Pulses,Export,80.0,51.0,61.0,53.0,53.0,44.0,37.0,47.0,54.0,32.0,32.0,35.0,36.0,41.0,59.0,24.0,35.0,49.0
4673,Netherlands,Pulses,Stock Variation,0.0,0.0,0.0,0.0,0.0,0.0,0.0,-1.0,1.0,0.0,0.0,0.0,0.0,0.0,-9.0,1.0,0.0,9.0
4674,Netherlands,Pulses,Import,331.0,230.0,197.0,325.0,263.0,255.0,210.0,152.0,97.0,87.0,102.0,93.0,127.0,97.0,97.0,70.0,105.0,136.0
4675,Netherlands,Pulses,Production,13.0,16.0,15.0,20.0,22.0,17.0,9.0,8.0,8.0,12.0,13.0,8.0,9.0,10.0,10.0,10.0,7.0,9.0
4676,Netherlands,Sugar & Sweeteners,Human Consumption,729.0,732.0,739.0,773.0,771.0,761.0,760.0,770.0,759.0,781.0,782.0,758.0,758.0,747.0,741.0,781.0,771.0,754.0
4677,Netherlands,Sugar & Sweeteners,Other uses (non-food),337.0,492.0,397.0,323.0,160.0,240.0,73.0,352.0,276.0,429.0,262.0,459.0,310.0,195.0,368.0,262.0,286.0,413.0
4678,Netherlands,Pulses,Seed,2.0,2.0,2.0,2.0,2.0,2.0,1.0,1.0,1.0,1.0,1.0,1.0,1.0,1.0,1.0,1.0,1.0,1.0
4679,Netherlands,Sugar & Sweeteners,Processing,0.0,10.0,4.0,11.0,8.0,0.0,0.0,0.0,0.0,0.0,0.0,0.0,16.0,18.0,34.0,37.0,33.0,26.0
4680,Netherlands,Sugar & Sweeteners,Feed,0.0,0.0,0.0,0.0,0.0,0.0,0.0,0.0,0.0,0.0,0.0,0.0,0.0,0.0,0.0,0.0,0.0,0.0
4681,Netherlands,Sugar & Sweeteners,Domestic supply,1066.0,1233.0,1141.0,1107.0,939.0,1000.0,833.0,1123.0,1035.0,1210.0,1043.0,1217.0,1084.0,959.0,1138.0,1080.0,1091.0,1193.0
4682,Netherlands,Sugar & Sweeteners,Export,650.0,587.0,469.0,502.0,1013.0,1106.0,1242.0,1069.0,982.0,1008.0,1079.0,1166.0,1177.0,1281.0,1335.0,1437.0,1474.0,1755.0
4683,Netherlands,Sugar & Sweeteners,Stock Variation,0.0,217.0,-103.0,-265.0,8.0,81.0,137.0,140.0,-2.0,0.0,0.0,0.0,0.0,0.0,216.0,-224.0,-47.0,127.0
4684,Netherlands,Sugar & Sweeteners,Import,382.0,463.0,504.0,606.0,696.0,736.0,797.0,894.0,894.0,859.0,909.0,1046.0,945.0,956.0,1144.0,1149.0,1146.0,1196.0
4685,Netherlands,Sugar & Sweeteners,Production,1333.0,1140.0,1209.0,1268.0,1248.0,1289.0,1141.0,1158.0,1125.0,1359.0,1213.0,1337.0,1317.0,1284.0,1545.0,1143.0,1372.0,1879.0
4686,Netherlands,Vegetable Oils,Human Consumption,293.0,292.0,301.0,272.0,281.0,289.0,258.0,259.0,267.0,239.0,271.0,254.0,241.0,244.0,262.0,263.0,272.0,273.0
4687,Netherlands,Vegetable Oils,Other uses (non-food),885.0,1284.0,1146.0,1046.0,1172.0,1370.0,1306.0,575.0,575.0,990.0,1105.0,1101.0,1793.0,2289.0,2248.0,2089.0,2004.0,2608.0
4688,Netherlands,Sugar & Sweeteners,Losses,0.0,0.0,0.0,0.0,0.0,0.0,0.0,0.0,0.0,0.0,0.0,0.0,0.0,0.0,0.0,0.0,0.0,0.0
4689,Netherlands,Pulses,Losses,0.0,0.0,0.0,0.0,0.0,0.0,0.0,0.0,0.0,0.0,0.0,0.0,0.0,0.0,0.0,0.0,0.0,0.0
4690,Netherlands,Pulses,Processing,0.0,0.0,0.0,0.0,0.0,0.0,0.0,0.0,0.0,0.0,0.0,0.0,0.0,0.0,0.0,0.0,1.0,1.0
4691,Netherlands,Pulses,Other uses (non-food),0.0,0.0,0.0,0.0,0.0,0.0,0.0,0.0,0.0,0.0,0.0,0.0,0.0,0.0,0.0,0.0,0.0,0.0
4692,Netherlands,Oilcrops,Human Consumption,59.0,61.0,46.0,53.0,52.0,56.0,62.0,66.0,56.0,45.0,64.0,44.0,51.0,61.0,24.0,27.0,36.0,36.0
4693,Netherlands,Oilcrops,Other uses (non-food),6.0,62.0,19.0,4.0,24.0,24.0,23.0,33.0,24.0,24.0,31.0,27.0,23.0,29.0,24.0,7.0,23.0,39.0
4694,Netherlands,Oilcrops,Processing,5078.0,5114.0,4591.0,4241.0,3772.0,3891.0,3820.0,3868.0,4146.0,4251.0,4240.0,4134.0,3586.0,3992.0,4317.0,4308.0,4142.0,4218.0
4695,Netherlands,Oilcrops,Losses,0.0,0.0,0.0,0.0,0.0,0.0,0.0,0.0,0.0,0.0,1.0,0.0,1.0,1.0,2.0,2.0,1.0,2.0
4696,Netherlands,Oilcrops,Seed,0.0,0.0,0.0,0.0,0.0,0.0,0.0,0.0,0.0,0.0,0.0,0.0,0.0,0.0,0.0,0.0,0.0,0.0
4697,Netherlands,Oilcrops,Feed,26.0,25.0,28.0,55.0,25.0,16.0,11.0,36.0,53.0,27.0,12.0,35.0,73.0,31.0,183.0,121.0,119.0,92.0
4698,Netherlands,Oilcrops,Domestic supply,5169.0,5262.0,4684.0,4354.0,3874.0,3987.0,3916.0,4003.0,4279.0,4347.0,4347.0,4241.0,3734.0,4113.0,4135.0,3842.0,4323.0,4034.0
4699,Netherlands,Oilcrops,Export,1308.0,1811.0,2111.0,1929.0,2107.0,2069.0,1772.0,1914.0,1692.0,2079.0,2195.0,1705.0,2957.0,2955.0,2517.0,2018.0,2461.0,3007.0
4700,Netherlands,Oilcrops,Stock Variation,-259.0,-541.0,83.0,-306.0,-84.0,72.0,204.0,-234.0,-973.0,252.0,297.0,-600.0,1045.0,776.0,-849.0,131.0,-186.0,-606.0
4701,Netherlands,Oilcrops,Import,6728.0,7606.0,6706.0,6580.0,6052.0,5971.0,5469.0,6136.0,6931.0,6159.0,6232.0,6538.0,5637.0,6281.0,5643.0,5916.0,6570.0,6348.0
4702,Netherlands,Oilcrops,Production,8.0,8.0,7.0,9.0,13.0,12.0,16.0,15.0,13.0,15.0,14.0,9.0,10.0,13.0,160.0,74.0,28.0,88.0
4703,Netherlands,Treenuts,Human Consumption,78.0,88.0,72.0,115.0,91.0,137.0,141.0,167.0,151.0,130.0,68.0,104.0,105.0,114.0,46.0,54.0,46.0,51.0
4704,Netherlands,Treenuts,Losses,0.0,0.0,0.0,0.0,0.0,0.0,1.0,1.0,1.0,1.0,1.0,1.0,1.0,1.0,1.0,1.0,1.0,1.0
4705,Netherlands,Sugar Crops,Losses,0.0,0.0,0.0,0.0,0.0,0.0,0.0,0.0,0.0,0.0,0.0,0.0,0.0,0.0,340.0,242.0,274.0,395.0
4706,Netherlands,Treenuts,Export,70.0,65.0,96.0,99.0,114.0,148.0,157.0,207.0,200.0,219.0,280.0,222.0,227.0,212.0,88.0,91.0,93.0,117.0
4707,Netherlands,Treenuts,Stock Variation,0.0,-2.0,0.0,-2.0,0.0,-1.0,-4.0,-4.0,-42.0,-56.0,28.0,25.0,28.0,25.0,-2.0,1.0,0.0,3.0
4708,Netherlands,Treenuts,Import,148.0,155.0,168.0,216.0,205.0,286.0,302.0,379.0,393.0,406.0,320.0,302.0,305.0,301.0,132.0,146.0,140.0,162.0
4709,Netherlands,Treenuts,Production,0.0,0.0,0.0,0.0,0.0,0.0,0.0,0.0,0.0,0.0,0.0,0.0,0.0,0.0,0.0,0.0,0.0,0.0
4710,Netherlands,Pulses,Human Consumption,30.0,30.0,30.0,27.0,27.0,26.0,22.0,21.0,20.0,21.0,24.0,24.0,29.0,28.0,25.0,23.0,27.0,27.0
4711,Netherlands,Starchy Roots,Import,5845.0,5969.0,3731.0,3626.0,4512.0,2203.0,2047.0,4289.0,2396.0,2057.0,2314.0,2620.0,2962.0,2674.0,2570.0,2692.0,2655.0,3328.0
4712,Netherlands,Spices,Losses,0.0,0.0,0.0,0.0,0.0,0.0,0.0,0.0,0.0,0.0,0.0,0.0,0.0,0.0,0.0,0.0,0.0,0.0
4713,Netherlands,Spices,Domestic supply,23.0,12.0,22.0,21.0,21.0,20.0,18.0,15.0,9.0,12.0,24.0,27.0,12.0,18.0,18.0,19.0,19.0,19.0
4714,Netherlands,Spices,Export,34.0,14.0,39.0,38.0,39.0,42.0,44.0,55.0,57.0,67.0,65.0,66.0,78.0,80.0,83.0,88.0,92.0,112.0
4715,Netherlands,"Fish, Seafood",Export,975.0,1012.0,1087.0,1230.0,1353.0,1484.0,1279.0,1268.0,1198.0,1152.0,1219.0,1155.0,1230.0,1196.0,1196.0,1196.0,1196.0,1196.0
4716,Netherlands,"Fish, Seafood",Domestic supply,603.0,836.0,611.0,562.0,602.0,593.0,583.0,591.0,535.0,660.0,756.0,645.0,594.0,596.0,596.0,596.0,596.0,596.0
4717,Netherlands,"Fish, Seafood",Feed,179.0,398.0,291.0,257.0,271.0,259.0,149.0,105.0,92.0,97.0,130.0,81.0,122.0,112.0,112.0,112.0,112.0,112.0
4718,Netherlands,"Fish, Seafood",Other uses (non-food),81.0,81.0,1.0,1.0,0.0,0.0,86.0,141.0,91.0,188.0,238.0,191.0,86.0,114.0,114.0,114.0,114.0,114.0
4719,Netherlands,"Fish, Seafood",Human Consumption,343.0,358.0,320.0,305.0,330.0,334.0,349.0,345.0,353.0,376.0,388.0,373.0,386.0,370.0,370.0,370.0,370.0,370.0
4720,Netherlands,Eggs,Production,668.0,657.0,635.0,463.0,611.0,607.0,611.0,621.0,627.0,638.0,670.0,692.0,672.0,703.0,726.0,742.0,717.0,743.0
4721,Netherlands,Eggs,Import,66.0,58.0,76.0,123.0,109.0,109.0,134.0,203.0,241.0,146.0,202.0,189.0,190.0,244.0,289.0,227.0,221.0,272.0
4722,Netherlands,Eggs,Stock Variation,0.0,0.0,0.0,0.0,0.0,0.0,0.0,0.0,0.0,0.0,0.0,0.0,0.0,0.0,0.0,0.0,0.0,0.0
4723,Netherlands,"Fish, Seafood",Stock Variation,-20.0,10.0,-6.0,-106.0,100.0,80.0,30.0,0.0,-2.0,-9.0,0.0,1.0,-14.0,20.0,20.0,20.0,20.0,20.0
4724,Netherlands,Eggs,Export,365.0,384.0,348.0,292.0,369.0,380.0,398.0,478.0,564.0,570.0,589.0,569.0,559.0,655.0,640.0,570.0,511.0,629.0
4725,Netherlands,Eggs,Feed,0.0,0.0,0.0,0.0,0.0,0.0,0.0,0.0,0.0,0.0,0.0,0.0,0.0,0.0,86.0,115.0,129.0,92.0
4726,Netherlands,Eggs,Seed,55.0,55.0,54.0,39.0,50.0,50.0,50.0,50.0,50.0,49.0,50.0,49.0,49.0,55.0,51.0,57.0,56.0,51.0
4727,Netherlands,Eggs,Losses,2.0,2.0,2.0,1.0,1.0,1.0,2.0,2.0,2.0,2.0,2.0,2.0,2.0,2.0,2.0,2.0,2.0,2.0
4728,Netherlands,Eggs,Human Consumption,312.0,274.0,308.0,255.0,299.0,286.0,295.0,294.0,253.0,163.0,231.0,262.0,257.0,235.0,235.0,226.0,239.0,240.0
4729,Netherlands,Milk - Excluding Butter,Production,11155.0,10970.0,10677.0,11075.0,10905.0,10847.0,11127.0,11221.0,11460.0,11656.0,11805.0,11835.0,11893.0,12433.0,12693.0,13551.0,14559.0,14544.0
4730,Netherlands,Milk - Excluding Butter,Import,5029.0,4519.0,5049.0,5366.0,5010.0,5155.0,5332.0,4723.0,4445.0,4701.0,4926.0,5145.0,5395.0,5133.0,5167.0,5972.0,6174.0,6934.0
4731,Netherlands,Milk - Excluding Butter,Stock Variation,-244.0,-372.0,0.0,120.0,66.0,446.0,159.0,0.0,0.0,0.0,0.0,0.0,-30.0,-608.0,833.0,423.0,90.0,27.0
4732,Netherlands,Milk - Excluding Butter,Export,7659.0,7112.0,7402.0,8409.0,7836.0,8117.0,8358.0,8544.0,9065.0,9285.0,9984.0,10163.0,11065.0,10714.0,9968.0,11987.0,13038.0,14020.0
4733,Netherlands,Eggs,Domestic supply,369.0,331.0,364.0,294.0,350.0,336.0,347.0,346.0,305.0,214.0,283.0,312.0,302.0,292.0,374.0,399.0,426.0,386.0
4734,Netherlands,"Fish, Seafood",Import,1027.0,1264.0,1186.0,1305.0,1254.0,1371.0,1308.0,1319.0,1272.0,1383.0,1474.0,1385.0,1445.0,1385.0,1385.0,1385.0,1385.0,1385.0
4735,Netherlands,"Fish, Seafood",Production,571.0,575.0,518.0,593.0,600.0,627.0,524.0,539.0,464.0,438.0,501.0,414.0,393.0,388.0,388.0,388.0,388.0,388.0
4736,Netherlands,"Aquatic Products, Other",Human Consumption,0.0,0.0,0.0,0.0,0.0,0.0,0.0,0.0,0.0,0.0,0.0,0.0,0.0,4.0,4.0,4.0,4.0,4.0
4737,Netherlands,Cereals - Excluding Beer,Import,5380.0,7369.0,8350.0,8388.0,8407.0,8253.0,9575.0,11924.0,11507.0,12238.0,12783.0,11571.0,12097.0,12179.0,14321.0,15006.0,13816.0,16670.0
4738,Netherlands,Cereals - Excluding Beer,Production,1732.0,1672.0,1740.0,1820.0,1823.0,1775.0,1675.0,1548.0,1963.0,1994.0,1803.0,1610.0,1731.0,1756.0,1766.0,1693.0,1409.0,1399.0
4739,Netherlands,Cereals - Excluding Beer,Import,5380.0,7369.0,8350.0,8388.0,8407.0,8253.0,9575.0,11924.0,11507.0,12238.0,12783.0,11571.0,12097.0,12179.0,14321.0,15006.0,13816.0,16670.0
4740,Netherlands,Cereals - Excluding Beer,Stock Variation,1358.0,94.0,-923.0,-701.0,-294.0,196.0,568.0,-1117.0,519.0,497.0,-681.0,484.0,-191.0,-148.0,321.0,1121.0,-520.0,-400.0
4741,Netherlands,Sugar Crops,Feed,0.0,0.0,0.0,0.0,0.0,0.0,0.0,0.0,0.0,0.0,0.0,0.0,0.0,0.0,1241.0,90.0,102.0,247.0
4742,Netherlands,Cereals - Excluding Beer,Export,1963.0,2117.0,1948.0,2068.0,2219.0,2391.0,2226.0,2733.0,2567.0,2845.0,2362.0,2466.0,2520.0,2793.0,3019.0,2915.0,2789.0,3382.0
4743,Netherlands,Cereals - Excluding Beer,Domestic supply,6507.0,7017.0,7220.0,7439.0,7717.0,7834.0,9591.0,9621.0,11422.0,11885.0,11543.0,11199.0,11117.0,10994.0,12747.0,12664.0,12956.0,15086.0
4744,Netherlands,Cereals - Excluding Beer,Feed,4139.0,4580.0,4625.0,4679.0,5147.0,5080.0,6817.0,6608.0,8434.0,8543.0,8179.0,7679.0,7636.0,7566.0,8949.0,9537.0,8662.0,9787.0
4745,Netherlands,Cereals - Excluding Beer,Seed,66.0,71.0,73.0,86.0,96.0,101.0,100.0,156.0,120.0,126.0,108.0,106.0,106.0,110.0,65.0,56.0,48.0,90.0
4746,Netherlands,Cereals - Excluding Beer,Losses,45.0,50.0,47.0,45.0,34.0,36.0,55.0,60.0,72.0,82.0,82.0,79.0,74.0,83.0,99.0,87.0,81.0,91.0
4747,Netherlands,Cereals - Excluding Beer,Processing,515.0,510.0,514.0,504.0,493.0,579.0,641.0,613.0,602.0,647.0,654.0,681.0,680.0,641.0,847.0,673.0,780.0,813.0
4748,Netherlands,Cereals - Excluding Beer,Other uses (non-food),690.0,685.0,842.0,893.0,713.0,817.0,716.0,886.0,881.0,1076.0,997.0,1132.0,1096.0,1105.0,1327.0,844.0,1922.0,2710.0
4749,Netherlands,Cereals - Excluding Beer,Human Consumption,1052.0,1121.0,1118.0,1231.0,1233.0,1222.0,1263.0,1298.0,1312.0,1411.0,1524.0,1522.0,1526.0,1489.0,1461.0,1468.0,1464.0,1599.0
4750,Netherlands,"Aquatic Products, Other",Production,0.0,0.0,0.0,0.0,0.0,0.0,0.0,0.0,0.0,0.0,0.0,0.0,0.0,0.0,0.0,0.0,0.0,0.0
4751,Netherlands,"Aquatic Products, Other",Import,2.0,2.0,2.0,2.0,2.0,2.0,2.0,2.0,2.0,3.0,3.0,4.0,1.0,41.0,41.0,41.0,41.0,41.0
4752,Netherlands,"Aquatic Products, Other",Stock Variation,0.0,0.0,-1.0,1.0,0.0,0.0,0.0,0.0,0.0,0.0,0.0,0.0,0.0,0.0,0.0,0.0,0.0,0.0
4753,Netherlands,"Aquatic Products, Other",Export,1.0,0.0,1.0,3.0,2.0,2.0,1.0,2.0,2.0,1.0,1.0,1.0,1.0,1.0,1.0,1.0,1.0,1.0
4754,Netherlands,"Aquatic Products, Other",Domestic supply,1.0,1.0,1.0,0.0,0.0,0.0,1.0,0.0,0.0,2.0,2.0,3.0,0.0,40.0,40.0,40.0,40.0,40.0
4755,Netherlands,"Aquatic Products, Other",Other uses (non-food),1.0,1.0,1.0,0.0,0.0,0.0,1.0,0.0,0.0,2.0,2.0,3.0,0.0,36.0,36.0,36.0,36.0,36.0
4756,Netherlands,Milk - Excluding Butter,Domestic supply,8281.0,8005.0,8324.0,8153.0,8145.0,8331.0,8260.0,7400.0,6839.0,7072.0,6747.0,6818.0,6193.0,6243.0,7059.0,7113.0,7604.0,7431.0
4757,Netherlands,Milk - Excluding Butter,Feed,2679.0,2326.0,2765.0,2584.0,2329.0,2437.0,2351.0,1747.0,1422.0,1059.0,1218.0,1163.0,795.0,599.0,1387.0,1672.0,1907.0,1702.0
4758,Netherlands,Milk - Excluding Butter,Losses,0.0,0.0,0.0,0.0,0.0,0.0,0.0,0.0,0.0,0.0,0.0,0.0,0.0,0.0,0.0,0.0,0.0,0.0
4759,Netherlands,Milk - Excluding Butter,Processing,0.0,0.0,0.0,0.0,0.0,0.0,0.0,0.0,0.0,0.0,0.0,0.0,0.0,0.0,0.0,0.0,0.0,0.0
4760,Netherlands,Meat,Stock Variation,15.0,16.0,-22.0,21.0,1.0,0.0,58.0,-73.0,-1.0,1.0,0.0,0.0,0.0,-6.0,38.0,31.0,20.0,-32.0
4761,Netherlands,Meat,Export,2031.0,1893.0,1988.0,2104.0,2096.0,2217.0,2300.0,2591.0,2707.0,2785.0,2934.0,3138.0,2939.0,2846.0,2809.0,2950.0,3081.0,3427.0
4762,Netherlands,Meat,Domestic supply,1452.0,1461.0,1308.0,1091.0,1282.0,1257.0,1328.0,1221.0,1471.0,1480.0,1347.0,1285.0,1532.0,1531.0,1360.0,1355.0,1325.0,1318.0
4763,Netherlands,Meat,Processing,23.0,23.0,12.0,10.0,10.0,11.0,10.0,9.0,35.0,37.0,45.0,74.0,19.0,32.0,83.0,67.0,95.0,107.0
4764,Netherlands,Meat,Human Consumption,1429.0,1438.0,1297.0,1082.0,1273.0,1251.0,1318.0,1212.0,1436.0,1443.0,1302.0,1212.0,1513.0,1500.0,1316.0,1328.0,1294.0,1290.0
4765,Netherlands,Miscellaneous,Import,4.0,9.0,12.0,15.0,16.0,15.0,17.0,7.0,7.0,8.0,9.0,10.0,11.0,17.0,590.0,616.0,595.0,772.0
4766,Netherlands,Miscellaneous,Stock Variation,0.0,0.0,0.0,0.0,0.0,0.0,0.0,0.0,0.0,0.0,0.0,0.0,0.0,0.0,0.0,0.0,0.0,0.0
4767,Netherlands,Miscellaneous,Export,73.0,76.0,78.0,72.0,81.0,98.0,99.0,80.0,100.0,134.0,144.0,132.0,151.0,168.0,1207.0,1301.0,1345.0,1387.0
4768,Netherlands,Miscellaneous,Domestic supply,-69.0,-67.0,-66.0,-57.0,-65.0,-84.0,-82.0,-72.0,-93.0,-126.0,-135.0,-122.0,-140.0,-151.0,-617.0,-686.0,-750.0,-615.0
4769,Netherlands,Alcoholic Beverages,Production,2576.0,2517.0,2555.0,2480.0,2425.0,2444.0,2727.0,2806.0,2798.0,2740.0,2604.0,2583.0,2542.0,2487.0,2541.0,2570.0,2638.0,2615.0
4770,Netherlands,Alcoholic Beverages,Import,408.0,493.0,583.0,713.0,911.0,1204.0,1202.0,1748.0,1899.0,1627.0,1407.0,1675.0,1465.0,1471.0,1300.0,1670.0,1770.0,2049.0
4771,Netherlands,Alcoholic Beverages,Stock Variation,-301.0,100.0,101.0,-1.0,-1.0,0.0,-1.0,5.0,6.0,-95.0,100.0,0.0,0.0,0.0,-78.0,-32.0,56.0,-6.0
4772,Netherlands,Alcoholic Beverages,Export,886.0,1369.0,1529.0,1440.0,1576.0,1922.0,1892.0,2466.0,2744.0,2694.0,2654.0,2779.0,2532.0,2519.0,2551.0,2823.0,2780.0,3195.0
4773,Netherlands,Alcoholic Beverages,Domestic supply,1798.0,1741.0,1709.0,1753.0,1759.0,1726.0,2036.0,2093.0,1958.0,1578.0,1457.0,1478.0,1475.0,1439.0,1368.0,1449.0,1572.0,1475.0
4774,Netherlands,Alcoholic Beverages,Other uses (non-food),36.0,45.0,71.0,112.0,127.0,75.0,415.0,379.0,370.0,56.0,40.0,24.0,125.0,151.0,0.0,55.0,186.0,63.0
4775,Netherlands,Alcoholic Beverages,Human Consumption,1762.0,1696.0,1638.0,1641.0,1632.0,1652.0,1621.0,1714.0,1589.0,1522.0,1417.0,1454.0,1350.0,1288.0,1377.0,1394.0,1386.0,1413.0
4776,Netherlands,Spices,Production,0.0,0.0,0.0,0.0,0.0,0.0,0.0,0.0,0.0,0.0,0.0,0.0,0.0,0.0,0.0,0.0,0.0,0.0
4777,Netherlands,Spices,Import,59.0,26.0,60.0,58.0,60.0,62.0,62.0,69.0,65.0,78.0,88.0,93.0,90.0,97.0,102.0,110.0,119.0,131.0
4778,Netherlands,Spices,Stock Variation,-2.0,1.0,0.0,1.0,0.0,0.0,0.0,0.0,0.0,0.0,0.0,0.0,0.0,0.0,2.0,3.0,8.0,0.0
4779,Netherlands,Meat,Import,587.0,742.0,782.0,942.0,990.0,1062.0,1208.0,1437.0,1704.0,1730.0,1727.0,1763.0,1782.0,1684.0,1423.0,1422.0,1437.0,1702.0
4780,Netherlands,Vegetable Oils,Processing,56.0,56.0,55.0,49.0,84.0,71.0,129.0,174.0,105.0,127.0,25.0,30.0,20.0,32.0,486.0,491.0,468.0,524.0
4781,Netherlands,Meat,Production,2880.0,2596.0,2536.0,2231.0,2386.0,2412.0,2362.0,2448.0,2475.0,2533.0,2554.0,2661.0,2688.0,2700.0,2784.0,2914.0,2989.0,3011.0
4782,Netherlands,Offals,Other uses (non-food),6.0,60.0,0.0,0.0,0.0,0.0,0.0,0.0,0.0,0.0,0.0,0.0,0.0,0.0,0.0,0.0,0.0,0.0
4783,Netherlands,Milk - Excluding Butter,Human Consumption,5602.0,5682.0,5559.0,5569.0,5816.0,5894.0,5909.0,5653.0,5504.0,6166.0,5658.0,5814.0,5491.0,5723.0,5705.0,5453.0,5731.0,5793.0
4784,Netherlands,Animal fats,Production,532.0,471.0,453.0,429.0,422.0,429.0,461.0,445.0,455.0,437.0,506.0,484.0,464.0,464.0,314.0,349.0,339.0,324.0
4785,Netherlands,Animal fats,Import,630.0,336.0,313.0,357.0,679.0,350.0,445.0,463.0,336.0,422.0,411.0,480.0,585.0,572.0,414.0,445.0,467.0,549.0
4786,Netherlands,Animal fats,Stock Variation,-71.0,-87.0,-56.0,-8.0,-32.0,84.0,-11.0,-7.0,39.0,176.0,6.0,35.0,-17.0,17.0,-12.0,1.0,2.0,-2.0
4787,Netherlands,Animal fats,Export,680.0,439.0,482.0,600.0,897.0,684.0,705.0,691.0,651.0,832.0,715.0,802.0,874.0,870.0,677.0,695.0,690.0,789.0
4788,Netherlands,Animal fats,Domestic supply,412.0,281.0,228.0,178.0,173.0,178.0,190.0,210.0,180.0,203.0,209.0,198.0,158.0,183.0,63.0,98.0,114.0,85.0
4789,Netherlands,Animal fats,Feed,27.0,26.0,14.0,9.0,1.0,1.0,1.0,1.0,2.0,1.0,1.0,1.0,1.0,1.0,1.0,1.0,1.0,1.0
4790,Netherlands,Animal fats,Losses,0.0,0.0,0.0,0.0,0.0,0.0,0.0,0.0,0.0,0.0,0.0,0.0,0.0,0.0,1.0,1.0,1.0,1.0
4791,Netherlands,Animal fats,Processing,4.0,0.0,1.0,7.0,9.0,1.0,18.0,36.0,25.0,33.0,0.0,0.0,0.0,0.0,50.0,46.0,25.0,28.0
4792,Netherlands,Animal fats,Other uses (non-food),246.0,128.0,86.0,41.0,49.0,33.0,57.0,72.0,66.0,78.0,118.0,104.0,101.0,103.0,13.0,12.0,21.0,22.0
4793,Netherlands,Animal fats,Human Consumption,135.0,127.0,127.0,121.0,114.0,144.0,113.0,101.0,87.0,92.0,89.0,94.0,96.0,86.0,128.0,145.0,123.0,108.0
4794,Netherlands,Offals,Production,184.0,159.0,159.0,149.0,179.0,186.0,185.0,187.0,216.0,215.0,237.0,305.0,249.0,255.0,200.0,190.0,232.0,239.0
4795,Netherlands,Offals,Import,60.0,75.0,48.0,69.0,58.0,74.0,80.0,94.0,97.0,116.0,173.0,155.0,167.0,182.0,173.0,182.0,194.0,251.0
4796,Netherlands,Offals,Stock Variation,5.0,0.0,0.0,-3.0,-3.0,3.0,-2.0,0.0,12.0,0.0,0.0,0.0,-7.0,0.0,0.0,0.0,0.0,0.0
4797,Netherlands,Offals,Export,211.0,135.0,172.0,194.0,216.0,229.0,229.0,243.0,302.0,319.0,400.0,451.0,400.0,423.0,452.0,425.0,481.0,573.0
4798,Netherlands,Offals,Domestic supply,38.0,98.0,35.0,21.0,18.0,34.0,34.0,39.0,22.0,13.0,9.0,9.0,10.0,14.0,-79.0,-53.0,-55.0,-83.0
4799,Netherlands,Offals,Feed,0.0,0.0,0.0,0.0,0.0,0.0,0.0,0.0,0.0,0.0,0.0,0.0,0.0,0.0,0.0,0.0,0.0,0.0
4800,Netherlands,Offals,Losses,0.0,0.0,0.0,0.0,0.0,0.0,0.0,0.0,0.0,0.0,0.0,0.0,0.0,0.0,5.0,5.0,5.0,5.0
4801,Netherlands,Offals,Processing,0.0,0.0,0.0,0.0,0.0,0.0,0.0,0.0,0.0,0.0,0.0,0.0,0.0,0.0,0.0,0.0,0.0,0.0
4802,Netherlands,Offals,Human Consumption,35.0,38.0,35.0,21.0,18.0,34.0,34.0,39.0,22.0,13.0,9.0,9.0,10.0,14.0,11.0,7.0,10.0,13.0
4803,Netherlands,Vegetable Oils,Domestic supply,1234.0,1632.0,1501.0,1367.0,1536.0,1729.0,1693.0,1008.0,946.0,1356.0,1401.0,1386.0,2050.0,2561.0,3017.0,2860.0,2769.0,3425.0
4804,Netherlands Antilles,Starchy Roots,Human Consumption,9.0,8.0,9.0,9.0,8.0,8.0,8.0,8.0,8.0,8.0,8.0,0.0,0.0,0.0,0.0,0.0,0.0,0.0
4805,Netherlands Antilles,Cereals - Excluding Beer,Stock Variation,2.0,-4.0,-5.0,1.0,-1.0,6.0,3.0,-4.0,0.0,-1.0,-1.0,0.0,0.0,0.0,0.0,0.0,0.0,0.0
4806,Netherlands Antilles,Vegetables,Human Consumption,11.0,12.0,11.0,10.0,9.0,7.0,9.0,15.0,8.0,8.0,8.0,0.0,0.0,0.0,0.0,0.0,0.0,0.0
4807,Netherlands Antilles,Vegetables,Other uses (non-food),0.0,0.0,0.0,0.0,0.0,0.0,0.0,0.0,0.0,0.0,0.0,0.0,0.0,0.0,0.0,0.0,0.0,0.0
4808,Netherlands Antilles,Vegetables,Losses,0.0,0.0,0.0,0.0,1.0,0.0,1.0,0.0,0.0,0.0,0.0,0.0,0.0,0.0,0.0,0.0,0.0,0.0
4809,Netherlands Antilles,Vegetables,Domestic supply,12.0,12.0,11.0,11.0,9.0,8.0,10.0,15.0,8.0,8.0,8.0,0.0,0.0,0.0,0.0,0.0,0.0,0.0
4810,Netherlands Antilles,Vegetables,Export,0.0,0.0,0.0,0.0,0.0,0.0,0.0,0.0,0.0,0.0,0.0,0.0,0.0,0.0,0.0,0.0,0.0,0.0
4811,Netherlands Antilles,Vegetables,Stock Variation,-5.0,-5.0,-5.0,4.0,1.0,2.0,1.0,0.0,0.0,4.0,0.0,0.0,0.0,0.0,0.0,0.0,0.0,0.0
4812,Netherlands Antilles,Vegetables,Import,17.0,18.0,16.0,7.0,8.0,6.0,8.0,15.0,8.0,5.0,8.0,0.0,0.0,0.0,0.0,0.0,0.0,0.0
4813,Netherlands Antilles,Fruits - Excluding Wine,Human Consumption,9.0,10.0,9.0,13.0,12.0,13.0,13.0,13.0,13.0,13.0,13.0,0.0,0.0,0.0,0.0,0.0,0.0,0.0
4814,Netherlands Antilles,Fruits - Excluding Wine,Other uses (non-food),0.0,0.0,0.0,0.0,0.0,1.0,1.0,1.0,1.0,1.0,1.0,0.0,0.0,0.0,0.0,0.0,0.0,0.0
4815,Netherlands Antilles,Fruits - Excluding Wine,Losses,1.0,1.0,1.0,1.0,1.0,1.0,1.0,1.0,1.0,1.0,1.0,0.0,0.0,0.0,0.0,0.0,0.0,0.0
4816,Netherlands Antilles,Fruits - Excluding Wine,Domestic supply,10.0,11.0,10.0,14.0,14.0,14.0,14.0,14.0,14.0,15.0,14.0,0.0,0.0,0.0,0.0,0.0,0.0,0.0
4817,Netherlands Antilles,Fruits - Excluding Wine,Export,0.0,0.0,0.0,0.0,0.0,0.0,0.0,0.0,0.0,0.0,0.0,0.0,0.0,0.0,0.0,0.0,0.0,0.0
4818,Netherlands Antilles,Vegetable Oils,Import,2.0,1.0,1.0,2.0,2.0,2.0,2.0,2.0,1.0,2.0,2.0,0.0,0.0,0.0,0.0,0.0,0.0,0.0
4819,Netherlands Antilles,Fruits - Excluding Wine,Stock Variation,0.0,0.0,0.0,0.0,0.0,0.0,0.0,-1.0,0.0,0.0,0.0,0.0,0.0,0.0,0.0,0.0,0.0,0.0
4820,Netherlands Antilles,Stimulants,Human Consumption,1.0,1.0,1.0,1.0,2.0,3.0,1.0,3.0,2.0,2.0,2.0,0.0,0.0,0.0,0.0,0.0,0.0,0.0
4821,Netherlands Antilles,Stimulants,Other uses (non-food),0.0,0.0,0.0,0.0,0.0,0.0,0.0,0.0,0.0,0.0,0.0,0.0,0.0,0.0,0.0,0.0,0.0,0.0
4822,Netherlands Antilles,Stimulants,Domestic supply,1.0,1.0,1.0,2.0,2.0,3.0,1.0,3.0,2.0,2.0,2.0,0.0,0.0,0.0,0.0,0.0,0.0,0.0
4823,Netherlands Antilles,Stimulants,Export,0.0,0.0,0.0,0.0,0.0,0.0,0.0,0.0,0.0,0.0,0.0,0.0,0.0,0.0,0.0,0.0,0.0,0.0
4824,Netherlands Antilles,Stimulants,Stock Variation,0.0,0.0,0.0,0.0,0.0,0.0,0.0,0.0,0.0,0.0,0.0,0.0,0.0,0.0,0.0,0.0,0.0,0.0
4825,Netherlands Antilles,Stimulants,Import,1.0,1.0,1.0,2.0,2.0,3.0,1.0,3.0,2.0,2.0,2.0,0.0,0.0,0.0,0.0,0.0,0.0,0.0
4826,Netherlands Antilles,Spices,Human Consumption,0.0,0.0,0.0,0.0,0.0,0.0,0.0,0.0,0.0,0.0,0.0,0.0,0.0,0.0,0.0,0.0,0.0,0.0
4827,Netherlands Antilles,Spices,Other uses (non-food),0.0,0.0,0.0,0.0,0.0,0.0,0.0,2.0,2.0,2.0,2.0,0.0,0.0,0.0,0.0,0.0,0.0,0.0
4828,Netherlands Antilles,Spices,Domestic supply,0.0,0.0,0.0,0.0,0.0,0.0,0.0,3.0,3.0,3.0,3.0,0.0,0.0,0.0,0.0,0.0,0.0,0.0
4829,Netherlands Antilles,Spices,Export,0.0,0.0,0.0,0.0,0.0,0.0,0.0,0.0,0.0,0.0,0.0,0.0,0.0,0.0,0.0,0.0,0.0,0.0
4830,Netherlands Antilles,Spices,Stock Variation,0.0,0.0,0.0,0.0,0.0,0.0,0.0,0.0,0.0,0.0,0.0,0.0,0.0,0.0,0.0,0.0,0.0,0.0
4831,Netherlands Antilles,Spices,Import,0.0,0.0,0.0,0.0,0.0,0.0,0.0,3.0,3.0,3.0,3.0,0.0,0.0,0.0,0.0,0.0,0.0,0.0
4832,Netherlands Antilles,Fruits - Excluding Wine,Import,10.0,11.0,10.0,14.0,14.0,14.0,14.0,15.0,14.0,15.0,14.0,0.0,0.0,0.0,0.0,0.0,0.0,0.0
4833,Netherlands Antilles,Alcoholic Beverages,Human Consumption,27.0,21.0,21.0,23.0,22.0,22.0,33.0,38.0,40.0,38.0,39.0,0.0,0.0,0.0,0.0,0.0,0.0,0.0
4834,Netherlands Antilles,Vegetable Oils,Stock Variation,0.0,0.0,0.0,0.0,0.0,0.0,0.0,0.0,0.0,0.0,0.0,0.0,0.0,0.0,0.0,0.0,0.0,0.0
4835,Netherlands Antilles,Vegetable Oils,Domestic supply,2.0,1.0,1.0,1.0,2.0,2.0,2.0,2.0,1.0,2.0,2.0,0.0,0.0,0.0,0.0,0.0,0.0,0.0
4836,Netherlands Antilles,Starchy Roots,Losses,1.0,1.0,1.0,1.0,1.0,1.0,1.0,1.0,1.0,1.0,1.0,0.0,0.0,0.0,0.0,0.0,0.0,0.0
4837,Netherlands Antilles,Starchy Roots,Domestic supply,10.0,9.0,10.0,10.0,9.0,9.0,9.0,9.0,9.0,9.0,8.0,0.0,0.0,0.0,0.0,0.0,0.0,0.0
4838,Netherlands Antilles,Starchy Roots,Stock Variation,0.0,0.0,0.0,0.0,0.0,0.0,0.0,0.0,0.0,0.0,0.0,0.0,0.0,0.0,0.0,0.0,0.0,0.0
4839,Netherlands Antilles,Starchy Roots,Import,10.0,9.0,10.0,10.0,9.0,9.0,9.0,9.0,9.0,9.0,8.0,0.0,0.0,0.0,0.0,0.0,0.0,0.0
4840,Netherlands Antilles,Oilcrops,Other uses (non-food),0.0,0.0,0.0,0.0,0.0,0.0,0.0,0.0,0.0,0.0,0.0,0.0,0.0,0.0,0.0,0.0,0.0,0.0
4841,Netherlands Antilles,Oilcrops,Losses,0.0,0.0,0.0,0.0,0.0,0.0,0.0,0.0,0.0,0.0,0.0,0.0,0.0,0.0,0.0,0.0,0.0,0.0
4842,Netherlands Antilles,Oilcrops,Domestic supply,0.0,0.0,0.0,0.0,0.0,0.0,0.0,0.0,0.0,0.0,0.0,0.0,0.0,0.0,0.0,0.0,0.0,0.0
4843,Netherlands Antilles,Oilcrops,Export,0.0,0.0,0.0,0.0,0.0,0.0,0.0,0.0,0.0,0.0,0.0,0.0,0.0,0.0,0.0,0.0,0.0,0.0
4844,Netherlands Antilles,Oilcrops,Stock Variation,0.0,0.0,0.0,0.0,0.0,0.0,0.0,0.0,0.0,0.0,0.0,0.0,0.0,0.0,0.0,0.0,0.0,0.0
4845,Netherlands Antilles,Oilcrops,Import,0.0,0.0,0.0,0.0,0.0,0.0,0.0,0.0,0.0,0.0,0.0,0.0,0.0,0.0,0.0,0.0,0.0,0.0
4846,Netherlands Antilles,Treenuts,Human Consumption,0.0,0.0,0.0,0.0,0.0,0.0,0.0,0.0,0.0,0.0,0.0,0.0,0.0,0.0,0.0,0.0,0.0,0.0
4847,Netherlands Antilles,Treenuts,Losses,0.0,0.0,0.0,0.0,0.0,0.0,0.0,0.0,0.0,0.0,0.0,0.0,0.0,0.0,0.0,0.0,0.0,0.0
4848,Netherlands Antilles,Vegetable Oils,Export,0.0,0.0,0.0,0.0,0.0,0.0,0.0,0.0,0.0,0.0,0.0,0.0,0.0,0.0,0.0,0.0,0.0,0.0
4849,Netherlands Antilles,Treenuts,Domestic supply,0.0,0.0,0.0,0.0,0.0,0.0,0.0,0.0,0.0,0.0,0.0,0.0,0.0,0.0,0.0,0.0,0.0,0.0
4850,Netherlands Antilles,Pulses,Human Consumption,0.0,0.0,0.0,0.0,0.0,0.0,0.0,0.0,0.0,0.0,0.0,0.0,0.0,0.0,0.0,0.0,0.0,0.0
4851,Netherlands Antilles,Pulses,Losses,0.0,0.0,0.0,0.0,0.0,0.0,0.0,0.0,0.0,0.0,0.0,0.0,0.0,0.0,0.0,0.0,0.0,0.0
4852,Netherlands Antilles,Pulses,Domestic supply,1.0,0.0,0.0,0.0,0.0,0.0,0.0,0.0,0.0,0.0,0.0,0.0,0.0,0.0,0.0,0.0,0.0,0.0
4853,Netherlands Antilles,Pulses,Import,1.0,0.0,0.0,0.0,0.0,0.0,0.0,0.0,0.0,0.0,0.0,0.0,0.0,0.0,0.0,0.0,0.0,0.0
4854,Netherlands Antilles,Sugar & Sweeteners,Human Consumption,9.0,8.0,10.0,10.0,12.0,11.0,10.0,10.0,11.0,12.0,13.0,0.0,0.0,0.0,0.0,0.0,0.0,0.0
4855,Netherlands Antilles,Sugar & Sweeteners,Other uses (non-food),2.0,3.0,6.0,8.0,10.0,10.0,12.0,10.0,11.0,8.0,7.0,0.0,0.0,0.0,0.0,0.0,0.0,0.0
4856,Netherlands Antilles,Sugar & Sweeteners,Domestic supply,10.0,11.0,17.0,18.0,22.0,21.0,22.0,21.0,22.0,20.0,19.0,0.0,0.0,0.0,0.0,0.0,0.0,0.0
4857,Netherlands Antilles,Sugar & Sweeteners,Export,25.0,16.0,27.0,13.0,10.0,4.0,9.0,5.0,4.0,2.0,0.0,0.0,0.0,0.0,0.0,0.0,0.0,0.0
4858,Netherlands Antilles,Sugar & Sweeteners,Stock Variation,15.0,15.0,1.0,-7.0,0.0,-8.0,5.0,0.0,3.0,3.0,0.0,0.0,0.0,0.0,0.0,0.0,0.0,0.0
4859,Netherlands Antilles,Sugar & Sweeteners,Import,20.0,12.0,42.0,38.0,32.0,33.0,27.0,26.0,22.0,19.0,20.0,0.0,0.0,0.0,0.0,0.0,0.0,0.0
4860,Netherlands Antilles,Vegetable Oils,Human Consumption,1.0,1.0,1.0,1.0,1.0,1.0,1.0,1.0,1.0,1.0,1.0,0.0,0.0,0.0,0.0,0.0,0.0,0.0
4861,Netherlands Antilles,Vegetable Oils,Other uses (non-food),0.0,0.0,0.0,0.0,0.0,0.0,1.0,0.0,0.0,1.0,1.0,0.0,0.0,0.0,0.0,0.0,0.0,0.0
4862,Netherlands Antilles,Treenuts,Import,0.0,0.0,0.0,0.0,0.0,0.0,0.0,0.0,0.0,0.0,0.0,0.0,0.0,0.0,0.0,0.0,0.0,0.0
4863,Netherlands Antilles,Alcoholic Beverages,Other uses (non-food),8.0,5.0,6.0,4.0,5.0,4.0,4.0,4.0,4.0,4.0,2.0,0.0,0.0,0.0,0.0,0.0,0.0,0.0
4864,Netherlands Antilles,Alcoholic Beverages,Domestic supply,35.0,26.0,26.0,27.0,28.0,26.0,37.0,42.0,44.0,43.0,40.0,0.0,0.0,0.0,0.0,0.0,0.0,0.0
4865,Netherlands Antilles,Alcoholic Beverages,Export,0.0,0.0,0.0,0.0,0.0,0.0,0.0,0.0,0.0,0.0,0.0,0.0,0.0,0.0,0.0,0.0,0.0,0.0
4866,Netherlands Antilles,Milk - Excluding Butter,Production,0.0,0.0,0.0,0.0,0.0,0.0,0.0,0.0,0.0,0.0,0.0,0.0,0.0,0.0,0.0,0.0,0.0,0.0
4867,Netherlands Antilles,Eggs,Human Consumption,0.0,0.0,1.0,1.0,1.0,1.0,1.0,1.0,1.0,1.0,1.0,0.0,0.0,0.0,0.0,0.0,0.0,0.0
4868,Netherlands Antilles,Eggs,Losses,0.0,0.0,0.0,0.0,0.0,0.0,0.0,0.0,0.0,0.0,0.0,0.0,0.0,0.0,0.0,0.0,0.0,0.0
4869,Netherlands Antilles,Eggs,Seed,0.0,0.0,0.0,0.0,0.0,0.0,0.0,0.0,0.0,0.0,0.0,0.0,0.0,0.0,0.0,0.0,0.0,0.0
4870,Netherlands Antilles,Eggs,Domestic supply,1.0,1.0,1.0,1.0,1.0,1.0,1.0,1.0,1.0,1.0,1.0,0.0,0.0,0.0,0.0,0.0,0.0,0.0
4871,Netherlands Antilles,Eggs,Import,0.0,0.0,0.0,0.0,0.0,0.0,0.0,0.0,1.0,0.0,0.0,0.0,0.0,0.0,0.0,0.0,0.0,0.0
4872,Netherlands Antilles,Eggs,Production,0.0,0.0,1.0,0.0,0.0,1.0,1.0,1.0,1.0,1.0,1.0,0.0,0.0,0.0,0.0,0.0,0.0,0.0
4873,Netherlands Antilles,"Fish, Seafood",Human Consumption,4.0,4.0,3.0,4.0,4.0,4.0,5.0,5.0,5.0,6.0,5.0,0.0,0.0,0.0,0.0,0.0,0.0,0.0
4874,Netherlands Antilles,"Fish, Seafood",Other uses (non-food),11.0,13.0,5.0,10.0,4.0,1.0,3.0,2.0,6.0,2.0,5.0,0.0,0.0,0.0,0.0,0.0,0.0,0.0
4875,Netherlands Antilles,"Fish, Seafood",Feed,1.0,0.0,0.0,0.0,0.0,0.0,0.0,0.0,0.0,0.0,0.0,0.0,0.0,0.0,0.0,0.0,0.0,0.0
4876,Netherlands Antilles,"Fish, Seafood",Domestic supply,16.0,18.0,8.0,14.0,8.0,5.0,8.0,6.0,11.0,8.0,10.0,0.0,0.0,0.0,0.0,0.0,0.0,0.0
4877,Netherlands Antilles,"Fish, Seafood",Export,8.0,9.0,7.0,9.0,10.0,2.0,3.0,2.0,11.0,17.0,14.0,0.0,0.0,0.0,0.0,0.0,0.0,0.0
4878,Netherlands Antilles,Milk - Excluding Butter,Import,48.0,49.0,40.0,31.0,25.0,25.0,24.0,22.0,21.0,23.0,22.0,0.0,0.0,0.0,0.0,0.0,0.0,0.0
4879,Netherlands Antilles,"Fish, Seafood",Stock Variation,0.0,0.0,0.0,0.0,-2.0,3.0,0.0,0.0,0.0,0.0,0.0,0.0,0.0,0.0,0.0,0.0,0.0,0.0
4880,Netherlands Antilles,"Fish, Seafood",Production,20.0,23.0,13.0,20.0,17.0,1.0,6.0,4.0,17.0,19.0,18.0,0.0,0.0,0.0,0.0,0.0,0.0,0.0
4881,Netherlands Antilles,"Aquatic Products, Other",Human Consumption,0.0,0.0,0.0,0.0,0.0,0.0,0.0,0.0,0.0,0.0,0.0,0.0,0.0,0.0,0.0,0.0,0.0,0.0
4882,Netherlands Antilles,"Aquatic Products, Other",Other uses (non-food),0.0,0.0,0.0,0.0,0.0,0.0,0.0,0.0,0.0,0.0,0.0,0.0,0.0,0.0,0.0,0.0,0.0,0.0
4883,Netherlands Antilles,"Aquatic Products, Other",Domestic supply,0.0,0.0,0.0,0.0,0.0,0.0,0.0,0.0,0.0,0.0,0.0,0.0,0.0,0.0,0.0,0.0,0.0,0.0
4884,Netherlands Antilles,"Aquatic Products, Other",Import,0.0,0.0,0.0,0.0,0.0,0.0,0.0,0.0,0.0,0.0,0.0,0.0,0.0,0.0,0.0,0.0,0.0,0.0
4885,Netherlands Antilles,Cereals - Excluding Beer,Human Consumption,22.0,24.0,24.0,24.0,24.0,25.0,25.0,26.0,26.0,26.0,25.0,0.0,0.0,0.0,0.0,0.0,0.0,0.0
4886,Netherlands Antilles,Cereals - Excluding Beer,Other uses (non-food),0.0,0.0,0.0,1.0,1.0,1.0,1.0,0.0,0.0,0.0,0.0,0.0,0.0,0.0,0.0,0.0,0.0,0.0
4887,Netherlands Antilles,Cereals - Excluding Beer,Processing,5.0,3.0,3.0,3.0,2.0,1.0,3.0,3.0,3.0,3.0,3.0,0.0,0.0,0.0,0.0,0.0,0.0,0.0
4888,Netherlands Antilles,Cereals - Excluding Beer,Losses,1.0,2.0,2.0,2.0,1.0,1.0,1.0,1.0,1.0,1.0,1.0,0.0,0.0,0.0,0.0,0.0,0.0,0.0
4889,Netherlands Antilles,Cereals - Excluding Beer,Feed,1.0,0.0,1.0,18.0,1.0,1.0,0.0,0.0,0.0,1.0,1.0,0.0,0.0,0.0,0.0,0.0,0.0,0.0
4890,Netherlands Antilles,Cereals - Excluding Beer,Domestic supply,29.0,29.0,29.0,48.0,29.0,29.0,30.0,30.0,30.0,31.0,30.0,0.0,0.0,0.0,0.0,0.0,0.0,0.0
4891,Netherlands Antilles,Cereals - Excluding Beer,Export,11.0,3.0,1.0,6.0,1.0,1.0,0.0,0.0,0.0,0.0,0.0,0.0,0.0,0.0,0.0,0.0,0.0,0.0
4892,Netherlands Antilles,"Fish, Seafood",Import,4.0,3.0,2.0,3.0,3.0,4.0,5.0,5.0,6.0,6.0,6.0,0.0,0.0,0.0,0.0,0.0,0.0,0.0
4893,Netherlands Antilles,Milk - Excluding Butter,Stock Variation,5.0,2.0,11.0,15.0,15.0,15.0,16.0,15.0,16.0,15.0,16.0,0.0,0.0,0.0,0.0,0.0,0.0,0.0
4894,Netherlands Antilles,Milk - Excluding Butter,Export,0.0,0.0,3.0,0.0,0.0,0.0,0.0,0.0,0.0,0.0,0.0,0.0,0.0,0.0,0.0,0.0,0.0,0.0
4895,Netherlands Antilles,Milk - Excluding Butter,Domestic supply,53.0,51.0,48.0,46.0,40.0,40.0,41.0,37.0,37.0,38.0,38.0,0.0,0.0,0.0,0.0,0.0,0.0,0.0
4896,Netherlands Antilles,Alcoholic Beverages,Stock Variation,0.0,0.0,0.0,0.0,-7.0,3.0,-7.0,1.0,1.0,7.0,0.0,0.0,0.0,0.0,0.0,0.0,0.0,0.0
4897,Netherlands Antilles,Alcoholic Beverages,Import,19.0,18.0,18.0,17.0,29.0,19.0,31.0,27.0,29.0,22.0,26.0,0.0,0.0,0.0,0.0,0.0,0.0,0.0
4898,Netherlands Antilles,Alcoholic Beverages,Production,15.0,8.0,8.0,10.0,5.0,4.0,13.0,14.0,14.0,14.0,14.0,0.0,0.0,0.0,0.0,0.0,0.0,0.0
4899,Netherlands Antilles,Miscellaneous,Human Consumption,1.0,1.0,0.0,0.0,0.0,0.0,0.0,0.0,0.0,0.0,0.0,0.0,0.0,0.0,0.0,0.0,0.0,0.0
4900,Netherlands Antilles,Miscellaneous,Domestic supply,1.0,1.0,0.0,0.0,0.0,0.0,0.0,0.0,0.0,0.0,0.0,0.0,0.0,0.0,0.0,0.0,0.0,0.0
4901,Netherlands Antilles,Miscellaneous,Import,1.0,1.0,0.0,0.0,0.0,0.0,0.0,0.0,0.0,0.0,0.0,0.0,0.0,0.0,0.0,0.0,0.0,0.0
4902,Netherlands Antilles,Meat,Human Consumption,17.0,17.0,16.0,15.0,16.0,17.0,16.0,16.0,18.0,19.0,21.0,0.0,0.0,0.0,0.0,0.0,0.0,0.0
4903,Netherlands Antilles,Meat,Other uses (non-food),2.0,2.0,1.0,1.0,1.0,2.0,1.0,1.0,2.0,2.0,2.0,0.0,0.0,0.0,0.0,0.0,0.0,0.0
4904,Netherlands Antilles,Meat,Domestic supply,19.0,18.0,17.0,16.0,17.0,18.0,18.0,17.0,19.0,21.0,23.0,0.0,0.0,0.0,0.0,0.0,0.0,0.0
4905,Netherlands Antilles,Meat,Export,0.0,0.0,1.0,0.0,0.0,0.0,0.0,0.0,0.0,0.0,0.0,0.0,0.0,0.0,0.0,0.0,0.0,0.0
4906,Netherlands Antilles,Meat,Import,18.0,17.0,17.0,16.0,17.0,18.0,17.0,17.0,19.0,20.0,22.0,0.0,0.0,0.0,0.0,0.0,0.0,0.0
4907,Netherlands Antilles,Meat,Production,1.0,1.0,1.0,1.0,1.0,1.0,1.0,1.0,1.0,1.0,1.0,0.0,0.0,0.0,0.0,0.0,0.0,0.0
4908,Netherlands Antilles,Offals,Human Consumption,0.0,0.0,0.0,0.0,0.0,1.0,1.0,1.0,1.0,1.0,0.0,0.0,0.0,0.0,0.0,0.0,0.0,0.0
4909,Netherlands Antilles,Offals,Domestic supply,0.0,0.0,0.0,0.0,0.0,1.0,1.0,1.0,1.0,1.0,0.0,0.0,0.0,0.0,0.0,0.0,0.0,0.0
4910,Netherlands Antilles,Offals,Export,0.0,0.0,0.0,0.0,0.0,0.0,0.0,0.0,0.0,0.0,0.0,0.0,0.0,0.0,0.0,0.0,0.0,0.0
4911,Netherlands Antilles,Offals,Import,0.0,0.0,0.0,0.0,0.0,1.0,1.0,1.0,1.0,1.0,0.0,0.0,0.0,0.0,0.0,0.0,0.0,0.0
4912,Netherlands Antilles,Offals,Production,0.0,0.0,0.0,0.0,0.0,0.0,0.0,0.0,0.0,0.0,0.0,0.0,0.0,0.0,0.0,0.0,0.0,0.0
4913,Netherlands Antilles,Animal fats,Human Consumption,1.0,1.0,1.0,1.0,0.0,1.0,1.0,1.0,1.0,1.0,1.0,0.0,0.0,0.0,0.0,0.0,0.0,0.0
4914,Netherlands Antilles,Animal fats,Other uses (non-food),0.0,0.0,0.0,0.0,0.0,0.0,0.0,0.0,0.0,0.0,0.0,0.0,0.0,0.0,0.0,0.0,0.0,0.0
4915,Netherlands Antilles,Animal fats,Domestic supply,1.0,1.0,1.0,1.0,-3.0,1.0,1.0,1.0,1.0,1.0,1.0,0.0,0.0,0.0,0.0,0.0,0.0,0.0
4916,Netherlands Antilles,Animal fats,Export,0.0,0.0,0.0,0.0,4.0,0.0,0.0,0.0,0.0,0.0,0.0,0.0,0.0,0.0,0.0,0.0,0.0,0.0
4917,Netherlands Antilles,Animal fats,Stock Variation,0.0,0.0,0.0,0.0,0.0,0.0,0.0,0.0,0.0,0.0,-1.0,0.0,0.0,0.0,0.0,0.0,0.0,0.0
4918,Netherlands Antilles,Animal fats,Import,1.0,1.0,1.0,1.0,1.0,1.0,1.0,1.0,1.0,1.0,2.0,0.0,0.0,0.0,0.0,0.0,0.0,0.0
4919,Netherlands Antilles,Animal fats,Production,0.0,0.0,0.0,0.0,0.0,0.0,0.0,0.0,0.0,0.0,0.0,0.0,0.0,0.0,0.0,0.0,0.0,0.0
4920,Netherlands Antilles,Milk - Excluding Butter,Human Consumption,47.0,45.0,43.0,40.0,35.0,35.0,36.0,32.0,33.0,31.0,33.0,0.0,0.0,0.0,0.0,0.0,0.0,0.0
4921,Netherlands Antilles,Milk - Excluding Butter,Other uses (non-food),6.0,6.0,6.0,6.0,5.0,5.0,5.0,5.0,5.0,7.0,5.0,0.0,0.0,0.0,0.0,0.0,0.0,0.0
4922,Netherlands Antilles,Milk - Excluding Butter,Losses,0.0,0.0,0.0,0.0,0.0,0.0,0.0,0.0,0.0,0.0,0.0,0.0,0.0,0.0,0.0,0.0,0.0,0.0
4923,Netherlands Antilles,Cereals - Excluding Beer,Import,38.0,36.0,35.0,52.0,31.0,24.0,27.0,34.0,30.0,32.0,31.0,0.0,0.0,0.0,0.0,0.0,0.0,0.0
4924,Netherlands Antilles,Oilcrops,Human Consumption,0.0,0.0,0.0,0.0,0.0,0.0,0.0,0.0,0.0,0.0,0.0,0.0,0.0,0.0,0.0,0.0,0.0,0.0
4925,Netherlands Antilles,Oilcrops,Other uses (non-food),0.0,0.0,0.0,0.0,0.0,0.0,0.0,0.0,0.0,0.0,0.0,0.0,0.0,0.0,0.0,0.0,0.0,0.0
4926,Netherlands Antilles,Meat,Export,0.0,0.0,1.0,0.0,0.0,0.0,0.0,0.0,0.0,0.0,0.0,0.0,0.0,0.0,0.0,0.0,0.0,0.0
4927,Netherlands Antilles,Spices,Stock Variation,0.0,0.0,0.0,0.0,0.0,0.0,0.0,0.0,0.0,0.0,0.0,0.0,0.0,0.0,0.0,0.0,0.0,0.0
4928,Netherlands Antilles,Spices,Import,0.0,0.0,0.0,0.0,0.0,0.0,0.0,3.0,3.0,3.0,3.0,0.0,0.0,0.0,0.0,0.0,0.0,0.0
4929,Netherlands Antilles,Alcoholic Beverages,Human Consumption,27.0,21.0,21.0,23.0,22.0,22.0,33.0,38.0,40.0,38.0,39.0,0.0,0.0,0.0,0.0,0.0,0.0,0.0
4930,Netherlands Antilles,Alcoholic Beverages,Other uses (non-food),8.0,5.0,6.0,4.0,5.0,4.0,4.0,4.0,4.0,4.0,2.0,0.0,0.0,0.0,0.0,0.0,0.0,0.0
4931,Netherlands Antilles,Alcoholic Beverages,Domestic supply,35.0,26.0,26.0,27.0,28.0,26.0,37.0,42.0,44.0,43.0,40.0,0.0,0.0,0.0,0.0,0.0,0.0,0.0
4932,Netherlands Antilles,Alcoholic Beverages,Export,0.0,0.0,0.0,0.0,0.0,0.0,0.0,0.0,0.0,0.0,0.0,0.0,0.0,0.0,0.0,0.0,0.0,0.0
4933,Netherlands Antilles,Alcoholic Beverages,Stock Variation,0.0,0.0,0.0,0.0,-7.0,3.0,-7.0,1.0,1.0,7.0,0.0,0.0,0.0,0.0,0.0,0.0,0.0,0.0
4934,Netherlands Antilles,Alcoholic Beverages,Import,19.0,18.0,18.0,17.0,29.0,19.0,31.0,27.0,29.0,22.0,26.0,0.0,0.0,0.0,0.0,0.0,0.0,0.0
4935,Netherlands Antilles,Alcoholic Beverages,Production,15.0,8.0,8.0,10.0,5.0,4.0,13.0,14.0,14.0,14.0,14.0,0.0,0.0,0.0,0.0,0.0,0.0,0.0
4936,Netherlands Antilles,Miscellaneous,Human Consumption,1.0,1.0,0.0,0.0,0.0,0.0,0.0,0.0,0.0,0.0,0.0,0.0,0.0,0.0,0.0,0.0,0.0,0.0
4937,Netherlands Antilles,Miscellaneous,Domestic supply,1.0,1.0,0.0,0.0,0.0,0.0,0.0,0.0,0.0,0.0,0.0,0.0,0.0,0.0,0.0,0.0,0.0,0.0
4938,Netherlands Antilles,Miscellaneous,Import,1.0,1.0,0.0,0.0,0.0,0.0,0.0,0.0,0.0,0.0,0.0,0.0,0.0,0.0,0.0,0.0,0.0,0.0
4939,Netherlands Antilles,Meat,Human Consumption,17.0,17.0,16.0,15.0,16.0,17.0,16.0,16.0,18.0,19.0,21.0,0.0,0.0,0.0,0.0,0.0,0.0,0.0
4940,Netherlands Antilles,Meat,Other uses (non-food),2.0,2.0,1.0,1.0,1.0,2.0,1.0,1.0,2.0,2.0,2.0,0.0,0.0,0.0,0.0,0.0,0.0,0.0
4941,Netherlands Antilles,Meat,Domestic supply,19.0,18.0,17.0,16.0,17.0,18.0,18.0,17.0,19.0,21.0,23.0,0.0,0.0,0.0,0.0,0.0,0.0,0.0
4942,Netherlands Antilles,Sugar & Sweeteners,Domestic supply,10.0,11.0,17.0,18.0,22.0,21.0,22.0,21.0,22.0,20.0,19.0,0.0,0.0,0.0,0.0,0.0,0.0,0.0
4943,Netherlands Antilles,Meat,Import,18.0,17.0,17.0,16.0,17.0,18.0,17.0,17.0,19.0,20.0,22.0,0.0,0.0,0.0,0.0,0.0,0.0,0.0
4944,Netherlands Antilles,Meat,Production,1.0,1.0,1.0,1.0,1.0,1.0,1.0,1.0,1.0,1.0,1.0,0.0,0.0,0.0,0.0,0.0,0.0,0.0
4945,Netherlands Antilles,Offals,Human Consumption,0.0,0.0,0.0,0.0,0.0,1.0,1.0,1.0,1.0,1.0,0.0,0.0,0.0,0.0,0.0,0.0,0.0,0.0
4946,Netherlands Antilles,Offals,Domestic supply,0.0,0.0,0.0,0.0,0.0,1.0,1.0,1.0,1.0,1.0,0.0,0.0,0.0,0.0,0.0,0.0,0.0,0.0
4947,Netherlands Antilles,Offals,Export,0.0,0.0,0.0,0.0,0.0,0.0,0.0,0.0,0.0,0.0,0.0,0.0,0.0,0.0,0.0,0.0,0.0,0.0
4948,Netherlands Antilles,Offals,Import,0.0,0.0,0.0,0.0,0.0,1.0,1.0,1.0,1.0,1.0,0.0,0.0,0.0,0.0,0.0,0.0,0.0,0.0
4949,Netherlands Antilles,Offals,Production,0.0,0.0,0.0,0.0,0.0,0.0,0.0,0.0,0.0,0.0,0.0,0.0,0.0,0.0,0.0,0.0,0.0,0.0
4950,Netherlands Antilles,Animal fats,Human Consumption,1.0,1.0,1.0,1.0,0.0,1.0,1.0,1.0,1.0,1.0,1.0,0.0,0.0,0.0,0.0,0.0,0.0,0.0
4951,Netherlands Antilles,Animal fats,Other uses (non-food),0.0,0.0,0.0,0.0,0.0,0.0,0.0,0.0,0.0,0.0,0.0,0.0,0.0,0.0,0.0,0.0,0.0,0.0
4952,Netherlands Antilles,Animal fats,Domestic supply,1.0,1.0,1.0,1.0,-3.0,1.0,1.0,1.0,1.0,1.0,1.0,0.0,0.0,0.0,0.0,0.0,0.0,0.0
4953,Netherlands Antilles,Animal fats,Export,0.0,0.0,0.0,0.0,4.0,0.0,0.0,0.0,0.0,0.0,0.0,0.0,0.0,0.0,0.0,0.0,0.0,0.0
4954,Netherlands Antilles,Spices,Export,0.0,0.0,0.0,0.0,0.0,0.0,0.0,0.0,0.0,0.0,0.0,0.0,0.0,0.0,0.0,0.0,0.0,0.0
4955,Netherlands Antilles,Animal fats,Stock Variation,0.0,0.0,0.0,0.0,0.0,0.0,0.0,0.0,0.0,0.0,-1.0,0.0,0.0,0.0,0.0,0.0,0.0,0.0
4956,Netherlands Antilles,Spices,Domestic supply,0.0,0.0,0.0,0.0,0.0,0.0,0.0,3.0,3.0,3.0,3.0,0.0,0.0,0.0,0.0,0.0,0.0,0.0
4957,Netherlands Antilles,Spices,Human Consumption,0.0,0.0,0.0,0.0,0.0,0.0,0.0,0.0,0.0,0.0,0.0,0.0,0.0,0.0,0.0,0.0,0.0,0.0
4958,Netherlands Antilles,Sugar & Sweeteners,Import,20.0,12.0,42.0,38.0,32.0,33.0,27.0,26.0,22.0,19.0,20.0,0.0,0.0,0.0,0.0,0.0,0.0,0.0
4959,Netherlands Antilles,Vegetable Oils,Human Consumption,1.0,1.0,1.0,1.0,1.0,1.0,1.0,1.0,1.0,1.0,1.0,0.0,0.0,0.0,0.0,0.0,0.0,0.0
4960,Netherlands Antilles,Vegetable Oils,Other uses (non-food),0.0,0.0,0.0,0.0,0.0,0.0,1.0,0.0,0.0,1.0,1.0,0.0,0.0,0.0,0.0,0.0,0.0,0.0
4961,Netherlands Antilles,Vegetable Oils,Domestic supply,2.0,1.0,1.0,1.0,2.0,2.0,2.0,2.0,1.0,2.0,2.0,0.0,0.0,0.0,0.0,0.0,0.0,0.0
4962,Netherlands Antilles,Vegetable Oils,Export,0.0,0.0,0.0,0.0,0.0,0.0,0.0,0.0,0.0,0.0,0.0,0.0,0.0,0.0,0.0,0.0,0.0,0.0
4963,Netherlands Antilles,Vegetable Oils,Stock Variation,0.0,0.0,0.0,0.0,0.0,0.0,0.0,0.0,0.0,0.0,0.0,0.0,0.0,0.0,0.0,0.0,0.0,0.0
4964,Netherlands Antilles,Vegetable Oils,Import,2.0,1.0,1.0,2.0,2.0,2.0,2.0,2.0,1.0,2.0,2.0,0.0,0.0,0.0,0.0,0.0,0.0,0.0
4965,Netherlands Antilles,Vegetables,Human Consumption,11.0,12.0,11.0,10.0,9.0,7.0,9.0,15.0,8.0,8.0,8.0,0.0,0.0,0.0,0.0,0.0,0.0,0.0
4966,Netherlands Antilles,Vegetables,Other uses (non-food),0.0,0.0,0.0,0.0,0.0,0.0,0.0,0.0,0.0,0.0,0.0,0.0,0.0,0.0,0.0,0.0,0.0,0.0
4967,Netherlands Antilles,Vegetables,Losses,0.0,0.0,0.0,0.0,1.0,0.0,1.0,0.0,0.0,0.0,0.0,0.0,0.0,0.0,0.0,0.0,0.0,0.0
4968,Netherlands Antilles,Vegetables,Domestic supply,12.0,12.0,11.0,11.0,9.0,8.0,10.0,15.0,8.0,8.0,8.0,0.0,0.0,0.0,0.0,0.0,0.0,0.0
4969,Netherlands Antilles,Vegetables,Export,0.0,0.0,0.0,0.0,0.0,0.0,0.0,0.0,0.0,0.0,0.0,0.0,0.0,0.0,0.0,0.0,0.0,0.0
4970,Netherlands Antilles,Vegetables,Stock Variation,-5.0,-5.0,-5.0,4.0,1.0,2.0,1.0,0.0,0.0,4.0,0.0,0.0,0.0,0.0,0.0,0.0,0.0,0.0
4971,Netherlands Antilles,Vegetables,Import,17.0,18.0,16.0,7.0,8.0,6.0,8.0,15.0,8.0,5.0,8.0,0.0,0.0,0.0,0.0,0.0,0.0,0.0
4972,Netherlands Antilles,Fruits - Excluding Wine,Human Consumption,9.0,10.0,9.0,13.0,12.0,13.0,13.0,13.0,13.0,13.0,13.0,0.0,0.0,0.0,0.0,0.0,0.0,0.0
4973,Netherlands Antilles,Fruits - Excluding Wine,Other uses (non-food),0.0,0.0,0.0,0.0,0.0,1.0,1.0,1.0,1.0,1.0,1.0,0.0,0.0,0.0,0.0,0.0,0.0,0.0
4974,Netherlands Antilles,Fruits - Excluding Wine,Losses,1.0,1.0,1.0,1.0,1.0,1.0,1.0,1.0,1.0,1.0,1.0,0.0,0.0,0.0,0.0,0.0,0.0,0.0
4975,Netherlands Antilles,Fruits - Excluding Wine,Domestic supply,10.0,11.0,10.0,14.0,14.0,14.0,14.0,14.0,14.0,15.0,14.0,0.0,0.0,0.0,0.0,0.0,0.0,0.0
4976,Netherlands Antilles,Fruits - Excluding Wine,Export,0.0,0.0,0.0,0.0,0.0,0.0,0.0,0.0,0.0,0.0,0.0,0.0,0.0,0.0,0.0,0.0,0.0,0.0
4977,Netherlands Antilles,Fruits - Excluding Wine,Stock Variation,0.0,0.0,0.0,0.0,0.0,0.0,0.0,-1.0,0.0,0.0,0.0,0.0,0.0,0.0,0.0,0.0,0.0,0.0
4978,Netherlands Antilles,Fruits - Excluding Wine,Import,10.0,11.0,10.0,14.0,14.0,14.0,14.0,15.0,14.0,15.0,14.0,0.0,0.0,0.0,0.0,0.0,0.0,0.0
4979,Netherlands Antilles,Stimulants,Human Consumption,1.0,1.0,1.0,1.0,2.0,3.0,1.0,3.0,2.0,2.0,2.0,0.0,0.0,0.0,0.0,0.0,0.0,0.0
4980,Netherlands Antilles,Stimulants,Other uses (non-food),0.0,0.0,0.0,0.0,0.0,0.0,0.0,0.0,0.0,0.0,0.0,0.0,0.0,0.0,0.0,0.0,0.0,0.0
4981,Netherlands Antilles,Stimulants,Domestic supply,1.0,1.0,1.0,2.0,2.0,3.0,1.0,3.0,2.0,2.0,2.0,0.0,0.0,0.0,0.0,0.0,0.0,0.0
4982,Netherlands Antilles,Stimulants,Export,0.0,0.0,0.0,0.0,0.0,0.0,0.0,0.0,0.0,0.0,0.0,0.0,0.0,0.0,0.0,0.0,0.0,0.0
4983,Netherlands Antilles,Stimulants,Stock Variation,0.0,0.0,0.0,0.0,0.0,0.0,0.0,0.0,0.0,0.0,0.0,0.0,0.0,0.0,0.0,0.0,0.0,0.0
4984,Netherlands Antilles,Stimulants,Import,1.0,1.0,1.0,2.0,2.0,3.0,1.0,3.0,2.0,2.0,2.0,0.0,0.0,0.0,0.0,0.0,0.0,0.0
4985,Netherlands Antilles,Spices,Other uses (non-food),0.0,0.0,0.0,0.0,0.0,0.0,0.0,2.0,2.0,2.0,2.0,0.0,0.0,0.0,0.0,0.0,0.0,0.0
4986,Netherlands Antilles,Animal fats,Import,1.0,1.0,1.0,1.0,1.0,1.0,1.0,1.0,1.0,1.0,2.0,0.0,0.0,0.0,0.0,0.0,0.0,0.0
4987,Netherlands Antilles,Animal fats,Production,0.0,0.0,0.0,0.0,0.0,0.0,0.0,0.0,0.0,0.0,0.0,0.0,0.0,0.0,0.0,0.0,0.0,0.0
4988,Netherlands Antilles,Milk - Excluding Butter,Human Consumption,47.0,45.0,43.0,40.0,35.0,35.0,36.0,32.0,33.0,31.0,33.0,0.0,0.0,0.0,0.0,0.0,0.0,0.0
4989,Netherlands Antilles,Cereals - Excluding Beer,Domestic supply,29.0,29.0,29.0,48.0,29.0,29.0,30.0,30.0,30.0,31.0,30.0,0.0,0.0,0.0,0.0,0.0,0.0,0.0
4990,Netherlands Antilles,Cereals - Excluding Beer,Export,11.0,3.0,1.0,6.0,1.0,1.0,0.0,0.0,0.0,0.0,0.0,0.0,0.0,0.0,0.0,0.0,0.0,0.0
4991,Netherlands Antilles,Cereals - Excluding Beer,Stock Variation,2.0,-4.0,-5.0,1.0,-1.0,6.0,3.0,-4.0,0.0,-1.0,-1.0,0.0,0.0,0.0,0.0,0.0,0.0,0.0
4992,Netherlands Antilles,Cereals - Excluding Beer,Import,38.0,36.0,35.0,52.0,31.0,24.0,27.0,34.0,30.0,32.0,31.0,0.0,0.0,0.0,0.0,0.0,0.0,0.0
4993,Netherlands Antilles,Sugar & Sweeteners,Other uses (non-food),2.0,3.0,6.0,8.0,10.0,10.0,12.0,10.0,11.0,8.0,7.0,0.0,0.0,0.0,0.0,0.0,0.0,0.0
4994,Netherlands Antilles,Sugar & Sweeteners,Human Consumption,9.0,8.0,10.0,10.0,12.0,11.0,10.0,10.0,11.0,12.0,13.0,0.0,0.0,0.0,0.0,0.0,0.0,0.0
4995,Netherlands Antilles,Pulses,Import,1.0,0.0,0.0,0.0,0.0,0.0,0.0,0.0,0.0,0.0,0.0,0.0,0.0,0.0,0.0,0.0,0.0,0.0
4996,Netherlands Antilles,Pulses,Domestic supply,1.0,0.0,0.0,0.0,0.0,0.0,0.0,0.0,0.0,0.0,0.0,0.0,0.0,0.0,0.0,0.0,0.0,0.0
4997,Netherlands Antilles,Pulses,Losses,0.0,0.0,0.0,0.0,0.0,0.0,0.0,0.0,0.0,0.0,0.0,0.0,0.0,0.0,0.0,0.0,0.0,0.0
4998,Netherlands Antilles,Pulses,Human Consumption,0.0,0.0,0.0,0.0,0.0,0.0,0.0,0.0,0.0,0.0,0.0,0.0,0.0,0.0,0.0,0.0,0.0,0.0
4999,Netherlands Antilles,Treenuts,Import,0.0,0.0,0.0,0.0,0.0,0.0,0.0,0.0,0.0,0.0,0.0,0.0,0.0,0.0,0.0,0.0,0.0,0.0
5000,Netherlands Antilles,Treenuts,Domestic supply,0.0,0.0,0.0,0.0,0.0,0.0,0.0,0.0,0.0,0.0,0.0,0.0,0.0,0.0,0.0,0.0,0.0,0.0
5001,Netherlands Antilles,Treenuts,Losses,0.0,0.0,0.0,0.0,0.0,0.0,0.0,0.0,0.0,0.0,0.0,0.0,0.0,0.0,0.0,0.0,0.0,0.0
5002,Netherlands Antilles,Treenuts,Human Consumption,0.0,0.0,0.0,0.0,0.0,0.0,0.0,0.0,0.0,0.0,0.0,0.0,0.0,0.0,0.0,0.0,0.0,0.0
5003,Netherlands Antilles,Oilcrops,Import,0.0,0.0,0.0,0.0,0.0,0.0,0.0,0.0,0.0,0.0,0.0,0.0,0.0,0.0,0.0,0.0,0.0,0.0
5004,Netherlands Antilles,Oilcrops,Stock Variation,0.0,0.0,0.0,0.0,0.0,0.0,0.0,0.0,0.0,0.0,0.0,0.0,0.0,0.0,0.0,0.0,0.0,0.0
5005,Netherlands Antilles,Oilcrops,Export,0.0,0.0,0.0,0.0,0.0,0.0,0.0,0.0,0.0,0.0,0.0,0.0,0.0,0.0,0.0,0.0,0.0,0.0
5006,Netherlands Antilles,Oilcrops,Domestic supply,0.0,0.0,0.0,0.0,0.0,0.0,0.0,0.0,0.0,0.0,0.0,0.0,0.0,0.0,0.0,0.0,0.0,0.0
5007,Netherlands Antilles,Oilcrops,Losses,0.0,0.0,0.0,0.0,0.0,0.0,0.0,0.0,0.0,0.0,0.0,0.0,0.0,0.0,0.0,0.0,0.0,0.0
5008,Netherlands Antilles,Oilcrops,Human Consumption,0.0,0.0,0.0,0.0,0.0,0.0,0.0,0.0,0.0,0.0,0.0,0.0,0.0,0.0,0.0,0.0,0.0,0.0
5009,Netherlands Antilles,Starchy Roots,Import,10.0,9.0,10.0,10.0,9.0,9.0,9.0,9.0,9.0,9.0,8.0,0.0,0.0,0.0,0.0,0.0,0.0,0.0
5010,Netherlands Antilles,Starchy Roots,Stock Variation,0.0,0.0,0.0,0.0,0.0,0.0,0.0,0.0,0.0,0.0,0.0,0.0,0.0,0.0,0.0,0.0,0.0,0.0
5011,Netherlands Antilles,Starchy Roots,Domestic supply,10.0,9.0,10.0,10.0,9.0,9.0,9.0,9.0,9.0,9.0,8.0,0.0,0.0,0.0,0.0,0.0,0.0,0.0
5012,Netherlands Antilles,Starchy Roots,Losses,1.0,1.0,1.0,1.0,1.0,1.0,1.0,1.0,1.0,1.0,1.0,0.0,0.0,0.0,0.0,0.0,0.0,0.0
5013,Netherlands Antilles,Starchy Roots,Human Consumption,9.0,8.0,9.0,9.0,8.0,8.0,8.0,8.0,8.0,8.0,8.0,0.0,0.0,0.0,0.0,0.0,0.0,0.0
5014,Netherlands Antilles,Sugar & Sweeteners,Stock Variation,15.0,15.0,1.0,-7.0,0.0,-8.0,5.0,0.0,3.0,3.0,0.0,0.0,0.0,0.0,0.0,0.0,0.0,0.0
5015,Netherlands Antilles,Cereals - Excluding Beer,Losses,1.0,2.0,2.0,2.0,1.0,1.0,1.0,1.0,1.0,1.0,1.0,0.0,0.0,0.0,0.0,0.0,0.0,0.0
5016,Netherlands Antilles,Cereals - Excluding Beer,Feed,1.0,0.0,1.0,18.0,1.0,1.0,0.0,0.0,0.0,1.0,1.0,0.0,0.0,0.0,0.0,0.0,0.0,0.0
5017,Netherlands Antilles,Cereals - Excluding Beer,Other uses (non-food),0.0,0.0,0.0,1.0,1.0,1.0,1.0,0.0,0.0,0.0,0.0,0.0,0.0,0.0,0.0,0.0,0.0,0.0
5018,Netherlands Antilles,Milk - Excluding Butter,Other uses (non-food),6.0,6.0,6.0,6.0,5.0,5.0,5.0,5.0,5.0,7.0,5.0,0.0,0.0,0.0,0.0,0.0,0.0,0.0
5019,Netherlands Antilles,Milk - Excluding Butter,Losses,0.0,0.0,0.0,0.0,0.0,0.0,0.0,0.0,0.0,0.0,0.0,0.0,0.0,0.0,0.0,0.0,0.0,0.0
5020,Netherlands Antilles,Milk - Excluding Butter,Domestic supply,53.0,51.0,48.0,46.0,40.0,40.0,41.0,37.0,37.0,38.0,38.0,0.0,0.0,0.0,0.0,0.0,0.0,0.0
5021,Netherlands Antilles,Milk - Excluding Butter,Export,0.0,0.0,3.0,0.0,0.0,0.0,0.0,0.0,0.0,0.0,0.0,0.0,0.0,0.0,0.0,0.0,0.0,0.0
5022,Netherlands Antilles,Milk - Excluding Butter,Stock Variation,5.0,2.0,11.0,15.0,15.0,15.0,16.0,15.0,16.0,15.0,16.0,0.0,0.0,0.0,0.0,0.0,0.0,0.0
5023,Netherlands Antilles,Milk - Excluding Butter,Import,48.0,49.0,40.0,31.0,25.0,25.0,24.0,22.0,21.0,23.0,22.0,0.0,0.0,0.0,0.0,0.0,0.0,0.0
5024,Netherlands Antilles,Milk - Excluding Butter,Production,0.0,0.0,0.0,0.0,0.0,0.0,0.0,0.0,0.0,0.0,0.0,0.0,0.0,0.0,0.0,0.0,0.0,0.0
5025,Netherlands Antilles,Eggs,Human Consumption,0.0,0.0,1.0,1.0,1.0,1.0,1.0,1.0,1.0,1.0,1.0,0.0,0.0,0.0,0.0,0.0,0.0,0.0
5026,Netherlands Antilles,Eggs,Losses,0.0,0.0,0.0,0.0,0.0,0.0,0.0,0.0,0.0,0.0,0.0,0.0,0.0,0.0,0.0,0.0,0.0,0.0
5027,Netherlands Antilles,Eggs,Seed,0.0,0.0,0.0,0.0,0.0,0.0,0.0,0.0,0.0,0.0,0.0,0.0,0.0,0.0,0.0,0.0,0.0,0.0
5028,Netherlands Antilles,Cereals - Excluding Beer,Processing,5.0,3.0,3.0,3.0,2.0,1.0,3.0,3.0,3.0,3.0,3.0,0.0,0.0,0.0,0.0,0.0,0.0,0.0
5029,Netherlands Antilles,Eggs,Import,0.0,0.0,0.0,0.0,0.0,0.0,0.0,0.0,1.0,0.0,0.0,0.0,0.0,0.0,0.0,0.0,0.0,0.0
5030,Netherlands Antilles,Eggs,Production,0.0,0.0,1.0,0.0,0.0,1.0,1.0,1.0,1.0,1.0,1.0,0.0,0.0,0.0,0.0,0.0,0.0,0.0
5031,Netherlands Antilles,Eggs,Domestic supply,1.0,1.0,1.0,1.0,1.0,1.0,1.0,1.0,1.0,1.0,1.0,0.0,0.0,0.0,0.0,0.0,0.0,0.0
5032,Netherlands Antilles,"Fish, Seafood",Other uses (non-food),11.0,13.0,5.0,10.0,4.0,1.0,3.0,2.0,6.0,2.0,5.0,0.0,0.0,0.0,0.0,0.0,0.0,0.0
5033,Netherlands Antilles,Cereals - Excluding Beer,Human Consumption,22.0,24.0,24.0,24.0,24.0,25.0,25.0,26.0,26.0,26.0,25.0,0.0,0.0,0.0,0.0,0.0,0.0,0.0
5034,Netherlands Antilles,"Aquatic Products, Other",Import,0.0,0.0,0.0,0.0,0.0,0.0,0.0,0.0,0.0,0.0,0.0,0.0,0.0,0.0,0.0,0.0,0.0,0.0
5035,Netherlands Antilles,"Aquatic Products, Other",Domestic supply,0.0,0.0,0.0,0.0,0.0,0.0,0.0,0.0,0.0,0.0,0.0,0.0,0.0,0.0,0.0,0.0,0.0,0.0
5036,Netherlands Antilles,"Fish, Seafood",Human Consumption,4.0,4.0,3.0,4.0,4.0,4.0,5.0,5.0,5.0,6.0,5.0,0.0,0.0,0.0,0.0,0.0,0.0,0.0
5037,Netherlands Antilles,"Aquatic Products, Other",Human Consumption,0.0,0.0,0.0,0.0,0.0,0.0,0.0,0.0,0.0,0.0,0.0,0.0,0.0,0.0,0.0,0.0,0.0,0.0
5038,Netherlands Antilles,"Aquatic Products, Other",Other uses (non-food),0.0,0.0,0.0,0.0,0.0,0.0,0.0,0.0,0.0,0.0,0.0,0.0,0.0,0.0,0.0,0.0,0.0,0.0
5039,Netherlands Antilles,"Fish, Seafood",Import,4.0,3.0,2.0,3.0,3.0,4.0,5.0,5.0,6.0,6.0,6.0,0.0,0.0,0.0,0.0,0.0,0.0,0.0
5040,Netherlands Antilles,"Fish, Seafood",Stock Variation,0.0,0.0,0.0,0.0,-2.0,3.0,0.0,0.0,0.0,0.0,0.0,0.0,0.0,0.0,0.0,0.0,0.0,0.0
5041,Netherlands Antilles,"Fish, Seafood",Export,8.0,9.0,7.0,9.0,10.0,2.0,3.0,2.0,11.0,17.0,14.0,0.0,0.0,0.0,0.0,0.0,0.0,0.0
5042,Netherlands Antilles,"Fish, Seafood",Domestic supply,16.0,18.0,8.0,14.0,8.0,5.0,8.0,6.0,11.0,8.0,10.0,0.0,0.0,0.0,0.0,0.0,0.0,0.0
5043,Netherlands Antilles,"Fish, Seafood",Feed,1.0,0.0,0.0,0.0,0.0,0.0,0.0,0.0,0.0,0.0,0.0,0.0,0.0,0.0,0.0,0.0,0.0,0.0
5044,Netherlands Antilles,"Fish, Seafood",Production,20.0,23.0,13.0,20.0,17.0,1.0,6.0,4.0,17.0,19.0,18.0,0.0,0.0,0.0,0.0,0.0,0.0,0.0
5045,Netherlands Antilles,Sugar & Sweeteners,Export,25.0,16.0,27.0,13.0,10.0,4.0,9.0,5.0,4.0,2.0,0.0,0.0,0.0,0.0,0.0,0.0,0.0,0.0
5046,New Caledonia,Cereals - Excluding Beer,Production,5.0,5.0,4.0,6.0,5.0,6.0,4.0,6.0,4.0,3.0,3.0,3.0,4.0,4.0,5.0,7.0,9.0,10.0
5047,New Caledonia,Cereals - Excluding Beer,Import,41.0,42.0,47.0,45.0,45.0,49.0,52.0,50.0,52.0,52.0,56.0,59.0,57.0,59.0,55.0,49.0,46.0,56.0
5048,New Caledonia,Cereals - Excluding Beer,Stock Variation,0.0,0.0,0.0,0.0,0.0,0.0,0.0,0.0,0.0,0.0,0.0,0.0,0.0,0.0,0.0,-1.0,0.0,0.0
5049,New Caledonia,Cereals - Excluding Beer,Export,0.0,0.0,0.0,0.0,0.0,0.0,0.0,0.0,0.0,0.0,0.0,0.0,0.0,0.0,0.0,0.0,0.0,0.0
5050,New Caledonia,Miscellaneous,Stock Variation,0.0,0.0,0.0,0.0,0.0,0.0,0.0,0.0,0.0,0.0,0.0,0.0,0.0,0.0,0.0,0.0,0.0,0.0
5051,New Caledonia,Cereals - Excluding Beer,Production,5.0,5.0,4.0,6.0,5.0,6.0,4.0,6.0,4.0,3.0,3.0,3.0,4.0,4.0,5.0,7.0,9.0,10.0
5052,New Caledonia,Eggs,Production,2.0,1.0,2.0,2.0,2.0,2.0,2.0,2.0,1.0,2.0,2.0,2.0,2.0,2.0,3.0,3.0,2.0,2.0
5053,New Caledonia,"Fish, Seafood",Human Consumption,5.0,5.0,5.0,5.0,5.0,5.0,5.0,6.0,6.0,6.0,6.0,7.0,7.0,7.0,7.0,7.0,7.0,7.0
5054,New Caledonia,"Fish, Seafood",Other uses (non-food),0.0,0.0,0.0,0.0,0.0,0.0,0.0,0.0,0.0,0.0,0.0,0.0,0.0,0.0,0.0,0.0,0.0,0.0
5055,New Caledonia,"Fish, Seafood",Feed,5.0,8.0,6.0,7.0,13.0,14.0,7.0,13.0,11.0,6.0,9.0,11.0,11.0,11.0,6.0,6.0,6.0,6.0
5056,New Caledonia,"Fish, Seafood",Domestic supply,10.0,14.0,11.0,12.0,18.0,19.0,13.0,18.0,18.0,12.0,15.0,18.0,18.0,18.0,13.0,13.0,13.0,13.0
5057,New Caledonia,"Fish, Seafood",Export,3.0,3.0,3.0,3.0,3.0,4.0,3.0,3.0,3.0,3.0,2.0,2.0,2.0,2.0,2.0,2.0,2.0,2.0
5058,New Caledonia,"Fish, Seafood",Stock Variation,0.0,0.0,0.0,0.0,0.0,0.0,0.0,0.0,0.0,0.0,0.0,0.0,0.0,0.0,0.0,0.0,0.0,0.0
5059,New Caledonia,"Fish, Seafood",Import,8.0,12.0,9.0,10.0,16.0,17.0,11.0,16.0,16.0,9.0,13.0,15.0,15.0,15.0,10.0,10.0,10.0,10.0
5060,New Caledonia,"Aquatic Products, Other",Human Consumption,0.0,0.0,0.0,0.0,0.0,0.0,0.0,0.0,0.0,0.0,0.0,0.0,0.0,0.0,0.0,0.0,0.0,0.0
5061,New Caledonia,"Aquatic Products, Other",Other uses (non-food),0.0,0.0,0.0,0.0,0.0,0.0,0.0,0.0,0.0,0.0,0.0,0.0,0.0,0.0,0.0,0.0,0.0,0.0
5062,New Caledonia,"Aquatic Products, Other",Domestic supply,0.0,0.0,0.0,0.0,0.0,0.0,0.0,0.0,0.0,0.0,0.0,0.0,0.0,0.0,0.0,0.0,0.0,0.0
5063,New Caledonia,Cereals - Excluding Beer,Domestic supply,45.0,47.0,51.0,51.0,50.0,55.0,56.0,56.0,56.0,54.0,59.0,62.0,61.0,63.0,59.0,56.0,54.0,65.0
5064,New Caledonia,"Aquatic Products, Other",Export,0.0,0.0,0.0,0.0,0.0,0.0,0.0,0.0,0.0,0.0,0.0,0.0,0.0,0.0,0.0,0.0,0.0,0.0
5065,New Caledonia,"Aquatic Products, Other",Production,1.0,0.0,0.0,1.0,1.0,1.0,1.0,1.0,1.0,0.0,0.0,0.0,0.0,0.0,0.0,0.0,0.0,0.0
5066,New Caledonia,Cereals - Excluding Beer,Human Consumption,26.0,23.0,22.0,22.0,21.0,22.0,22.0,22.0,24.0,24.0,23.0,24.0,25.0,26.0,26.0,27.0,26.0,28.0
5067,New Caledonia,Cereals - Excluding Beer,Other uses (non-food),12.0,13.0,18.0,17.0,17.0,20.0,24.0,21.0,18.0,18.0,23.0,24.0,21.0,23.0,13.0,13.0,11.0,19.0
5068,New Caledonia,Cereals - Excluding Beer,Processing,2.0,3.0,3.0,3.0,3.0,3.0,3.0,3.0,4.0,3.0,3.0,3.0,3.0,3.0,2.0,2.0,2.0,2.0
5069,New Caledonia,Cereals - Excluding Beer,Losses,0.0,0.0,0.0,0.0,0.0,0.0,0.0,0.0,0.0,0.0,0.0,0.0,0.0,0.0,0.0,0.0,0.0,0.0
5070,New Caledonia,Cereals - Excluding Beer,Seed,0.0,0.0,0.0,0.0,0.0,0.0,0.0,0.0,0.0,0.0,0.0,0.0,0.0,0.0,0.0,0.0,0.0,0.0
5071,New Caledonia,Cereals - Excluding Beer,Feed,6.0,7.0,8.0,9.0,8.0,10.0,8.0,9.0,10.0,9.0,9.0,9.0,11.0,11.0,13.0,13.0,14.0,14.0
5072,New Caledonia,Cereals - Excluding Beer,Domestic supply,45.0,47.0,51.0,51.0,50.0,55.0,56.0,56.0,56.0,54.0,59.0,62.0,61.0,63.0,59.0,56.0,54.0,65.0
5073,New Caledonia,Cereals - Excluding Beer,Export,0.0,0.0,0.0,0.0,0.0,0.0,0.0,0.0,0.0,0.0,0.0,0.0,0.0,0.0,0.0,0.0,0.0,0.0
5074,New Caledonia,Cereals - Excluding Beer,Stock Variation,0.0,0.0,0.0,0.0,0.0,0.0,0.0,0.0,0.0,0.0,0.0,0.0,0.0,0.0,0.0,-1.0,0.0,0.0
5075,New Caledonia,Cereals - Excluding Beer,Import,41.0,42.0,47.0,45.0,45.0,49.0,52.0,50.0,52.0,52.0,56.0,59.0,57.0,59.0,55.0,49.0,46.0,56.0
5076,New Caledonia,"Aquatic Products, Other",Import,0.0,0.0,0.0,0.0,0.0,0.0,0.0,0.0,0.0,0.0,0.0,0.0,0.0,0.0,0.0,0.0,0.0,0.0
5077,New Caledonia,Eggs,Import,0.0,0.0,0.0,0.0,0.0,0.0,0.0,0.0,0.0,0.0,0.0,0.0,1.0,0.0,0.0,0.0,1.0,0.0
5078,New Caledonia,Cereals - Excluding Beer,Feed,6.0,7.0,8.0,9.0,8.0,10.0,8.0,9.0,10.0,9.0,9.0,9.0,11.0,11.0,13.0,13.0,14.0,14.0
5079,New Caledonia,Cereals - Excluding Beer,Losses,0.0,0.0,0.0,0.0,0.0,0.0,0.0,0.0,0.0,0.0,0.0,0.0,0.0,0.0,0.0,0.0,0.0,0.0
5080,New Caledonia,Vegetables,Domestic supply,9.0,9.0,9.0,12.0,11.0,12.0,12.0,12.0,15.0,15.0,15.0,16.0,16.0,16.0,20.0,20.0,20.0,20.0
5081,New Caledonia,Vegetables,Losses,1.0,1.0,1.0,1.0,1.0,1.0,1.0,1.0,1.0,1.0,1.0,1.0,1.0,1.0,1.0,1.0,1.0,1.0
5082,New Caledonia,Vegetables,Human Consumption,8.0,9.0,8.0,11.0,10.0,11.0,11.0,12.0,14.0,14.0,14.0,15.0,15.0,15.0,19.0,19.0,18.0,18.0
5083,New Caledonia,Vegetable Oils,Production,0.0,0.0,0.0,0.0,0.0,0.0,0.0,0.0,0.0,0.0,0.0,0.0,0.0,0.0,0.0,0.0,0.0,0.0
5084,New Caledonia,Vegetable Oils,Import,3.0,3.0,4.0,4.0,4.0,3.0,4.0,4.0,4.0,3.0,4.0,4.0,4.0,5.0,5.0,4.0,4.0,5.0
5085,New Caledonia,Vegetable Oils,Stock Variation,0.0,0.0,0.0,0.0,0.0,0.0,0.0,0.0,0.0,0.0,0.0,0.0,0.0,0.0,0.0,0.0,0.0,0.0
5086,New Caledonia,Vegetable Oils,Export,0.0,0.0,0.0,0.0,0.0,0.0,0.0,0.0,0.0,0.0,0.0,0.0,0.0,0.0,0.0,0.0,0.0,0.0
5087,New Caledonia,Vegetable Oils,Domestic supply,4.0,3.0,4.0,4.0,4.0,4.0,4.0,4.0,4.0,4.0,4.0,4.0,4.0,5.0,5.0,4.0,4.0,5.0
5088,New Caledonia,Vegetable Oils,Other uses (non-food),0.0,0.0,0.0,0.0,0.0,0.0,0.0,0.0,0.0,0.0,1.0,1.0,1.0,1.0,0.0,0.0,0.0,0.0
5089,New Caledonia,Vegetable Oils,Human Consumption,3.0,3.0,4.0,3.0,4.0,3.0,4.0,4.0,3.0,4.0,4.0,4.0,4.0,4.0,4.0,4.0,4.0,4.0
5090,New Caledonia,Sugar & Sweeteners,Production,0.0,0.0,0.0,0.0,0.0,0.0,0.0,0.0,0.0,0.0,0.0,0.0,0.0,0.0,0.0,0.0,0.0,0.0
5091,New Caledonia,Sugar & Sweeteners,Import,7.0,8.0,7.0,8.0,9.0,9.0,9.0,10.0,10.0,10.0,10.0,10.0,10.0,10.0,14.0,15.0,15.0,14.0
5092,New Caledonia,Sugar & Sweeteners,Stock Variation,0.0,0.0,0.0,0.0,0.0,0.0,0.0,0.0,0.0,0.0,0.0,0.0,0.0,0.0,-1.0,-1.0,0.0,-2.0
5093,New Caledonia,Sugar & Sweeteners,Export,0.0,0.0,0.0,0.0,0.0,0.0,0.0,0.0,0.0,0.0,0.0,0.0,0.0,0.0,0.0,0.0,0.0,0.0
5094,New Caledonia,Sugar & Sweeteners,Domestic supply,7.0,8.0,7.0,8.0,9.0,9.0,9.0,10.0,10.0,10.0,10.0,10.0,10.0,10.0,15.0,15.0,15.0,16.0
5095,New Caledonia,Vegetables,Export,0.0,2.0,2.0,2.0,3.0,2.0,3.0,1.0,0.0,2.0,2.0,2.0,3.0,3.0,2.0,0.0,2.0,3.0
5096,New Caledonia,Sugar & Sweeteners,Losses,0.0,0.0,0.0,0.0,0.0,0.0,0.0,0.0,0.0,0.0,0.0,0.0,0.0,0.0,0.0,0.0,0.0,0.0
5097,New Caledonia,Vegetables,Stock Variation,0.0,0.0,0.0,0.0,0.0,0.0,0.0,0.0,0.0,0.0,0.0,0.0,0.0,0.0,-1.0,0.0,0.0,0.0
5098,New Caledonia,Vegetables,Production,4.0,4.0,5.0,5.0,7.0,7.0,7.0,6.0,7.0,7.0,8.0,8.0,8.0,9.0,13.0,12.0,14.0,15.0
5099,New Caledonia,Stimulants,Stock Variation,0.0,0.0,0.0,0.0,0.0,0.0,0.0,0.0,0.0,0.0,0.0,0.0,0.0,0.0,0.0,0.0,0.0,0.0
5100,New Caledonia,Stimulants,Export,0.0,0.0,0.0,0.0,0.0,0.0,0.0,0.0,0.0,0.0,0.0,0.0,0.0,0.0,0.0,0.0,0.0,0.0
5101,New Caledonia,Stimulants,Domestic supply,1.0,2.0,2.0,2.0,2.0,2.0,2.0,2.0,1.0,2.0,2.0,2.0,3.0,2.0,1.0,1.0,1.0,1.0
5102,New Caledonia,Stimulants,Losses,0.0,0.0,0.0,0.0,0.0,0.0,0.0,0.0,0.0,0.0,0.0,0.0,0.0,0.0,0.0,0.0,0.0,0.0
5103,New Caledonia,Stimulants,Other uses (non-food),0.0,0.0,0.0,0.0,0.0,0.0,0.0,0.0,0.0,0.0,0.0,0.0,1.0,0.0,0.0,0.0,0.0,0.0
5104,New Caledonia,Stimulants,Human Consumption,1.0,1.0,1.0,2.0,1.0,1.0,2.0,2.0,1.0,2.0,2.0,2.0,2.0,2.0,1.0,1.0,1.0,1.0
5105,New Caledonia,Fruits - Excluding Wine,Production,4.0,3.0,3.0,2.0,5.0,5.0,6.0,7.0,6.0,5.0,4.0,3.0,5.0,4.0,4.0,10.0,12.0,11.0
5106,New Caledonia,Fruits - Excluding Wine,Import,7.0,10.0,10.0,14.0,15.0,14.0,15.0,15.0,13.0,20.0,20.0,20.0,31.0,28.0,11.0,8.0,10.0,8.0
5107,New Caledonia,Fruits - Excluding Wine,Stock Variation,0.0,0.0,0.0,0.0,0.0,0.0,0.0,0.0,0.0,0.0,0.0,0.0,-6.0,0.0,2.0,0.0,0.0,-1.0
5108,New Caledonia,Fruits - Excluding Wine,Export,0.0,0.0,0.0,0.0,0.0,0.0,0.0,0.0,0.0,0.0,0.0,0.0,0.0,0.0,0.0,0.0,0.0,0.0
5109,New Caledonia,Fruits - Excluding Wine,Domestic supply,11.0,14.0,13.0,17.0,19.0,19.0,21.0,22.0,19.0,24.0,24.0,24.0,30.0,32.0,13.0,19.0,23.0,20.0
5110,New Caledonia,Fruits - Excluding Wine,Feed,0.0,0.0,0.0,0.0,0.0,0.0,0.0,0.0,0.0,0.0,0.0,0.0,0.0,0.0,0.0,0.0,0.0,0.0
5111,New Caledonia,Fruits - Excluding Wine,Losses,0.0,0.0,0.0,0.0,0.0,0.0,1.0,1.0,1.0,1.0,0.0,0.0,0.0,0.0,0.0,1.0,1.0,1.0
5112,New Caledonia,Fruits - Excluding Wine,Other uses (non-food),0.0,0.0,0.0,0.0,0.0,0.0,0.0,0.0,0.0,0.0,0.0,0.0,0.0,0.0,0.0,0.0,0.0,0.0
5113,New Caledonia,Fruits - Excluding Wine,Human Consumption,11.0,13.0,12.0,16.0,19.0,18.0,20.0,21.0,18.0,24.0,23.0,23.0,29.0,31.0,12.0,17.0,21.0,18.0
5114,New Caledonia,Vegetables,Import,5.0,8.0,7.0,9.0,7.0,7.0,8.0,7.0,8.0,10.0,9.0,10.0,12.0,10.0,8.0,8.0,8.0,8.0
5115,New Caledonia,Stimulants,Import,1.0,2.0,2.0,2.0,2.0,2.0,2.0,2.0,1.0,2.0,2.0,2.0,3.0,2.0,1.0,1.0,1.0,1.0
5116,New Caledonia,Sugar & Sweeteners,Other uses (non-food),2.0,3.0,2.0,3.0,4.0,3.0,3.0,4.0,4.0,3.0,4.0,4.0,3.0,4.0,5.0,5.0,5.0,6.0
5117,New Caledonia,Pulses,Production,0.0,0.0,0.0,0.0,0.0,0.0,0.0,0.0,0.0,0.0,0.0,0.0,0.0,0.0,0.0,0.0,0.0,0.0
5118,New Caledonia,Oilcrops,Feed,0.0,0.0,0.0,0.0,0.0,0.0,0.0,0.0,0.0,0.0,0.0,0.0,0.0,0.0,0.0,0.0,0.0,0.0
5119,New Caledonia,Oilcrops,Losses,0.0,0.0,0.0,0.0,0.0,0.0,0.0,0.0,0.0,0.0,0.0,0.0,0.0,0.0,3.0,3.0,3.0,3.0
5120,New Caledonia,Oilcrops,Processing,1.0,1.0,1.0,1.0,1.0,1.0,1.0,1.0,1.0,1.0,1.0,1.0,1.0,1.0,2.0,1.0,1.0,1.0
5121,New Caledonia,Oilcrops,Other uses (non-food),7.0,9.0,10.0,9.0,11.0,13.0,14.0,10.0,11.0,13.0,10.0,11.0,12.0,11.0,8.0,8.0,9.0,9.0
5122,New Caledonia,Oilcrops,Human Consumption,6.0,7.0,7.0,7.0,7.0,7.0,7.0,7.0,6.0,7.0,7.0,7.0,7.0,7.0,8.0,8.0,8.0,7.0
5123,New Caledonia,Starchy Roots,Production,15.0,16.0,17.0,16.0,16.0,17.0,16.0,16.0,18.0,15.0,13.0,13.0,13.0,13.0,5.0,4.0,5.0,6.0
5124,New Caledonia,Starchy Roots,Import,4.0,5.0,5.0,5.0,6.0,6.0,6.0,6.0,6.0,7.0,8.0,9.0,8.0,8.0,6.0,5.0,5.0,4.0
5125,New Caledonia,Starchy Roots,Stock Variation,0.0,0.0,0.0,0.0,0.0,0.0,0.0,0.0,0.0,0.0,0.0,0.0,0.0,0.0,-2.0,0.0,0.0,-1.0
5126,New Caledonia,Starchy Roots,Export,0.0,0.0,0.0,0.0,0.0,0.0,0.0,0.0,0.0,0.0,0.0,0.0,0.0,0.0,0.0,0.0,0.0,0.0
5127,New Caledonia,Starchy Roots,Domestic supply,19.0,21.0,21.0,21.0,22.0,23.0,22.0,22.0,24.0,23.0,21.0,22.0,21.0,21.0,13.0,10.0,11.0,11.0
5128,New Caledonia,Starchy Roots,Feed,4.0,5.0,5.0,5.0,5.0,5.0,5.0,5.0,5.0,4.0,4.0,4.0,4.0,4.0,1.0,1.0,1.0,1.0
5129,New Caledonia,Starchy Roots,Seed,0.0,0.0,0.0,0.0,0.0,0.0,0.0,0.0,0.0,0.0,0.0,0.0,0.0,0.0,0.0,0.0,0.0,0.0
5130,New Caledonia,Starchy Roots,Losses,3.0,3.0,3.0,3.0,3.0,3.0,3.0,3.0,4.0,3.0,3.0,3.0,3.0,3.0,1.0,1.0,1.0,1.0
5131,New Caledonia,Starchy Roots,Other uses (non-food),0.0,0.0,0.0,0.0,0.0,0.0,0.0,0.0,0.0,0.0,0.0,0.0,0.0,0.0,0.0,0.0,0.0,0.0
5132,New Caledonia,Starchy Roots,Human Consumption,12.0,14.0,13.0,13.0,14.0,14.0,14.0,14.0,15.0,15.0,14.0,16.0,15.0,14.0,10.0,8.0,8.0,8.0
5133,New Caledonia,Oilcrops,Domestic supply,15.0,17.0,17.0,17.0,19.0,21.0,21.0,17.0,18.0,21.0,18.0,20.0,20.0,19.0,20.0,20.0,20.0,20.0
5134,New Caledonia,Sugar & Sweeteners,Human Consumption,5.0,5.0,5.0,5.0,6.0,6.0,6.0,6.0,6.0,6.0,6.0,6.0,7.0,7.0,10.0,10.0,10.0,10.0
5135,New Caledonia,Oilcrops,Export,0.0,0.0,0.0,0.0,0.0,0.0,0.0,0.0,0.0,0.0,0.0,0.0,0.0,0.0,0.0,0.0,0.0,0.0
5136,New Caledonia,Oilcrops,Import,0.0,1.0,1.0,1.0,1.0,1.0,1.0,1.0,0.0,2.0,1.0,1.0,1.0,1.0,1.0,1.0,1.0,1.0
5137,New Caledonia,Pulses,Import,0.0,0.0,0.0,1.0,0.0,0.0,0.0,0.0,0.0,0.0,0.0,0.0,0.0,0.0,0.0,0.0,0.0,0.0
5138,New Caledonia,Pulses,Stock Variation,0.0,0.0,0.0,0.0,0.0,0.0,0.0,0.0,0.0,0.0,0.0,0.0,0.0,0.0,0.0,0.0,0.0,0.0
5139,New Caledonia,Pulses,Domestic supply,0.0,0.0,0.0,1.0,0.0,0.0,0.0,0.0,0.0,0.0,0.0,0.0,0.0,0.0,0.0,0.0,0.0,0.0
5140,New Caledonia,Pulses,Feed,0.0,0.0,0.0,0.0,0.0,0.0,0.0,0.0,0.0,0.0,0.0,0.0,0.0,0.0,0.0,0.0,0.0,0.0
5141,New Caledonia,Pulses,Seed,0.0,0.0,0.0,0.0,0.0,0.0,0.0,0.0,0.0,0.0,0.0,0.0,0.0,0.0,0.0,0.0,0.0,0.0
5142,New Caledonia,Pulses,Losses,0.0,0.0,0.0,0.0,0.0,0.0,0.0,0.0,0.0,0.0,0.0,0.0,0.0,0.0,0.0,0.0,0.0,0.0
5143,New Caledonia,Pulses,Human Consumption,0.0,0.0,0.0,1.0,0.0,0.0,0.0,0.0,0.0,0.0,0.0,0.0,0.0,0.0,0.0,0.0,0.0,0.0
5144,New Caledonia,Treenuts,Production,0.0,0.0,0.0,0.0,0.0,0.0,0.0,0.0,0.0,0.0,0.0,0.0,0.0,0.0,0.0,0.0,0.0,0.0
5145,New Caledonia,Treenuts,Import,0.0,1.0,0.0,1.0,1.0,1.0,1.0,0.0,0.0,0.0,1.0,1.0,0.0,1.0,0.0,0.0,0.0,0.0
5146,New Caledonia,Treenuts,Stock Variation,0.0,0.0,0.0,0.0,0.0,0.0,0.0,0.0,0.0,0.0,0.0,0.0,0.0,0.0,0.0,0.0,0.0,0.0
5147,New Caledonia,Treenuts,Export,0.0,0.0,0.0,0.0,0.0,0.0,0.0,0.0,0.0,0.0,0.0,0.0,0.0,0.0,0.0,0.0,0.0,0.0
5148,New Caledonia,Treenuts,Domestic supply,0.0,1.0,0.0,1.0,1.0,1.0,1.0,0.0,0.0,0.0,1.0,1.0,0.0,1.0,0.0,0.0,0.0,0.0
5149,New Caledonia,Treenuts,Losses,0.0,0.0,0.0,0.0,0.0,0.0,0.0,0.0,0.0,0.0,0.0,0.0,0.0,0.0,0.0,0.0,0.0,0.0
5150,New Caledonia,Treenuts,Human Consumption,0.0,1.0,0.0,1.0,1.0,1.0,1.0,0.0,0.0,0.0,1.0,1.0,0.0,1.0,0.0,0.0,0.0,0.0
5151,New Caledonia,Oilcrops,Production,14.0,16.0,17.0,16.0,19.0,20.0,20.0,17.0,18.0,20.0,17.0,18.0,19.0,19.0,19.0,19.0,19.0,19.0
5152,New Caledonia,Oilcrops,Stock Variation,0.0,0.0,0.0,0.0,-1.0,0.0,0.0,0.0,0.0,-1.0,0.0,1.0,0.0,-1.0,0.0,0.0,0.0,0.0
5153,New Caledonia,Stimulants,Production,0.0,0.0,0.0,0.0,0.0,0.0,0.0,0.0,0.0,0.0,0.0,0.0,0.0,0.0,0.0,0.0,0.0,0.0
5154,New Caledonia,Spices,Human Consumption,0.0,0.0,0.0,0.0,0.0,0.0,0.0,0.0,0.0,0.0,0.0,0.0,0.0,0.0,0.0,0.0,0.0,0.0
5155,New Caledonia,Spices,Domestic supply,0.0,0.0,0.0,0.0,0.0,0.0,0.0,0.0,0.0,0.0,0.0,0.0,0.0,0.0,0.0,0.0,0.0,0.0
5156,New Caledonia,Eggs,Stock Variation,0.0,0.0,0.0,0.0,0.0,0.0,0.0,0.0,0.0,0.0,0.0,0.0,0.0,0.0,0.0,0.0,0.0,0.0
5157,New Caledonia,Eggs,Export,0.0,0.0,0.0,0.0,0.0,0.0,0.0,0.0,0.0,0.0,0.0,0.0,0.0,0.0,0.0,0.0,0.0,0.0
5158,New Caledonia,Eggs,Domestic supply,2.0,1.0,2.0,2.0,2.0,2.0,2.0,2.0,2.0,2.0,2.0,2.0,3.0,2.0,3.0,3.0,3.0,3.0
5159,New Caledonia,Eggs,Seed,0.0,0.0,0.0,0.0,0.0,0.0,0.0,0.0,0.0,0.0,0.0,0.0,0.0,0.0,0.0,0.0,0.0,0.0
5160,New Caledonia,Eggs,Losses,0.0,0.0,0.0,0.0,0.0,0.0,0.0,0.0,0.0,0.0,0.0,0.0,0.0,0.0,0.0,0.0,0.0,0.0
5161,New Caledonia,Eggs,Human Consumption,1.0,1.0,2.0,2.0,2.0,2.0,2.0,2.0,1.0,2.0,2.0,2.0,2.0,2.0,2.0,2.0,3.0,2.0
5162,New Caledonia,Milk - Excluding Butter,Production,1.0,1.0,1.0,1.0,1.0,1.0,1.0,1.0,1.0,0.0,0.0,0.0,0.0,0.0,0.0,0.0,0.0,0.0
5163,New Caledonia,Milk - Excluding Butter,Import,25.0,32.0,33.0,35.0,32.0,32.0,34.0,34.0,29.0,33.0,32.0,35.0,32.0,31.0,10.0,8.0,9.0,10.0
5164,New Caledonia,Milk - Excluding Butter,Stock Variation,0.0,0.0,0.0,0.0,0.0,0.0,0.0,0.0,0.0,0.0,0.0,0.0,0.0,0.0,0.0,0.0,0.0,0.0
5165,New Caledonia,Milk - Excluding Butter,Export,0.0,0.0,0.0,0.0,0.0,0.0,0.0,0.0,0.0,0.0,0.0,0.0,0.0,0.0,0.0,0.0,0.0,0.0
5166,New Caledonia,Milk - Excluding Butter,Domestic supply,26.0,33.0,33.0,35.0,33.0,32.0,35.0,35.0,29.0,34.0,33.0,35.0,32.0,31.0,10.0,8.0,10.0,10.0
5167,New Caledonia,Milk - Excluding Butter,Feed,0.0,0.0,0.0,0.0,0.0,0.0,0.0,0.0,0.0,0.0,0.0,0.0,0.0,0.0,1.0,0.0,1.0,1.0
5168,New Caledonia,Milk - Excluding Butter,Losses,0.0,0.0,0.0,0.0,0.0,0.0,0.0,0.0,0.0,0.0,0.0,0.0,0.0,0.0,0.0,0.0,0.0,0.0
5169,New Caledonia,Milk - Excluding Butter,Other uses (non-food),1.0,2.0,2.0,2.0,2.0,2.0,2.0,2.0,2.0,2.0,2.0,2.0,2.0,3.0,0.0,0.0,0.0,0.0
5170,New Caledonia,Milk - Excluding Butter,Human Consumption,24.0,31.0,31.0,33.0,30.0,30.0,32.0,32.0,26.0,31.0,30.0,32.0,29.0,28.0,9.0,7.0,8.0,9.0
5171,New Caledonia,Eggs,Import,0.0,0.0,0.0,0.0,0.0,0.0,0.0,0.0,0.0,0.0,0.0,0.0,1.0,0.0,0.0,0.0,1.0,0.0
5172,New Caledonia,Animal fats,Production,0.0,0.0,0.0,0.0,0.0,0.0,0.0,0.0,0.0,0.0,0.0,0.0,0.0,0.0,0.0,0.0,0.0,0.0
5173,New Caledonia,Eggs,Production,2.0,1.0,2.0,2.0,2.0,2.0,2.0,2.0,1.0,2.0,2.0,2.0,2.0,2.0,3.0,3.0,2.0,2.0
5174,New Caledonia,"Fish, Seafood",Other uses (non-food),0.0,0.0,0.0,0.0,0.0,0.0,0.0,0.0,0.0,0.0,0.0,0.0,0.0,0.0,0.0,0.0,0.0,0.0
5175,New Caledonia,Cereals - Excluding Beer,Processing,2.0,3.0,3.0,3.0,3.0,3.0,3.0,3.0,4.0,3.0,3.0,3.0,3.0,3.0,2.0,2.0,2.0,2.0
5176,New Caledonia,Cereals - Excluding Beer,Other uses (non-food),12.0,13.0,18.0,17.0,17.0,20.0,24.0,21.0,18.0,18.0,23.0,24.0,21.0,23.0,13.0,13.0,11.0,19.0
5177,New Caledonia,Cereals - Excluding Beer,Human Consumption,26.0,23.0,22.0,22.0,21.0,22.0,22.0,22.0,24.0,24.0,23.0,24.0,25.0,26.0,26.0,27.0,26.0,28.0
5178,New Caledonia,"Aquatic Products, Other",Production,1.0,0.0,0.0,1.0,1.0,1.0,1.0,1.0,1.0,0.0,0.0,0.0,0.0,0.0,0.0,0.0,0.0,0.0
5179,New Caledonia,"Aquatic Products, Other",Import,0.0,0.0,0.0,0.0,0.0,0.0,0.0,0.0,0.0,0.0,0.0,0.0,0.0,0.0,0.0,0.0,0.0,0.0
5180,New Caledonia,"Aquatic Products, Other",Export,0.0,0.0,0.0,0.0,0.0,0.0,0.0,0.0,0.0,0.0,0.0,0.0,0.0,0.0,0.0,0.0,0.0,0.0
5181,New Caledonia,"Aquatic Products, Other",Domestic supply,0.0,0.0,0.0,0.0,0.0,0.0,0.0,0.0,0.0,0.0,0.0,0.0,0.0,0.0,0.0,0.0,0.0,0.0
5182,New Caledonia,"Aquatic Products, Other",Other uses (non-food),0.0,0.0,0.0,0.0,0.0,0.0,0.0,0.0,0.0,0.0,0.0,0.0,0.0,0.0,0.0,0.0,0.0,0.0
5183,New Caledonia,"Aquatic Products, Other",Human Consumption,0.0,0.0,0.0,0.0,0.0,0.0,0.0,0.0,0.0,0.0,0.0,0.0,0.0,0.0,0.0,0.0,0.0,0.0
5184,New Caledonia,"Fish, Seafood",Production,5.0,5.0,5.0,5.0,5.0,5.0,5.0,5.0,5.0,5.0,5.0,5.0,5.0,5.0,5.0,5.0,5.0,5.0
5185,New Caledonia,"Fish, Seafood",Import,8.0,12.0,9.0,10.0,16.0,17.0,11.0,16.0,16.0,9.0,13.0,15.0,15.0,15.0,10.0,10.0,10.0,10.0
5186,New Caledonia,"Fish, Seafood",Stock Variation,0.0,0.0,0.0,0.0,0.0,0.0,0.0,0.0,0.0,0.0,0.0,0.0,0.0,0.0,0.0,0.0,0.0,0.0
5187,New Caledonia,"Fish, Seafood",Export,3.0,3.0,3.0,3.0,3.0,4.0,3.0,3.0,3.0,3.0,2.0,2.0,2.0,2.0,2.0,2.0,2.0,2.0
5188,New Caledonia,"Fish, Seafood",Domestic supply,10.0,14.0,11.0,12.0,18.0,19.0,13.0,18.0,18.0,12.0,15.0,18.0,18.0,18.0,13.0,13.0,13.0,13.0
5189,New Caledonia,"Fish, Seafood",Feed,5.0,8.0,6.0,7.0,13.0,14.0,7.0,13.0,11.0,6.0,9.0,11.0,11.0,11.0,6.0,6.0,6.0,6.0
5190,New Caledonia,"Fish, Seafood",Human Consumption,5.0,5.0,5.0,5.0,5.0,5.0,5.0,6.0,6.0,6.0,6.0,7.0,7.0,7.0,7.0,7.0,7.0,7.0
5191,New Caledonia,Animal fats,Import,2.0,2.0,2.0,2.0,2.0,2.0,2.0,2.0,2.0,3.0,3.0,3.0,3.0,3.0,0.0,0.0,0.0,0.0
5192,New Caledonia,Animal fats,Stock Variation,0.0,0.0,0.0,0.0,0.0,0.0,0.0,0.0,0.0,0.0,0.0,0.0,0.0,0.0,0.0,0.0,0.0,0.0
5193,New Caledonia,Animal fats,Export,0.0,0.0,0.0,0.0,0.0,0.0,0.0,0.0,0.0,0.0,0.0,0.0,0.0,0.0,0.0,0.0,0.0,0.0
5194,New Caledonia,Miscellaneous,Import,0.0,0.0,0.0,0.0,0.0,0.0,0.0,0.0,0.0,0.0,1.0,0.0,0.0,0.0,6.0,6.0,11.0,12.0
5195,New Caledonia,Miscellaneous,Stock Variation,0.0,0.0,0.0,0.0,0.0,0.0,0.0,0.0,0.0,0.0,0.0,0.0,0.0,0.0,0.0,0.0,0.0,0.0
5196,New Caledonia,Miscellaneous,Export,0.0,0.0,0.0,0.0,0.0,0.0,0.0,0.0,0.0,0.0,0.0,0.0,0.0,0.0,0.0,0.0,0.0,0.0
5197,New Caledonia,Miscellaneous,Domestic supply,0.0,0.0,0.0,0.0,0.0,0.0,0.0,0.0,0.0,0.0,1.0,0.0,0.0,0.0,6.0,6.0,11.0,12.0
5198,New Caledonia,Miscellaneous,Human Consumption,0.0,0.0,0.0,0.0,0.0,0.0,0.0,0.0,0.0,0.0,1.0,0.0,0.0,0.0,6.0,6.0,11.0,12.0
5199,New Caledonia,Alcoholic Beverages,Production,10.0,13.0,13.0,13.0,13.0,13.0,13.0,13.0,13.0,13.0,13.0,14.0,14.0,14.0,14.0,14.0,14.0,14.0
5200,New Caledonia,Alcoholic Beverages,Import,7.0,7.0,8.0,7.0,9.0,8.0,9.0,9.0,9.0,9.0,10.0,10.0,10.0,9.0,10.0,10.0,7.0,7.0
5201,New Caledonia,Alcoholic Beverages,Stock Variation,0.0,0.0,0.0,0.0,0.0,0.0,0.0,0.0,0.0,0.0,0.0,0.0,0.0,0.0,-1.0,-1.0,-3.0,0.0
5202,New Caledonia,Alcoholic Beverages,Export,0.0,0.0,0.0,0.0,0.0,0.0,0.0,0.0,0.0,0.0,0.0,0.0,0.0,0.0,0.0,0.0,0.0,0.0
5203,New Caledonia,Alcoholic Beverages,Domestic supply,18.0,19.0,21.0,20.0,22.0,21.0,22.0,22.0,22.0,21.0,23.0,23.0,23.0,23.0,24.0,25.0,24.0,22.0
5204,New Caledonia,Alcoholic Beverages,Other uses (non-food),4.0,5.0,5.0,5.0,5.0,5.0,5.0,5.0,5.0,5.0,6.0,6.0,6.0,6.0,6.0,6.0,6.0,5.0
5205,New Caledonia,Alcoholic Beverages,Human Consumption,13.0,15.0,16.0,15.0,16.0,16.0,16.0,16.0,17.0,16.0,17.0,18.0,18.0,17.0,18.0,18.0,18.0,16.0
5206,New Caledonia,Spices,Import,0.0,0.0,0.0,0.0,0.0,0.0,0.0,0.0,0.0,0.0,0.0,0.0,0.0,0.0,0.0,0.0,0.0,0.0
5207,New Caledonia,Spices,Stock Variation,0.0,0.0,0.0,0.0,0.0,0.0,0.0,0.0,0.0,0.0,0.0,0.0,0.0,0.0,0.0,0.0,0.0,0.0
5208,New Caledonia,Spices,Export,0.0,0.0,0.0,0.0,0.0,0.0,0.0,0.0,0.0,0.0,0.0,0.0,0.0,0.0,0.0,0.0,0.0,0.0
5209,New Caledonia,Meat,Human Consumption,13.0,14.0,15.0,15.0,17.0,16.0,16.0,18.0,18.0,19.0,19.0,20.0,20.0,21.0,19.0,20.0,19.0,19.0
5210,New Caledonia,Meat,Other uses (non-food),3.0,4.0,4.0,4.0,4.0,4.0,5.0,5.0,5.0,6.0,6.0,7.0,7.0,7.0,4.0,3.0,4.0,4.0
5211,New Caledonia,Meat,Domestic supply,16.0,18.0,18.0,19.0,20.0,20.0,21.0,23.0,23.0,25.0,25.0,27.0,27.0,28.0,24.0,24.0,24.0,24.0
5212,New Caledonia,Meat,Export,0.0,0.0,0.0,0.0,0.0,0.0,0.0,0.0,0.0,0.0,0.0,0.0,0.0,0.0,0.0,0.0,0.0,0.0
5213,New Caledonia,Animal fats,Domestic supply,2.0,2.0,2.0,2.0,2.0,2.0,2.0,2.0,2.0,3.0,3.0,3.0,3.0,4.0,0.0,1.0,1.0,1.0
5214,New Caledonia,Animal fats,Feed,0.0,0.0,0.0,0.0,0.0,0.0,0.0,0.0,0.0,0.0,0.0,0.0,0.0,0.0,0.0,0.0,0.0,0.0
5215,New Caledonia,Animal fats,Losses,0.0,0.0,0.0,0.0,0.0,0.0,0.0,0.0,0.0,0.0,0.0,0.0,0.0,0.0,0.0,0.0,0.0,0.0
5216,New Caledonia,Animal fats,Other uses (non-food),0.0,0.0,0.0,0.0,0.0,0.0,0.0,0.0,0.0,0.0,0.0,0.0,0.0,0.0,0.0,0.0,0.0,0.0
5217,New Caledonia,Animal fats,Human Consumption,1.0,2.0,2.0,2.0,2.0,2.0,2.0,2.0,2.0,2.0,3.0,3.0,3.0,3.0,0.0,0.0,0.0,0.0
5218,New Caledonia,Offals,Production,1.0,1.0,1.0,1.0,1.0,1.0,1.0,1.0,1.0,1.0,1.0,1.0,1.0,1.0,1.0,1.0,1.0,1.0
5219,New Caledonia,Offals,Import,0.0,0.0,0.0,0.0,0.0,0.0,1.0,1.0,0.0,0.0,1.0,1.0,1.0,1.0,1.0,0.0,0.0,0.0
5220,New Caledonia,Cereals - Excluding Beer,Seed,0.0,0.0,0.0,0.0,0.0,0.0,0.0,0.0,0.0,0.0,0.0,0.0,0.0,0.0,0.0,0.0,0.0,0.0
5221,New Caledonia,Offals,Export,0.0,0.0,0.0,0.0,0.0,0.0,0.0,0.0,0.0,0.0,0.0,0.0,0.0,0.0,0.0,0.0,0.0,0.0
5222,New Caledonia,Offals,Feed,0.0,0.0,0.0,0.0,0.0,0.0,0.0,0.0,0.0,0.0,0.0,0.0,0.0,0.0,0.0,0.0,0.0,0.0
5223,New Caledonia,Offals,Losses,0.0,0.0,0.0,0.0,0.0,0.0,0.0,0.0,0.0,0.0,0.0,0.0,0.0,0.0,0.0,0.0,0.0,0.0
5224,New Caledonia,Offals,Other uses (non-food),0.0,0.0,0.0,0.0,0.0,0.0,0.0,0.0,0.0,0.0,0.0,0.0,0.0,0.0,0.0,0.0,0.0,0.0
5225,New Caledonia,Offals,Human Consumption,1.0,1.0,1.0,1.0,1.0,1.0,1.0,1.0,1.0,1.0,1.0,2.0,2.0,1.0,1.0,1.0,1.0,1.0
5226,New Caledonia,Meat,Production,6.0,6.0,6.0,7.0,7.0,6.0,6.0,6.0,6.0,6.0,7.0,7.0,7.0,7.0,7.0,9.0,8.0,8.0
5227,New Caledonia,Meat,Import,10.0,12.0,12.0,13.0,14.0,14.0,15.0,17.0,17.0,19.0,19.0,20.0,21.0,21.0,17.0,17.0,17.0,17.0
5228,New Caledonia,Meat,Stock Variation,0.0,0.0,0.0,0.0,0.0,0.0,0.0,0.0,0.0,0.0,0.0,0.0,0.0,0.0,0.0,1.0,1.0,1.0
5229,New Caledonia,Offals,Domestic supply,1.0,1.0,1.0,1.0,1.0,1.0,1.0,1.0,1.0,1.0,1.0,2.0,2.0,1.0,1.0,1.0,1.0,1.0
5230,New Caledonia,Eggs,Stock Variation,0.0,0.0,0.0,0.0,0.0,0.0,0.0,0.0,0.0,0.0,0.0,0.0,0.0,0.0,0.0,0.0,0.0,0.0
5231,New Caledonia,"Fish, Seafood",Production,5.0,5.0,5.0,5.0,5.0,5.0,5.0,5.0,5.0,5.0,5.0,5.0,5.0,5.0,5.0,5.0,5.0,5.0
5232,New Caledonia,Eggs,Domestic supply,2.0,1.0,2.0,2.0,2.0,2.0,2.0,2.0,2.0,2.0,2.0,2.0,3.0,2.0,3.0,3.0,3.0,3.0
5233,New Caledonia,Pulses,Import,0.0,0.0,0.0,1.0,0.0,0.0,0.0,0.0,0.0,0.0,0.0,0.0,0.0,0.0,0.0,0.0,0.0,0.0
5234,New Caledonia,Pulses,Production,0.0,0.0,0.0,0.0,0.0,0.0,0.0,0.0,0.0,0.0,0.0,0.0,0.0,0.0,0.0,0.0,0.0,0.0
5235,New Caledonia,Sugar & Sweeteners,Human Consumption,5.0,5.0,5.0,5.0,6.0,6.0,6.0,6.0,6.0,6.0,6.0,6.0,7.0,7.0,10.0,10.0,10.0,10.0
5236,New Caledonia,Sugar & Sweeteners,Other uses (non-food),2.0,3.0,2.0,3.0,4.0,3.0,3.0,4.0,4.0,3.0,4.0,4.0,3.0,4.0,5.0,5.0,5.0,6.0
5237,New Caledonia,Sugar & Sweeteners,Losses,0.0,0.0,0.0,0.0,0.0,0.0,0.0,0.0,0.0,0.0,0.0,0.0,0.0,0.0,0.0,0.0,0.0,0.0
5238,New Caledonia,Sugar & Sweeteners,Domestic supply,7.0,8.0,7.0,8.0,9.0,9.0,9.0,10.0,10.0,10.0,10.0,10.0,10.0,10.0,15.0,15.0,15.0,16.0
5239,New Caledonia,Sugar & Sweeteners,Export,0.0,0.0,0.0,0.0,0.0,0.0,0.0,0.0,0.0,0.0,0.0,0.0,0.0,0.0,0.0,0.0,0.0,0.0
5240,New Caledonia,Sugar & Sweeteners,Stock Variation,0.0,0.0,0.0,0.0,0.0,0.0,0.0,0.0,0.0,0.0,0.0,0.0,0.0,0.0,-1.0,-1.0,0.0,-2.0
5241,New Caledonia,Sugar & Sweeteners,Import,7.0,8.0,7.0,8.0,9.0,9.0,9.0,10.0,10.0,10.0,10.0,10.0,10.0,10.0,14.0,15.0,15.0,14.0
5242,New Caledonia,Sugar & Sweeteners,Production,0.0,0.0,0.0,0.0,0.0,0.0,0.0,0.0,0.0,0.0,0.0,0.0,0.0,0.0,0.0,0.0,0.0,0.0
5243,New Caledonia,Vegetable Oils,Human Consumption,3.0,3.0,4.0,3.0,4.0,3.0,4.0,4.0,3.0,4.0,4.0,4.0,4.0,4.0,4.0,4.0,4.0,4.0
5244,New Caledonia,Vegetable Oils,Other uses (non-food),0.0,0.0,0.0,0.0,0.0,0.0,0.0,0.0,0.0,0.0,1.0,1.0,1.0,1.0,0.0,0.0,0.0,0.0
5245,New Caledonia,Vegetable Oils,Domestic supply,4.0,3.0,4.0,4.0,4.0,4.0,4.0,4.0,4.0,4.0,4.0,4.0,4.0,5.0,5.0,4.0,4.0,5.0
5246,New Caledonia,Pulses,Stock Variation,0.0,0.0,0.0,0.0,0.0,0.0,0.0,0.0,0.0,0.0,0.0,0.0,0.0,0.0,0.0,0.0,0.0,0.0
5247,New Caledonia,Vegetable Oils,Export,0.0,0.0,0.0,0.0,0.0,0.0,0.0,0.0,0.0,0.0,0.0,0.0,0.0,0.0,0.0,0.0,0.0,0.0
5248,New Caledonia,Vegetable Oils,Import,3.0,3.0,4.0,4.0,4.0,3.0,4.0,4.0,4.0,3.0,4.0,4.0,4.0,5.0,5.0,4.0,4.0,5.0
5249,New Caledonia,Vegetable Oils,Production,0.0,0.0,0.0,0.0,0.0,0.0,0.0,0.0,0.0,0.0,0.0,0.0,0.0,0.0,0.0,0.0,0.0,0.0
5250,New Caledonia,Vegetables,Human Consumption,8.0,9.0,8.0,11.0,10.0,11.0,11.0,12.0,14.0,14.0,14.0,15.0,15.0,15.0,19.0,19.0,18.0,18.0
5251,New Caledonia,Vegetables,Losses,1.0,1.0,1.0,1.0,1.0,1.0,1.0,1.0,1.0,1.0,1.0,1.0,1.0,1.0,1.0,1.0,1.0,1.0
5252,New Caledonia,Vegetables,Domestic supply,9.0,9.0,9.0,12.0,11.0,12.0,12.0,12.0,15.0,15.0,15.0,16.0,16.0,16.0,20.0,20.0,20.0,20.0
5253,New Caledonia,Vegetables,Export,0.0,2.0,2.0,2.0,3.0,2.0,3.0,1.0,0.0,2.0,2.0,2.0,3.0,3.0,2.0,0.0,2.0,3.0
5254,New Caledonia,Vegetables,Stock Variation,0.0,0.0,0.0,0.0,0.0,0.0,0.0,0.0,0.0,0.0,0.0,0.0,0.0,0.0,-1.0,0.0,0.0,0.0
5255,New Caledonia,Vegetables,Import,5.0,8.0,7.0,9.0,7.0,7.0,8.0,7.0,8.0,10.0,9.0,10.0,12.0,10.0,8.0,8.0,8.0,8.0
5256,New Caledonia,Vegetables,Production,4.0,4.0,5.0,5.0,7.0,7.0,7.0,6.0,7.0,7.0,8.0,8.0,8.0,9.0,13.0,12.0,14.0,15.0
5257,New Caledonia,Fruits - Excluding Wine,Human Consumption,11.0,13.0,12.0,16.0,19.0,18.0,20.0,21.0,18.0,24.0,23.0,23.0,29.0,31.0,12.0,17.0,21.0,18.0
5258,New Caledonia,Fruits - Excluding Wine,Other uses (non-food),0.0,0.0,0.0,0.0,0.0,0.0,0.0,0.0,0.0,0.0,0.0,0.0,0.0,0.0,0.0,0.0,0.0,0.0
5259,New Caledonia,Fruits - Excluding Wine,Losses,0.0,0.0,0.0,0.0,0.0,0.0,1.0,1.0,1.0,1.0,0.0,0.0,0.0,0.0,0.0,1.0,1.0,1.0
5260,New Caledonia,Fruits - Excluding Wine,Feed,0.0,0.0,0.0,0.0,0.0,0.0,0.0,0.0,0.0,0.0,0.0,0.0,0.0,0.0,0.0,0.0,0.0,0.0
5261,New Caledonia,Vegetable Oils,Stock Variation,0.0,0.0,0.0,0.0,0.0,0.0,0.0,0.0,0.0,0.0,0.0,0.0,0.0,0.0,0.0,0.0,0.0,0.0
5262,New Caledonia,Pulses,Domestic supply,0.0,0.0,0.0,1.0,0.0,0.0,0.0,0.0,0.0,0.0,0.0,0.0,0.0,0.0,0.0,0.0,0.0,0.0
5263,New Caledonia,Pulses,Feed,0.0,0.0,0.0,0.0,0.0,0.0,0.0,0.0,0.0,0.0,0.0,0.0,0.0,0.0,0.0,0.0,0.0,0.0
5264,New Caledonia,Pulses,Seed,0.0,0.0,0.0,0.0,0.0,0.0,0.0,0.0,0.0,0.0,0.0,0.0,0.0,0.0,0.0,0.0,0.0,0.0
5265,New Caledonia,Eggs,Export,0.0,0.0,0.0,0.0,0.0,0.0,0.0,0.0,0.0,0.0,0.0,0.0,0.0,0.0,0.0,0.0,0.0,0.0
5266,New Caledonia,Starchy Roots,Human Consumption,12.0,14.0,13.0,13.0,14.0,14.0,14.0,14.0,15.0,15.0,14.0,16.0,15.0,14.0,10.0,8.0,8.0,8.0
5267,New Caledonia,Starchy Roots,Other uses (non-food),0.0,0.0,0.0,0.0,0.0,0.0,0.0,0.0,0.0,0.0,0.0,0.0,0.0,0.0,0.0,0.0,0.0,0.0
5268,New Caledonia,Starchy Roots,Losses,3.0,3.0,3.0,3.0,3.0,3.0,3.0,3.0,4.0,3.0,3.0,3.0,3.0,3.0,1.0,1.0,1.0,1.0
5269,New Caledonia,Starchy Roots,Seed,0.0,0.0,0.0,0.0,0.0,0.0,0.0,0.0,0.0,0.0,0.0,0.0,0.0,0.0,0.0,0.0,0.0,0.0
5270,New Caledonia,Starchy Roots,Feed,4.0,5.0,5.0,5.0,5.0,5.0,5.0,5.0,5.0,4.0,4.0,4.0,4.0,4.0,1.0,1.0,1.0,1.0
5271,New Caledonia,Starchy Roots,Domestic supply,19.0,21.0,21.0,21.0,22.0,23.0,22.0,22.0,24.0,23.0,21.0,22.0,21.0,21.0,13.0,10.0,11.0,11.0
5272,New Caledonia,Starchy Roots,Export,0.0,0.0,0.0,0.0,0.0,0.0,0.0,0.0,0.0,0.0,0.0,0.0,0.0,0.0,0.0,0.0,0.0,0.0
5273,New Caledonia,Starchy Roots,Stock Variation,0.0,0.0,0.0,0.0,0.0,0.0,0.0,0.0,0.0,0.0,0.0,0.0,0.0,0.0,-2.0,0.0,0.0,-1.0
5274,New Caledonia,Starchy Roots,Import,4.0,5.0,5.0,5.0,6.0,6.0,6.0,6.0,6.0,7.0,8.0,9.0,8.0,8.0,6.0,5.0,5.0,4.0
5275,New Caledonia,Starchy Roots,Production,15.0,16.0,17.0,16.0,16.0,17.0,16.0,16.0,18.0,15.0,13.0,13.0,13.0,13.0,5.0,4.0,5.0,6.0
5276,New Caledonia,Oilcrops,Human Consumption,6.0,7.0,7.0,7.0,7.0,7.0,7.0,7.0,6.0,7.0,7.0,7.0,7.0,7.0,8.0,8.0,8.0,7.0
5277,New Caledonia,Oilcrops,Other uses (non-food),7.0,9.0,10.0,9.0,11.0,13.0,14.0,10.0,11.0,13.0,10.0,11.0,12.0,11.0,8.0,8.0,9.0,9.0
5278,New Caledonia,Oilcrops,Processing,1.0,1.0,1.0,1.0,1.0,1.0,1.0,1.0,1.0,1.0,1.0,1.0,1.0,1.0,2.0,1.0,1.0,1.0
5279,New Caledonia,Oilcrops,Losses,0.0,0.0,0.0,0.0,0.0,0.0,0.0,0.0,0.0,0.0,0.0,0.0,0.0,0.0,3.0,3.0,3.0,3.0
5280,New Caledonia,Oilcrops,Domestic supply,15.0,17.0,17.0,17.0,19.0,21.0,21.0,17.0,18.0,21.0,18.0,20.0,20.0,19.0,20.0,20.0,20.0,20.0
5281,New Caledonia,Oilcrops,Export,0.0,0.0,0.0,0.0,0.0,0.0,0.0,0.0,0.0,0.0,0.0,0.0,0.0,0.0,0.0,0.0,0.0,0.0
5282,New Caledonia,Oilcrops,Stock Variation,0.0,0.0,0.0,0.0,-1.0,0.0,0.0,0.0,0.0,-1.0,0.0,1.0,0.0,-1.0,0.0,0.0,0.0,0.0
5283,New Caledonia,Oilcrops,Import,0.0,1.0,1.0,1.0,1.0,1.0,1.0,1.0,0.0,2.0,1.0,1.0,1.0,1.0,1.0,1.0,1.0,1.0
5284,New Caledonia,Oilcrops,Production,14.0,16.0,17.0,16.0,19.0,20.0,20.0,17.0,18.0,20.0,17.0,18.0,19.0,19.0,19.0,19.0,19.0,19.0
5285,New Caledonia,Treenuts,Human Consumption,0.0,1.0,0.0,1.0,1.0,1.0,1.0,0.0,0.0,0.0,1.0,1.0,0.0,1.0,0.0,0.0,0.0,0.0
5286,New Caledonia,Treenuts,Losses,0.0,0.0,0.0,0.0,0.0,0.0,0.0,0.0,0.0,0.0,0.0,0.0,0.0,0.0,0.0,0.0,0.0,0.0
5287,New Caledonia,Treenuts,Domestic supply,0.0,1.0,0.0,1.0,1.0,1.0,1.0,0.0,0.0,0.0,1.0,1.0,0.0,1.0,0.0,0.0,0.0,0.0
5288,New Caledonia,Treenuts,Export,0.0,0.0,0.0,0.0,0.0,0.0,0.0,0.0,0.0,0.0,0.0,0.0,0.0,0.0,0.0,0.0,0.0,0.0
5289,New Caledonia,Treenuts,Stock Variation,0.0,0.0,0.0,0.0,0.0,0.0,0.0,0.0,0.0,0.0,0.0,0.0,0.0,0.0,0.0,0.0,0.0,0.0
5290,New Caledonia,Treenuts,Import,0.0,1.0,0.0,1.0,1.0,1.0,1.0,0.0,0.0,0.0,1.0,1.0,0.0,1.0,0.0,0.0,0.0,0.0
5291,New Caledonia,Treenuts,Production,0.0,0.0,0.0,0.0,0.0,0.0,0.0,0.0,0.0,0.0,0.0,0.0,0.0,0.0,0.0,0.0,0.0,0.0
5292,New Caledonia,Pulses,Human Consumption,0.0,0.0,0.0,1.0,0.0,0.0,0.0,0.0,0.0,0.0,0.0,0.0,0.0,0.0,0.0,0.0,0.0,0.0
5293,New Caledonia,Pulses,Losses,0.0,0.0,0.0,0.0,0.0,0.0,0.0,0.0,0.0,0.0,0.0,0.0,0.0,0.0,0.0,0.0,0.0,0.0
5294,New Caledonia,Fruits - Excluding Wine,Domestic supply,11.0,14.0,13.0,17.0,19.0,19.0,21.0,22.0,19.0,24.0,24.0,24.0,30.0,32.0,13.0,19.0,23.0,20.0
5295,New Caledonia,Fruits - Excluding Wine,Export,0.0,0.0,0.0,0.0,0.0,0.0,0.0,0.0,0.0,0.0,0.0,0.0,0.0,0.0,0.0,0.0,0.0,0.0
5296,New Caledonia,Oilcrops,Feed,0.0,0.0,0.0,0.0,0.0,0.0,0.0,0.0,0.0,0.0,0.0,0.0,0.0,0.0,0.0,0.0,0.0,0.0
5297,New Caledonia,Fruits - Excluding Wine,Import,7.0,10.0,10.0,14.0,15.0,14.0,15.0,15.0,13.0,20.0,20.0,20.0,31.0,28.0,11.0,8.0,10.0,8.0
5298,New Caledonia,Offals,Other uses (non-food),0.0,0.0,0.0,0.0,0.0,0.0,0.0,0.0,0.0,0.0,0.0,0.0,0.0,0.0,0.0,0.0,0.0,0.0
5299,New Caledonia,Offals,Losses,0.0,0.0,0.0,0.0,0.0,0.0,0.0,0.0,0.0,0.0,0.0,0.0,0.0,0.0,0.0,0.0,0.0,0.0
5300,New Caledonia,Offals,Feed,0.0,0.0,0.0,0.0,0.0,0.0,0.0,0.0,0.0,0.0,0.0,0.0,0.0,0.0,0.0,0.0,0.0,0.0
5301,New Caledonia,Offals,Domestic supply,1.0,1.0,1.0,1.0,1.0,1.0,1.0,1.0,1.0,1.0,1.0,2.0,2.0,1.0,1.0,1.0,1.0,1.0
5302,New Caledonia,Offals,Export,0.0,0.0,0.0,0.0,0.0,0.0,0.0,0.0,0.0,0.0,0.0,0.0,0.0,0.0,0.0,0.0,0.0,0.0
5303,New Caledonia,Offals,Import,0.0,0.0,0.0,0.0,0.0,0.0,1.0,1.0,0.0,0.0,1.0,1.0,1.0,1.0,1.0,0.0,0.0,0.0
5304,New Caledonia,Offals,Production,1.0,1.0,1.0,1.0,1.0,1.0,1.0,1.0,1.0,1.0,1.0,1.0,1.0,1.0,1.0,1.0,1.0,1.0
5305,New Caledonia,Animal fats,Human Consumption,1.0,2.0,2.0,2.0,2.0,2.0,2.0,2.0,2.0,2.0,3.0,3.0,3.0,3.0,0.0,0.0,0.0,0.0
5306,New Caledonia,Animal fats,Other uses (non-food),0.0,0.0,0.0,0.0,0.0,0.0,0.0,0.0,0.0,0.0,0.0,0.0,0.0,0.0,0.0,0.0,0.0,0.0
5307,New Caledonia,Animal fats,Losses,0.0,0.0,0.0,0.0,0.0,0.0,0.0,0.0,0.0,0.0,0.0,0.0,0.0,0.0,0.0,0.0,0.0,0.0
5308,New Caledonia,Animal fats,Feed,0.0,0.0,0.0,0.0,0.0,0.0,0.0,0.0,0.0,0.0,0.0,0.0,0.0,0.0,0.0,0.0,0.0,0.0
5309,New Caledonia,Animal fats,Domestic supply,2.0,2.0,2.0,2.0,2.0,2.0,2.0,2.0,2.0,3.0,3.0,3.0,3.0,4.0,0.0,1.0,1.0,1.0
5310,New Caledonia,Animal fats,Export,0.0,0.0,0.0,0.0,0.0,0.0,0.0,0.0,0.0,0.0,0.0,0.0,0.0,0.0,0.0,0.0,0.0,0.0
5311,New Caledonia,Offals,Human Consumption,1.0,1.0,1.0,1.0,1.0,1.0,1.0,1.0,1.0,1.0,1.0,2.0,2.0,1.0,1.0,1.0,1.0,1.0
5312,New Caledonia,Animal fats,Stock Variation,0.0,0.0,0.0,0.0,0.0,0.0,0.0,0.0,0.0,0.0,0.0,0.0,0.0,0.0,0.0,0.0,0.0,0.0
5313,New Caledonia,Animal fats,Production,0.0,0.0,0.0,0.0,0.0,0.0,0.0,0.0,0.0,0.0,0.0,0.0,0.0,0.0,0.0,0.0,0.0,0.0
5314,New Caledonia,Milk - Excluding Butter,Human Consumption,24.0,31.0,31.0,33.0,30.0,30.0,32.0,32.0,26.0,31.0,30.0,32.0,29.0,28.0,9.0,7.0,8.0,9.0
5315,New Caledonia,Milk - Excluding Butter,Other uses (non-food),1.0,2.0,2.0,2.0,2.0,2.0,2.0,2.0,2.0,2.0,2.0,2.0,2.0,3.0,0.0,0.0,0.0,0.0
5316,New Caledonia,Milk - Excluding Butter,Losses,0.0,0.0,0.0,0.0,0.0,0.0,0.0,0.0,0.0,0.0,0.0,0.0,0.0,0.0,0.0,0.0,0.0,0.0
5317,New Caledonia,Milk - Excluding Butter,Domestic supply,26.0,33.0,33.0,35.0,33.0,32.0,35.0,35.0,29.0,34.0,33.0,35.0,32.0,31.0,10.0,8.0,10.0,10.0
5318,New Caledonia,Milk - Excluding Butter,Export,0.0,0.0,0.0,0.0,0.0,0.0,0.0,0.0,0.0,0.0,0.0,0.0,0.0,0.0,0.0,0.0,0.0,0.0
5319,New Caledonia,Milk - Excluding Butter,Stock Variation,0.0,0.0,0.0,0.0,0.0,0.0,0.0,0.0,0.0,0.0,0.0,0.0,0.0,0.0,0.0,0.0,0.0,0.0
5320,New Caledonia,Milk - Excluding Butter,Import,25.0,32.0,33.0,35.0,32.0,32.0,34.0,34.0,29.0,33.0,32.0,35.0,32.0,31.0,10.0,8.0,9.0,10.0
5321,New Caledonia,Milk - Excluding Butter,Production,1.0,1.0,1.0,1.0,1.0,1.0,1.0,1.0,1.0,0.0,0.0,0.0,0.0,0.0,0.0,0.0,0.0,0.0
5322,New Caledonia,Eggs,Human Consumption,1.0,1.0,2.0,2.0,2.0,2.0,2.0,2.0,1.0,2.0,2.0,2.0,2.0,2.0,2.0,2.0,3.0,2.0
5323,New Caledonia,Eggs,Losses,0.0,0.0,0.0,0.0,0.0,0.0,0.0,0.0,0.0,0.0,0.0,0.0,0.0,0.0,0.0,0.0,0.0,0.0
5324,New Caledonia,Fruits - Excluding Wine,Stock Variation,0.0,0.0,0.0,0.0,0.0,0.0,0.0,0.0,0.0,0.0,0.0,0.0,-6.0,0.0,2.0,0.0,0.0,-1.0
5325,New Caledonia,Eggs,Seed,0.0,0.0,0.0,0.0,0.0,0.0,0.0,0.0,0.0,0.0,0.0,0.0,0.0,0.0,0.0,0.0,0.0,0.0
5326,New Caledonia,Animal fats,Import,2.0,2.0,2.0,2.0,2.0,2.0,2.0,2.0,2.0,3.0,3.0,3.0,3.0,3.0,0.0,0.0,0.0,0.0
5327,New Caledonia,Meat,Production,6.0,6.0,6.0,7.0,7.0,6.0,6.0,6.0,6.0,6.0,7.0,7.0,7.0,7.0,7.0,9.0,8.0,8.0
5328,New Caledonia,Milk - Excluding Butter,Feed,0.0,0.0,0.0,0.0,0.0,0.0,0.0,0.0,0.0,0.0,0.0,0.0,0.0,0.0,1.0,0.0,1.0,1.0
5329,New Caledonia,Meat,Stock Variation,0.0,0.0,0.0,0.0,0.0,0.0,0.0,0.0,0.0,0.0,0.0,0.0,0.0,0.0,0.0,1.0,1.0,1.0
5330,New Caledonia,Stimulants,Human Consumption,1.0,1.0,1.0,2.0,1.0,1.0,2.0,2.0,1.0,2.0,2.0,2.0,2.0,2.0,1.0,1.0,1.0,1.0
5331,New Caledonia,Meat,Import,10.0,12.0,12.0,13.0,14.0,14.0,15.0,17.0,17.0,19.0,19.0,20.0,21.0,21.0,17.0,17.0,17.0,17.0
5332,New Caledonia,Fruits - Excluding Wine,Production,4.0,3.0,3.0,2.0,5.0,5.0,6.0,7.0,6.0,5.0,4.0,3.0,5.0,4.0,4.0,10.0,12.0,11.0
5333,New Caledonia,Stimulants,Other uses (non-food),0.0,0.0,0.0,0.0,0.0,0.0,0.0,0.0,0.0,0.0,0.0,0.0,1.0,0.0,0.0,0.0,0.0,0.0
5334,New Caledonia,Stimulants,Losses,0.0,0.0,0.0,0.0,0.0,0.0,0.0,0.0,0.0,0.0,0.0,0.0,0.0,0.0,0.0,0.0,0.0,0.0
5335,New Caledonia,Stimulants,Domestic supply,1.0,2.0,2.0,2.0,2.0,2.0,2.0,2.0,1.0,2.0,2.0,2.0,3.0,2.0,1.0,1.0,1.0,1.0
5336,New Caledonia,Stimulants,Export,0.0,0.0,0.0,0.0,0.0,0.0,0.0,0.0,0.0,0.0,0.0,0.0,0.0,0.0,0.0,0.0,0.0,0.0
5337,New Caledonia,Stimulants,Import,1.0,2.0,2.0,2.0,2.0,2.0,2.0,2.0,1.0,2.0,2.0,2.0,3.0,2.0,1.0,1.0,1.0,1.0
5338,New Caledonia,Stimulants,Production,0.0,0.0,0.0,0.0,0.0,0.0,0.0,0.0,0.0,0.0,0.0,0.0,0.0,0.0,0.0,0.0,0.0,0.0
5339,New Caledonia,Spices,Human Consumption,0.0,0.0,0.0,0.0,0.0,0.0,0.0,0.0,0.0,0.0,0.0,0.0,0.0,0.0,0.0,0.0,0.0,0.0
5340,New Caledonia,Spices,Domestic supply,0.0,0.0,0.0,0.0,0.0,0.0,0.0,0.0,0.0,0.0,0.0,0.0,0.0,0.0,0.0,0.0,0.0,0.0
5341,New Caledonia,Spices,Export,0.0,0.0,0.0,0.0,0.0,0.0,0.0,0.0,0.0,0.0,0.0,0.0,0.0,0.0,0.0,0.0,0.0,0.0
5342,New Caledonia,Spices,Stock Variation,0.0,0.0,0.0,0.0,0.0,0.0,0.0,0.0,0.0,0.0,0.0,0.0,0.0,0.0,0.0,0.0,0.0,0.0
5343,New Caledonia,Spices,Import,0.0,0.0,0.0,0.0,0.0,0.0,0.0,0.0,0.0,0.0,0.0,0.0,0.0,0.0,0.0,0.0,0.0,0.0
5344,New Caledonia,Stimulants,Stock Variation,0.0,0.0,0.0,0.0,0.0,0.0,0.0,0.0,0.0,0.0,0.0,0.0,0.0,0.0,0.0,0.0,0.0,0.0
5345,New Caledonia,Miscellaneous,Export,0.0,0.0,0.0,0.0,0.0,0.0,0.0,0.0,0.0,0.0,0.0,0.0,0.0,0.0,0.0,0.0,0.0,0.0
5346,New Caledonia,Meat,Human Consumption,13.0,14.0,15.0,15.0,17.0,16.0,16.0,18.0,18.0,19.0,19.0,20.0,20.0,21.0,19.0,20.0,19.0,19.0
5347,New Caledonia,Miscellaneous,Import,0.0,0.0,0.0,0.0,0.0,0.0,0.0,0.0,0.0,0.0,1.0,0.0,0.0,0.0,6.0,6.0,11.0,12.0
5348,New Caledonia,Meat,Domestic supply,16.0,18.0,18.0,19.0,20.0,20.0,21.0,23.0,23.0,25.0,25.0,27.0,27.0,28.0,24.0,24.0,24.0,24.0
5349,New Caledonia,Miscellaneous,Domestic supply,0.0,0.0,0.0,0.0,0.0,0.0,0.0,0.0,0.0,0.0,1.0,0.0,0.0,0.0,6.0,6.0,11.0,12.0
5350,New Caledonia,Meat,Export,0.0,0.0,0.0,0.0,0.0,0.0,0.0,0.0,0.0,0.0,0.0,0.0,0.0,0.0,0.0,0.0,0.0,0.0
5351,New Caledonia,Miscellaneous,Human Consumption,0.0,0.0,0.0,0.0,0.0,0.0,0.0,0.0,0.0,0.0,1.0,0.0,0.0,0.0,6.0,6.0,11.0,12.0
5352,New Caledonia,Alcoholic Beverages,Production,10.0,13.0,13.0,13.0,13.0,13.0,13.0,13.0,13.0,13.0,13.0,14.0,14.0,14.0,14.0,14.0,14.0,14.0
5353,New Caledonia,Meat,Other uses (non-food),3.0,4.0,4.0,4.0,4.0,4.0,5.0,5.0,5.0,6.0,6.0,7.0,7.0,7.0,4.0,3.0,4.0,4.0
5354,New Caledonia,Alcoholic Beverages,Import,7.0,7.0,8.0,7.0,9.0,8.0,9.0,9.0,9.0,9.0,10.0,10.0,10.0,9.0,10.0,10.0,7.0,7.0
5355,New Caledonia,Alcoholic Beverages,Stock Variation,0.0,0.0,0.0,0.0,0.0,0.0,0.0,0.0,0.0,0.0,0.0,0.0,0.0,0.0,-1.0,-1.0,-3.0,0.0
5356,New Caledonia,Alcoholic Beverages,Export,0.0,0.0,0.0,0.0,0.0,0.0,0.0,0.0,0.0,0.0,0.0,0.0,0.0,0.0,0.0,0.0,0.0,0.0
5357,New Caledonia,Alcoholic Beverages,Domestic supply,18.0,19.0,21.0,20.0,22.0,21.0,22.0,22.0,22.0,21.0,23.0,23.0,23.0,23.0,24.0,25.0,24.0,22.0
5358,New Caledonia,Alcoholic Beverages,Other uses (non-food),4.0,5.0,5.0,5.0,5.0,5.0,5.0,5.0,5.0,5.0,6.0,6.0,6.0,6.0,6.0,6.0,6.0,5.0
5359,New Caledonia,Alcoholic Beverages,Human Consumption,13.0,15.0,16.0,15.0,16.0,16.0,16.0,16.0,17.0,16.0,17.0,18.0,18.0,17.0,18.0,18.0,18.0,16.0
5360,New Zealand,Pulses,Import,7.0,8.0,10.0,9.0,10.0,8.0,10.0,9.0,9.0,10.0,11.0,8.0,10.0,11.0,12.0,11.0,12.0,12.0
5361,New Zealand,Pulses,Stock Variation,-17.0,5.0,9.0,12.0,0.0,0.0,0.0,0.0,1.0,2.0,0.0,0.0,2.0,0.0,5.0,5.0,-1.0,-4.0
5362,New Zealand,Pulses,Export,25.0,24.0,19.0,22.0,20.0,18.0,13.0,16.0,13.0,13.0,17.0,13.0,15.0,15.0,15.0,15.0,17.0,18.0
5363,New Zealand,Treenuts,Domestic supply,7.0,7.0,9.0,10.0,12.0,14.0,14.0,19.0,18.0,19.0,23.0,16.0,25.0,27.0,9.0,11.0,10.0,10.0
5364,New Zealand,Sugar & Sweeteners,Human Consumption,221.0,234.0,240.0,250.0,245.0,254.0,247.0,254.0,267.0,261.0,248.0,257.0,257.0,267.0,261.0,264.0,255.0,265.0
5365,New Zealand,Sugar & Sweeteners,Other uses (non-food),0.0,0.0,0.0,0.0,1.0,2.0,1.0,2.0,1.0,1.0,1.0,0.0,3.0,3.0,50.0,50.0,51.0,56.0
5366,New Zealand,Sugar & Sweeteners,Processing,12.0,11.0,14.0,12.0,13.0,11.0,12.0,12.0,12.0,13.0,11.0,10.0,11.0,12.0,12.0,12.0,11.0,12.0
5367,New Zealand,Sugar & Sweeteners,Losses,0.0,0.0,0.0,0.0,0.0,0.0,0.0,0.0,0.0,0.0,0.0,0.0,0.0,0.0,1.0,1.0,1.0,1.0
5368,New Zealand,Pulses,Production,65.0,39.0,30.0,35.0,33.0,41.0,34.0,23.0,22.0,23.0,41.0,37.0,23.0,26.0,31.0,28.0,23.0,23.0
5369,New Zealand,Pulses,Domestic supply,31.0,28.0,31.0,33.0,24.0,30.0,31.0,16.0,19.0,21.0,34.0,32.0,19.0,22.0,24.0,19.0,19.0,21.0
5370,New Zealand,Pulses,Other uses (non-food),0.0,0.0,0.0,0.0,0.0,0.0,0.0,0.0,0.0,0.0,0.0,0.0,0.0,0.0,0.0,0.0,0.0,0.0
5371,New Zealand,Pulses,Seed,6.0,6.0,6.0,6.0,6.0,5.0,4.0,4.0,3.0,3.0,5.0,5.0,3.0,3.0,3.0,2.0,2.0,3.0
5372,New Zealand,Pulses,Losses,3.0,2.0,2.0,2.0,2.0,2.0,2.0,1.0,1.0,1.0,2.0,2.0,1.0,1.0,1.0,1.0,1.0,1.0
5373,New Zealand,Pulses,Processing,0.0,0.0,0.0,0.0,0.0,0.0,0.0,0.0,0.0,0.0,0.0,0.0,0.0,0.0,1.0,0.0,0.0,0.0
5374,New Zealand,Pulses,Human Consumption,18.0,18.0,21.0,23.0,15.0,22.0,23.0,9.0,12.0,13.0,24.0,23.0,14.0,16.0,17.0,15.0,15.0,17.0
5375,New Zealand,Treenuts,Production,0.0,0.0,0.0,0.0,0.0,0.0,0.0,1.0,2.0,2.0,2.0,2.0,2.0,2.0,0.0,0.0,0.0,0.0
5376,New Zealand,Treenuts,Import,7.0,7.0,9.0,11.0,13.0,14.0,15.0,18.0,17.0,18.0,22.0,15.0,23.0,27.0,11.0,13.0,12.0,12.0
5377,New Zealand,Sugar & Sweeteners,Feed,0.0,0.0,0.0,0.0,0.0,0.0,0.0,0.0,0.0,0.0,0.0,0.0,0.0,0.0,0.0,0.0,0.0,0.0
5378,New Zealand,Treenuts,Stock Variation,0.0,0.0,0.0,0.0,0.0,0.0,0.0,0.0,0.0,0.0,0.0,0.0,0.0,0.0,0.0,1.0,1.0,1.0
5379,New Zealand,Treenuts,Export,0.0,0.0,0.0,0.0,0.0,0.0,0.0,0.0,0.0,0.0,2.0,0.0,0.0,1.0,1.0,0.0,0.0,0.0
5380,New Zealand,Pulses,Feed,4.0,2.0,2.0,2.0,2.0,2.0,2.0,2.0,3.0,3.0,3.0,3.0,1.0,2.0,1.0,1.0,1.0,1.0
5381,New Zealand,Sugar & Sweeteners,Domestic supply,233.0,245.0,254.0,263.0,259.0,267.0,259.0,267.0,279.0,274.0,260.0,267.0,271.0,282.0,302.0,300.0,301.0,312.0
5382,New Zealand,Vegetables,Losses,61.0,64.0,58.0,60.0,64.0,57.0,66.0,67.0,73.0,74.0,73.0,69.0,80.0,80.0,92.0,89.0,87.0,84.0
5383,New Zealand,Sugar & Sweeteners,Stock Variation,-18.0,-22.0,-34.0,-33.0,-17.0,51.0,8.0,9.0,21.0,11.0,31.0,29.0,5.0,-1.0,1.0,-24.0,-10.0,15.0
5384,New Zealand,Fruits - Excluding Wine,Losses,53.0,44.0,47.0,45.0,48.0,48.0,39.0,43.0,44.0,43.0,45.0,40.0,42.0,43.0,130.0,120.0,132.0,127.0
5385,New Zealand,Fruits - Excluding Wine,Processing,126.0,112.0,162.0,117.0,212.0,191.0,209.0,222.0,299.0,303.0,290.0,360.0,307.0,372.0,436.0,337.0,386.0,407.0
5386,New Zealand,Treenuts,Losses,0.0,0.0,0.0,0.0,0.0,0.0,0.0,0.0,0.0,0.0,0.0,0.0,0.0,0.0,0.0,0.0,0.0,0.0
5387,New Zealand,Fruits - Excluding Wine,Other uses (non-food),0.0,0.0,0.0,0.0,0.0,0.0,0.0,0.0,0.0,0.0,0.0,0.0,0.0,0.0,0.0,0.0,0.0,0.0
5388,New Zealand,Fruits - Excluding Wine,Human Consumption,495.0,477.0,462.0,436.0,463.0,492.0,406.0,483.0,514.0,477.0,476.0,404.0,419.0,446.0,281.0,271.0,297.0,279.0
5389,New Zealand,Vegetables,Production,999.0,984.0,901.0,929.0,986.0,911.0,1018.0,1010.0,956.0,958.0,957.0,875.0,1007.0,998.0,948.0,934.0,925.0,887.0
5390,New Zealand,Vegetables,Import,73.0,74.0,70.0,67.0,83.0,78.0,83.0,82.0,111.0,89.0,99.0,71.0,90.0,99.0,118.0,122.0,127.0,123.0
5391,New Zealand,Vegetables,Stock Variation,-2.0,8.0,-7.0,-4.0,0.0,6.0,-2.0,-1.0,0.0,0.0,5.0,8.0,11.0,11.0,25.0,5.0,-3.0,-11.0
5392,New Zealand,Vegetables,Export,501.0,447.0,420.0,458.0,441.0,434.0,398.0,475.0,430.0,364.0,448.0,350.0,431.0,445.0,479.0,468.0,485.0,482.0
5393,New Zealand,Vegetables,Domestic supply,569.0,621.0,544.0,533.0,629.0,562.0,701.0,615.0,637.0,683.0,612.0,604.0,678.0,663.0,562.0,584.0,569.0,539.0
5394,New Zealand,Sugar & Sweeteners,Export,68.0,54.0,68.0,66.0,83.0,104.0,83.0,78.0,71.0,78.0,82.0,53.0,77.0,85.0,161.0,166.0,167.0,163.0
5395,New Zealand,Vegetables,Feed,0.0,0.0,0.0,0.0,0.0,0.0,0.0,0.0,0.0,0.0,0.0,0.0,0.0,0.0,0.0,0.0,0.0,0.0
5396,New Zealand,Vegetable Oils,Production,3.0,2.0,2.0,2.0,2.0,3.0,3.0,2.0,3.0,3.0,3.0,3.0,3.0,3.0,7.0,9.0,5.0,8.0
5397,New Zealand,Vegetable Oils,Import,81.0,73.0,103.0,88.0,105.0,119.0,120.0,108.0,111.0,89.0,111.0,85.0,114.0,118.0,107.0,114.0,129.0,128.0
5398,New Zealand,Vegetable Oils,Stock Variation,-2.0,6.0,-2.0,-1.0,-5.0,-7.0,0.0,-1.0,-1.0,3.0,0.0,6.0,2.0,3.0,5.0,2.0,6.0,9.0
5399,New Zealand,Vegetable Oils,Export,15.0,8.0,16.0,10.0,13.0,12.0,4.0,5.0,4.0,2.0,8.0,3.0,6.0,3.0,3.0,3.0,4.0,4.0
5400,New Zealand,Vegetable Oils,Domestic supply,67.0,72.0,87.0,79.0,90.0,103.0,118.0,104.0,109.0,93.0,106.0,91.0,113.0,120.0,106.0,118.0,125.0,123.0
5401,New Zealand,Vegetable Oils,Processing,2.0,1.0,1.0,1.0,1.0,2.0,2.0,1.0,0.0,0.0,0.0,0.0,0.0,0.0,28.0,33.0,30.0,25.0
5402,New Zealand,Vegetable Oils,Other uses (non-food),28.0,42.0,48.0,43.0,47.0,61.0,76.0,58.0,65.0,60.0,65.0,56.0,72.0,82.0,47.0,54.0,57.0,61.0
5403,New Zealand,Vegetable Oils,Human Consumption,37.0,29.0,38.0,35.0,42.0,41.0,41.0,44.0,44.0,33.0,41.0,35.0,41.0,38.0,34.0,35.0,38.0,37.0
5404,New Zealand,Sugar & Sweeteners,Production,62.0,59.0,57.0,65.0,64.0,61.0,62.0,61.0,41.0,46.0,33.0,28.0,26.0,34.0,35.0,37.0,39.0,35.0
5405,New Zealand,Sugar & Sweeteners,Import,257.0,262.0,299.0,297.0,295.0,259.0,272.0,275.0,288.0,294.0,278.0,263.0,317.0,334.0,429.0,404.0,419.0,455.0
5406,New Zealand,Vegetables,Human Consumption,509.0,557.0,486.0,474.0,565.0,505.0,635.0,548.0,563.0,609.0,539.0,535.0,598.0,584.0,503.0,520.0,509.0,464.0
5407,New Zealand,Treenuts,Human Consumption,7.0,7.0,9.0,10.0,12.0,14.0,14.0,19.0,18.0,19.0,23.0,16.0,25.0,27.0,10.0,11.0,10.0,10.0
5408,New Zealand,Cereals - Excluding Beer,Stock Variation,55.0,-90.0,-114.0,1.0,-73.0,-88.0,36.0,-57.0,0.0,-27.0,72.0,59.0,-264.0,-154.0,23.0,-60.0,-13.0,72.0
5409,New Zealand,Oilcrops,Import,73.0,59.0,71.0,68.0,91.0,62.0,81.0,81.0,34.0,29.0,53.0,29.0,33.0,37.0,37.0,35.0,39.0,46.0
5410,New Zealand,Cereals - Excluding Beer,Production,854.0,939.0,937.0,938.0,835.0,868.0,800.0,927.0,999.0,1124.0,1001.0,999.0,1168.0,1107.0,1099.0,1116.0,1098.0,938.0
5411,New Zealand,Cereals - Excluding Beer,Import,320.0,467.0,505.0,409.0,539.0,537.0,520.0,529.0,612.0,439.0,514.0,481.0,705.0,663.0,855.0,897.0,677.0,892.0
5412,New Zealand,Cereals - Excluding Beer,Export,54.0,30.0,31.0,30.0,49.0,35.0,42.0,65.0,69.0,71.0,89.0,43.0,62.0,67.0,70.0,75.0,74.0,51.0
5413,New Zealand,Cereals - Excluding Beer,Domestic supply,1175.0,1285.0,1297.0,1318.0,1252.0,1282.0,1314.0,1335.0,1542.0,1466.0,1498.0,1496.0,1548.0,1548.0,1861.0,1997.0,1713.0,1706.0
5414,New Zealand,Cereals - Excluding Beer,Feed,560.0,713.0,724.0,718.0,660.0,688.0,719.0,735.0,924.0,821.0,842.0,848.0,893.0,889.0,1035.0,1119.0,929.0,908.0
5415,New Zealand,Cereals - Excluding Beer,Seed,19.0,20.0,17.0,16.0,16.0,16.0,17.0,17.0,18.0,18.0,18.0,20.0,18.0,18.0,20.0,19.0,17.0,17.0
5416,New Zealand,Cereals - Excluding Beer,Losses,42.0,45.0,48.0,44.0,46.0,50.0,46.0,48.0,47.0,49.0,52.0,50.0,35.0,34.0,51.0,51.0,52.0,45.0
5417,New Zealand,Cereals - Excluding Beer,Processing,120.0,115.0,114.0,118.0,119.0,122.0,121.0,121.0,124.0,122.0,121.0,125.0,122.0,124.0,209.0,225.0,147.0,153.0
5418,New Zealand,Cereals - Excluding Beer,Other uses (non-food),48.0,38.0,43.0,52.0,31.0,27.0,29.0,27.0,32.0,41.0,41.0,46.0,38.0,42.0,58.0,74.0,52.0,35.0
5419,New Zealand,Cereals - Excluding Beer,Human Consumption,388.0,355.0,352.0,370.0,380.0,378.0,383.0,386.0,398.0,415.0,424.0,407.0,442.0,442.0,488.0,511.0,517.0,537.0
5420,New Zealand,"Aquatic Products, Other",Production,1.0,1.0,1.0,1.0,1.0,1.0,1.0,1.0,1.0,1.0,1.0,1.0,2.0,2.0,1.0,2.0,3.0,4.0
5421,New Zealand,"Aquatic Products, Other",Import,0.0,0.0,0.0,0.0,1.0,1.0,1.0,1.0,1.0,1.0,1.0,1.0,1.0,1.0,1.0,1.0,1.0,1.0
5422,New Zealand,"Aquatic Products, Other",Export,0.0,0.0,0.0,0.0,1.0,0.0,0.0,1.0,1.0,1.0,0.0,1.0,0.0,0.0,0.0,0.0,0.0,0.0
5423,New Zealand,"Aquatic Products, Other",Domestic supply,1.0,1.0,1.0,1.0,1.0,1.0,1.0,1.0,1.0,1.0,1.0,1.0,3.0,3.0,2.0,2.0,3.0,4.0
5424,New Zealand,"Aquatic Products, Other",Other uses (non-food),0.0,0.0,0.0,0.0,1.0,0.0,1.0,1.0,1.0,1.0,1.0,1.0,2.0,2.0,1.0,1.0,2.0,3.0
5425,New Zealand,"Aquatic Products, Other",Human Consumption,1.0,1.0,1.0,1.0,0.0,1.0,1.0,0.0,0.0,0.0,1.0,1.0,1.0,1.0,1.0,1.0,1.0,1.0
5426,New Zealand,"Fish, Seafood",Production,638.0,645.0,674.0,635.0,638.0,650.0,583.0,606.0,564.0,544.0,546.0,546.0,540.0,539.0,551.0,523.0,531.0,544.0
5427,New Zealand,"Fish, Seafood",Import,78.0,72.0,58.0,57.0,64.0,60.0,53.0,52.0,57.0,45.0,60.0,52.0,61.0,55.0,51.0,53.0,49.0,52.0
5428,New Zealand,"Fish, Seafood",Stock Variation,0.0,0.0,0.0,0.0,0.0,-2.0,2.0,0.0,-31.0,6.0,25.0,0.0,0.0,0.0,-6.0,12.0,0.0,0.0
5429,New Zealand,"Fish, Seafood",Export,596.0,571.0,604.0,561.0,562.0,542.0,485.0,477.0,407.0,421.0,452.0,430.0,450.0,435.0,425.0,406.0,424.0,435.0
5430,New Zealand,Fruits - Excluding Wine,Domestic supply,674.0,632.0,671.0,598.0,723.0,731.0,654.0,748.0,858.0,823.0,811.0,804.0,768.0,861.0,819.0,666.0,747.0,770.0
5431,New Zealand,"Fish, Seafood",Other uses (non-food),0.0,0.0,0.0,0.0,0.0,0.0,0.0,0.0,0.0,0.0,0.0,0.0,0.0,0.0,0.0,0.0,0.0,0.0
5432,New Zealand,Sugar Crops,Human Consumption,0.0,0.0,0.0,0.0,0.0,0.0,0.0,0.0,0.0,0.0,0.0,0.0,0.0,0.0,0.0,0.0,0.0,1.0
5433,New Zealand,Sugar Crops,Feed,0.0,0.0,0.0,0.0,0.0,0.0,0.0,0.0,0.0,0.0,0.0,0.0,0.0,0.0,0.0,0.0,0.0,0.0
5434,New Zealand,Sugar Crops,Domestic supply,0.0,0.0,0.0,0.0,0.0,0.0,0.0,0.0,0.0,0.0,0.0,0.0,0.0,0.0,0.0,0.0,0.0,1.0
5435,New Zealand,Oilcrops,Stock Variation,0.0,1.0,0.0,0.0,0.0,0.0,0.0,0.0,0.0,0.0,0.0,0.0,0.0,0.0,8.0,7.0,10.0,8.0
5436,New Zealand,Oilcrops,Export,1.0,2.0,1.0,3.0,2.0,2.0,2.0,2.0,1.0,1.0,3.0,2.0,3.0,4.0,4.0,3.0,4.0,5.0
5437,New Zealand,Oilcrops,Domestic supply,76.0,62.0,75.0,71.0,95.0,65.0,84.0,82.0,36.0,33.0,55.0,32.0,35.0,38.0,30.0,30.0,31.0,37.0
5438,New Zealand,Oilcrops,Feed,52.0,43.0,53.0,49.0,73.0,40.0,60.0,57.0,12.0,5.0,25.0,12.0,7.0,11.0,8.0,7.0,7.0,13.0
5439,New Zealand,Oilcrops,Seed,0.0,0.0,0.0,0.0,0.0,0.0,0.0,0.0,0.0,0.0,0.0,0.0,0.0,0.0,0.0,0.0,0.0,0.0
5440,New Zealand,Oilcrops,Losses,0.0,0.0,0.0,0.0,0.0,0.0,0.0,0.0,0.0,0.0,0.0,0.0,0.0,0.0,0.0,0.0,0.0,0.0
5441,New Zealand,Oilcrops,Processing,1.0,0.0,1.0,1.0,1.0,2.0,1.0,1.0,2.0,2.0,2.0,2.0,1.0,1.0,2.0,2.0,2.0,2.0
5442,New Zealand,Oilcrops,Other uses (non-food),3.0,0.0,0.0,0.0,0.0,0.0,0.0,0.0,0.0,0.0,0.0,0.0,0.0,0.0,0.0,0.0,0.0,0.0
5443,New Zealand,Oilcrops,Human Consumption,20.0,18.0,21.0,21.0,21.0,23.0,23.0,24.0,23.0,26.0,28.0,19.0,27.0,26.0,20.0,21.0,22.0,23.0
5444,New Zealand,Starchy Roots,Production,518.0,516.0,516.0,518.0,520.0,518.0,518.0,495.0,518.0,557.0,538.0,544.0,566.0,577.0,460.0,487.0,491.0,477.0
5445,New Zealand,Oilcrops,Production,5.0,5.0,5.0,6.0,6.0,6.0,5.0,4.0,4.0,5.0,5.0,5.0,5.0,5.0,5.0,5.0,5.0,5.0
5446,New Zealand,Starchy Roots,Import,31.0,35.0,43.0,52.0,54.0,65.0,63.0,131.0,124.0,98.0,112.0,83.0,96.0,103.0,51.0,49.0,49.0,55.0
5447,New Zealand,Starchy Roots,Export,76.0,86.0,83.0,97.0,102.0,102.0,130.0,139.0,122.0,137.0,134.0,103.0,115.0,129.0,118.0,103.0,117.0,113.0
5448,New Zealand,Starchy Roots,Domestic supply,466.0,464.0,474.0,453.0,460.0,490.0,462.0,495.0,529.0,525.0,527.0,544.0,557.0,576.0,439.0,446.0,438.0,455.0
5449,New Zealand,Starchy Roots,Feed,22.0,22.0,22.0,22.0,22.0,22.0,23.0,18.0,23.0,23.0,23.0,22.0,17.0,18.0,15.0,16.0,16.0,16.0
5450,New Zealand,Starchy Roots,Seed,52.0,52.0,52.0,52.0,52.0,52.0,52.0,50.0,52.0,56.0,54.0,54.0,57.0,58.0,46.0,29.0,29.0,48.0
5451,New Zealand,Starchy Roots,Losses,10.0,10.0,10.0,10.0,10.0,10.0,10.0,10.0,10.0,11.0,11.0,11.0,11.0,11.0,10.0,11.0,11.0,10.0
5452,New Zealand,Starchy Roots,Processing,108.0,98.0,103.0,117.0,119.0,138.0,119.0,106.0,144.0,164.0,150.0,181.0,190.0,198.0,152.0,164.0,164.0,161.0
5453,New Zealand,Starchy Roots,Other uses (non-food),0.0,0.0,2.0,10.0,16.0,14.0,11.0,21.0,40.0,24.0,17.0,22.0,24.0,25.0,7.0,7.0,8.0,7.0
5454,New Zealand,Starchy Roots,Human Consumption,275.0,282.0,286.0,242.0,242.0,253.0,248.0,290.0,261.0,247.0,271.0,254.0,258.0,266.0,235.0,231.0,230.0,234.0
5455,New Zealand,Sugar Crops,Import,0.0,0.0,0.0,0.0,0.0,0.0,0.0,0.0,0.0,0.0,0.0,0.0,0.0,0.0,1.0,1.0,1.0,1.0
5456,New Zealand,Sugar Crops,Stock Variation,0.0,0.0,0.0,0.0,0.0,0.0,0.0,0.0,0.0,0.0,0.0,0.0,0.0,0.0,1.0,0.0,1.0,0.0
5457,New Zealand,Starchy Roots,Stock Variation,-6.0,-1.0,-1.0,-20.0,-12.0,10.0,11.0,8.0,8.0,7.0,10.0,20.0,9.0,26.0,-45.0,-14.0,-15.0,-36.0
5458,New Zealand,Fruits - Excluding Wine,Export,701.0,571.0,631.0,627.0,757.0,717.0,667.0,729.0,717.0,746.0,811.0,739.0,750.0,750.0,834.0,967.0,1083.0,874.0
5459,New Zealand,Milk - Excluding Butter,Import,62.0,48.0,57.0,72.0,60.0,78.0,88.0,103.0,70.0,114.0,118.0,63.0,117.0,98.0,142.0,231.0,188.0,162.0
5460,New Zealand,Fruits - Excluding Wine,Import,224.0,226.0,252.0,284.0,298.0,320.0,313.0,348.0,342.0,308.0,322.0,198.0,278.0,277.0,234.0,217.0,224.0,206.0
5461,New Zealand,"Fish, Seafood",Human Consumption,87.0,106.0,103.0,105.0,110.0,113.0,104.0,120.0,114.0,110.0,113.0,112.0,108.0,112.0,112.0,112.0,111.0,116.0
5462,New Zealand,Eggs,Production,45.0,46.0,48.0,49.0,50.0,53.0,54.0,49.0,56.0,55.0,56.0,54.0,57.0,57.0,56.0,57.0,59.0,62.0
5463,New Zealand,Eggs,Import,0.0,1.0,0.0,0.0,0.0,0.0,1.0,1.0,1.0,1.0,1.0,1.0,1.0,1.0,1.0,2.0,2.0,2.0
5464,New Zealand,Eggs,Stock Variation,0.0,0.0,0.0,0.0,0.0,0.0,0.0,0.0,0.0,0.0,0.0,0.0,0.0,0.0,0.0,0.0,1.0,1.0
5465,New Zealand,Eggs,Export,1.0,1.0,1.0,1.0,1.0,1.0,1.0,1.0,1.0,3.0,4.0,3.0,3.0,4.0,3.0,3.0,2.0,2.0
5466,New Zealand,Eggs,Domestic supply,45.0,46.0,47.0,48.0,50.0,53.0,54.0,49.0,56.0,52.0,52.0,53.0,55.0,54.0,54.0,55.0,58.0,61.0
5467,New Zealand,Eggs,Seed,6.0,6.0,6.0,6.0,7.0,8.0,7.0,7.0,7.0,6.0,7.0,7.0,8.0,8.0,8.0,8.0,9.0,9.0
5468,New Zealand,Eggs,Losses,2.0,2.0,2.0,2.0,2.0,2.0,2.0,2.0,2.0,2.0,2.0,2.0,2.0,2.0,2.0,2.0,3.0,3.0
5469,New Zealand,Eggs,Other uses (non-food),0.0,0.0,0.0,0.0,0.0,0.0,0.0,0.0,0.0,0.0,0.0,0.0,0.0,0.0,0.0,0.0,0.0,0.0
5470,New Zealand,Eggs,Human Consumption,37.0,38.0,39.0,39.0,41.0,43.0,45.0,40.0,47.0,44.0,43.0,43.0,45.0,45.0,44.0,45.0,48.0,49.0
5471,New Zealand,Milk - Excluding Butter,Production,12235.0,13119.0,13866.0,14349.0,15030.0,14638.0,15172.0,15618.0,15217.0,16483.0,17010.0,17339.0,19129.0,19469.0,21320.0,21939.0,21672.0,21372.0
5472,New Zealand,Milk - Excluding Butter,Stock Variation,-635.0,-331.0,571.0,1472.0,513.0,29.0,619.0,10.0,-2066.0,1010.0,997.0,-2601.0,2222.0,1972.0,332.0,-156.0,-889.0,264.0
5473,New Zealand,Milk - Excluding Butter,Export,9102.0,10283.0,11650.0,11947.0,11522.0,10723.0,12523.0,12845.0,9595.0,14557.0,14529.0,10772.0,19006.0,18944.0,20452.0,21679.0,21688.0,20654.0
5474,New Zealand,Milk - Excluding Butter,Domestic supply,2561.0,2553.0,2844.0,3946.0,4081.0,4021.0,3356.0,2886.0,3626.0,3050.0,3596.0,4029.0,2462.0,2595.0,677.0,647.0,1061.0,616.0
5475,New Zealand,Milk - Excluding Butter,Feed,493.0,466.0,475.0,495.0,545.0,566.0,651.0,621.0,718.0,671.0,691.0,706.0,717.0,679.0,398.0,446.0,307.0,320.0
5476,New Zealand,Milk - Excluding Butter,Losses,122.0,131.0,139.0,143.0,150.0,146.0,152.0,156.0,152.0,165.0,170.0,173.0,191.0,195.0,213.0,219.0,217.0,214.0
5477,New Zealand,Milk - Excluding Butter,Processing,0.0,0.0,0.0,0.0,0.0,0.0,0.0,0.0,0.0,0.0,0.0,0.0,0.0,0.0,0.0,0.0,0.0,0.0
5478,New Zealand,Milk - Excluding Butter,Other uses (non-food),1552.0,1574.0,1867.0,2928.0,3003.0,2903.0,2168.0,1670.0,2386.0,1769.0,2251.0,2571.0,973.0,1102.0,434.0,7.0,78.0,111.0
5479,New Zealand,Milk - Excluding Butter,Human Consumption,394.0,382.0,363.0,379.0,383.0,405.0,386.0,439.0,369.0,445.0,485.0,578.0,580.0,618.0,501.0,517.0,464.0,517.0
5480,New Zealand,Animal fats,Production,542.0,595.0,614.0,629.0,624.0,595.0,604.0,636.0,643.0,639.0,616.0,670.0,555.0,611.0,705.0,712.0,733.0,662.0
5481,New Zealand,Animal fats,Import,13.0,20.0,16.0,11.0,15.0,8.0,6.0,20.0,17.0,23.0,8.0,8.0,16.0,17.0,6.0,8.0,8.0,7.0
5482,New Zealand,"Fish, Seafood",Other uses (non-food),0.0,0.0,0.0,0.0,0.0,0.0,0.0,0.0,0.0,0.0,0.0,0.0,0.0,0.0,0.0,0.0,0.0,0.0
5483,New Zealand,Animal fats,Stock Variation,47.0,-65.0,5.0,-5.0,-22.0,-22.0,50.0,-8.0,-70.0,82.0,65.0,-138.0,160.0,112.0,-2.0,-2.0,-2.0,0.0
5484,New Zealand,"Fish, Seafood",Feed,33.0,40.0,25.0,26.0,30.0,53.0,50.0,60.0,68.0,63.0,67.0,57.0,42.0,47.0,60.0,70.0,45.0,45.0
5485,New Zealand,"Fish, Seafood",Export,596.0,571.0,604.0,561.0,562.0,542.0,485.0,477.0,407.0,421.0,452.0,430.0,450.0,435.0,425.0,406.0,424.0,435.0
5486,New Zealand,"Fish, Seafood",Domestic supply,120.0,146.0,128.0,131.0,139.0,166.0,154.0,180.0,182.0,174.0,180.0,169.0,150.0,159.0,172.0,182.0,156.0,161.0
5487,New Zealand,Cereals - Excluding Beer,Production,854.0,939.0,937.0,938.0,835.0,868.0,800.0,927.0,999.0,1124.0,1001.0,999.0,1168.0,1107.0,1099.0,1116.0,1098.0,938.0
5488,New Zealand,Cereals - Excluding Beer,Import,320.0,467.0,505.0,409.0,539.0,537.0,520.0,529.0,612.0,439.0,514.0,481.0,705.0,663.0,855.0,897.0,677.0,892.0
5489,New Zealand,Cereals - Excluding Beer,Stock Variation,55.0,-90.0,-114.0,1.0,-73.0,-88.0,36.0,-57.0,0.0,-27.0,72.0,59.0,-264.0,-154.0,23.0,-60.0,-13.0,72.0
5490,New Zealand,Cereals - Excluding Beer,Export,54.0,30.0,31.0,30.0,49.0,35.0,42.0,65.0,69.0,71.0,89.0,43.0,62.0,67.0,70.0,75.0,74.0,51.0
5491,New Zealand,Cereals - Excluding Beer,Domestic supply,1175.0,1285.0,1297.0,1318.0,1252.0,1282.0,1314.0,1335.0,1542.0,1466.0,1498.0,1496.0,1548.0,1548.0,1861.0,1997.0,1713.0,1706.0
5492,New Zealand,Cereals - Excluding Beer,Feed,560.0,713.0,724.0,718.0,660.0,688.0,719.0,735.0,924.0,821.0,842.0,848.0,893.0,889.0,1035.0,1119.0,929.0,908.0
5493,New Zealand,Cereals - Excluding Beer,Seed,19.0,20.0,17.0,16.0,16.0,16.0,17.0,17.0,18.0,18.0,18.0,20.0,18.0,18.0,20.0,19.0,17.0,17.0
5494,New Zealand,Cereals - Excluding Beer,Losses,42.0,45.0,48.0,44.0,46.0,50.0,46.0,48.0,47.0,49.0,52.0,50.0,35.0,34.0,51.0,51.0,52.0,45.0
5495,New Zealand,Cereals - Excluding Beer,Processing,120.0,115.0,114.0,118.0,119.0,122.0,121.0,121.0,124.0,122.0,121.0,125.0,122.0,124.0,209.0,225.0,147.0,153.0
5496,New Zealand,Cereals - Excluding Beer,Other uses (non-food),48.0,38.0,43.0,52.0,31.0,27.0,29.0,27.0,32.0,41.0,41.0,46.0,38.0,42.0,58.0,74.0,52.0,35.0
5497,New Zealand,Cereals - Excluding Beer,Human Consumption,388.0,355.0,352.0,370.0,380.0,378.0,383.0,386.0,398.0,415.0,424.0,407.0,442.0,442.0,488.0,511.0,517.0,537.0
5498,New Zealand,"Aquatic Products, Other",Production,1.0,1.0,1.0,1.0,1.0,1.0,1.0,1.0,1.0,1.0,1.0,1.0,2.0,2.0,1.0,2.0,3.0,4.0
5499,New Zealand,"Aquatic Products, Other",Import,0.0,0.0,0.0,0.0,1.0,1.0,1.0,1.0,1.0,1.0,1.0,1.0,1.0,1.0,1.0,1.0,1.0,1.0
5500,New Zealand,"Aquatic Products, Other",Export,0.0,0.0,0.0,0.0,1.0,0.0,0.0,1.0,1.0,1.0,0.0,1.0,0.0,0.0,0.0,0.0,0.0,0.0
5501,New Zealand,"Aquatic Products, Other",Domestic supply,1.0,1.0,1.0,1.0,1.0,1.0,1.0,1.0,1.0,1.0,1.0,1.0,3.0,3.0,2.0,2.0,3.0,4.0
5502,New Zealand,"Aquatic Products, Other",Other uses (non-food),0.0,0.0,0.0,0.0,1.0,0.0,1.0,1.0,1.0,1.0,1.0,1.0,2.0,2.0,1.0,1.0,2.0,3.0
5503,New Zealand,"Aquatic Products, Other",Human Consumption,1.0,1.0,1.0,1.0,0.0,1.0,1.0,0.0,0.0,0.0,1.0,1.0,1.0,1.0,1.0,1.0,1.0,1.0
5504,New Zealand,"Fish, Seafood",Production,638.0,645.0,674.0,635.0,638.0,650.0,583.0,606.0,564.0,544.0,546.0,546.0,540.0,539.0,551.0,523.0,531.0,544.0
5505,New Zealand,"Fish, Seafood",Import,78.0,72.0,58.0,57.0,64.0,60.0,53.0,52.0,57.0,45.0,60.0,52.0,61.0,55.0,51.0,53.0,49.0,52.0
5506,New Zealand,"Fish, Seafood",Stock Variation,0.0,0.0,0.0,0.0,0.0,-2.0,2.0,0.0,-31.0,6.0,25.0,0.0,0.0,0.0,-6.0,12.0,0.0,0.0
5507,New Zealand,"Fish, Seafood",Domestic supply,120.0,146.0,128.0,131.0,139.0,166.0,154.0,180.0,182.0,174.0,180.0,169.0,150.0,159.0,172.0,182.0,156.0,161.0
5508,New Zealand,Animal fats,Export,506.0,464.0,547.0,555.0,515.0,488.0,562.0,520.0,444.0,609.0,572.0,398.0,632.0,623.0,644.0,653.0,684.0,601.0
5509,New Zealand,Animal fats,Domestic supply,95.0,86.0,87.0,79.0,102.0,94.0,98.0,127.0,146.0,136.0,117.0,141.0,100.0,117.0,70.0,68.0,59.0,68.0
5510,New Zealand,Animal fats,Feed,1.0,0.0,0.0,0.0,0.0,0.0,0.0,0.0,0.0,1.0,0.0,0.0,1.0,2.0,2.0,3.0,2.0,2.0
5511,New Zealand,Alcoholic Beverages,Import,66.0,64.0,61.0,72.0,79.0,81.0,83.0,88.0,90.0,77.0,110.0,53.0,103.0,105.0,137.0,139.0,152.0,101.0
5512,New Zealand,Alcoholic Beverages,Stock Variation,-4.0,-6.0,-8.0,-8.0,11.0,14.0,-10.0,-28.0,-62.0,-7.0,100.0,-50.0,2.0,1.0,-9.0,-83.0,8.0,22.0
5513,New Zealand,Alcoholic Beverages,Export,59.0,39.0,42.0,50.0,85.0,104.0,82.0,102.0,109.0,159.0,276.0,133.0,206.0,210.0,356.0,382.0,396.0,263.0
5514,New Zealand,Alcoholic Beverages,Domestic supply,385.0,404.0,436.0,408.0,459.0,426.0,464.0,453.0,488.0,450.0,463.0,446.0,413.0,475.0,442.0,397.0,384.0,428.0
5515,New Zealand,Alcoholic Beverages,Processing,21.0,35.0,71.0,40.0,81.0,45.0,73.0,51.0,57.0,53.0,68.0,51.0,17.0,78.0,48.0,19.0,15.0,38.0
5516,New Zealand,Alcoholic Beverages,Other uses (non-food),2.0,1.0,3.0,7.0,17.0,17.0,22.0,29.0,48.0,33.0,49.0,42.0,53.0,48.0,44.0,36.0,33.0,28.0
5517,New Zealand,Alcoholic Beverages,Human Consumption,361.0,368.0,363.0,361.0,362.0,364.0,369.0,373.0,383.0,364.0,347.0,353.0,343.0,349.0,356.0,347.0,338.0,362.0
5518,New Zealand,Spices,Import,2.0,2.0,2.0,2.0,2.0,3.0,3.0,3.0,2.0,3.0,3.0,3.0,3.0,4.0,4.0,5.0,5.0,5.0
5519,New Zealand,Spices,Stock Variation,0.0,0.0,0.0,0.0,0.0,0.0,0.0,0.0,0.0,0.0,0.0,0.0,0.0,0.0,1.0,2.0,2.0,2.0
5520,New Zealand,Spices,Export,0.0,0.0,0.0,0.0,0.0,0.0,0.0,0.0,0.0,0.0,0.0,0.0,0.0,0.0,0.0,0.0,0.0,0.0
5521,New Zealand,Spices,Domestic supply,2.0,2.0,2.0,2.0,2.0,2.0,2.0,3.0,2.0,2.0,3.0,2.0,3.0,3.0,3.0,3.0,3.0,3.0
5522,New Zealand,Spices,Human Consumption,2.0,2.0,2.0,2.0,2.0,2.0,2.0,3.0,2.0,2.0,3.0,2.0,3.0,3.0,3.0,3.0,3.0,3.0
5523,New Zealand,Stimulants,Production,0.0,0.0,0.0,0.0,0.0,0.0,0.0,0.0,0.0,0.0,0.0,0.0,0.0,0.0,0.0,0.0,0.0,0.0
5524,New Zealand,Stimulants,Import,35.0,31.0,33.0,35.0,36.0,36.0,40.0,42.0,40.0,41.0,52.0,32.0,43.0,46.0,26.0,31.0,28.0,26.0
5525,New Zealand,Stimulants,Stock Variation,0.0,0.0,0.0,0.0,0.0,0.0,0.0,0.0,0.0,0.0,0.0,0.0,0.0,0.0,5.0,7.0,7.0,4.0
5526,New Zealand,Stimulants,Export,9.0,9.0,9.0,9.0,10.0,13.0,13.0,13.0,10.0,11.0,12.0,7.0,8.0,13.0,2.0,2.0,2.0,1.0
5527,New Zealand,Stimulants,Domestic supply,26.0,22.0,24.0,26.0,25.0,23.0,26.0,29.0,30.0,31.0,39.0,24.0,35.0,34.0,19.0,22.0,20.0,20.0
5528,New Zealand,Stimulants,Processing,0.0,0.0,0.0,0.0,0.0,0.0,0.0,0.0,0.0,0.0,0.0,0.0,0.0,0.0,4.0,6.0,4.0,4.0
5529,New Zealand,Stimulants,Other uses (non-food),7.0,7.0,9.0,10.0,9.0,6.0,7.0,8.0,11.0,10.0,14.0,8.0,14.0,13.0,0.0,0.0,0.0,0.0
5530,New Zealand,Stimulants,Human Consumption,18.0,15.0,15.0,16.0,17.0,17.0,19.0,20.0,19.0,20.0,25.0,16.0,22.0,21.0,15.0,16.0,16.0,16.0
5531,New Zealand,Fruits - Excluding Wine,Production,1107.0,953.0,1047.0,951.0,1169.0,1133.0,998.0,1139.0,1259.0,1250.0,1294.0,1332.0,1239.0,1331.0,1427.0,1420.0,1610.0,1439.0
5532,New Zealand,Alcoholic Beverages,Production,382.0,386.0,425.0,395.0,454.0,435.0,473.0,494.0,569.0,538.0,529.0,577.0,515.0,579.0,652.0,558.0,637.0,612.0
5533,New Zealand,Miscellaneous,Human Consumption,0.0,0.0,0.0,0.0,0.0,0.0,0.0,0.0,0.0,0.0,0.0,0.0,0.0,0.0,0.0,0.0,0.0,0.0
5534,New Zealand,Miscellaneous,Domestic supply,-2.0,-1.0,-1.0,0.0,-2.0,-8.0,-14.0,-17.0,-15.0,-17.0,-21.0,-15.0,-27.0,-41.0,-82.0,-103.0,-146.0,-110.0
5535,New Zealand,Miscellaneous,Export,3.0,1.0,1.0,1.0,2.0,8.0,15.0,17.0,16.0,18.0,24.0,17.0,28.0,42.0,198.0,220.0,266.0,210.0
5536,New Zealand,Animal fats,Losses,0.0,0.0,0.0,0.0,0.0,0.0,0.0,0.0,0.0,0.0,0.0,0.0,0.0,0.0,3.0,3.0,3.0,3.0
5537,New Zealand,Animal fats,Processing,0.0,0.0,0.0,0.0,0.0,0.0,0.0,0.0,0.0,0.0,0.0,0.0,0.0,0.0,7.0,9.0,1.0,11.0
5538,New Zealand,Animal fats,Other uses (non-food),42.0,27.0,33.0,22.0,45.0,33.0,38.0,67.0,86.0,69.0,55.0,76.0,40.0,52.0,14.0,13.0,10.0,15.0
5539,New Zealand,Animal fats,Human Consumption,56.0,62.0,57.0,60.0,58.0,61.0,60.0,60.0,60.0,66.0,62.0,65.0,58.0,63.0,52.0,51.0,53.0,52.0
5540,New Zealand,Offals,Production,189.0,196.0,189.0,211.0,219.0,200.0,197.0,198.0,208.0,196.0,194.0,196.0,189.0,200.0,202.0,212.0,211.0,201.0
5541,New Zealand,Offals,Import,0.0,0.0,0.0,0.0,0.0,0.0,0.0,1.0,1.0,1.0,1.0,1.0,1.0,1.0,1.0,2.0,1.0,1.0
5542,New Zealand,Offals,Export,49.0,45.0,48.0,58.0,64.0,64.0,57.0,55.0,56.0,56.0,66.0,48.0,64.0,66.0,71.0,71.0,70.0,64.0
5543,New Zealand,Offals,Domestic supply,141.0,151.0,141.0,154.0,155.0,137.0,140.0,144.0,154.0,140.0,129.0,150.0,126.0,135.0,132.0,143.0,142.0,137.0
5544,New Zealand,Offals,Feed,83.0,89.0,80.0,91.0,98.0,77.0,79.0,79.0,85.0,84.0,79.0,95.0,81.0,87.0,81.0,87.0,87.0,85.0
5545,New Zealand,Offals,Losses,0.0,0.0,0.0,0.0,0.0,0.0,0.0,0.0,0.0,0.0,0.0,0.0,0.0,0.0,7.0,8.0,8.0,7.0
5546,New Zealand,Fruits - Excluding Wine,Stock Variation,43.0,24.0,3.0,-10.0,12.0,-5.0,9.0,-10.0,-27.0,11.0,6.0,14.0,1.0,2.0,9.0,4.0,5.0,1.0
5547,New Zealand,Offals,Other uses (non-food),39.0,44.0,42.0,42.0,36.0,37.0,40.0,43.0,47.0,35.0,28.0,32.0,21.0,25.0,36.0,39.0,38.0,36.0
5548,New Zealand,Meat,Production,1284.0,1350.0,1310.0,1433.0,1471.0,1452.0,1433.0,1446.0,1471.0,1334.0,1327.0,1329.0,1303.0,1355.0,1380.0,1430.0,1438.0,1390.0
5549,New Zealand,Meat,Import,42.0,39.0,51.0,47.0,43.0,52.0,55.0,63.0,60.0,63.0,64.0,48.0,64.0,74.0,88.0,96.0,96.0,93.0
5550,New Zealand,Meat,Stock Variation,0.0,0.0,0.0,0.0,1.0,0.0,0.0,0.0,0.0,0.0,0.0,0.0,0.0,0.0,-6.0,10.0,26.0,33.0
5551,New Zealand,Meat,Export,911.0,871.0,856.0,952.0,992.0,989.0,952.0,939.0,920.0,923.0,960.0,715.0,908.0,971.0,1012.0,1075.0,997.0,989.0
5552,New Zealand,Meat,Domestic supply,416.0,518.0,504.0,529.0,523.0,514.0,537.0,571.0,611.0,474.0,432.0,662.0,459.0,458.0,462.0,442.0,511.0,460.0
5553,New Zealand,Meat,Processing,0.0,0.0,0.0,0.0,0.0,0.0,0.0,0.0,0.0,0.0,0.0,0.0,0.0,0.0,9.0,14.0,35.0,21.0
5554,New Zealand,Meat,Other uses (non-food),59.0,124.0,90.0,96.0,78.0,89.0,80.0,80.0,112.0,22.0,11.0,105.0,9.0,1.0,8.0,1.0,9.0,1.0
5555,New Zealand,Meat,Human Consumption,357.0,394.0,415.0,433.0,445.0,426.0,457.0,491.0,499.0,451.0,421.0,557.0,450.0,457.0,469.0,465.0,472.0,474.0
5556,New Zealand,Miscellaneous,Import,1.0,0.0,0.0,0.0,0.0,0.0,0.0,0.0,1.0,1.0,3.0,2.0,1.0,1.0,117.0,117.0,120.0,101.0
5557,New Zealand,Miscellaneous,Stock Variation,0.0,0.0,0.0,0.0,0.0,0.0,0.0,0.0,0.0,0.0,0.0,0.0,0.0,0.0,0.0,0.0,0.0,0.0
5558,New Zealand,Offals,Human Consumption,18.0,18.0,20.0,21.0,21.0,23.0,22.0,22.0,22.0,21.0,22.0,22.0,23.0,23.0,8.0,9.0,9.0,9.0
5559,New Zealand,"Fish, Seafood",Feed,33.0,40.0,25.0,26.0,30.0,53.0,50.0,60.0,68.0,63.0,67.0,57.0,42.0,47.0,60.0,70.0,45.0,45.0
5560,New Zealand,"Fish, Seafood",Human Consumption,87.0,106.0,103.0,105.0,110.0,113.0,104.0,120.0,114.0,110.0,113.0,112.0,108.0,112.0,112.0,112.0,111.0,116.0
5561,New Zealand,Stimulants,Import,35.0,31.0,33.0,35.0,36.0,36.0,40.0,42.0,40.0,41.0,52.0,32.0,43.0,46.0,26.0,31.0,28.0,26.0
5562,New Zealand,Offals,Domestic supply,141.0,151.0,141.0,154.0,155.0,137.0,140.0,144.0,154.0,140.0,129.0,150.0,126.0,135.0,132.0,143.0,142.0,137.0
5563,New Zealand,Offals,Export,49.0,45.0,48.0,58.0,64.0,64.0,57.0,55.0,56.0,56.0,66.0,48.0,64.0,66.0,71.0,71.0,70.0,64.0
5564,New Zealand,Offals,Import,0.0,0.0,0.0,0.0,0.0,0.0,0.0,1.0,1.0,1.0,1.0,1.0,1.0,1.0,1.0,2.0,1.0,1.0
5565,New Zealand,Offals,Production,189.0,196.0,189.0,211.0,219.0,200.0,197.0,198.0,208.0,196.0,194.0,196.0,189.0,200.0,202.0,212.0,211.0,201.0
5566,New Zealand,Animal fats,Human Consumption,56.0,62.0,57.0,60.0,58.0,61.0,60.0,60.0,60.0,66.0,62.0,65.0,58.0,63.0,52.0,51.0,53.0,52.0
5567,New Zealand,Animal fats,Other uses (non-food),42.0,27.0,33.0,22.0,45.0,33.0,38.0,67.0,86.0,69.0,55.0,76.0,40.0,52.0,14.0,13.0,10.0,15.0
5568,New Zealand,Offals,Feed,83.0,89.0,80.0,91.0,98.0,77.0,79.0,79.0,85.0,84.0,79.0,95.0,81.0,87.0,81.0,87.0,87.0,85.0
5569,New Zealand,Animal fats,Processing,0.0,0.0,0.0,0.0,0.0,0.0,0.0,0.0,0.0,0.0,0.0,0.0,0.0,0.0,7.0,9.0,1.0,11.0
5570,New Zealand,Animal fats,Feed,1.0,0.0,0.0,0.0,0.0,0.0,0.0,0.0,0.0,1.0,0.0,0.0,1.0,2.0,2.0,3.0,2.0,2.0
5571,New Zealand,Animal fats,Domestic supply,95.0,86.0,87.0,79.0,102.0,94.0,98.0,127.0,146.0,136.0,117.0,141.0,100.0,117.0,70.0,68.0,59.0,68.0
5572,New Zealand,Animal fats,Export,506.0,464.0,547.0,555.0,515.0,488.0,562.0,520.0,444.0,609.0,572.0,398.0,632.0,623.0,644.0,653.0,684.0,601.0
5573,New Zealand,Animal fats,Stock Variation,47.0,-65.0,5.0,-5.0,-22.0,-22.0,50.0,-8.0,-70.0,82.0,65.0,-138.0,160.0,112.0,-2.0,-2.0,-2.0,0.0
5574,New Zealand,Animal fats,Import,13.0,20.0,16.0,11.0,15.0,8.0,6.0,20.0,17.0,23.0,8.0,8.0,16.0,17.0,6.0,8.0,8.0,7.0
5575,New Zealand,Animal fats,Production,542.0,595.0,614.0,629.0,624.0,595.0,604.0,636.0,643.0,639.0,616.0,670.0,555.0,611.0,705.0,712.0,733.0,662.0
5576,New Zealand,Animal fats,Losses,0.0,0.0,0.0,0.0,0.0,0.0,0.0,0.0,0.0,0.0,0.0,0.0,0.0,0.0,3.0,3.0,3.0,3.0
5577,New Zealand,Offals,Losses,0.0,0.0,0.0,0.0,0.0,0.0,0.0,0.0,0.0,0.0,0.0,0.0,0.0,0.0,7.0,8.0,8.0,7.0
5578,New Zealand,Offals,Other uses (non-food),39.0,44.0,42.0,42.0,36.0,37.0,40.0,43.0,47.0,35.0,28.0,32.0,21.0,25.0,36.0,39.0,38.0,36.0
5579,New Zealand,Offals,Human Consumption,18.0,18.0,20.0,21.0,21.0,23.0,22.0,22.0,22.0,21.0,22.0,22.0,23.0,23.0,8.0,9.0,9.0,9.0
5580,New Zealand,Alcoholic Beverages,Import,66.0,64.0,61.0,72.0,79.0,81.0,83.0,88.0,90.0,77.0,110.0,53.0,103.0,105.0,137.0,139.0,152.0,101.0
5581,New Zealand,Alcoholic Beverages,Production,382.0,386.0,425.0,395.0,454.0,435.0,473.0,494.0,569.0,538.0,529.0,577.0,515.0,579.0,652.0,558.0,637.0,612.0
5582,New Zealand,Miscellaneous,Human Consumption,0.0,0.0,0.0,0.0,0.0,0.0,0.0,0.0,0.0,0.0,0.0,0.0,0.0,0.0,0.0,0.0,0.0,0.0
5583,New Zealand,Miscellaneous,Domestic supply,-2.0,-1.0,-1.0,0.0,-2.0,-8.0,-14.0,-17.0,-15.0,-17.0,-21.0,-15.0,-27.0,-41.0,-82.0,-103.0,-146.0,-110.0
5584,New Zealand,Miscellaneous,Export,3.0,1.0,1.0,1.0,2.0,8.0,15.0,17.0,16.0,18.0,24.0,17.0,28.0,42.0,198.0,220.0,266.0,210.0
5585,New Zealand,Miscellaneous,Stock Variation,0.0,0.0,0.0,0.0,0.0,0.0,0.0,0.0,0.0,0.0,0.0,0.0,0.0,0.0,0.0,0.0,0.0,0.0
5586,New Zealand,Miscellaneous,Import,1.0,0.0,0.0,0.0,0.0,0.0,0.0,0.0,1.0,1.0,3.0,2.0,1.0,1.0,117.0,117.0,120.0,101.0
5587,New Zealand,Meat,Human Consumption,357.0,394.0,415.0,433.0,445.0,426.0,457.0,491.0,499.0,451.0,421.0,557.0,450.0,457.0,469.0,465.0,472.0,474.0
5588,New Zealand,Meat,Other uses (non-food),59.0,124.0,90.0,96.0,78.0,89.0,80.0,80.0,112.0,22.0,11.0,105.0,9.0,1.0,8.0,1.0,9.0,1.0
5589,New Zealand,Meat,Processing,0.0,0.0,0.0,0.0,0.0,0.0,0.0,0.0,0.0,0.0,0.0,0.0,0.0,0.0,9.0,14.0,35.0,21.0
5590,New Zealand,Meat,Domestic supply,416.0,518.0,504.0,529.0,523.0,514.0,537.0,571.0,611.0,474.0,432.0,662.0,459.0,458.0,462.0,442.0,511.0,460.0
5591,New Zealand,Meat,Export,911.0,871.0,856.0,952.0,992.0,989.0,952.0,939.0,920.0,923.0,960.0,715.0,908.0,971.0,1012.0,1075.0,997.0,989.0
5592,New Zealand,Meat,Stock Variation,0.0,0.0,0.0,0.0,1.0,0.0,0.0,0.0,0.0,0.0,0.0,0.0,0.0,0.0,-6.0,10.0,26.0,33.0
5593,New Zealand,Meat,Import,42.0,39.0,51.0,47.0,43.0,52.0,55.0,63.0,60.0,63.0,64.0,48.0,64.0,74.0,88.0,96.0,96.0,93.0
5594,New Zealand,Meat,Production,1284.0,1350.0,1310.0,1433.0,1471.0,1452.0,1433.0,1446.0,1471.0,1334.0,1327.0,1329.0,1303.0,1355.0,1380.0,1430.0,1438.0,1390.0
5595,New Zealand,Milk - Excluding Butter,Human Consumption,394.0,382.0,363.0,379.0,383.0,405.0,386.0,439.0,369.0,445.0,485.0,578.0,580.0,618.0,501.0,517.0,464.0,517.0
5596,New Zealand,Alcoholic Beverages,Stock Variation,-4.0,-6.0,-8.0,-8.0,11.0,14.0,-10.0,-28.0,-62.0,-7.0,100.0,-50.0,2.0,1.0,-9.0,-83.0,8.0,22.0
5597,New Zealand,Milk - Excluding Butter,Other uses (non-food),1552.0,1574.0,1867.0,2928.0,3003.0,2903.0,2168.0,1670.0,2386.0,1769.0,2251.0,2571.0,973.0,1102.0,434.0,7.0,78.0,111.0
5598,New Zealand,Milk - Excluding Butter,Losses,122.0,131.0,139.0,143.0,150.0,146.0,152.0,156.0,152.0,165.0,170.0,173.0,191.0,195.0,213.0,219.0,217.0,214.0
5599,New Zealand,Oilcrops,Human Consumption,20.0,18.0,21.0,21.0,21.0,23.0,23.0,24.0,23.0,26.0,28.0,19.0,27.0,26.0,20.0,21.0,22.0,23.0
5600,New Zealand,Starchy Roots,Production,518.0,516.0,516.0,518.0,520.0,518.0,518.0,495.0,518.0,557.0,538.0,544.0,566.0,577.0,460.0,487.0,491.0,477.0
5601,New Zealand,Starchy Roots,Import,31.0,35.0,43.0,52.0,54.0,65.0,63.0,131.0,124.0,98.0,112.0,83.0,96.0,103.0,51.0,49.0,49.0,55.0
5602,New Zealand,Starchy Roots,Stock Variation,-6.0,-1.0,-1.0,-20.0,-12.0,10.0,11.0,8.0,8.0,7.0,10.0,20.0,9.0,26.0,-45.0,-14.0,-15.0,-36.0
5603,New Zealand,Starchy Roots,Export,76.0,86.0,83.0,97.0,102.0,102.0,130.0,139.0,122.0,137.0,134.0,103.0,115.0,129.0,118.0,103.0,117.0,113.0
5604,New Zealand,Starchy Roots,Domestic supply,466.0,464.0,474.0,453.0,460.0,490.0,462.0,495.0,529.0,525.0,527.0,544.0,557.0,576.0,439.0,446.0,438.0,455.0
5605,New Zealand,Oilcrops,Other uses (non-food),3.0,0.0,0.0,0.0,0.0,0.0,0.0,0.0,0.0,0.0,0.0,0.0,0.0,0.0,0.0,0.0,0.0,0.0
5606,New Zealand,Starchy Roots,Feed,22.0,22.0,22.0,22.0,22.0,22.0,23.0,18.0,23.0,23.0,23.0,22.0,17.0,18.0,15.0,16.0,16.0,16.0
5607,New Zealand,Starchy Roots,Losses,10.0,10.0,10.0,10.0,10.0,10.0,10.0,10.0,10.0,11.0,11.0,11.0,11.0,11.0,10.0,11.0,11.0,10.0
5608,New Zealand,Starchy Roots,Processing,108.0,98.0,103.0,117.0,119.0,138.0,119.0,106.0,144.0,164.0,150.0,181.0,190.0,198.0,152.0,164.0,164.0,161.0
5609,New Zealand,Starchy Roots,Other uses (non-food),0.0,0.0,2.0,10.0,16.0,14.0,11.0,21.0,40.0,24.0,17.0,22.0,24.0,25.0,7.0,7.0,8.0,7.0
5610,New Zealand,Starchy Roots,Human Consumption,275.0,282.0,286.0,242.0,242.0,253.0,248.0,290.0,261.0,247.0,271.0,254.0,258.0,266.0,235.0,231.0,230.0,234.0
5611,New Zealand,Sugar Crops,Import,0.0,0.0,0.0,0.0,0.0,0.0,0.0,0.0,0.0,0.0,0.0,0.0,0.0,0.0,1.0,1.0,1.0,1.0
5612,New Zealand,Sugar Crops,Stock Variation,0.0,0.0,0.0,0.0,0.0,0.0,0.0,0.0,0.0,0.0,0.0,0.0,0.0,0.0,1.0,0.0,1.0,0.0
5613,New Zealand,Starchy Roots,Seed,52.0,52.0,52.0,52.0,52.0,52.0,52.0,50.0,52.0,56.0,54.0,54.0,57.0,58.0,46.0,29.0,29.0,48.0
5614,New Zealand,Oilcrops,Processing,1.0,0.0,1.0,1.0,1.0,2.0,1.0,1.0,2.0,2.0,2.0,2.0,1.0,1.0,2.0,2.0,2.0,2.0
5615,New Zealand,Oilcrops,Losses,0.0,0.0,0.0,0.0,0.0,0.0,0.0,0.0,0.0,0.0,0.0,0.0,0.0,0.0,0.0,0.0,0.0,0.0
5616,New Zealand,Oilcrops,Seed,0.0,0.0,0.0,0.0,0.0,0.0,0.0,0.0,0.0,0.0,0.0,0.0,0.0,0.0,0.0,0.0,0.0,0.0
5617,New Zealand,Milk - Excluding Butter,Feed,493.0,466.0,475.0,495.0,545.0,566.0,651.0,621.0,718.0,671.0,691.0,706.0,717.0,679.0,398.0,446.0,307.0,320.0
5618,New Zealand,Milk - Excluding Butter,Domestic supply,2561.0,2553.0,2844.0,3946.0,4081.0,4021.0,3356.0,2886.0,3626.0,3050.0,3596.0,4029.0,2462.0,2595.0,677.0,647.0,1061.0,616.0
5619,New Zealand,Milk - Excluding Butter,Export,9102.0,10283.0,11650.0,11947.0,11522.0,10723.0,12523.0,12845.0,9595.0,14557.0,14529.0,10772.0,19006.0,18944.0,20452.0,21679.0,21688.0,20654.0
5620,New Zealand,Milk - Excluding Butter,Stock Variation,-635.0,-331.0,571.0,1472.0,513.0,29.0,619.0,10.0,-2066.0,1010.0,997.0,-2601.0,2222.0,1972.0,332.0,-156.0,-889.0,264.0
5621,New Zealand,Milk - Excluding Butter,Import,62.0,48.0,57.0,72.0,60.0,78.0,88.0,103.0,70.0,114.0,118.0,63.0,117.0,98.0,142.0,231.0,188.0,162.0
5622,New Zealand,Milk - Excluding Butter,Production,12235.0,13119.0,13866.0,14349.0,15030.0,14638.0,15172.0,15618.0,15217.0,16483.0,17010.0,17339.0,19129.0,19469.0,21320.0,21939.0,21672.0,21372.0
5623,New Zealand,Eggs,Human Consumption,37.0,38.0,39.0,39.0,41.0,43.0,45.0,40.0,47.0,44.0,43.0,43.0,45.0,45.0,44.0,45.0,48.0,49.0
5624,New Zealand,Eggs,Other uses (non-food),0.0,0.0,0.0,0.0,0.0,0.0,0.0,0.0,0.0,0.0,0.0,0.0,0.0,0.0,0.0,0.0,0.0,0.0
5625,New Zealand,Eggs,Losses,2.0,2.0,2.0,2.0,2.0,2.0,2.0,2.0,2.0,2.0,2.0,2.0,2.0,2.0,2.0,2.0,3.0,3.0
5626,New Zealand,Eggs,Seed,6.0,6.0,6.0,6.0,7.0,8.0,7.0,7.0,7.0,6.0,7.0,7.0,8.0,8.0,8.0,8.0,9.0,9.0
5627,New Zealand,Eggs,Domestic supply,45.0,46.0,47.0,48.0,50.0,53.0,54.0,49.0,56.0,52.0,52.0,53.0,55.0,54.0,54.0,55.0,58.0,61.0
5628,New Zealand,Eggs,Export,1.0,1.0,1.0,1.0,1.0,1.0,1.0,1.0,1.0,3.0,4.0,3.0,3.0,4.0,3.0,3.0,2.0,2.0
5629,New Zealand,Eggs,Stock Variation,0.0,0.0,0.0,0.0,0.0,0.0,0.0,0.0,0.0,0.0,0.0,0.0,0.0,0.0,0.0,0.0,1.0,1.0
5630,New Zealand,Eggs,Import,0.0,1.0,0.0,0.0,0.0,0.0,1.0,1.0,1.0,1.0,1.0,1.0,1.0,1.0,1.0,2.0,2.0,2.0
5631,New Zealand,Oilcrops,Feed,52.0,43.0,53.0,49.0,73.0,40.0,60.0,57.0,12.0,5.0,25.0,12.0,7.0,11.0,8.0,7.0,7.0,13.0
5632,New Zealand,Milk - Excluding Butter,Processing,0.0,0.0,0.0,0.0,0.0,0.0,0.0,0.0,0.0,0.0,0.0,0.0,0.0,0.0,0.0,0.0,0.0,0.0
5633,New Zealand,Sugar Crops,Domestic supply,0.0,0.0,0.0,0.0,0.0,0.0,0.0,0.0,0.0,0.0,0.0,0.0,0.0,0.0,0.0,0.0,0.0,1.0
5634,New Zealand,Alcoholic Beverages,Export,59.0,39.0,42.0,50.0,85.0,104.0,82.0,102.0,109.0,159.0,276.0,133.0,206.0,210.0,356.0,382.0,396.0,263.0
5635,New Zealand,Alcoholic Beverages,Processing,21.0,35.0,71.0,40.0,81.0,45.0,73.0,51.0,57.0,53.0,68.0,51.0,17.0,78.0,48.0,19.0,15.0,38.0
5636,New Zealand,Pulses,Production,65.0,39.0,30.0,35.0,33.0,41.0,34.0,23.0,22.0,23.0,41.0,37.0,23.0,26.0,31.0,28.0,23.0,23.0
5637,New Zealand,Sugar & Sweeteners,Human Consumption,221.0,234.0,240.0,250.0,245.0,254.0,247.0,254.0,267.0,261.0,248.0,257.0,257.0,267.0,261.0,264.0,255.0,265.0
5638,New Zealand,Sugar & Sweeteners,Other uses (non-food),0.0,0.0,0.0,0.0,1.0,2.0,1.0,2.0,1.0,1.0,1.0,0.0,3.0,3.0,50.0,50.0,51.0,56.0
5639,New Zealand,Sugar & Sweeteners,Processing,12.0,11.0,14.0,12.0,13.0,11.0,12.0,12.0,12.0,13.0,11.0,10.0,11.0,12.0,12.0,12.0,11.0,12.0
5640,New Zealand,Sugar & Sweeteners,Losses,0.0,0.0,0.0,0.0,0.0,0.0,0.0,0.0,0.0,0.0,0.0,0.0,0.0,0.0,1.0,1.0,1.0,1.0
5641,New Zealand,Sugar & Sweeteners,Feed,0.0,0.0,0.0,0.0,0.0,0.0,0.0,0.0,0.0,0.0,0.0,0.0,0.0,0.0,0.0,0.0,0.0,0.0
5642,New Zealand,Pulses,Import,7.0,8.0,10.0,9.0,10.0,8.0,10.0,9.0,9.0,10.0,11.0,8.0,10.0,11.0,12.0,11.0,12.0,12.0
5643,New Zealand,Sugar & Sweeteners,Domestic supply,233.0,245.0,254.0,263.0,259.0,267.0,259.0,267.0,279.0,274.0,260.0,267.0,271.0,282.0,302.0,300.0,301.0,312.0
5644,New Zealand,Sugar & Sweeteners,Stock Variation,-18.0,-22.0,-34.0,-33.0,-17.0,51.0,8.0,9.0,21.0,11.0,31.0,29.0,5.0,-1.0,1.0,-24.0,-10.0,15.0
5645,New Zealand,Sugar & Sweeteners,Import,257.0,262.0,299.0,297.0,295.0,259.0,272.0,275.0,288.0,294.0,278.0,263.0,317.0,334.0,429.0,404.0,419.0,455.0
5646,New Zealand,Sugar & Sweeteners,Production,62.0,59.0,57.0,65.0,64.0,61.0,62.0,61.0,41.0,46.0,33.0,28.0,26.0,34.0,35.0,37.0,39.0,35.0
5647,New Zealand,Vegetable Oils,Human Consumption,37.0,29.0,38.0,35.0,42.0,41.0,41.0,44.0,44.0,33.0,41.0,35.0,41.0,38.0,34.0,35.0,38.0,37.0
5648,New Zealand,Vegetable Oils,Other uses (non-food),28.0,42.0,48.0,43.0,47.0,61.0,76.0,58.0,65.0,60.0,65.0,56.0,72.0,82.0,47.0,54.0,57.0,61.0
5649,New Zealand,Vegetable Oils,Processing,2.0,1.0,1.0,1.0,1.0,2.0,2.0,1.0,0.0,0.0,0.0,0.0,0.0,0.0,28.0,33.0,30.0,25.0
5650,New Zealand,Sugar & Sweeteners,Export,68.0,54.0,68.0,66.0,83.0,104.0,83.0,78.0,71.0,78.0,82.0,53.0,77.0,85.0,161.0,166.0,167.0,163.0
5651,New Zealand,Pulses,Stock Variation,-17.0,5.0,9.0,12.0,0.0,0.0,0.0,0.0,1.0,2.0,0.0,0.0,2.0,0.0,5.0,5.0,-1.0,-4.0
5652,New Zealand,Pulses,Export,25.0,24.0,19.0,22.0,20.0,18.0,13.0,16.0,13.0,13.0,17.0,13.0,15.0,15.0,15.0,15.0,17.0,18.0
5653,New Zealand,Pulses,Domestic supply,31.0,28.0,31.0,33.0,24.0,30.0,31.0,16.0,19.0,21.0,34.0,32.0,19.0,22.0,24.0,19.0,19.0,21.0
5654,New Zealand,Oilcrops,Import,73.0,59.0,71.0,68.0,91.0,62.0,81.0,81.0,34.0,29.0,53.0,29.0,33.0,37.0,37.0,35.0,39.0,46.0
5655,New Zealand,Oilcrops,Production,5.0,5.0,5.0,6.0,6.0,6.0,5.0,4.0,4.0,5.0,5.0,5.0,5.0,5.0,5.0,5.0,5.0,5.0
5656,New Zealand,Treenuts,Human Consumption,7.0,7.0,9.0,10.0,12.0,14.0,14.0,19.0,18.0,19.0,23.0,16.0,25.0,27.0,10.0,11.0,10.0,10.0
5657,New Zealand,Treenuts,Losses,0.0,0.0,0.0,0.0,0.0,0.0,0.0,0.0,0.0,0.0,0.0,0.0,0.0,0.0,0.0,0.0,0.0,0.0
5658,New Zealand,Treenuts,Domestic supply,7.0,7.0,9.0,10.0,12.0,14.0,14.0,19.0,18.0,19.0,23.0,16.0,25.0,27.0,9.0,11.0,10.0,10.0
5659,New Zealand,Treenuts,Export,0.0,0.0,0.0,0.0,0.0,0.0,0.0,0.0,0.0,0.0,2.0,0.0,0.0,1.0,1.0,0.0,0.0,0.0
5660,New Zealand,Treenuts,Stock Variation,0.0,0.0,0.0,0.0,0.0,0.0,0.0,0.0,0.0,0.0,0.0,0.0,0.0,0.0,0.0,1.0,1.0,1.0
5661,New Zealand,Treenuts,Import,7.0,7.0,9.0,11.0,13.0,14.0,15.0,18.0,17.0,18.0,22.0,15.0,23.0,27.0,11.0,13.0,12.0,12.0
5662,New Zealand,Treenuts,Production,0.0,0.0,0.0,0.0,0.0,0.0,0.0,1.0,2.0,2.0,2.0,2.0,2.0,2.0,0.0,0.0,0.0,0.0
5663,New Zealand,Pulses,Human Consumption,18.0,18.0,21.0,23.0,15.0,22.0,23.0,9.0,12.0,13.0,24.0,23.0,14.0,16.0,17.0,15.0,15.0,17.0
5664,New Zealand,Pulses,Other uses (non-food),0.0,0.0,0.0,0.0,0.0,0.0,0.0,0.0,0.0,0.0,0.0,0.0,0.0,0.0,0.0,0.0,0.0,0.0
5665,New Zealand,Pulses,Processing,0.0,0.0,0.0,0.0,0.0,0.0,0.0,0.0,0.0,0.0,0.0,0.0,0.0,0.0,1.0,0.0,0.0,0.0
5666,New Zealand,Pulses,Losses,3.0,2.0,2.0,2.0,2.0,2.0,2.0,1.0,1.0,1.0,2.0,2.0,1.0,1.0,1.0,1.0,1.0,1.0
5667,New Zealand,Pulses,Seed,6.0,6.0,6.0,6.0,6.0,5.0,4.0,4.0,3.0,3.0,5.0,5.0,3.0,3.0,3.0,2.0,2.0,3.0
5668,New Zealand,Pulses,Feed,4.0,2.0,2.0,2.0,2.0,2.0,2.0,2.0,3.0,3.0,3.0,3.0,1.0,2.0,1.0,1.0,1.0,1.0
5669,New Zealand,Vegetable Oils,Domestic supply,67.0,72.0,87.0,79.0,90.0,103.0,118.0,104.0,109.0,93.0,106.0,91.0,113.0,120.0,106.0,118.0,125.0,123.0
5670,New Zealand,Alcoholic Beverages,Domestic supply,385.0,404.0,436.0,408.0,459.0,426.0,464.0,453.0,488.0,450.0,463.0,446.0,413.0,475.0,442.0,397.0,384.0,428.0
5671,New Zealand,Vegetable Oils,Export,15.0,8.0,16.0,10.0,13.0,12.0,4.0,5.0,4.0,2.0,8.0,3.0,6.0,3.0,3.0,3.0,4.0,4.0
5672,New Zealand,Vegetable Oils,Import,81.0,73.0,103.0,88.0,105.0,119.0,120.0,108.0,111.0,89.0,111.0,85.0,114.0,118.0,107.0,114.0,129.0,128.0
5673,New Zealand,Stimulants,Other uses (non-food),7.0,7.0,9.0,10.0,9.0,6.0,7.0,8.0,11.0,10.0,14.0,8.0,14.0,13.0,0.0,0.0,0.0,0.0
5674,New Zealand,Stimulants,Processing,0.0,0.0,0.0,0.0,0.0,0.0,0.0,0.0,0.0,0.0,0.0,0.0,0.0,0.0,4.0,6.0,4.0,4.0
5675,New Zealand,Stimulants,Domestic supply,26.0,22.0,24.0,26.0,25.0,23.0,26.0,29.0,30.0,31.0,39.0,24.0,35.0,34.0,19.0,22.0,20.0,20.0
5676,New Zealand,Stimulants,Export,9.0,9.0,9.0,9.0,10.0,13.0,13.0,13.0,10.0,11.0,12.0,7.0,8.0,13.0,2.0,2.0,2.0,1.0
5677,New Zealand,Stimulants,Stock Variation,0.0,0.0,0.0,0.0,0.0,0.0,0.0,0.0,0.0,0.0,0.0,0.0,0.0,0.0,5.0,7.0,7.0,4.0
5678,New Zealand,Oilcrops,Domestic supply,76.0,62.0,75.0,71.0,95.0,65.0,84.0,82.0,36.0,33.0,55.0,32.0,35.0,38.0,30.0,30.0,31.0,37.0
5679,New Zealand,Stimulants,Human Consumption,18.0,15.0,15.0,16.0,17.0,17.0,19.0,20.0,19.0,20.0,25.0,16.0,22.0,21.0,15.0,16.0,16.0,16.0
5680,New Zealand,Stimulants,Production,0.0,0.0,0.0,0.0,0.0,0.0,0.0,0.0,0.0,0.0,0.0,0.0,0.0,0.0,0.0,0.0,0.0,0.0
5681,New Zealand,Spices,Domestic supply,2.0,2.0,2.0,2.0,2.0,2.0,2.0,3.0,2.0,2.0,3.0,2.0,3.0,3.0,3.0,3.0,3.0,3.0
5682,New Zealand,Spices,Export,0.0,0.0,0.0,0.0,0.0,0.0,0.0,0.0,0.0,0.0,0.0,0.0,0.0,0.0,0.0,0.0,0.0,0.0
5683,New Zealand,Spices,Stock Variation,0.0,0.0,0.0,0.0,0.0,0.0,0.0,0.0,0.0,0.0,0.0,0.0,0.0,0.0,1.0,2.0,2.0,2.0
5684,New Zealand,Spices,Import,2.0,2.0,2.0,2.0,2.0,3.0,3.0,3.0,2.0,3.0,3.0,3.0,3.0,4.0,4.0,5.0,5.0,5.0
5685,New Zealand,Alcoholic Beverages,Human Consumption,361.0,368.0,363.0,361.0,362.0,364.0,369.0,373.0,383.0,364.0,347.0,353.0,343.0,349.0,356.0,347.0,338.0,362.0
5686,New Zealand,Alcoholic Beverages,Other uses (non-food),2.0,1.0,3.0,7.0,17.0,17.0,22.0,29.0,48.0,33.0,49.0,42.0,53.0,48.0,44.0,36.0,33.0,28.0
5687,New Zealand,Spices,Human Consumption,2.0,2.0,2.0,2.0,2.0,2.0,2.0,3.0,2.0,2.0,3.0,2.0,3.0,3.0,3.0,3.0,3.0,3.0
5688,New Zealand,Fruits - Excluding Wine,Production,1107.0,953.0,1047.0,951.0,1169.0,1133.0,998.0,1139.0,1259.0,1250.0,1294.0,1332.0,1239.0,1331.0,1427.0,1420.0,1610.0,1439.0
5689,New Zealand,Fruits - Excluding Wine,Import,224.0,226.0,252.0,284.0,298.0,320.0,313.0,348.0,342.0,308.0,322.0,198.0,278.0,277.0,234.0,217.0,224.0,206.0
5690,New Zealand,Fruits - Excluding Wine,Stock Variation,43.0,24.0,3.0,-10.0,12.0,-5.0,9.0,-10.0,-27.0,11.0,6.0,14.0,1.0,2.0,9.0,4.0,5.0,1.0
5691,New Zealand,Vegetable Oils,Production,3.0,2.0,2.0,2.0,2.0,3.0,3.0,2.0,3.0,3.0,3.0,3.0,3.0,3.0,7.0,9.0,5.0,8.0
5692,New Zealand,Vegetables,Human Consumption,509.0,557.0,486.0,474.0,565.0,505.0,635.0,548.0,563.0,609.0,539.0,535.0,598.0,584.0,503.0,520.0,509.0,464.0
5693,New Zealand,Vegetables,Losses,61.0,64.0,58.0,60.0,64.0,57.0,66.0,67.0,73.0,74.0,73.0,69.0,80.0,80.0,92.0,89.0,87.0,84.0
5694,New Zealand,Vegetables,Feed,0.0,0.0,0.0,0.0,0.0,0.0,0.0,0.0,0.0,0.0,0.0,0.0,0.0,0.0,0.0,0.0,0.0,0.0
5695,New Zealand,Vegetables,Domestic supply,569.0,621.0,544.0,533.0,629.0,562.0,701.0,615.0,637.0,683.0,612.0,604.0,678.0,663.0,562.0,584.0,569.0,539.0
5696,New Zealand,Vegetables,Export,501.0,447.0,420.0,458.0,441.0,434.0,398.0,475.0,430.0,364.0,448.0,350.0,431.0,445.0,479.0,468.0,485.0,482.0
5697,New Zealand,Vegetables,Stock Variation,-2.0,8.0,-7.0,-4.0,0.0,6.0,-2.0,-1.0,0.0,0.0,5.0,8.0,11.0,11.0,25.0,5.0,-3.0,-11.0
5698,New Zealand,Vegetables,Import,73.0,74.0,70.0,67.0,83.0,78.0,83.0,82.0,111.0,89.0,99.0,71.0,90.0,99.0,118.0,122.0,127.0,123.0
5699,New Zealand,Vegetables,Production,999.0,984.0,901.0,929.0,986.0,911.0,1018.0,1010.0,956.0,958.0,957.0,875.0,1007.0,998.0,948.0,934.0,925.0,887.0
5700,New Zealand,Fruits - Excluding Wine,Human Consumption,495.0,477.0,462.0,436.0,463.0,492.0,406.0,483.0,514.0,477.0,476.0,404.0,419.0,446.0,281.0,271.0,297.0,279.0
5701,New Zealand,Fruits - Excluding Wine,Other uses (non-food),0.0,0.0,0.0,0.0,0.0,0.0,0.0,0.0,0.0,0.0,0.0,0.0,0.0,0.0,0.0,0.0,0.0,0.0
5702,New Zealand,Fruits - Excluding Wine,Processing,126.0,112.0,162.0,117.0,212.0,191.0,209.0,222.0,299.0,303.0,290.0,360.0,307.0,372.0,436.0,337.0,386.0,407.0
5703,New Zealand,Fruits - Excluding Wine,Losses,53.0,44.0,47.0,45.0,48.0,48.0,39.0,43.0,44.0,43.0,45.0,40.0,42.0,43.0,130.0,120.0,132.0,127.0
5704,New Zealand,Fruits - Excluding Wine,Domestic supply,674.0,632.0,671.0,598.0,723.0,731.0,654.0,748.0,858.0,823.0,811.0,804.0,768.0,861.0,819.0,666.0,747.0,770.0
5705,New Zealand,Fruits - Excluding Wine,Export,701.0,571.0,631.0,627.0,757.0,717.0,667.0,729.0,717.0,746.0,811.0,739.0,750.0,750.0,834.0,967.0,1083.0,874.0
5706,New Zealand,Vegetable Oils,Stock Variation,-2.0,6.0,-2.0,-1.0,-5.0,-7.0,0.0,-1.0,-1.0,3.0,0.0,6.0,2.0,3.0,5.0,2.0,6.0,9.0
5707,New Zealand,Sugar Crops,Feed,0.0,0.0,0.0,0.0,0.0,0.0,0.0,0.0,0.0,0.0,0.0,0.0,0.0,0.0,0.0,0.0,0.0,0.0
5708,New Zealand,Sugar Crops,Human Consumption,0.0,0.0,0.0,0.0,0.0,0.0,0.0,0.0,0.0,0.0,0.0,0.0,0.0,0.0,0.0,0.0,0.0,1.0
5709,New Zealand,Oilcrops,Export,1.0,2.0,1.0,3.0,2.0,2.0,2.0,2.0,1.0,1.0,3.0,2.0,3.0,4.0,4.0,3.0,4.0,5.0
5710,New Zealand,Oilcrops,Stock Variation,0.0,1.0,0.0,0.0,0.0,0.0,0.0,0.0,0.0,0.0,0.0,0.0,0.0,0.0,8.0,7.0,10.0,8.0
5711,New Zealand,Eggs,Production,45.0,46.0,48.0,49.0,50.0,53.0,54.0,49.0,56.0,55.0,56.0,54.0,57.0,57.0,56.0,57.0,59.0,62.0
5712,Nicaragua,Fruits - Excluding Wine,Export,55.0,58.0,69.0,83.0,80.0,91.0,82.0,110.0,89.0,147.0,120.0,134.0,191.0,155.0,168.0,154.0,208.0,253.0
5713,Nicaragua,Fruits - Excluding Wine,Domestic supply,189.0,201.0,187.0,206.0,209.0,219.0,216.0,238.0,291.0,321.0,304.0,301.0,258.0,269.0,232.0,307.0,339.0,337.0
5714,Nicaragua,Fruits - Excluding Wine,Feed,2.0,2.0,2.0,2.0,2.0,2.0,3.0,3.0,3.0,4.0,3.0,3.0,3.0,3.0,11.0,16.0,23.0,23.0
5715,Nicaragua,Fruits - Excluding Wine,Losses,32.0,33.0,32.0,33.0,33.0,34.0,35.0,38.0,38.0,43.0,37.0,42.0,45.0,44.0,43.0,55.0,75.0,80.0
5716,Nicaragua,Fruits - Excluding Wine,Human Consumption,158.0,171.0,156.0,174.0,178.0,185.0,184.0,204.0,255.0,281.0,270.0,265.0,230.0,238.0,185.0,240.0,249.0,243.0
5717,Nicaragua,Vegetables,Production,29.0,30.0,30.0,32.0,33.0,35.0,36.0,36.0,35.0,35.0,37.0,63.0,67.0,68.0,146.0,158.0,199.0,213.0
5718,Nicaragua,Fruits - Excluding Wine,Stock Variation,-1.0,-1.0,1.0,0.0,0.0,0.0,0.0,0.0,0.0,0.0,0.0,-19.0,19.0,0.0,1.0,0.0,1.0,0.0
5719,Nicaragua,Vegetables,Import,26.0,25.0,29.0,16.0,25.0,23.0,33.0,38.0,36.0,40.0,47.0,39.0,38.0,36.0,35.0,34.0,44.0,47.0
5720,Nicaragua,Vegetables,Export,26.0,11.0,9.0,13.0,16.0,23.0,22.0,29.0,21.0,24.0,28.0,31.0,17.0,9.0,12.0,17.0,16.0,12.0
5721,Nicaragua,Vegetables,Domestic supply,29.0,44.0,51.0,35.0,42.0,35.0,46.0,45.0,51.0,51.0,55.0,71.0,89.0,94.0,168.0,174.0,225.0,247.0
5722,Nicaragua,Vegetables,Losses,4.0,4.0,5.0,4.0,5.0,5.0,6.0,6.0,6.0,6.0,7.0,10.0,10.0,10.0,17.0,16.0,21.0,22.0
5723,Nicaragua,Vegetables,Human Consumption,44.0,43.0,52.0,36.0,46.0,43.0,53.0,54.0,57.0,57.0,64.0,79.0,87.0,87.0,153.0,160.0,208.0,227.0
5724,Nicaragua,Vegetable Oils,Production,17.0,20.0,18.0,21.0,23.0,27.0,26.0,24.0,25.0,29.0,33.0,37.0,35.0,37.0,68.0,74.0,80.0,92.0
5725,Nicaragua,Vegetable Oils,Import,51.0,68.0,79.0,83.0,79.0,81.0,70.0,73.0,69.0,78.0,85.0,103.0,101.0,95.0,107.0,112.0,93.0,87.0
5726,Nicaragua,Vegetables,Stock Variation,0.0,0.0,0.0,0.0,0.0,0.0,0.0,0.0,0.0,0.0,0.0,0.0,0.0,0.0,1.0,1.0,1.0,1.0
5727,Nicaragua,Fruits - Excluding Wine,Import,32.0,31.0,33.0,58.0,65.0,77.0,64.0,97.0,131.0,187.0,182.0,182.0,147.0,140.0,41.0,40.0,41.0,38.0
5728,Nicaragua,Oilcrops,Seed,1.0,1.0,1.0,2.0,2.0,1.0,1.0,2.0,2.0,2.0,2.0,2.0,2.0,2.0,1.0,1.0,1.0,1.0
5729,Nicaragua,Stimulants,Human Consumption,8.0,2.0,3.0,3.0,2.0,3.0,4.0,3.0,2.0,3.0,3.0,3.0,4.0,4.0,0.0,0.0,0.0,0.0
5730,Nicaragua,Alcoholic Beverages,Export,19.0,13.0,16.0,16.0,18.0,24.0,11.0,8.0,45.0,59.0,14.0,15.0,25.0,21.0,18.0,17.0,18.0,19.0
5731,Nicaragua,Alcoholic Beverages,Domestic supply,44.0,46.0,48.0,60.0,66.0,43.0,72.0,88.0,60.0,24.0,77.0,75.0,88.0,91.0,94.0,98.0,100.0,103.0
5732,Nicaragua,Alcoholic Beverages,Human Consumption,61.0,57.0,62.0,71.0,81.0,61.0,77.0,88.0,94.0,73.0,79.0,76.0,98.0,97.0,97.0,101.0,105.0,109.0
5733,Nicaragua,Spices,Import,0.0,0.0,0.0,0.0,0.0,0.0,0.0,0.0,0.0,0.0,0.0,0.0,0.0,0.0,0.0,0.0,0.0,0.0
5734,Nicaragua,Spices,Stock Variation,0.0,0.0,0.0,0.0,0.0,0.0,0.0,0.0,0.0,0.0,0.0,0.0,0.0,0.0,0.0,0.0,0.0,0.0
5735,Nicaragua,Spices,Export,0.0,1.0,1.0,0.0,0.0,0.0,0.0,0.0,0.0,0.0,0.0,0.0,0.0,0.0,1.0,0.0,0.0,0.0
5736,Nicaragua,Spices,Domestic supply,0.0,0.0,0.0,0.0,0.0,0.0,0.0,0.0,0.0,0.0,0.0,0.0,0.0,0.0,0.0,0.0,0.0,0.0
5737,Nicaragua,Spices,Human Consumption,0.0,0.0,0.0,0.0,0.0,0.0,0.0,0.0,0.0,0.0,0.0,0.0,0.0,0.0,0.0,0.0,0.0,0.0
5738,Nicaragua,Stimulants,Production,82.0,67.0,61.0,83.0,58.0,96.0,72.0,101.0,77.0,94.0,81.0,106.0,90.0,87.0,89.0,100.0,128.0,135.0
5739,Nicaragua,Stimulants,Import,5.0,2.0,6.0,8.0,3.0,7.0,8.0,7.0,4.0,6.0,5.0,6.0,5.0,4.0,2.0,2.0,3.0,2.0
5740,Nicaragua,Stimulants,Stock Variation,10.0,19.0,1.0,-21.0,30.0,-35.0,11.0,-19.0,20.0,-2.0,33.0,-9.0,33.0,14.0,0.0,0.0,0.0,0.0
5741,Nicaragua,Stimulants,Export,88.0,84.0,64.0,66.0,88.0,65.0,86.0,85.0,98.0,94.0,115.0,99.0,123.0,102.0,123.0,116.0,126.0,136.0
5742,Nicaragua,Stimulants,Domestic supply,9.0,3.0,4.0,4.0,3.0,4.0,5.0,4.0,3.0,4.0,4.0,4.0,5.0,4.0,-32.0,-13.0,5.0,1.0
5743,Nicaragua,Stimulants,Losses,1.0,1.0,1.0,1.0,1.0,1.0,1.0,1.0,1.0,1.0,1.0,1.0,1.0,1.0,4.0,5.0,6.0,7.0
5744,Nicaragua,Stimulants,Processing,0.0,0.0,0.0,0.0,0.0,0.0,0.0,0.0,0.0,0.0,0.0,0.0,0.0,0.0,1.0,1.0,2.0,2.0
5745,Nicaragua,Vegetable Oils,Stock Variation,4.0,5.0,0.0,0.0,0.0,0.0,0.0,0.0,0.0,3.0,3.0,-5.0,2.0,3.0,15.0,18.0,6.0,18.0
5746,Nicaragua,Fruits - Excluding Wine,Production,212.0,229.0,221.0,231.0,224.0,233.0,234.0,252.0,249.0,281.0,242.0,272.0,284.0,285.0,361.0,422.0,508.0,552.0
5747,Nicaragua,Vegetable Oils,Export,0.0,2.0,4.0,7.0,8.0,13.0,14.0,10.0,17.0,14.0,27.0,44.0,35.0,41.0,47.0,51.0,55.0,52.0
5748,Nicaragua,Vegetable Oils,Other uses (non-food),36.0,49.0,55.0,59.0,52.0,45.0,33.0,36.0,25.0,44.0,40.0,36.0,46.0,37.0,56.0,59.0,53.0,53.0
5749,Nicaragua,Pulses,Losses,7.0,7.0,9.0,9.0,8.0,9.0,7.0,7.0,7.0,9.0,7.0,9.0,10.0,11.0,7.0,6.0,8.0,8.0
5750,Nicaragua,Pulses,Other uses (non-food),53.0,56.0,64.0,70.0,59.0,64.0,60.0,0.0,0.0,0.0,0.0,65.0,44.0,59.0,11.0,13.0,21.0,21.0
5751,Nicaragua,Pulses,Human Consumption,84.0,92.0,90.0,84.0,84.0,94.0,104.0,106.0,115.0,110.0,111.0,124.0,127.0,130.0,88.0,86.0,92.0,86.0
5752,Nicaragua,Treenuts,Import,0.0,0.0,0.0,0.0,0.0,0.0,0.0,0.0,0.0,0.0,0.0,0.0,0.0,0.0,0.0,0.0,0.0,0.0
5753,Nicaragua,Treenuts,Stock Variation,0.0,0.0,0.0,0.0,0.0,0.0,0.0,0.0,0.0,0.0,0.0,0.0,0.0,0.0,0.0,0.0,0.0,0.0
5754,Nicaragua,Treenuts,Export,1.0,0.0,0.0,0.0,0.0,0.0,0.0,0.0,0.0,1.0,1.0,0.0,0.0,0.0,0.0,0.0,0.0,0.0
5755,Nicaragua,Pulses,Seed,8.0,9.0,10.0,8.0,10.0,8.0,8.0,9.0,9.0,8.0,11.0,11.0,10.0,9.0,5.0,5.0,6.0,6.0
5756,Nicaragua,Treenuts,Domestic supply,-1.0,0.0,0.0,0.0,0.0,0.0,0.0,0.0,0.0,0.0,0.0,0.0,0.0,0.0,0.0,0.0,0.0,0.0
5757,Nicaragua,Oilcrops,Production,87.0,88.0,75.0,116.0,131.0,143.0,121.0,127.0,158.0,134.0,145.0,150.0,164.0,174.0,264.0,251.0,255.0,298.0
5758,Nicaragua,Oilcrops,Import,3.0,6.0,5.0,4.0,3.0,2.0,2.0,2.0,2.0,1.0,2.0,3.0,3.0,3.0,3.0,4.0,4.0,5.0
5759,Nicaragua,Oilcrops,Stock Variation,10.0,6.0,20.0,-18.0,-8.0,0.0,9.0,9.0,-13.0,10.0,1.0,12.0,3.0,8.0,-39.0,-9.0,-8.0,3.0
5760,Nicaragua,Oilcrops,Export,52.0,49.0,53.0,45.0,63.0,77.0,70.0,83.0,112.0,86.0,77.0,80.0,84.0,100.0,156.0,140.0,117.0,135.0
5761,Nicaragua,Oilcrops,Domestic supply,47.0,50.0,48.0,57.0,63.0,68.0,62.0,54.0,36.0,60.0,71.0,84.0,86.0,85.0,150.0,124.0,151.0,165.0
5762,Nicaragua,Oilcrops,Feed,0.0,2.0,1.0,1.0,1.0,1.0,0.0,0.0,0.0,0.0,0.0,0.0,0.0,0.0,0.0,0.0,0.0,0.0
5763,Nicaragua,Treenuts,Human Consumption,0.0,0.0,0.0,0.0,0.0,0.0,0.0,0.0,0.0,0.0,0.0,0.0,0.0,0.0,0.0,0.0,0.0,0.0
5764,Nicaragua,Alcoholic Beverages,Stock Variation,0.0,0.0,0.0,0.0,0.0,0.0,0.0,0.0,0.0,0.0,0.0,0.0,0.0,0.0,2.0,2.0,7.0,11.0
5765,Nicaragua,Pulses,Feed,0.0,0.0,0.0,0.0,0.0,0.0,0.0,0.0,0.0,0.0,0.0,0.0,0.0,0.0,0.0,0.0,0.0,0.0
5766,Nicaragua,Pulses,Export,6.0,23.0,43.0,43.0,37.0,40.0,4.0,53.0,55.0,62.0,55.0,27.0,51.0,56.0,65.0,48.0,59.0,73.0
5767,Nicaragua,Vegetable Oils,Human Consumption,36.0,41.0,37.0,39.0,42.0,51.0,51.0,51.0,53.0,52.0,53.0,55.0,56.0,58.0,57.0,58.0,61.0,58.0
5768,Nicaragua,Sugar & Sweeteners,Production,401.0,342.0,341.0,462.0,456.0,434.0,509.0,487.0,510.0,532.0,548.0,612.0,700.0,759.0,785.0,702.0,662.0,766.0
5769,Nicaragua,Sugar & Sweeteners,Import,5.0,5.0,7.0,7.0,9.0,14.0,6.0,24.0,30.0,30.0,34.0,43.0,36.0,40.0,133.0,139.0,145.0,144.0
5770,Nicaragua,Sugar & Sweeteners,Stock Variation,22.0,71.0,20.0,-103.0,1.0,83.0,-58.0,11.0,-49.0,-71.0,171.0,78.0,-11.0,-11.0,-148.0,-91.0,-92.0,-14.0
5771,Nicaragua,Sugar & Sweeteners,Export,200.0,197.0,145.0,141.0,211.0,299.0,219.0,261.0,147.0,157.0,331.0,295.0,360.0,405.0,541.0,445.0,358.0,458.0
5772,Nicaragua,Sugar & Sweeteners,Domestic supply,228.0,221.0,224.0,224.0,255.0,233.0,238.0,260.0,344.0,335.0,422.0,439.0,364.0,383.0,525.0,487.0,542.0,466.0
5773,Nicaragua,Pulses,Domestic supply,152.0,163.0,173.0,171.0,161.0,175.0,179.0,122.0,131.0,126.0,129.0,208.0,190.0,208.0,111.0,110.0,127.0,121.0
5774,Nicaragua,Sugar & Sweeteners,Feed,0.0,0.0,0.0,0.0,0.0,0.0,0.0,0.0,0.0,0.0,0.0,0.0,0.0,0.0,0.0,0.0,0.0,0.0
5775,Nicaragua,Sugar & Sweeteners,Processing,5.0,3.0,3.0,3.0,3.0,3.0,3.0,3.0,3.0,4.0,59.0,15.0,5.0,5.0,45.0,9.0,44.0,35.0
5776,Nicaragua,Sugar & Sweeteners,Other uses (non-food),22.0,22.0,23.0,23.0,54.0,29.0,29.0,51.0,116.0,102.0,120.0,168.0,107.0,118.0,133.0,135.0,143.0,70.0
5777,Nicaragua,Sugar & Sweeteners,Human Consumption,191.0,194.0,196.0,196.0,197.0,199.0,204.0,205.0,223.0,227.0,242.0,254.0,249.0,257.0,348.0,344.0,355.0,361.0
5778,Nicaragua,Pulses,Production,173.0,177.0,197.0,230.0,173.0,212.0,180.0,170.0,177.0,213.0,151.0,232.0,240.0,263.0,159.0,149.0,185.0,193.0
5779,Nicaragua,Pulses,Import,5.0,4.0,4.0,4.0,5.0,3.0,4.0,5.0,9.0,3.0,5.0,3.0,1.0,1.0,17.0,10.0,1.0,0.0
5780,Nicaragua,Pulses,Stock Variation,-20.0,5.0,15.0,-20.0,20.0,0.0,0.0,0.0,0.0,-28.0,28.0,0.0,0.0,0.0,0.0,0.0,0.0,0.0
5781,Nicaragua,Sugar & Sweeteners,Losses,10.0,1.0,2.0,2.0,2.0,2.0,2.0,2.0,2.0,3.0,2.0,3.0,3.0,3.0,0.0,0.0,0.0,0.0
5782,Nicaragua,Vegetable Oils,Domestic supply,72.0,90.0,92.0,97.0,94.0,96.0,83.0,87.0,78.0,96.0,94.0,91.0,103.0,95.0,113.0,117.0,112.0,110.0
5783,Nicaragua,Cereals - Excluding Beer,Production,687.0,673.0,813.0,903.0,713.0,858.0,788.0,774.0,689.0,803.0,819.0,872.0,843.0,886.0,842.0,751.0,937.0,913.0
5784,Nicaragua,Miscellaneous,Human Consumption,2.0,2.0,3.0,4.0,4.0,5.0,5.0,5.0,4.0,6.0,6.0,7.0,8.0,8.0,45.0,44.0,30.0,42.0
5785,Nicaragua,"Fish, Seafood",Stock Variation,0.0,-1.0,-1.0,1.0,0.0,0.0,-1.0,1.0,0.0,0.0,-1.0,1.0,1.0,1.0,-3.0,-1.0,5.0,5.0
5786,Nicaragua,"Fish, Seafood",Export,18.0,11.0,12.0,16.0,19.0,23.0,21.0,25.0,26.0,29.0,30.0,29.0,29.0,29.0,44.0,41.0,45.0,45.0
5787,Nicaragua,"Fish, Seafood",Domestic supply,16.0,19.0,19.0,14.0,14.0,23.0,29.0,28.0,30.0,34.0,36.0,35.0,35.0,35.0,48.0,44.0,51.0,51.0
5788,Nicaragua,"Fish, Seafood",Feed,0.0,0.0,0.0,0.0,1.0,1.0,1.0,5.0,4.0,2.0,6.0,6.0,6.0,6.0,9.0,8.0,10.0,10.0
5789,Nicaragua,"Fish, Seafood",Other uses (non-food),0.0,0.0,0.0,0.0,0.0,0.0,0.0,0.0,0.0,0.0,0.0,0.0,0.0,0.0,0.0,0.0,0.0,0.0
5790,Nicaragua,"Fish, Seafood",Human Consumption,16.0,19.0,19.0,14.0,14.0,22.0,28.0,23.0,26.0,32.0,29.0,29.0,29.0,29.0,39.0,36.0,42.0,42.0
5791,Nicaragua,"Fish, Seafood",Import,6.0,5.0,7.0,7.0,6.0,8.0,8.0,12.0,9.0,9.0,12.0,15.0,15.0,15.0,20.0,23.0,25.0,25.0
5792,Nicaragua,Eggs,Production,20.0,20.0,22.0,22.0,22.0,20.0,21.0,21.0,22.0,23.0,24.0,26.0,28.0,31.0,32.0,35.0,44.0,38.0
5793,Nicaragua,Eggs,Stock Variation,0.0,0.0,0.0,0.0,0.0,0.0,0.0,0.0,0.0,0.0,0.0,0.0,0.0,0.0,0.0,0.0,0.0,0.0
5794,Nicaragua,Eggs,Export,0.0,0.0,0.0,0.0,0.0,0.0,0.0,0.0,0.0,0.0,0.0,0.0,0.0,0.0,0.0,0.0,0.0,0.0
5795,Nicaragua,Eggs,Domestic supply,21.0,23.0,25.0,24.0,25.0,23.0,24.0,24.0,25.0,26.0,28.0,30.0,32.0,35.0,37.0,39.0,49.0,43.0
5796,Nicaragua,Eggs,Seed,2.0,3.0,3.0,3.0,3.0,3.0,3.0,3.0,4.0,4.0,4.0,4.0,4.0,4.0,5.0,5.0,7.0,6.0
5797,Nicaragua,Eggs,Losses,0.0,0.0,0.0,0.0,0.0,0.0,0.0,0.0,0.0,1.0,1.0,1.0,1.0,1.0,2.0,2.0,2.0,2.0
5798,Nicaragua,Eggs,Other uses (non-food),0.0,0.0,0.0,0.0,0.0,0.0,0.0,0.0,0.0,0.0,0.0,0.0,0.0,0.0,0.0,0.0,0.0,0.0
5799,Nicaragua,Eggs,Import,2.0,2.0,2.0,2.0,2.0,3.0,3.0,3.0,3.0,3.0,4.0,4.0,4.0,4.0,4.0,5.0,4.0,4.0
5800,Nicaragua,"Fish, Seafood",Production,28.0,25.0,25.0,22.0,27.0,38.0,42.0,39.0,47.0,54.0,54.0,49.0,49.0,49.0,76.0,63.0,66.0,66.0
5801,Nicaragua,"Aquatic Products, Other",Human Consumption,0.0,0.0,0.0,0.0,0.0,0.0,0.0,0.0,0.0,1.0,1.0,0.0,0.0,0.0,0.0,0.0,0.0,0.0
5802,Nicaragua,"Aquatic Products, Other",Other uses (non-food),0.0,0.0,0.0,0.0,0.0,0.0,0.0,0.0,0.0,0.0,0.0,0.0,0.0,0.0,0.0,0.0,0.0,0.0
5803,Nicaragua,Cereals - Excluding Beer,Import,243.0,305.0,317.0,308.0,355.0,363.0,370.0,477.0,452.0,417.0,442.0,483.0,475.0,512.0,487.0,582.0,637.0,617.0
5804,Nicaragua,Cereals - Excluding Beer,Stock Variation,-68.0,17.0,-19.0,-53.0,31.0,-85.0,-26.0,-65.0,-15.0,-63.0,-90.0,-91.0,-64.0,-78.0,-85.0,-54.0,83.0,72.0
5805,Nicaragua,Cereals - Excluding Beer,Export,7.0,20.0,47.0,59.0,54.0,49.0,43.0,36.0,42.0,36.0,47.0,82.0,68.0,69.0,68.0,53.0,40.0,29.0
5806,Nicaragua,Cereals - Excluding Beer,Domestic supply,855.0,975.0,1063.0,1099.0,1045.0,1088.0,1090.0,1149.0,1083.0,1120.0,1123.0,1181.0,1186.0,1251.0,1346.0,1334.0,1451.0,1429.0
5807,Nicaragua,Cereals - Excluding Beer,Feed,84.0,92.0,119.0,135.0,113.0,102.0,87.0,115.0,82.0,78.0,75.0,95.0,104.0,109.0,115.0,108.0,118.0,92.0
5808,Nicaragua,Cereals - Excluding Beer,Seed,20.0,14.0,15.0,14.0,12.0,25.0,26.0,24.0,25.0,26.0,28.0,26.0,25.0,23.0,10.0,9.0,11.0,11.0
5809,Nicaragua,Cereals - Excluding Beer,Losses,99.0,112.0,131.0,137.0,115.0,121.0,126.0,140.0,123.0,138.0,129.0,146.0,142.0,152.0,123.0,114.0,153.0,149.0
5810,Nicaragua,Cereals - Excluding Beer,Processing,10.0,9.0,10.0,13.0,14.0,10.0,14.0,16.0,18.0,13.0,13.0,14.0,18.0,17.0,16.0,17.0,19.0,19.0
5811,Nicaragua,Cereals - Excluding Beer,Other uses (non-food),53.0,72.0,91.0,65.0,41.0,76.0,79.0,73.0,71.0,66.0,69.0,60.0,43.0,79.0,373.0,97.0,101.0,99.0
5812,Nicaragua,Cereals - Excluding Beer,Human Consumption,589.0,675.0,697.0,735.0,751.0,754.0,758.0,781.0,764.0,800.0,809.0,840.0,853.0,871.0,980.0,991.0,1057.0,1065.0
5813,Nicaragua,"Aquatic Products, Other",Production,0.0,0.0,0.0,0.0,0.0,0.0,0.0,0.0,0.0,1.0,1.0,0.0,0.0,0.0,5.0,2.0,3.0,3.0
5814,Nicaragua,"Aquatic Products, Other",Import,0.0,0.0,0.0,0.0,0.0,0.0,0.0,0.0,0.0,0.0,0.0,0.0,0.0,0.0,0.0,0.0,0.0,0.0
5815,Nicaragua,"Aquatic Products, Other",Stock Variation,0.0,0.0,0.0,0.0,0.0,0.0,0.0,0.0,0.0,0.0,0.0,0.0,0.0,0.0,0.0,0.0,0.0,0.0
5816,Nicaragua,"Aquatic Products, Other",Export,0.0,0.0,0.0,0.0,0.0,0.0,0.0,0.0,0.0,0.0,0.0,0.0,0.0,0.0,5.0,2.0,2.0,2.0
5817,Nicaragua,"Aquatic Products, Other",Domestic supply,0.0,0.0,0.0,0.0,0.0,0.0,0.0,0.0,1.0,1.0,1.0,0.0,0.0,0.0,0.0,0.0,0.0,0.0
5818,Nicaragua,Eggs,Human Consumption,19.0,20.0,21.0,21.0,21.0,19.0,20.0,20.0,21.0,22.0,24.0,26.0,27.0,30.0,30.0,32.0,39.0,35.0
5819,Nicaragua,Alcoholic Beverages,Production,58.0,55.0,60.0,72.0,75.0,58.0,75.0,88.0,96.0,75.0,80.0,80.0,103.0,103.0,105.0,107.0,115.0,122.0
5820,Nicaragua,Milk - Excluding Butter,Production,560.0,564.0,544.0,572.0,587.0,614.0,665.0,691.0,719.0,748.0,753.0,789.0,889.0,937.0,850.0,900.0,880.0,860.0
5821,Nicaragua,Milk - Excluding Butter,Export,134.0,105.0,91.0,129.0,144.0,126.0,28.0,230.0,291.0,304.0,300.0,307.0,364.0,356.0,295.0,329.0,303.0,301.0
5822,Nicaragua,Offals,Losses,0.0,0.0,0.0,0.0,0.0,0.0,0.0,0.0,0.0,0.0,0.0,0.0,0.0,0.0,1.0,1.0,1.0,1.0
5823,Nicaragua,Offals,Other uses (non-food),0.0,0.0,0.0,0.0,0.0,0.0,0.0,0.0,0.0,0.0,0.0,0.0,0.0,0.0,1.0,1.0,0.0,0.0
5824,Nicaragua,Offals,Human Consumption,6.0,7.0,6.0,8.0,9.0,10.0,10.0,10.0,10.0,11.0,13.0,15.0,14.0,11.0,11.0,11.0,10.0,13.0
5825,Nicaragua,Meat,Production,108.0,117.0,125.0,136.0,150.0,155.0,177.0,192.0,197.0,207.0,234.0,239.0,213.0,255.0,261.0,257.0,265.0,305.0
5826,Nicaragua,Meat,Import,4.0,4.0,3.0,3.0,3.0,5.0,7.0,8.0,10.0,11.0,12.0,16.0,18.0,19.0,21.0,27.0,29.0,29.0
5827,Nicaragua,Meat,Stock Variation,-1.0,-1.0,2.0,0.0,0.0,0.0,-24.0,5.0,0.0,5.0,7.0,-7.0,5.0,9.0,-10.0,-2.0,11.0,11.0
5828,Nicaragua,Offals,Domestic supply,6.0,7.0,7.0,8.0,10.0,10.0,10.0,11.0,11.0,12.0,13.0,16.0,14.0,11.0,12.0,12.0,11.0,15.0
5829,Nicaragua,Meat,Export,29.0,30.0,45.0,40.0,48.0,49.0,34.0,69.0,68.0,84.0,99.0,120.0,119.0,101.0,109.0,105.0,106.0,126.0
5830,Nicaragua,Meat,Processing,0.0,0.0,0.0,0.0,0.0,0.0,0.0,0.0,0.0,0.0,0.0,0.0,0.0,0.0,0.0,0.0,0.0,0.0
5831,Nicaragua,Meat,Human Consumption,82.0,92.0,86.0,99.0,106.0,111.0,126.0,136.0,139.0,139.0,153.0,128.0,118.0,182.0,184.0,181.0,180.0,197.0
5832,Nicaragua,Miscellaneous,Import,2.0,2.0,3.0,4.0,5.0,5.0,6.0,6.0,5.0,6.0,6.0,7.0,8.0,8.0,47.0,49.0,47.0,48.0
5833,Nicaragua,Miscellaneous,Stock Variation,0.0,0.0,0.0,0.0,0.0,0.0,0.0,0.0,0.0,0.0,0.0,0.0,0.0,0.0,-2.0,0.0,11.0,0.0
5834,Nicaragua,Miscellaneous,Export,0.0,0.0,0.0,0.0,0.0,0.0,0.0,1.0,1.0,0.0,0.0,0.0,0.0,0.0,3.0,6.0,6.0,6.0
5835,Nicaragua,Miscellaneous,Domestic supply,2.0,2.0,3.0,4.0,4.0,5.0,5.0,5.0,4.0,6.0,6.0,7.0,8.0,8.0,45.0,44.0,30.0,42.0
5836,Nicaragua,Meat,Domestic supply,82.0,91.0,84.0,99.0,106.0,111.0,126.0,136.0,138.0,138.0,153.0,128.0,118.0,182.0,184.0,180.0,176.0,197.0
5837,Nicaragua,Offals,Export,2.0,2.0,4.0,2.0,2.0,2.0,3.0,4.0,4.0,4.0,5.0,6.0,6.0,7.0,8.0,7.0,8.0,9.0
5838,Nicaragua,Offals,Import,0.0,0.0,1.0,0.0,0.0,0.0,1.0,0.0,0.0,0.0,0.0,0.0,0.0,0.0,1.0,1.0,1.0,1.0
5839,Nicaragua,Offals,Production,9.0,9.0,9.0,10.0,12.0,12.0,13.0,14.0,14.0,16.0,17.0,21.0,20.0,18.0,19.0,18.0,18.0,23.0
5840,Nicaragua,Milk - Excluding Butter,Domestic supply,470.0,494.0,499.0,469.0,483.0,507.0,585.0,563.0,449.0,467.0,466.0,524.0,564.0,623.0,584.0,602.0,610.0,594.0
5841,Nicaragua,Milk - Excluding Butter,Feed,11.0,11.0,12.0,13.0,13.0,14.0,15.0,16.0,16.0,17.0,17.0,17.0,17.0,17.0,18.0,18.0,18.0,18.0
5842,Nicaragua,Milk - Excluding Butter,Losses,28.0,28.0,27.0,29.0,29.0,31.0,33.0,35.0,36.0,37.0,38.0,39.0,45.0,47.0,38.0,32.0,29.0,28.0
5843,Nicaragua,Milk - Excluding Butter,Processing,0.0,0.0,0.0,0.0,0.0,0.0,0.0,0.0,0.0,0.0,0.0,0.0,0.0,0.0,0.0,0.0,0.0,0.0
5844,Nicaragua,Milk - Excluding Butter,Other uses (non-food),92.0,100.0,69.0,84.0,74.0,74.0,89.0,107.0,21.0,14.0,0.0,39.0,0.0,41.0,20.0,25.0,24.0,22.0
5845,Nicaragua,Milk - Excluding Butter,Human Consumption,358.0,375.0,421.0,385.0,411.0,430.0,448.0,453.0,424.0,448.0,460.0,483.0,503.0,518.0,518.0,539.0,553.0,542.0
5846,Nicaragua,Animal fats,Production,6.0,6.0,6.0,7.0,7.0,8.0,9.0,9.0,9.0,10.0,11.0,14.0,13.0,11.0,5.0,5.0,5.0,6.0
5847,Nicaragua,Animal fats,Import,26.0,26.0,22.0,21.0,22.0,21.0,23.0,28.0,27.0,21.0,28.0,18.0,13.0,10.0,10.0,9.0,10.0,9.0
5848,Nicaragua,Animal fats,Stock Variation,0.0,0.0,0.0,0.0,0.0,0.0,0.0,0.0,0.0,0.0,0.0,0.0,0.0,0.0,1.0,1.0,2.0,1.0
5849,Nicaragua,Animal fats,Export,1.0,2.0,1.0,1.0,1.0,1.0,1.0,3.0,1.0,1.0,1.0,1.0,1.0,1.0,1.0,1.0,2.0,4.0
5850,Nicaragua,Animal fats,Domestic supply,30.0,30.0,27.0,27.0,28.0,28.0,31.0,33.0,35.0,30.0,39.0,30.0,26.0,20.0,14.0,13.0,12.0,10.0
5851,Nicaragua,Animal fats,Feed,1.0,1.0,1.0,1.0,1.0,1.0,1.0,1.0,1.0,1.0,2.0,2.0,2.0,2.0,3.0,2.0,2.0,3.0
5852,Nicaragua,Animal fats,Losses,0.0,0.0,0.0,0.0,0.0,0.0,0.0,0.0,0.0,0.0,0.0,0.0,0.0,0.0,0.0,0.0,0.0,0.0
5853,Nicaragua,Animal fats,Other uses (non-food),19.0,22.0,19.0,22.0,23.0,23.0,25.0,23.0,26.0,23.0,28.0,21.0,16.0,11.0,6.0,6.0,4.0,2.0
5854,Nicaragua,Animal fats,Human Consumption,12.0,9.0,7.0,5.0,4.0,4.0,5.0,9.0,8.0,5.0,9.0,7.0,7.0,7.0,5.0,5.0,5.0,5.0
5855,Nicaragua,Milk - Excluding Butter,Import,70.0,42.0,32.0,18.0,32.0,11.0,22.0,28.0,23.0,22.0,25.0,29.0,39.0,42.0,32.0,37.0,32.0,35.0
5856,Nicaragua,Alcoholic Beverages,Import,4.0,4.0,5.0,3.0,10.0,9.0,8.0,8.0,9.0,8.0,11.0,11.0,10.0,9.0,9.0,10.0,9.0,10.0
5857,Nicaragua,Animal fats,Losses,0.0,0.0,0.0,0.0,0.0,0.0,0.0,0.0,0.0,0.0,0.0,0.0,0.0,0.0,0.0,0.0,0.0,0.0
5858,Nicaragua,Cereals - Excluding Beer,Production,687.0,673.0,813.0,903.0,713.0,858.0,788.0,774.0,689.0,803.0,819.0,872.0,843.0,886.0,842.0,751.0,937.0,913.0
5859,Nicaragua,Vegetable Oils,Import,51.0,68.0,79.0,83.0,79.0,81.0,70.0,73.0,69.0,78.0,85.0,103.0,101.0,95.0,107.0,112.0,93.0,87.0
5860,Nicaragua,Vegetable Oils,Stock Variation,4.0,5.0,0.0,0.0,0.0,0.0,0.0,0.0,0.0,3.0,3.0,-5.0,2.0,3.0,15.0,18.0,6.0,18.0
5861,Nicaragua,Vegetable Oils,Export,0.0,2.0,4.0,7.0,8.0,13.0,14.0,10.0,17.0,14.0,27.0,44.0,35.0,41.0,47.0,51.0,55.0,52.0
5862,Nicaragua,Vegetable Oils,Domestic supply,72.0,90.0,92.0,97.0,94.0,96.0,83.0,87.0,78.0,96.0,94.0,91.0,103.0,95.0,113.0,117.0,112.0,110.0
5863,Nicaragua,Vegetable Oils,Other uses (non-food),36.0,49.0,55.0,59.0,52.0,45.0,33.0,36.0,25.0,44.0,40.0,36.0,46.0,37.0,56.0,59.0,53.0,53.0
5864,Nicaragua,Vegetable Oils,Human Consumption,36.0,41.0,37.0,39.0,42.0,51.0,51.0,51.0,53.0,52.0,53.0,55.0,56.0,58.0,57.0,58.0,61.0,58.0
5865,Nicaragua,Sugar & Sweeteners,Production,401.0,342.0,341.0,462.0,456.0,434.0,509.0,487.0,510.0,532.0,548.0,612.0,700.0,759.0,785.0,702.0,662.0,766.0
5866,Nicaragua,Sugar & Sweeteners,Import,5.0,5.0,7.0,7.0,9.0,14.0,6.0,24.0,30.0,30.0,34.0,43.0,36.0,40.0,133.0,139.0,145.0,144.0
5867,Nicaragua,Sugar & Sweeteners,Stock Variation,22.0,71.0,20.0,-103.0,1.0,83.0,-58.0,11.0,-49.0,-71.0,171.0,78.0,-11.0,-11.0,-148.0,-91.0,-92.0,-14.0
5868,Nicaragua,Sugar & Sweeteners,Export,200.0,197.0,145.0,141.0,211.0,299.0,219.0,261.0,147.0,157.0,331.0,295.0,360.0,405.0,541.0,445.0,358.0,458.0
5869,Nicaragua,Sugar & Sweeteners,Domestic supply,228.0,221.0,224.0,224.0,255.0,233.0,238.0,260.0,344.0,335.0,422.0,439.0,364.0,383.0,525.0,487.0,542.0,466.0
5870,Nicaragua,Sugar & Sweeteners,Feed,0.0,0.0,0.0,0.0,0.0,0.0,0.0,0.0,0.0,0.0,0.0,0.0,0.0,0.0,0.0,0.0,0.0,0.0
5871,Nicaragua,Sugar & Sweeteners,Losses,10.0,1.0,2.0,2.0,2.0,2.0,2.0,2.0,2.0,3.0,2.0,3.0,3.0,3.0,0.0,0.0,0.0,0.0
5872,Nicaragua,Sugar & Sweeteners,Processing,5.0,3.0,3.0,3.0,3.0,3.0,3.0,3.0,3.0,4.0,59.0,15.0,5.0,5.0,45.0,9.0,44.0,35.0
5873,Nicaragua,Sugar & Sweeteners,Other uses (non-food),22.0,22.0,23.0,23.0,54.0,29.0,29.0,51.0,116.0,102.0,120.0,168.0,107.0,118.0,133.0,135.0,143.0,70.0
5874,Nicaragua,Sugar & Sweeteners,Human Consumption,191.0,194.0,196.0,196.0,197.0,199.0,204.0,205.0,223.0,227.0,242.0,254.0,249.0,257.0,348.0,344.0,355.0,361.0
5875,Nicaragua,Pulses,Production,173.0,177.0,197.0,230.0,173.0,212.0,180.0,170.0,177.0,213.0,151.0,232.0,240.0,263.0,159.0,149.0,185.0,193.0
5876,Nicaragua,Vegetable Oils,Production,17.0,20.0,18.0,21.0,23.0,27.0,26.0,24.0,25.0,29.0,33.0,37.0,35.0,37.0,68.0,74.0,80.0,92.0
5877,Nicaragua,Pulses,Import,5.0,4.0,4.0,4.0,5.0,3.0,4.0,5.0,9.0,3.0,5.0,3.0,1.0,1.0,17.0,10.0,1.0,0.0
5878,Nicaragua,Vegetables,Human Consumption,44.0,43.0,52.0,36.0,46.0,43.0,53.0,54.0,57.0,57.0,64.0,79.0,87.0,87.0,153.0,160.0,208.0,227.0
5879,Nicaragua,Vegetables,Domestic supply,29.0,44.0,51.0,35.0,42.0,35.0,46.0,45.0,51.0,51.0,55.0,71.0,89.0,94.0,168.0,174.0,225.0,247.0
5880,Nicaragua,Stimulants,Export,88.0,84.0,64.0,66.0,88.0,65.0,86.0,85.0,98.0,94.0,115.0,99.0,123.0,102.0,123.0,116.0,126.0,136.0
5881,Nicaragua,Stimulants,Domestic supply,9.0,3.0,4.0,4.0,3.0,4.0,5.0,4.0,3.0,4.0,4.0,4.0,5.0,4.0,-32.0,-13.0,5.0,1.0
5882,Nicaragua,Stimulants,Losses,1.0,1.0,1.0,1.0,1.0,1.0,1.0,1.0,1.0,1.0,1.0,1.0,1.0,1.0,4.0,5.0,6.0,7.0
5883,Nicaragua,Stimulants,Processing,0.0,0.0,0.0,0.0,0.0,0.0,0.0,0.0,0.0,0.0,0.0,0.0,0.0,0.0,1.0,1.0,2.0,2.0
5884,Nicaragua,Stimulants,Human Consumption,8.0,2.0,3.0,3.0,2.0,3.0,4.0,3.0,2.0,3.0,3.0,3.0,4.0,4.0,0.0,0.0,0.0,0.0
5885,Nicaragua,Fruits - Excluding Wine,Production,212.0,229.0,221.0,231.0,224.0,233.0,234.0,252.0,249.0,281.0,242.0,272.0,284.0,285.0,361.0,422.0,508.0,552.0
5886,Nicaragua,Fruits - Excluding Wine,Import,32.0,31.0,33.0,58.0,65.0,77.0,64.0,97.0,131.0,187.0,182.0,182.0,147.0,140.0,41.0,40.0,41.0,38.0
5887,Nicaragua,Fruits - Excluding Wine,Stock Variation,-1.0,-1.0,1.0,0.0,0.0,0.0,0.0,0.0,0.0,0.0,0.0,-19.0,19.0,0.0,1.0,0.0,1.0,0.0
5888,Nicaragua,Fruits - Excluding Wine,Export,55.0,58.0,69.0,83.0,80.0,91.0,82.0,110.0,89.0,147.0,120.0,134.0,191.0,155.0,168.0,154.0,208.0,253.0
5889,Nicaragua,Fruits - Excluding Wine,Domestic supply,189.0,201.0,187.0,206.0,209.0,219.0,216.0,238.0,291.0,321.0,304.0,301.0,258.0,269.0,232.0,307.0,339.0,337.0
5890,Nicaragua,Fruits - Excluding Wine,Feed,2.0,2.0,2.0,2.0,2.0,2.0,3.0,3.0,3.0,4.0,3.0,3.0,3.0,3.0,11.0,16.0,23.0,23.0
5891,Nicaragua,Fruits - Excluding Wine,Losses,32.0,33.0,32.0,33.0,33.0,34.0,35.0,38.0,38.0,43.0,37.0,42.0,45.0,44.0,43.0,55.0,75.0,80.0
5892,Nicaragua,Fruits - Excluding Wine,Human Consumption,158.0,171.0,156.0,174.0,178.0,185.0,184.0,204.0,255.0,281.0,270.0,265.0,230.0,238.0,185.0,240.0,249.0,243.0
5893,Nicaragua,Vegetables,Production,29.0,30.0,30.0,32.0,33.0,35.0,36.0,36.0,35.0,35.0,37.0,63.0,67.0,68.0,146.0,158.0,199.0,213.0
5894,Nicaragua,Vegetables,Import,26.0,25.0,29.0,16.0,25.0,23.0,33.0,38.0,36.0,40.0,47.0,39.0,38.0,36.0,35.0,34.0,44.0,47.0
5895,Nicaragua,Vegetables,Stock Variation,0.0,0.0,0.0,0.0,0.0,0.0,0.0,0.0,0.0,0.0,0.0,0.0,0.0,0.0,1.0,1.0,1.0,1.0
5896,Nicaragua,Vegetables,Export,26.0,11.0,9.0,13.0,16.0,23.0,22.0,29.0,21.0,24.0,28.0,31.0,17.0,9.0,12.0,17.0,16.0,12.0
5897,Nicaragua,Vegetables,Losses,4.0,4.0,5.0,4.0,5.0,5.0,6.0,6.0,6.0,6.0,7.0,10.0,10.0,10.0,17.0,16.0,21.0,22.0
5898,Nicaragua,Pulses,Stock Variation,-20.0,5.0,15.0,-20.0,20.0,0.0,0.0,0.0,0.0,-28.0,28.0,0.0,0.0,0.0,0.0,0.0,0.0,0.0
5899,Nicaragua,Pulses,Export,6.0,23.0,43.0,43.0,37.0,40.0,4.0,53.0,55.0,62.0,55.0,27.0,51.0,56.0,65.0,48.0,59.0,73.0
5900,Nicaragua,Pulses,Domestic supply,152.0,163.0,173.0,171.0,161.0,175.0,179.0,122.0,131.0,126.0,129.0,208.0,190.0,208.0,111.0,110.0,127.0,121.0
5901,Nicaragua,Starchy Roots,Import,25.0,18.0,17.0,9.0,17.0,15.0,15.0,13.0,13.0,8.0,11.0,12.0,15.0,15.0,9.0,9.0,11.0,9.0
5902,Nicaragua,Starchy Roots,Stock Variation,0.0,0.0,0.0,0.0,0.0,0.0,0.0,0.0,0.0,0.0,0.0,0.0,0.0,0.0,8.0,15.0,3.0,20.0
5903,Nicaragua,Starchy Roots,Export,4.0,5.0,8.0,5.0,16.0,24.0,28.0,26.0,30.0,32.0,23.0,29.0,26.0,29.0,24.0,19.0,24.0,30.0
5904,Nicaragua,Starchy Roots,Domestic supply,102.0,125.0,152.0,145.0,124.0,148.0,137.0,149.0,159.0,131.0,110.0,167.0,473.0,454.0,318.0,429.0,306.0,299.0
5905,Nicaragua,Starchy Roots,Feed,25.0,40.0,55.0,55.0,40.0,55.0,48.0,53.0,59.0,36.0,14.0,37.0,202.0,191.0,113.0,175.0,109.0,106.0
5906,Nicaragua,Starchy Roots,Seed,1.0,1.0,1.0,1.0,1.0,1.0,1.0,1.0,1.0,1.0,1.0,1.0,1.0,1.0,1.0,1.0,1.0,2.0
5907,Nicaragua,Starchy Roots,Losses,11.0,13.0,16.0,15.0,14.0,17.0,16.0,16.0,18.0,15.0,12.0,21.0,57.0,56.0,40.0,52.0,37.0,38.0
5908,Nicaragua,Starchy Roots,Other uses (non-food),0.0,0.0,0.0,0.0,0.0,1.0,0.0,0.0,0.0,0.0,1.0,15.0,83.0,72.0,46.0,66.0,40.0,36.0
5909,Nicaragua,Starchy Roots,Human Consumption,65.0,71.0,80.0,74.0,69.0,74.0,72.0,78.0,81.0,79.0,83.0,93.0,130.0,134.0,117.0,135.0,118.0,121.0
5910,Nicaragua,Sugar Crops,Production,3524.0,3145.0,3119.0,4101.0,4027.0,3817.0,4505.0,4481.0,4305.0,5116.0,4894.0,5443.0,6732.0,7041.0,6998.0,6376.0,6150.0,7096.0
5911,Nicaragua,Sugar Crops,Import,0.0,0.0,0.0,0.0,0.0,0.0,0.0,0.0,0.0,0.0,0.0,0.0,0.0,0.0,0.0,0.0,0.0,0.0
5912,Nicaragua,Sugar Crops,Export,0.0,0.0,0.0,0.0,0.0,0.0,0.0,0.0,0.0,0.0,0.0,0.0,0.0,0.0,0.0,0.0,0.0,0.0
5913,Nicaragua,Sugar Crops,Domestic supply,3524.0,3145.0,3119.0,4100.0,4027.0,3817.0,4505.0,4481.0,4305.0,5116.0,4894.0,5443.0,6732.0,7041.0,6998.0,6376.0,6150.0,7096.0
5914,Nicaragua,Sugar Crops,Feed,0.0,0.0,0.0,0.0,0.0,0.0,0.0,0.0,0.0,0.0,0.0,0.0,0.0,0.0,0.0,0.0,0.0,0.0
5915,Nicaragua,Sugar Crops,Losses,0.0,0.0,0.0,0.0,0.0,0.0,0.0,0.0,0.0,0.0,0.0,0.0,0.0,0.0,348.0,318.0,306.0,353.0
5916,Nicaragua,Sugar Crops,Processing,3500.0,3140.0,3090.0,4075.0,4000.0,3760.0,4440.0,4415.0,4240.0,5040.0,4820.0,5360.0,6625.0,6930.0,6649.0,5793.0,5636.0,6651.0
5917,Nicaragua,Sugar Crops,Other uses (non-food),24.0,5.0,29.0,25.0,27.0,57.0,65.0,66.0,65.0,76.0,74.0,83.0,107.0,111.0,0.0,265.0,208.0,92.0
5918,Nicaragua,Starchy Roots,Production,82.0,112.0,143.0,141.0,123.0,157.0,149.0,163.0,176.0,155.0,122.0,185.0,483.0,468.0,341.0,454.0,322.0,340.0
5919,Nicaragua,Oilcrops,Human Consumption,14.0,14.0,15.0,16.0,18.0,16.0,15.0,16.0,18.0,16.0,18.0,19.0,20.0,21.0,21.0,20.0,21.0,21.0
5920,Nicaragua,Oilcrops,Other uses (non-food),0.0,0.0,0.0,0.0,0.0,0.0,0.0,0.0,0.0,0.0,0.0,0.0,0.0,0.0,26.0,1.0,1.0,0.0
5921,Nicaragua,Oilcrops,Processing,30.0,31.0,28.0,37.0,41.0,47.0,44.0,37.0,41.0,43.0,51.0,60.0,59.0,57.0,227.0,246.0,269.0,308.0
5922,Nicaragua,Pulses,Feed,0.0,0.0,0.0,0.0,0.0,0.0,0.0,0.0,0.0,0.0,0.0,0.0,0.0,0.0,0.0,0.0,0.0,0.0
5923,Nicaragua,Pulses,Seed,8.0,9.0,10.0,8.0,10.0,8.0,8.0,9.0,9.0,8.0,11.0,11.0,10.0,9.0,5.0,5.0,6.0,6.0
5924,Nicaragua,Pulses,Losses,7.0,7.0,9.0,9.0,8.0,9.0,7.0,7.0,7.0,9.0,7.0,9.0,10.0,11.0,7.0,6.0,8.0,8.0
5925,Nicaragua,Pulses,Other uses (non-food),53.0,56.0,64.0,70.0,59.0,64.0,60.0,0.0,0.0,0.0,0.0,65.0,44.0,59.0,11.0,13.0,21.0,21.0
5926,Nicaragua,Pulses,Human Consumption,84.0,92.0,90.0,84.0,84.0,94.0,104.0,106.0,115.0,110.0,111.0,124.0,127.0,130.0,88.0,86.0,92.0,86.0
5927,Nicaragua,Treenuts,Import,0.0,0.0,0.0,0.0,0.0,0.0,0.0,0.0,0.0,0.0,0.0,0.0,0.0,0.0,0.0,0.0,0.0,0.0
5928,Nicaragua,Treenuts,Stock Variation,0.0,0.0,0.0,0.0,0.0,0.0,0.0,0.0,0.0,0.0,0.0,0.0,0.0,0.0,0.0,0.0,0.0,0.0
5929,Nicaragua,Treenuts,Export,1.0,0.0,0.0,0.0,0.0,0.0,0.0,0.0,0.0,1.0,1.0,0.0,0.0,0.0,0.0,0.0,0.0,0.0
5930,Nicaragua,Stimulants,Stock Variation,10.0,19.0,1.0,-21.0,30.0,-35.0,11.0,-19.0,20.0,-2.0,33.0,-9.0,33.0,14.0,0.0,0.0,0.0,0.0
5931,Nicaragua,Treenuts,Domestic supply,-1.0,0.0,0.0,0.0,0.0,0.0,0.0,0.0,0.0,0.0,0.0,0.0,0.0,0.0,0.0,0.0,0.0,0.0
5932,Nicaragua,Oilcrops,Production,87.0,88.0,75.0,116.0,131.0,143.0,121.0,127.0,158.0,134.0,145.0,150.0,164.0,174.0,264.0,251.0,255.0,298.0
5933,Nicaragua,Oilcrops,Import,3.0,6.0,5.0,4.0,3.0,2.0,2.0,2.0,2.0,1.0,2.0,3.0,3.0,3.0,3.0,4.0,4.0,5.0
5934,Nicaragua,Oilcrops,Stock Variation,10.0,6.0,20.0,-18.0,-8.0,0.0,9.0,9.0,-13.0,10.0,1.0,12.0,3.0,8.0,-39.0,-9.0,-8.0,3.0
5935,Nicaragua,Oilcrops,Export,52.0,49.0,53.0,45.0,63.0,77.0,70.0,83.0,112.0,86.0,77.0,80.0,84.0,100.0,156.0,140.0,117.0,135.0
5936,Nicaragua,Oilcrops,Domestic supply,47.0,50.0,48.0,57.0,63.0,68.0,62.0,54.0,36.0,60.0,71.0,84.0,86.0,85.0,150.0,124.0,151.0,165.0
5937,Nicaragua,Oilcrops,Feed,0.0,2.0,1.0,1.0,1.0,1.0,0.0,0.0,0.0,0.0,0.0,0.0,0.0,0.0,0.0,0.0,0.0,0.0
5938,Nicaragua,Oilcrops,Seed,1.0,1.0,1.0,2.0,2.0,1.0,1.0,2.0,2.0,2.0,2.0,2.0,2.0,2.0,1.0,1.0,1.0,1.0
5939,Nicaragua,Oilcrops,Losses,2.0,2.0,2.0,3.0,3.0,4.0,3.0,3.0,4.0,4.0,4.0,4.0,4.0,5.0,11.0,11.0,12.0,13.0
5940,Nicaragua,Treenuts,Human Consumption,0.0,0.0,0.0,0.0,0.0,0.0,0.0,0.0,0.0,0.0,0.0,0.0,0.0,0.0,0.0,0.0,0.0,0.0
5941,Nicaragua,Oilcrops,Losses,2.0,2.0,2.0,3.0,3.0,4.0,3.0,3.0,4.0,4.0,4.0,4.0,4.0,5.0,11.0,11.0,12.0,13.0
5942,Nicaragua,Stimulants,Import,5.0,2.0,6.0,8.0,3.0,7.0,8.0,7.0,4.0,6.0,5.0,6.0,5.0,4.0,2.0,2.0,3.0,2.0
5943,Nicaragua,Spices,Human Consumption,0.0,0.0,0.0,0.0,0.0,0.0,0.0,0.0,0.0,0.0,0.0,0.0,0.0,0.0,0.0,0.0,0.0,0.0
5944,Nicaragua,"Fish, Seafood",Domestic supply,16.0,19.0,19.0,14.0,14.0,23.0,29.0,28.0,30.0,34.0,36.0,35.0,35.0,35.0,48.0,44.0,51.0,51.0
5945,Nicaragua,"Fish, Seafood",Feed,0.0,0.0,0.0,0.0,1.0,1.0,1.0,5.0,4.0,2.0,6.0,6.0,6.0,6.0,9.0,8.0,10.0,10.0
5946,Nicaragua,"Fish, Seafood",Other uses (non-food),0.0,0.0,0.0,0.0,0.0,0.0,0.0,0.0,0.0,0.0,0.0,0.0,0.0,0.0,0.0,0.0,0.0,0.0
5947,Nicaragua,"Fish, Seafood",Human Consumption,16.0,19.0,19.0,14.0,14.0,22.0,28.0,23.0,26.0,32.0,29.0,29.0,29.0,29.0,39.0,36.0,42.0,42.0
5948,Nicaragua,Eggs,Production,20.0,20.0,22.0,22.0,22.0,20.0,21.0,21.0,22.0,23.0,24.0,26.0,28.0,31.0,32.0,35.0,44.0,38.0
5949,Nicaragua,Eggs,Import,2.0,2.0,2.0,2.0,2.0,3.0,3.0,3.0,3.0,3.0,4.0,4.0,4.0,4.0,4.0,5.0,4.0,4.0
5950,Nicaragua,Eggs,Stock Variation,0.0,0.0,0.0,0.0,0.0,0.0,0.0,0.0,0.0,0.0,0.0,0.0,0.0,0.0,0.0,0.0,0.0,0.0
5951,Nicaragua,Eggs,Export,0.0,0.0,0.0,0.0,0.0,0.0,0.0,0.0,0.0,0.0,0.0,0.0,0.0,0.0,0.0,0.0,0.0,0.0
5952,Nicaragua,Eggs,Domestic supply,21.0,23.0,25.0,24.0,25.0,23.0,24.0,24.0,25.0,26.0,28.0,30.0,32.0,35.0,37.0,39.0,49.0,43.0
5953,Nicaragua,Eggs,Seed,2.0,3.0,3.0,3.0,3.0,3.0,3.0,3.0,4.0,4.0,4.0,4.0,4.0,4.0,5.0,5.0,7.0,6.0
5954,Nicaragua,Eggs,Losses,0.0,0.0,0.0,0.0,0.0,0.0,0.0,0.0,0.0,1.0,1.0,1.0,1.0,1.0,2.0,2.0,2.0,2.0
5955,Nicaragua,Eggs,Other uses (non-food),0.0,0.0,0.0,0.0,0.0,0.0,0.0,0.0,0.0,0.0,0.0,0.0,0.0,0.0,0.0,0.0,0.0,0.0
5956,Nicaragua,Eggs,Human Consumption,19.0,20.0,21.0,21.0,21.0,19.0,20.0,20.0,21.0,22.0,24.0,26.0,27.0,30.0,30.0,32.0,39.0,35.0
5957,Nicaragua,Milk - Excluding Butter,Production,560.0,564.0,544.0,572.0,587.0,614.0,665.0,691.0,719.0,748.0,753.0,789.0,889.0,937.0,850.0,900.0,880.0,860.0
5958,Nicaragua,Milk - Excluding Butter,Import,70.0,42.0,32.0,18.0,32.0,11.0,22.0,28.0,23.0,22.0,25.0,29.0,39.0,42.0,32.0,37.0,32.0,35.0
5959,Nicaragua,Milk - Excluding Butter,Stock Variation,-26.0,-8.0,14.0,8.0,8.0,8.0,-74.0,74.0,-1.0,1.0,-12.0,12.0,0.0,0.0,3.0,6.0,0.0,0.0
5960,Nicaragua,Milk - Excluding Butter,Export,134.0,105.0,91.0,129.0,144.0,126.0,28.0,230.0,291.0,304.0,300.0,307.0,364.0,356.0,295.0,329.0,303.0,301.0
5961,Nicaragua,"Fish, Seafood",Export,18.0,11.0,12.0,16.0,19.0,23.0,21.0,25.0,26.0,29.0,30.0,29.0,29.0,29.0,44.0,41.0,45.0,45.0
5962,Nicaragua,Milk - Excluding Butter,Domestic supply,470.0,494.0,499.0,469.0,483.0,507.0,585.0,563.0,449.0,467.0,466.0,524.0,564.0,623.0,584.0,602.0,610.0,594.0
5963,Nicaragua,"Fish, Seafood",Stock Variation,0.0,-1.0,-1.0,1.0,0.0,0.0,-1.0,1.0,0.0,0.0,-1.0,1.0,1.0,1.0,-3.0,-1.0,5.0,5.0
5964,Nicaragua,"Fish, Seafood",Production,28.0,25.0,25.0,22.0,27.0,38.0,42.0,39.0,47.0,54.0,54.0,49.0,49.0,49.0,76.0,63.0,66.0,66.0
5965,Nicaragua,Cereals - Excluding Beer,Import,243.0,305.0,317.0,308.0,355.0,363.0,370.0,477.0,452.0,417.0,442.0,483.0,475.0,512.0,487.0,582.0,637.0,617.0
5966,Nicaragua,Cereals - Excluding Beer,Stock Variation,-68.0,17.0,-19.0,-53.0,31.0,-85.0,-26.0,-65.0,-15.0,-63.0,-90.0,-91.0,-64.0,-78.0,-85.0,-54.0,83.0,72.0
5967,Nicaragua,Cereals - Excluding Beer,Export,7.0,20.0,47.0,59.0,54.0,49.0,43.0,36.0,42.0,36.0,47.0,82.0,68.0,69.0,68.0,53.0,40.0,29.0
5968,Nicaragua,Cereals - Excluding Beer,Domestic supply,855.0,975.0,1063.0,1099.0,1045.0,1088.0,1090.0,1149.0,1083.0,1120.0,1123.0,1181.0,1186.0,1251.0,1346.0,1334.0,1451.0,1429.0
5969,Nicaragua,Cereals - Excluding Beer,Feed,84.0,92.0,119.0,135.0,113.0,102.0,87.0,115.0,82.0,78.0,75.0,95.0,104.0,109.0,115.0,108.0,118.0,92.0
5970,Nicaragua,Cereals - Excluding Beer,Seed,20.0,14.0,15.0,14.0,12.0,25.0,26.0,24.0,25.0,26.0,28.0,26.0,25.0,23.0,10.0,9.0,11.0,11.0
5971,Nicaragua,Cereals - Excluding Beer,Losses,99.0,112.0,131.0,137.0,115.0,121.0,126.0,140.0,123.0,138.0,129.0,146.0,142.0,152.0,123.0,114.0,153.0,149.0
5972,Nicaragua,Cereals - Excluding Beer,Processing,10.0,9.0,10.0,13.0,14.0,10.0,14.0,16.0,18.0,13.0,13.0,14.0,18.0,17.0,16.0,17.0,19.0,19.0
5973,Nicaragua,Cereals - Excluding Beer,Other uses (non-food),53.0,72.0,91.0,65.0,41.0,76.0,79.0,73.0,71.0,66.0,69.0,60.0,43.0,79.0,373.0,97.0,101.0,99.0
5974,Nicaragua,Cereals - Excluding Beer,Human Consumption,589.0,675.0,697.0,735.0,751.0,754.0,758.0,781.0,764.0,800.0,809.0,840.0,853.0,871.0,980.0,991.0,1057.0,1065.0
5975,Nicaragua,"Aquatic Products, Other",Production,0.0,0.0,0.0,0.0,0.0,0.0,0.0,0.0,0.0,1.0,1.0,0.0,0.0,0.0,5.0,2.0,3.0,3.0
5976,Nicaragua,"Aquatic Products, Other",Import,0.0,0.0,0.0,0.0,0.0,0.0,0.0,0.0,0.0,0.0,0.0,0.0,0.0,0.0,0.0,0.0,0.0,0.0
5977,Nicaragua,"Aquatic Products, Other",Stock Variation,0.0,0.0,0.0,0.0,0.0,0.0,0.0,0.0,0.0,0.0,0.0,0.0,0.0,0.0,0.0,0.0,0.0,0.0
5978,Nicaragua,"Aquatic Products, Other",Export,0.0,0.0,0.0,0.0,0.0,0.0,0.0,0.0,0.0,0.0,0.0,0.0,0.0,0.0,5.0,2.0,2.0,2.0
5979,Nicaragua,"Aquatic Products, Other",Domestic supply,0.0,0.0,0.0,0.0,0.0,0.0,0.0,0.0,1.0,1.0,1.0,0.0,0.0,0.0,0.0,0.0,0.0,0.0
5980,Nicaragua,"Aquatic Products, Other",Other uses (non-food),0.0,0.0,0.0,0.0,0.0,0.0,0.0,0.0,0.0,0.0,0.0,0.0,0.0,0.0,0.0,0.0,0.0,0.0
5981,Nicaragua,"Aquatic Products, Other",Human Consumption,0.0,0.0,0.0,0.0,0.0,0.0,0.0,0.0,0.0,1.0,1.0,0.0,0.0,0.0,0.0,0.0,0.0,0.0
5982,Nicaragua,"Fish, Seafood",Import,6.0,5.0,7.0,7.0,6.0,8.0,8.0,12.0,9.0,9.0,12.0,15.0,15.0,15.0,20.0,23.0,25.0,25.0
5983,Nicaragua,Milk - Excluding Butter,Feed,11.0,11.0,12.0,13.0,13.0,14.0,15.0,16.0,16.0,17.0,17.0,17.0,17.0,17.0,18.0,18.0,18.0,18.0
5984,Nicaragua,Milk - Excluding Butter,Losses,28.0,28.0,27.0,29.0,29.0,31.0,33.0,35.0,36.0,37.0,38.0,39.0,45.0,47.0,38.0,32.0,29.0,28.0
5985,Nicaragua,Milk - Excluding Butter,Processing,0.0,0.0,0.0,0.0,0.0,0.0,0.0,0.0,0.0,0.0,0.0,0.0,0.0,0.0,0.0,0.0,0.0,0.0
5986,Nicaragua,Meat,Processing,0.0,0.0,0.0,0.0,0.0,0.0,0.0,0.0,0.0,0.0,0.0,0.0,0.0,0.0,0.0,0.0,0.0,0.0
5987,Nicaragua,Meat,Human Consumption,82.0,92.0,86.0,99.0,106.0,111.0,126.0,136.0,139.0,139.0,153.0,128.0,118.0,182.0,184.0,181.0,180.0,197.0
5988,Nicaragua,Miscellaneous,Import,2.0,2.0,3.0,4.0,5.0,5.0,6.0,6.0,5.0,6.0,6.0,7.0,8.0,8.0,47.0,49.0,47.0,48.0
5989,Nicaragua,Miscellaneous,Stock Variation,0.0,0.0,0.0,0.0,0.0,0.0,0.0,0.0,0.0,0.0,0.0,0.0,0.0,0.0,-2.0,0.0,11.0,0.0
5990,Nicaragua,Miscellaneous,Export,0.0,0.0,0.0,0.0,0.0,0.0,0.0,1.0,1.0,0.0,0.0,0.0,0.0,0.0,3.0,6.0,6.0,6.0
5991,Nicaragua,Miscellaneous,Domestic supply,2.0,2.0,3.0,4.0,4.0,5.0,5.0,5.0,4.0,6.0,6.0,7.0,8.0,8.0,45.0,44.0,30.0,42.0
5992,Nicaragua,Miscellaneous,Human Consumption,2.0,2.0,3.0,4.0,4.0,5.0,5.0,5.0,4.0,6.0,6.0,7.0,8.0,8.0,45.0,44.0,30.0,42.0
5993,Nicaragua,Alcoholic Beverages,Production,58.0,55.0,60.0,72.0,75.0,58.0,75.0,88.0,96.0,75.0,80.0,80.0,103.0,103.0,105.0,107.0,115.0,122.0
5994,Nicaragua,Alcoholic Beverages,Import,4.0,4.0,5.0,3.0,10.0,9.0,8.0,8.0,9.0,8.0,11.0,11.0,10.0,9.0,9.0,10.0,9.0,10.0
5995,Nicaragua,Alcoholic Beverages,Stock Variation,0.0,0.0,0.0,0.0,0.0,0.0,0.0,0.0,0.0,0.0,0.0,0.0,0.0,0.0,2.0,2.0,7.0,11.0
5996,Nicaragua,Alcoholic Beverages,Export,19.0,13.0,16.0,16.0,18.0,24.0,11.0,8.0,45.0,59.0,14.0,15.0,25.0,21.0,18.0,17.0,18.0,19.0
5997,Nicaragua,Alcoholic Beverages,Domestic supply,44.0,46.0,48.0,60.0,66.0,43.0,72.0,88.0,60.0,24.0,77.0,75.0,88.0,91.0,94.0,98.0,100.0,103.0
5998,Nicaragua,Alcoholic Beverages,Human Consumption,61.0,57.0,62.0,71.0,81.0,61.0,77.0,88.0,94.0,73.0,79.0,76.0,98.0,97.0,97.0,101.0,105.0,109.0
5999,Nicaragua,Spices,Import,0.0,0.0,0.0,0.0,0.0,0.0,0.0,0.0,0.0,0.0,0.0,0.0,0.0,0.0,0.0,0.0,0.0,0.0
6000,Nicaragua,Spices,Stock Variation,0.0,0.0,0.0,0.0,0.0,0.0,0.0,0.0,0.0,0.0,0.0,0.0,0.0,0.0,0.0,0.0,0.0,0.0
6001,Nicaragua,Spices,Export,0.0,1.0,1.0,0.0,0.0,0.0,0.0,0.0,0.0,0.0,0.0,0.0,0.0,0.0,1.0,0.0,0.0,0.0
6002,Nicaragua,Spices,Domestic supply,0.0,0.0,0.0,0.0,0.0,0.0,0.0,0.0,0.0,0.0,0.0,0.0,0.0,0.0,0.0,0.0,0.0,0.0
6003,Nicaragua,Meat,Domestic supply,82.0,91.0,84.0,99.0,106.0,111.0,126.0,136.0,138.0,138.0,153.0,128.0,118.0,182.0,184.0,180.0,176.0,197.0
6004,Nicaragua,Meat,Export,29.0,30.0,45.0,40.0,48.0,49.0,34.0,69.0,68.0,84.0,99.0,120.0,119.0,101.0,109.0,105.0,106.0,126.0
6005,Nicaragua,Meat,Stock Variation,-1.0,-1.0,2.0,0.0,0.0,0.0,-24.0,5.0,0.0,5.0,7.0,-7.0,5.0,9.0,-10.0,-2.0,11.0,11.0
6006,Nicaragua,Meat,Import,4.0,4.0,3.0,3.0,3.0,5.0,7.0,8.0,10.0,11.0,12.0,16.0,18.0,19.0,21.0,27.0,29.0,29.0
6007,Nicaragua,Milk - Excluding Butter,Other uses (non-food),92.0,100.0,69.0,84.0,74.0,74.0,89.0,107.0,21.0,14.0,0.0,39.0,0.0,41.0,20.0,25.0,24.0,22.0
6008,Nicaragua,Milk - Excluding Butter,Human Consumption,358.0,375.0,421.0,385.0,411.0,430.0,448.0,453.0,424.0,448.0,460.0,483.0,503.0,518.0,518.0,539.0,553.0,542.0
6009,Nicaragua,Animal fats,Production,6.0,6.0,6.0,7.0,7.0,8.0,9.0,9.0,9.0,10.0,11.0,14.0,13.0,11.0,5.0,5.0,5.0,6.0
6010,Nicaragua,Animal fats,Import,26.0,26.0,22.0,21.0,22.0,21.0,23.0,28.0,27.0,21.0,28.0,18.0,13.0,10.0,10.0,9.0,10.0,9.0
6011,Nicaragua,Animal fats,Stock Variation,0.0,0.0,0.0,0.0,0.0,0.0,0.0,0.0,0.0,0.0,0.0,0.0,0.0,0.0,1.0,1.0,2.0,1.0
6012,Nicaragua,Animal fats,Export,1.0,2.0,1.0,1.0,1.0,1.0,1.0,3.0,1.0,1.0,1.0,1.0,1.0,1.0,1.0,1.0,2.0,4.0
6013,Nicaragua,Animal fats,Domestic supply,30.0,30.0,27.0,27.0,28.0,28.0,31.0,33.0,35.0,30.0,39.0,30.0,26.0,20.0,14.0,13.0,12.0,10.0
6014,Nicaragua,Animal fats,Feed,1.0,1.0,1.0,1.0,1.0,1.0,1.0,1.0,1.0,1.0,2.0,2.0,2.0,2.0,3.0,2.0,2.0,3.0
6015,Nicaragua,Stimulants,Production,82.0,67.0,61.0,83.0,58.0,96.0,72.0,101.0,77.0,94.0,81.0,106.0,90.0,87.0,89.0,100.0,128.0,135.0
6016,Nicaragua,Animal fats,Other uses (non-food),19.0,22.0,19.0,22.0,23.0,23.0,25.0,23.0,26.0,23.0,28.0,21.0,16.0,11.0,6.0,6.0,4.0,2.0
6017,Nicaragua,Offals,Production,9.0,9.0,9.0,10.0,12.0,12.0,13.0,14.0,14.0,16.0,17.0,21.0,20.0,18.0,19.0,18.0,18.0,23.0
6018,Nicaragua,Offals,Import,0.0,0.0,1.0,0.0,0.0,0.0,1.0,0.0,0.0,0.0,0.0,0.0,0.0,0.0,1.0,1.0,1.0,1.0
6019,Nicaragua,Offals,Export,2.0,2.0,4.0,2.0,2.0,2.0,3.0,4.0,4.0,4.0,5.0,6.0,6.0,7.0,8.0,7.0,8.0,9.0
6020,Nicaragua,Offals,Domestic supply,6.0,7.0,7.0,8.0,10.0,10.0,10.0,11.0,11.0,12.0,13.0,16.0,14.0,11.0,12.0,12.0,11.0,15.0
6021,Nicaragua,Offals,Losses,0.0,0.0,0.0,0.0,0.0,0.0,0.0,0.0,0.0,0.0,0.0,0.0,0.0,0.0,1.0,1.0,1.0,1.0
6022,Nicaragua,Offals,Other uses (non-food),0.0,0.0,0.0,0.0,0.0,0.0,0.0,0.0,0.0,0.0,0.0,0.0,0.0,0.0,1.0,1.0,0.0,0.0
6023,Nicaragua,Offals,Human Consumption,6.0,7.0,6.0,8.0,9.0,10.0,10.0,10.0,10.0,11.0,13.0,15.0,14.0,11.0,11.0,11.0,10.0,13.0
6024,Nicaragua,Meat,Production,108.0,117.0,125.0,136.0,150.0,155.0,177.0,192.0,197.0,207.0,234.0,239.0,213.0,255.0,261.0,257.0,265.0,305.0
6025,Nicaragua,Animal fats,Human Consumption,12.0,9.0,7.0,5.0,4.0,4.0,5.0,9.0,8.0,5.0,9.0,7.0,7.0,7.0,5.0,5.0,5.0,5.0
6026,Nicaragua,Oilcrops,Processing,30.0,31.0,28.0,37.0,41.0,47.0,44.0,37.0,41.0,43.0,51.0,60.0,59.0,57.0,227.0,246.0,269.0,308.0
6027,Nicaragua,Milk - Excluding Butter,Stock Variation,-26.0,-8.0,14.0,8.0,8.0,8.0,-74.0,74.0,-1.0,1.0,-12.0,12.0,0.0,0.0,3.0,6.0,0.0,0.0
6028,Nicaragua,Oilcrops,Human Consumption,14.0,14.0,15.0,16.0,18.0,16.0,15.0,16.0,18.0,16.0,18.0,19.0,20.0,21.0,21.0,20.0,21.0,21.0
6029,Nicaragua,Oilcrops,Other uses (non-food),0.0,0.0,0.0,0.0,0.0,0.0,0.0,0.0,0.0,0.0,0.0,0.0,0.0,0.0,26.0,1.0,1.0,0.0
6030,Nicaragua,Sugar Crops,Other uses (non-food),24.0,5.0,29.0,25.0,27.0,57.0,65.0,66.0,65.0,76.0,74.0,83.0,107.0,111.0,0.0,265.0,208.0,92.0
6031,Nicaragua,Sugar Crops,Processing,3500.0,3140.0,3090.0,4075.0,4000.0,3760.0,4440.0,4415.0,4240.0,5040.0,4820.0,5360.0,6625.0,6930.0,6649.0,5793.0,5636.0,6651.0
6032,Nicaragua,Sugar Crops,Losses,0.0,0.0,0.0,0.0,0.0,0.0,0.0,0.0,0.0,0.0,0.0,0.0,0.0,0.0,348.0,318.0,306.0,353.0
6033,Nicaragua,Sugar Crops,Domestic supply,3524.0,3145.0,3119.0,4100.0,4027.0,3817.0,4505.0,4481.0,4305.0,5116.0,4894.0,5443.0,6732.0,7041.0,6998.0,6376.0,6150.0,7096.0
6034,Nicaragua,Sugar Crops,Export,0.0,0.0,0.0,0.0,0.0,0.0,0.0,0.0,0.0,0.0,0.0,0.0,0.0,0.0,0.0,0.0,0.0,0.0
6035,Nicaragua,Sugar Crops,Import,0.0,0.0,0.0,0.0,0.0,0.0,0.0,0.0,0.0,0.0,0.0,0.0,0.0,0.0,0.0,0.0,0.0,0.0
6036,Nicaragua,Sugar Crops,Production,3524.0,3145.0,3119.0,4101.0,4027.0,3817.0,4505.0,4481.0,4305.0,5116.0,4894.0,5443.0,6732.0,7041.0,6998.0,6376.0,6150.0,7096.0
6037,Nicaragua,Starchy Roots,Human Consumption,65.0,71.0,80.0,74.0,69.0,74.0,72.0,78.0,81.0,79.0,83.0,93.0,130.0,134.0,117.0,135.0,118.0,121.0
6038,Nicaragua,Sugar Crops,Feed,0.0,0.0,0.0,0.0,0.0,0.0,0.0,0.0,0.0,0.0,0.0,0.0,0.0,0.0,0.0,0.0,0.0,0.0
6039,Nicaragua,Starchy Roots,Losses,11.0,13.0,16.0,15.0,14.0,17.0,16.0,16.0,18.0,15.0,12.0,21.0,57.0,56.0,40.0,52.0,37.0,38.0
6040,Nicaragua,Starchy Roots,Seed,1.0,1.0,1.0,1.0,1.0,1.0,1.0,1.0,1.0,1.0,1.0,1.0,1.0,1.0,1.0,1.0,1.0,2.0
6041,Nicaragua,Starchy Roots,Feed,25.0,40.0,55.0,55.0,40.0,55.0,48.0,53.0,59.0,36.0,14.0,37.0,202.0,191.0,113.0,175.0,109.0,106.0
6042,Nicaragua,Starchy Roots,Domestic supply,102.0,125.0,152.0,145.0,124.0,148.0,137.0,149.0,159.0,131.0,110.0,167.0,473.0,454.0,318.0,429.0,306.0,299.0
6043,Nicaragua,Starchy Roots,Export,4.0,5.0,8.0,5.0,16.0,24.0,28.0,26.0,30.0,32.0,23.0,29.0,26.0,29.0,24.0,19.0,24.0,30.0
6044,Nicaragua,Starchy Roots,Stock Variation,0.0,0.0,0.0,0.0,0.0,0.0,0.0,0.0,0.0,0.0,0.0,0.0,0.0,0.0,8.0,15.0,3.0,20.0
6045,Nicaragua,Starchy Roots,Import,25.0,18.0,17.0,9.0,17.0,15.0,15.0,13.0,13.0,8.0,11.0,12.0,15.0,15.0,9.0,9.0,11.0,9.0
6046,Nicaragua,Starchy Roots,Production,82.0,112.0,143.0,141.0,123.0,157.0,149.0,163.0,176.0,155.0,122.0,185.0,483.0,468.0,341.0,454.0,322.0,340.0
6047,Nicaragua,Starchy Roots,Other uses (non-food),0.0,0.0,0.0,0.0,0.0,1.0,0.0,0.0,0.0,0.0,1.0,15.0,83.0,72.0,46.0,66.0,40.0,36.0
6048,Niger,Meat,Import,0.0,0.0,0.0,0.0,0.0,0.0,0.0,0.0,0.0,0.0,0.0,1.0,1.0,3.0,10.0,8.0,4.0,3.0
6049,Niger,Meat,Stock Variation,0.0,0.0,0.0,0.0,0.0,0.0,0.0,0.0,0.0,0.0,0.0,0.0,0.0,0.0,0.0,0.0,4.0,14.0
6050,Niger,Meat,Export,0.0,0.0,0.0,0.0,0.0,0.0,0.0,0.0,0.0,0.0,0.0,0.0,0.0,0.0,0.0,0.0,1.0,0.0
6051,Niger,Meat,Domestic supply,225.0,240.0,258.0,274.0,293.0,309.0,318.0,337.0,351.0,307.0,277.0,281.0,283.0,307.0,266.0,279.0,274.0,286.0
6052,Niger,Meat,Feed,0.0,0.0,0.0,0.0,0.0,0.0,0.0,0.0,0.0,0.0,0.0,0.0,0.0,0.0,0.0,0.0,0.0,0.0
6053,Niger,Meat,Other uses (non-food),0.0,0.0,0.0,0.0,0.0,0.0,0.0,0.0,0.0,0.0,0.0,0.0,0.0,0.0,0.0,0.0,0.0,0.0
6054,Niger,Meat,Losses,0.0,0.0,0.0,0.0,0.0,0.0,0.0,0.0,0.0,0.0,0.0,0.0,0.0,0.0,10.0,11.0,11.0,11.0
6055,Niger,Meat,Processing,0.0,0.0,0.0,0.0,0.0,0.0,0.0,0.0,0.0,0.0,0.0,0.0,0.0,0.0,0.0,0.0,0.0,0.0
6056,Niger,Meat,Human Consumption,225.0,240.0,258.0,274.0,293.0,309.0,318.0,337.0,351.0,307.0,277.0,281.0,283.0,307.0,256.0,268.0,264.0,275.0
6057,Niger,Meat,Production,226.0,240.0,258.0,274.0,293.0,309.0,318.0,337.0,351.0,307.0,277.0,281.0,282.0,304.0,256.0,271.0,274.0,298.0
6058,Niger,Meat,Seed,0.0,0.0,0.0,0.0,0.0,0.0,0.0,0.0,0.0,0.0,0.0,0.0,0.0,0.0,0.0,0.0,0.0,0.0
6059,Niger,Offals,Human Consumption,32.0,34.0,37.0,39.0,42.0,44.0,46.0,49.0,51.0,46.0,43.0,45.0,47.0,52.0,42.0,47.0,56.0,44.0
6060,Niger,Offals,Production,32.0,34.0,37.0,39.0,42.0,44.0,46.0,49.0,51.0,46.0,43.0,45.0,47.0,52.0,44.0,49.0,58.0,44.0
6061,Niger,Offals,Processing,0.0,0.0,0.0,0.0,0.0,0.0,0.0,0.0,0.0,0.0,0.0,0.0,0.0,0.0,0.0,0.0,0.0,0.0
6062,Niger,Offals,Losses,0.0,0.0,0.0,0.0,0.0,0.0,0.0,0.0,0.0,0.0,0.0,0.0,0.0,0.0,2.0,2.0,2.0,0.0
6063,Niger,Offals,Seed,0.0,0.0,0.0,0.0,0.0,0.0,0.0,0.0,0.0,0.0,0.0,0.0,0.0,0.0,0.0,0.0,0.0,0.0
6064,Niger,Offals,Feed,0.0,0.0,0.0,0.0,0.0,0.0,0.0,0.0,0.0,0.0,0.0,0.0,0.0,0.0,0.0,0.0,0.0,0.0
6065,Niger,Offals,Domestic supply,32.0,34.0,37.0,39.0,42.0,44.0,46.0,49.0,51.0,46.0,43.0,45.0,47.0,52.0,44.0,49.0,58.0,44.0
6066,Niger,Offals,Export,0.0,0.0,0.0,0.0,0.0,0.0,0.0,0.0,0.0,0.0,0.0,0.0,0.0,0.0,0.0,0.0,0.0,0.0
6067,Niger,Offals,Stock Variation,0.0,0.0,0.0,0.0,0.0,0.0,0.0,0.0,0.0,0.0,0.0,0.0,0.0,0.0,0.0,0.0,0.0,0.0
6068,Niger,Offals,Import,0.0,0.0,0.0,0.0,0.0,0.0,0.0,0.0,0.0,0.0,0.0,0.0,0.0,0.0,0.0,0.0,0.0,0.0
6069,Niger,Miscellaneous,Production,0.0,0.0,0.0,0.0,0.0,0.0,0.0,0.0,0.0,0.0,0.0,0.0,0.0,0.0,0.0,0.0,0.0,0.0
6070,Niger,Animal fats,Human Consumption,20.0,16.0,18.0,18.0,25.0,23.0,24.0,25.0,26.0,26.0,26.0,22.0,21.0,22.0,22.0,25.0,27.0,26.0
6071,Niger,Animal fats,Other uses (non-food),0.0,0.0,0.0,0.0,0.0,0.0,0.0,0.0,0.0,0.0,0.0,0.0,0.0,0.0,0.0,0.0,1.0,0.0
6072,Niger,Offals,Other uses (non-food),0.0,0.0,0.0,0.0,0.0,0.0,0.0,0.0,0.0,0.0,0.0,0.0,0.0,0.0,0.0,0.0,0.0,0.0
6073,Niger,Miscellaneous,Import,0.0,0.0,0.0,0.0,0.0,5.0,7.0,1.0,2.0,1.0,1.0,1.0,1.0,3.0,48.0,53.0,52.0,15.0
6074,Niger,Alcoholic Beverages,Production,4.0,5.0,4.0,4.0,4.0,4.0,6.0,6.0,7.0,7.0,7.0,7.0,6.0,6.0,6.0,7.0,7.0,7.0
6075,Niger,Miscellaneous,Export,0.0,0.0,0.0,0.0,0.0,0.0,0.0,0.0,0.0,0.0,0.0,0.0,0.0,0.0,11.0,12.0,41.0,0.0
6076,Niger,Spices,Feed,0.0,0.0,0.0,0.0,0.0,0.0,0.0,0.0,0.0,0.0,0.0,0.0,0.0,0.0,0.0,0.0,0.0,0.0
6077,Niger,Spices,Domestic supply,7.0,8.0,6.0,7.0,8.0,8.0,8.0,10.0,10.0,8.0,7.0,8.0,7.0,8.0,22.0,17.0,17.0,18.0
6078,Niger,Spices,Export,2.0,1.0,1.0,1.0,0.0,1.0,1.0,0.0,1.0,1.0,2.0,1.0,1.0,1.0,0.0,1.0,0.0,0.0
6079,Niger,Spices,Stock Variation,2.0,2.0,0.0,0.0,0.0,0.0,0.0,0.0,0.0,0.0,0.0,0.0,0.0,0.0,0.0,0.0,0.0,0.0
6080,Niger,Spices,Import,1.0,0.0,0.0,0.0,0.0,0.0,0.0,1.0,1.0,1.0,0.0,1.0,0.0,0.0,1.0,0.0,1.0,0.0
6081,Niger,Spices,Production,7.0,7.0,7.0,7.0,7.0,8.0,8.0,9.0,10.0,9.0,8.0,8.0,8.0,8.0,22.0,17.0,17.0,18.0
6082,Niger,Alcoholic Beverages,Human Consumption,4.0,6.0,5.0,6.0,6.0,6.0,9.0,9.0,9.0,9.0,10.0,11.0,10.0,10.0,11.0,12.0,13.0,12.0
6083,Niger,Alcoholic Beverages,Other uses (non-food),0.0,0.0,0.0,0.0,0.0,0.0,0.0,0.0,0.0,0.0,0.0,0.0,0.0,0.0,0.0,0.0,0.0,0.0
6084,Niger,Alcoholic Beverages,Processing,0.0,0.0,0.0,0.0,0.0,0.0,0.0,0.0,0.0,0.0,0.0,0.0,0.0,0.0,0.0,0.0,0.0,0.0
6085,Niger,Alcoholic Beverages,Losses,0.0,0.0,0.0,0.0,0.0,0.0,0.0,0.0,0.0,0.0,0.0,0.0,0.0,0.0,0.0,0.0,0.0,0.0
6086,Niger,Alcoholic Beverages,Seed,0.0,0.0,0.0,0.0,0.0,0.0,0.0,0.0,0.0,0.0,0.0,0.0,0.0,0.0,0.0,0.0,0.0,0.0
6087,Niger,Miscellaneous,Stock Variation,0.0,0.0,0.0,0.0,0.0,0.0,-3.0,3.0,0.0,0.0,0.0,0.0,0.0,0.0,0.0,0.0,0.0,0.0
6088,Niger,Alcoholic Beverages,Feed,0.0,0.0,0.0,0.0,0.0,0.0,0.0,0.0,0.0,0.0,0.0,0.0,0.0,0.0,0.0,0.0,0.0,0.0
6089,Niger,Alcoholic Beverages,Export,0.0,0.0,0.0,0.0,0.0,0.0,0.0,0.0,0.0,0.0,0.0,0.0,0.0,0.0,0.0,0.0,0.0,0.0
6090,Niger,Alcoholic Beverages,Stock Variation,0.0,0.0,0.0,0.0,0.0,0.0,0.0,0.0,0.0,0.0,0.0,0.0,0.0,0.0,0.0,0.0,0.0,0.0
6091,Niger,Alcoholic Beverages,Import,1.0,2.0,1.0,2.0,2.0,2.0,3.0,3.0,2.0,2.0,3.0,4.0,4.0,4.0,5.0,6.0,7.0,6.0
6092,Niger,Animal fats,Processing,0.0,0.0,0.0,0.0,0.0,0.0,0.0,0.0,0.0,0.0,0.0,0.0,0.0,0.0,0.0,0.0,0.0,0.0
6093,Niger,Miscellaneous,Human Consumption,0.0,0.0,0.0,0.0,0.0,5.0,4.0,4.0,2.0,1.0,1.0,1.0,1.0,3.0,37.0,41.0,11.0,15.0
6094,Niger,Miscellaneous,Other uses (non-food),0.0,0.0,0.0,0.0,0.0,0.0,0.0,0.0,0.0,0.0,0.0,0.0,0.0,0.0,0.0,0.0,0.0,0.0
6095,Niger,Miscellaneous,Processing,0.0,0.0,0.0,0.0,0.0,0.0,0.0,0.0,0.0,0.0,0.0,0.0,0.0,0.0,0.0,0.0,0.0,0.0
6096,Niger,Miscellaneous,Losses,0.0,0.0,0.0,0.0,0.0,0.0,0.0,0.0,0.0,0.0,0.0,0.0,0.0,0.0,0.0,0.0,0.0,0.0
6097,Niger,Miscellaneous,Seed,0.0,0.0,0.0,0.0,0.0,0.0,0.0,0.0,0.0,0.0,0.0,0.0,0.0,0.0,0.0,0.0,0.0,0.0
6098,Niger,Miscellaneous,Feed,0.0,0.0,0.0,0.0,0.0,0.0,0.0,0.0,0.0,0.0,0.0,0.0,0.0,0.0,0.0,0.0,0.0,0.0
6099,Niger,Miscellaneous,Domestic supply,0.0,0.0,0.0,0.0,0.0,5.0,4.0,4.0,2.0,1.0,1.0,1.0,1.0,3.0,37.0,41.0,11.0,15.0
6100,Niger,Alcoholic Beverages,Domestic supply,4.0,6.0,5.0,6.0,6.0,6.0,9.0,9.0,9.0,9.0,10.0,11.0,10.0,10.0,11.0,12.0,13.0,12.0
6101,Niger,Animal fats,Losses,0.0,0.0,0.0,0.0,0.0,0.0,0.0,0.0,0.0,0.0,0.0,0.0,0.0,0.0,0.0,0.0,0.0,0.0
6102,Niger,Milk - Excluding Butter,Processing,0.0,0.0,0.0,0.0,0.0,0.0,0.0,0.0,0.0,0.0,0.0,0.0,0.0,0.0,0.0,0.0,0.0,0.0
6103,Niger,Animal fats,Feed,0.0,0.0,0.0,0.0,0.0,0.0,0.0,0.0,0.0,0.0,0.0,0.0,0.0,0.0,0.0,0.0,0.0,0.0
6104,Niger,"Fish, Seafood",Other uses (non-food),0.0,0.0,0.0,0.0,0.0,0.0,0.0,0.0,0.0,0.0,0.0,0.0,0.0,0.0,0.0,0.0,0.0,0.0
6105,Niger,"Fish, Seafood",Feed,0.0,0.0,0.0,0.0,0.0,0.0,0.0,0.0,0.0,0.0,0.0,0.0,0.0,0.0,0.0,0.0,0.0,0.0
6106,Niger,"Fish, Seafood",Domestic supply,14.0,7.0,5.0,42.0,43.0,46.0,31.0,31.0,32.0,33.0,43.0,55.0,49.0,48.0,51.0,35.0,44.0,44.0
6107,Niger,"Fish, Seafood",Export,4.0,15.0,19.0,14.0,9.0,5.0,2.0,1.0,1.0,1.0,1.0,2.0,2.0,3.0,3.0,1.0,1.0,1.0
6108,Niger,"Fish, Seafood",Stock Variation,0.0,0.0,0.0,0.0,0.0,0.0,0.0,0.0,0.0,0.0,0.0,0.0,0.0,0.0,0.0,0.0,0.0,0.0
6109,Niger,"Fish, Seafood",Import,1.0,1.0,1.0,1.0,1.0,1.0,2.0,2.0,3.0,4.0,4.0,3.0,5.0,6.0,7.0,9.0,10.0,10.0
6110,Niger,"Fish, Seafood",Production,16.0,21.0,24.0,56.0,52.0,50.0,30.0,30.0,30.0,30.0,40.0,53.0,47.0,45.0,47.0,27.0,35.0,35.0
6111,Niger,"Aquatic Products, Other",Human Consumption,0.0,0.0,0.0,0.0,0.0,0.0,0.0,0.0,0.0,0.0,0.0,0.0,0.0,0.0,0.0,0.0,0.0,0.0
6112,Niger,"Aquatic Products, Other",Other uses (non-food),0.0,0.0,0.0,0.0,0.0,0.0,0.0,0.0,0.0,0.0,0.0,0.0,0.0,0.0,0.0,0.0,0.0,0.0
6113,Niger,"Aquatic Products, Other",Domestic supply,0.0,0.0,0.0,0.0,0.0,0.0,0.0,0.0,0.0,0.0,0.0,0.0,0.0,0.0,0.0,0.0,0.0,0.0
6114,Niger,"Aquatic Products, Other",Export,0.0,0.0,0.0,0.0,0.0,0.0,0.0,0.0,0.0,0.0,0.0,0.0,0.0,0.0,0.0,0.0,0.0,0.0
6115,Niger,"Fish, Seafood",Human Consumption,14.0,7.0,5.0,42.0,43.0,46.0,31.0,31.0,32.0,33.0,43.0,55.0,49.0,48.0,51.0,35.0,44.0,44.0
6116,Niger,"Aquatic Products, Other",Import,0.0,0.0,0.0,0.0,0.0,0.0,0.0,0.0,0.0,0.0,0.0,0.0,0.0,0.0,0.0,0.0,0.0,0.0
6117,Niger,Cereals - Excluding Beer,Human Consumption,2311.0,2396.0,2369.0,2497.0,2653.0,2689.0,2803.0,2907.0,3037.0,3168.0,3316.0,3412.0,3589.0,3738.0,4195.0,4356.0,4579.0,4832.0
6118,Niger,Cereals - Excluding Beer,Other uses (non-food),0.0,0.0,1.0,0.0,0.0,0.0,0.0,0.0,0.0,0.0,0.0,0.0,0.0,0.0,0.0,0.0,0.0,0.0
6119,Niger,Cereals - Excluding Beer,Processing,1.0,1.0,1.0,1.0,1.0,1.0,1.0,1.0,1.0,2.0,1.0,1.0,1.0,1.0,0.0,0.0,0.0,0.0
6120,Niger,Cereals - Excluding Beer,Losses,346.0,383.0,409.0,445.0,398.0,472.0,506.0,492.0,603.0,475.0,659.0,516.0,689.0,612.0,650.0,731.0,778.0,786.0
6121,Niger,Cereals - Excluding Beer,Seed,132.0,130.0,133.0,130.0,139.0,149.0,151.0,164.0,150.0,177.0,164.0,169.0,177.0,183.0,246.0,225.0,254.0,254.0
6122,Niger,Cereals - Excluding Beer,Feed,410.0,452.0,478.0,508.0,463.0,515.0,567.0,546.0,717.0,617.0,770.0,652.0,768.0,519.0,448.0,463.0,548.0,572.0
6123,Niger,Cereals - Excluding Beer,Domestic supply,3201.0,3362.0,3390.0,3580.0,3654.0,3826.0,4028.0,4110.0,4509.0,4438.0,4911.0,4750.0,5225.0,5052.0,5539.0,5775.0,6160.0,6444.0
6124,Niger,Cereals - Excluding Beer,Export,0.0,0.0,1.0,3.0,4.0,2.0,17.0,17.0,29.0,11.0,47.0,14.0,31.0,40.0,63.0,62.0,85.0,75.0
6125,Niger,Cereals - Excluding Beer,Stock Variation,830.0,-97.0,-176.0,-236.0,586.0,-271.0,-318.0,-29.0,-632.0,689.0,-636.0,695.0,-582.0,244.0,8.0,363.0,327.0,208.0
6126,Niger,Cereals - Excluding Beer,Import,264.0,324.0,351.0,270.0,368.0,449.0,342.0,323.0,377.0,315.0,401.0,312.0,576.0,579.0,695.0,735.0,719.0,827.0
6127,Niger,Cereals - Excluding Beer,Production,2107.0,3136.0,3217.0,3549.0,2704.0,3649.0,4021.0,3834.0,4793.0,3445.0,5193.0,3757.0,5262.0,4270.0,4915.0,5465.0,5853.0,5900.0
6128,Niger,"Aquatic Products, Other",Production,0.0,0.0,0.0,0.0,0.0,0.0,0.0,0.0,0.0,0.0,0.0,0.0,0.0,0.0,0.0,0.0,0.0,0.0
6129,Niger,Animal fats,Seed,0.0,0.0,0.0,0.0,0.0,0.0,0.0,0.0,0.0,0.0,0.0,0.0,0.0,0.0,0.0,0.0,0.0,0.0
6130,Niger,Eggs,Production,8.0,8.0,8.0,8.0,8.0,8.0,7.0,8.0,8.0,8.0,8.0,8.0,8.0,9.0,9.0,10.0,10.0,10.0
6131,Niger,Eggs,Stock Variation,0.0,0.0,0.0,0.0,0.0,0.0,0.0,0.0,0.0,0.0,0.0,0.0,0.0,0.0,0.0,0.0,0.0,0.0
6132,Niger,Animal fats,Domestic supply,20.0,16.0,18.0,18.0,25.0,23.0,24.0,25.0,26.0,26.0,26.0,22.0,22.0,22.0,23.0,25.0,28.0,26.0
6133,Niger,Animal fats,Export,0.0,0.0,0.0,0.0,0.0,0.0,0.0,0.0,0.0,0.0,0.0,0.0,0.0,0.0,0.0,0.0,0.0,0.0
6134,Niger,Animal fats,Stock Variation,0.0,0.0,0.0,0.0,0.0,0.0,0.0,0.0,0.0,0.0,0.0,0.0,0.0,0.0,0.0,0.0,0.0,0.0
6135,Niger,Animal fats,Import,8.0,3.0,4.0,3.0,9.0,6.0,6.0,6.0,6.0,6.0,6.0,2.0,0.0,0.0,0.0,0.0,0.0,0.0
6136,Niger,Animal fats,Production,13.0,14.0,14.0,15.0,16.0,17.0,18.0,19.0,20.0,20.0,20.0,20.0,21.0,22.0,23.0,25.0,28.0,26.0
6137,Niger,Milk - Excluding Butter,Human Consumption,633.0,664.0,708.0,736.0,764.0,806.0,842.0,887.0,930.0,955.0,966.0,973.0,1050.0,1051.0,940.0,1073.0,1125.0,1176.0
6138,Niger,Milk - Excluding Butter,Other uses (non-food),0.0,0.0,0.0,0.0,0.0,0.0,0.0,0.0,0.0,0.0,0.0,0.0,0.0,0.0,0.0,0.0,0.0,0.0
6139,Niger,Spices,Seed,0.0,0.0,0.0,0.0,0.0,0.0,0.0,0.0,0.0,0.0,0.0,0.0,0.0,0.0,0.0,0.0,0.0,0.0
6140,Niger,Milk - Excluding Butter,Losses,44.0,46.0,48.0,50.0,52.0,55.0,57.0,60.0,62.0,65.0,67.0,66.0,69.0,71.0,55.0,65.0,68.0,71.0
6141,Niger,Milk - Excluding Butter,Seed,0.0,0.0,0.0,0.0,0.0,0.0,0.0,0.0,0.0,0.0,0.0,0.0,0.0,0.0,0.0,0.0,0.0,0.0
6142,Niger,Milk - Excluding Butter,Feed,0.0,0.0,0.0,0.0,0.0,0.0,0.0,0.0,0.0,0.0,0.0,0.0,0.0,0.0,68.0,61.0,62.0,68.0
6143,Niger,Eggs,Import,0.0,0.0,0.0,0.0,0.0,0.0,0.0,0.0,0.0,0.0,0.0,0.0,1.0,1.0,1.0,1.0,1.0,0.0
6144,Niger,Milk - Excluding Butter,Domestic supply,677.0,709.0,756.0,786.0,816.0,861.0,899.0,947.0,992.0,1021.0,1033.0,1040.0,1120.0,1122.0,1062.0,1199.0,1256.0,1315.0
6145,Niger,Milk - Excluding Butter,Stock Variation,0.0,0.0,0.0,0.0,0.0,0.0,-23.0,23.0,0.0,0.0,0.0,0.0,0.0,0.0,0.0,0.0,0.0,0.0
6146,Niger,Milk - Excluding Butter,Import,35.0,38.0,55.0,52.0,51.0,61.0,85.0,48.0,77.0,63.0,67.0,75.0,110.0,85.0,2.0,3.0,3.0,2.0
6147,Niger,Milk - Excluding Butter,Production,644.0,672.0,702.0,734.0,766.0,801.0,837.0,876.0,916.0,958.0,968.0,968.0,1013.0,1039.0,1060.0,1197.0,1253.0,1313.0
6148,Niger,Eggs,Human Consumption,5.0,5.0,5.0,5.0,5.0,5.0,5.0,5.0,5.0,5.0,4.0,4.0,5.0,5.0,5.0,5.0,5.0,5.0
6149,Niger,Eggs,Other uses (non-food),0.0,0.0,0.0,0.0,0.0,0.0,0.0,0.0,0.0,0.0,0.0,0.0,0.0,0.0,0.0,0.0,0.0,0.0
6150,Niger,Eggs,Processing,0.0,0.0,0.0,0.0,0.0,0.0,0.0,0.0,0.0,0.0,0.0,0.0,0.0,0.0,0.0,0.0,0.0,0.0
6151,Niger,Eggs,Losses,2.0,2.0,2.0,2.0,2.0,2.0,1.0,2.0,2.0,2.0,2.0,2.0,2.0,2.0,2.0,2.0,2.0,2.0
6152,Niger,Eggs,Seed,1.0,1.0,1.0,1.0,1.0,1.0,1.0,1.0,1.0,2.0,2.0,2.0,2.0,2.0,2.0,2.0,3.0,3.0
6153,Niger,Eggs,Feed,0.0,0.0,0.0,0.0,0.0,0.0,0.0,0.0,0.0,0.0,0.0,0.0,0.0,0.0,1.0,1.0,0.0,0.0
6154,Niger,Eggs,Domestic supply,8.0,8.0,8.0,8.0,8.0,8.0,7.0,8.0,8.0,8.0,8.0,8.0,9.0,9.0,10.0,11.0,11.0,10.0
6155,Niger,Eggs,Export,0.0,0.0,0.0,0.0,0.0,0.0,0.0,0.0,0.0,0.0,0.0,0.0,0.0,0.0,0.0,0.0,0.0,0.0
6156,Niger,Milk - Excluding Butter,Export,1.0,1.0,1.0,0.0,1.0,1.0,0.0,0.0,1.0,1.0,2.0,3.0,3.0,2.0,0.0,0.0,0.0,0.0
6157,Niger,Spices,Losses,0.0,0.0,0.0,0.0,0.0,0.0,0.0,0.0,0.0,0.0,0.0,0.0,0.0,0.0,1.0,1.0,1.0,1.0
6158,Niger,Stimulants,Feed,0.0,0.0,0.0,0.0,0.0,0.0,0.0,0.0,0.0,0.0,0.0,0.0,0.0,0.0,0.0,0.0,0.0,0.0
6159,Niger,Spices,Other uses (non-food),0.0,0.0,0.0,0.0,0.0,0.0,0.0,0.0,0.0,0.0,0.0,0.0,0.0,0.0,0.0,0.0,0.0,0.0
6160,Niger,Oilcrops,Stock Variation,0.0,26.0,0.0,-9.0,16.0,18.0,24.0,29.0,-39.0,29.0,-68.0,-29.0,49.0,0.0,20.0,-35.0,24.0,-5.0
6161,Niger,Oilcrops,Import,1.0,1.0,1.0,2.0,2.0,5.0,16.0,14.0,17.0,17.0,23.0,17.0,28.0,23.0,19.0,22.0,12.0,7.0
6162,Niger,Oilcrops,Production,98.0,84.0,155.0,191.0,170.0,154.0,161.0,160.0,311.0,294.0,405.0,399.0,289.0,302.0,498.0,504.0,566.0,567.0
6163,Niger,Treenuts,Human Consumption,5.0,7.0,3.0,4.0,4.0,4.0,4.0,3.0,3.0,3.0,4.0,3.0,2.0,2.0,2.0,2.0,2.0,0.0
6164,Niger,Treenuts,Other uses (non-food),0.0,0.0,0.0,0.0,0.0,0.0,0.0,0.0,0.0,0.0,0.0,0.0,0.0,0.0,0.0,0.0,0.0,0.0
6165,Niger,Treenuts,Processing,0.0,0.0,0.0,0.0,0.0,0.0,0.0,0.0,0.0,0.0,0.0,0.0,0.0,0.0,0.0,0.0,0.0,0.0
6166,Niger,Treenuts,Losses,0.0,0.0,0.0,0.0,0.0,0.0,0.0,0.0,0.0,0.0,0.0,0.0,0.0,0.0,0.0,0.0,0.0,0.0
6167,Niger,Treenuts,Seed,0.0,0.0,0.0,0.0,0.0,0.0,0.0,0.0,0.0,0.0,0.0,0.0,0.0,0.0,0.0,0.0,0.0,0.0
6168,Niger,Treenuts,Feed,0.0,0.0,0.0,0.0,0.0,0.0,0.0,0.0,0.0,0.0,0.0,0.0,0.0,0.0,0.0,0.0,0.0,0.0
6169,Niger,Treenuts,Domestic supply,5.0,7.0,3.0,4.0,4.0,4.0,4.0,3.0,3.0,3.0,4.0,3.0,2.0,2.0,2.0,2.0,2.0,0.0
6170,Niger,Treenuts,Export,0.0,0.0,0.0,0.0,0.0,0.0,0.0,0.0,0.0,0.0,0.0,0.0,0.0,0.0,0.0,0.0,0.0,0.0
6171,Niger,Oilcrops,Export,5.0,2.0,1.0,4.0,3.0,2.0,2.0,2.0,1.0,1.0,4.0,3.0,4.0,3.0,1.0,0.0,1.0,0.0
6172,Niger,Treenuts,Stock Variation,0.0,0.0,0.0,0.0,0.0,0.0,0.0,0.0,0.0,0.0,0.0,0.0,0.0,0.0,0.0,0.0,0.0,0.0
6173,Niger,Treenuts,Production,0.0,0.0,0.0,0.0,0.0,0.0,0.0,0.0,0.0,0.0,0.0,0.0,0.0,0.0,0.0,0.0,0.0,0.0
6174,Niger,Pulses,Human Consumption,240.0,287.0,255.0,297.0,324.0,354.0,385.0,412.0,457.0,485.0,555.0,601.0,638.0,655.0,687.0,710.0,740.0,755.0
6175,Niger,Pulses,Other uses (non-food),0.0,0.0,0.0,0.0,0.0,0.0,0.0,50.0,200.0,50.0,200.0,100.0,50.0,100.0,111.0,117.0,139.0,109.0
6176,Niger,Pulses,Processing,0.0,0.0,0.0,0.0,0.0,0.0,0.0,0.0,0.0,0.0,0.0,0.0,0.0,0.0,0.0,0.0,0.0,0.0
6177,Niger,Pulses,Losses,34.0,37.0,89.0,56.0,60.0,67.0,74.0,101.0,387.0,98.0,445.0,381.0,359.0,410.0,411.0,432.0,512.0,505.0
6178,Niger,Pulses,Seed,145.0,159.0,172.0,113.0,144.0,171.0,200.0,217.0,177.0,237.0,199.0,199.0,220.0,228.0,232.0,244.0,285.0,279.0
6179,Niger,Pulses,Feed,72.0,52.0,95.0,83.0,90.0,100.0,111.0,152.0,233.0,147.0,268.0,229.0,216.0,246.0,209.0,191.0,211.0,376.0
6180,Niger,Pulses,Domestic supply,491.0,536.0,611.0,548.0,618.0,693.0,770.0,932.0,1454.0,1017.0,1667.0,1509.0,1483.0,1639.0,1649.0,1693.0,1887.0,2023.0
6181,Niger,Pulses,Export,7.0,5.0,3.0,3.0,5.0,3.0,3.0,7.0,12.0,2.0,10.0,32.0,26.0,8.0,20.0,21.0,21.0,9.0
6182,Niger,Pulses,Stock Variation,205.0,0.0,-52.0,-24.0,250.0,68.0,17.0,-102.0,-128.0,171.0,-163.0,-34.0,111.0,-56.0,-3.0,41.0,156.0,-5.0
6183,Niger,Pulses,Import,0.0,0.0,1.0,0.0,1.0,7.0,2.0,0.0,0.0,1.0,8.0,3.0,1.0,4.0,4.0,5.0,4.0,0.0
6184,Niger,Treenuts,Import,5.0,7.0,3.0,4.0,4.0,4.0,4.0,3.0,3.0,3.0,4.0,3.0,2.0,2.0,2.0,2.0,2.0,0.0
6185,Niger,Pulses,Production,293.0,540.0,665.0,575.0,372.0,620.0,754.0,1041.0,1593.0,847.0,1832.0,1572.0,1397.0,1699.0,1663.0,1750.0,2060.0,2027.0
6186,Niger,Oilcrops,Domestic supply,94.0,109.0,154.0,180.0,184.0,174.0,199.0,201.0,288.0,339.0,356.0,385.0,361.0,322.0,496.0,561.0,553.0,579.0
6187,Niger,Oilcrops,Seed,9.0,15.0,19.0,16.0,14.0,14.0,17.0,29.0,26.0,35.0,31.0,33.0,35.0,34.0,57.0,60.0,64.0,65.0
6188,Niger,Sugar Crops,Processing,206.0,211.0,220.0,220.0,220.0,220.0,240.0,240.0,188.0,212.0,222.0,177.0,195.0,200.0,227.0,331.0,219.0,253.0
6189,Niger,Sugar Crops,Losses,0.0,0.0,0.0,0.0,0.0,0.0,0.0,0.0,0.0,0.0,0.0,0.0,0.0,0.0,12.0,18.0,12.0,14.0
6190,Niger,Sugar Crops,Seed,0.0,0.0,0.0,0.0,0.0,0.0,0.0,0.0,0.0,0.0,0.0,0.0,0.0,0.0,0.0,0.0,0.0,0.0
6191,Niger,Sugar Crops,Feed,0.0,0.0,0.0,0.0,0.0,0.0,0.0,0.0,0.0,0.0,2.0,1.0,1.0,0.0,17.0,20.0,13.0,16.0
6192,Niger,Sugar Crops,Domestic supply,206.0,211.0,220.0,220.0,220.0,220.0,240.0,240.0,188.0,212.0,224.0,178.0,195.0,200.0,256.0,369.0,243.0,282.0
6193,Niger,Sugar Crops,Export,0.0,0.0,0.0,0.0,0.0,0.0,0.0,0.0,0.0,0.0,0.0,0.0,0.0,0.0,0.0,0.0,0.0,0.0
6194,Niger,Sugar Crops,Stock Variation,6.0,0.0,0.0,0.0,0.0,0.0,0.0,0.0,0.0,0.0,0.0,0.0,0.0,0.0,-25.0,-38.0,-24.0,-29.0
6195,Niger,Sugar Crops,Import,0.0,0.0,0.0,0.0,0.0,0.0,0.0,0.0,0.0,0.0,2.0,1.0,1.0,0.0,4.0,0.0,3.0,0.0
6196,Niger,Sugar Crops,Production,200.0,211.0,220.0,220.0,220.0,220.0,240.0,240.0,188.0,212.0,222.0,177.0,195.0,200.0,227.0,331.0,216.0,253.0
6197,Niger,Starchy Roots,Human Consumption,237.0,139.0,168.0,179.0,166.0,184.0,244.0,277.0,186.0,184.0,199.0,179.0,247.0,324.0,264.0,274.0,280.0,293.0
6198,Niger,Starchy Roots,Other uses (non-food),0.0,0.0,0.0,0.0,0.0,0.0,0.0,0.0,0.0,0.0,0.0,0.0,0.0,0.0,0.0,0.0,0.0,0.0
6199,Niger,Oilcrops,Feed,1.0,1.0,19.0,24.0,15.0,9.0,28.0,8.0,41.0,35.0,36.0,27.0,21.0,22.0,38.0,50.0,42.0,58.0
6200,Niger,Starchy Roots,Processing,0.0,0.0,0.0,0.0,0.0,0.0,0.0,0.0,0.0,0.0,0.0,0.0,0.0,0.0,0.0,0.0,0.0,0.0
6201,Niger,Starchy Roots,Seed,0.0,1.0,1.0,1.0,1.0,3.0,3.0,1.0,2.0,2.0,2.0,2.0,3.0,3.0,2.0,3.0,3.0,3.0
6202,Niger,Starchy Roots,Feed,0.0,0.0,0.0,0.0,0.0,0.0,0.0,0.0,0.0,0.0,0.0,0.0,0.0,0.0,23.0,40.0,36.0,54.0
6203,Niger,Starchy Roots,Domestic supply,259.0,154.0,186.0,197.0,184.0,206.0,274.0,309.0,207.0,205.0,220.0,199.0,275.0,362.0,310.0,350.0,350.0,395.0
6204,Niger,Starchy Roots,Export,0.0,0.0,0.0,0.0,3.0,0.0,0.0,0.0,0.0,0.0,0.0,0.0,0.0,0.0,0.0,0.0,0.0,0.0
6205,Niger,Starchy Roots,Stock Variation,0.0,-2.0,1.0,1.0,3.0,0.0,1.0,0.0,0.0,0.0,0.0,0.0,0.0,0.0,16.0,107.0,84.0,218.0
6206,Niger,Starchy Roots,Import,40.0,17.0,13.0,22.0,21.0,23.0,11.0,7.0,16.0,15.0,21.0,19.0,31.0,20.0,32.0,15.0,17.0,9.0
6207,Niger,Starchy Roots,Production,219.0,139.0,173.0,175.0,163.0,183.0,262.0,301.0,191.0,190.0,200.0,180.0,244.0,342.0,294.0,442.0,417.0,605.0
6208,Niger,Oilcrops,Human Consumption,32.0,43.0,54.0,70.0,80.0,90.0,95.0,115.0,160.0,173.0,199.0,202.0,194.0,180.0,276.0,283.0,320.0,321.0
6209,Niger,Oilcrops,Other uses (non-food),0.0,0.0,0.0,0.0,0.0,0.0,0.0,0.0,0.0,0.0,0.0,0.0,0.0,0.0,0.0,0.0,0.0,0.0
6210,Niger,Oilcrops,Processing,50.0,47.0,59.0,64.0,69.0,55.0,54.0,43.0,52.0,82.0,73.0,105.0,102.0,77.0,108.0,152.0,108.0,118.0
6211,Niger,Oilcrops,Losses,3.0,3.0,5.0,6.0,6.0,5.0,5.0,6.0,9.0,13.0,17.0,17.0,9.0,9.0,17.0,16.0,19.0,18.0
6212,Niger,Starchy Roots,Losses,22.0,14.0,17.0,18.0,16.0,18.0,26.0,30.0,19.0,19.0,20.0,18.0,25.0,35.0,22.0,33.0,31.0,45.0
6213,Niger,Sugar & Sweeteners,Human Consumption,74.0,66.0,62.0,77.0,91.0,90.0,87.0,82.0,82.0,103.0,77.0,80.0,82.0,95.0,99.0,103.0,94.0,80.0
6214,Niger,Sugar & Sweeteners,Other uses (non-food),0.0,0.0,0.0,0.0,0.0,0.0,0.0,0.0,0.0,0.0,0.0,0.0,0.0,0.0,0.0,0.0,0.0,0.0
6215,Niger,Sugar & Sweeteners,Processing,0.0,0.0,0.0,0.0,0.0,0.0,0.0,0.0,0.0,0.0,0.0,0.0,0.0,0.0,0.0,0.0,0.0,0.0
6216,Niger,Vegetables,Production,788.0,665.0,826.0,864.0,747.0,791.0,792.0,851.0,917.0,790.0,797.0,899.0,1340.0,1171.0,1876.0,2276.0,2492.0,2669.0
6217,Niger,Fruits - Excluding Wine,Human Consumption,76.0,124.0,172.0,221.0,245.0,274.0,307.0,346.0,381.0,485.0,490.0,484.0,496.0,507.0,446.0,503.0,542.0,553.0
6218,Niger,Fruits - Excluding Wine,Other uses (non-food),0.0,0.0,0.0,0.0,0.0,0.0,0.0,0.0,0.0,0.0,0.0,0.0,0.0,0.0,0.0,0.0,0.0,0.0
6219,Niger,Fruits - Excluding Wine,Processing,0.0,0.0,0.0,0.0,0.0,0.0,0.0,0.0,0.0,0.0,0.0,0.0,0.0,0.0,0.0,0.0,0.0,0.0
6220,Niger,Fruits - Excluding Wine,Losses,6.0,8.0,12.0,16.0,17.0,19.0,22.0,25.0,29.0,34.0,34.0,34.0,34.0,34.0,52.0,59.0,64.0,66.0
6221,Niger,Fruits - Excluding Wine,Seed,0.0,0.0,0.0,0.0,0.0,0.0,0.0,0.0,0.0,0.0,0.0,0.0,0.0,0.0,0.0,0.0,0.0,0.0
6222,Niger,Fruits - Excluding Wine,Feed,0.0,0.0,0.0,0.0,0.0,0.0,0.0,0.0,0.0,0.0,0.0,0.0,0.0,0.0,0.0,0.0,0.0,0.0
6223,Niger,Fruits - Excluding Wine,Domestic supply,82.0,133.0,184.0,237.0,262.0,293.0,328.0,372.0,410.0,519.0,524.0,518.0,531.0,542.0,498.0,561.0,606.0,619.0
6224,Niger,Fruits - Excluding Wine,Export,5.0,3.0,3.0,1.0,0.0,0.0,2.0,2.0,1.0,1.0,7.0,5.0,8.0,6.0,5.0,6.0,6.0,2.0
6225,Niger,Fruits - Excluding Wine,Stock Variation,0.0,0.0,0.0,0.0,0.0,0.0,0.0,0.0,0.0,0.0,0.0,0.0,0.0,0.0,0.0,0.0,0.0,0.0
6226,Niger,Fruits - Excluding Wine,Import,16.0,23.0,27.0,25.0,23.0,25.0,20.0,21.0,22.0,21.0,27.0,36.0,38.0,41.0,34.0,35.0,37.0,27.0
6227,Niger,Vegetables,Import,5.0,4.0,6.0,5.0,5.0,8.0,9.0,12.0,12.0,8.0,15.0,22.0,26.0,33.0,30.0,37.0,47.0,15.0
6228,Niger,Fruits - Excluding Wine,Production,70.0,113.0,159.0,213.0,239.0,268.0,310.0,353.0,389.0,499.0,504.0,487.0,500.0,507.0,469.0,532.0,575.0,594.0
6229,Niger,Stimulants,Other uses (non-food),0.0,0.0,0.0,0.0,0.0,0.0,0.0,0.0,0.0,0.0,0.0,0.0,0.0,0.0,0.0,0.0,0.0,0.0
6230,Niger,Stimulants,Processing,0.0,0.0,0.0,0.0,0.0,0.0,0.0,0.0,0.0,0.0,0.0,0.0,0.0,0.0,0.0,0.0,0.0,0.0
6231,Niger,Stimulants,Losses,0.0,0.0,0.0,0.0,0.0,0.0,0.0,0.0,0.0,0.0,0.0,0.0,0.0,0.0,0.0,0.0,0.0,0.0
6232,Niger,Stimulants,Seed,0.0,0.0,0.0,0.0,0.0,0.0,0.0,0.0,0.0,0.0,0.0,0.0,0.0,0.0,0.0,0.0,0.0,0.0
6233,Niger,Sugar Crops,Human Consumption,0.0,0.0,0.0,0.0,0.0,0.0,0.0,0.0,0.0,0.0,0.0,0.0,0.0,0.0,0.0,0.0,0.0,0.0
6234,Niger,Stimulants,Domestic supply,2.0,3.0,4.0,5.0,6.0,5.0,6.0,8.0,9.0,4.0,5.0,10.0,14.0,10.0,9.0,10.0,7.0,8.0
6235,Niger,Stimulants,Export,0.0,0.0,0.0,0.0,0.0,1.0,1.0,1.0,1.0,1.0,1.0,1.0,1.0,2.0,3.0,3.0,5.0,5.0
6236,Niger,Stimulants,Stock Variation,0.0,0.0,0.0,0.0,0.0,0.0,0.0,0.0,0.0,0.0,0.0,0.0,0.0,0.0,0.0,0.0,0.0,0.0
6237,Niger,Stimulants,Import,3.0,3.0,4.0,5.0,7.0,6.0,6.0,9.0,9.0,5.0,7.0,10.0,15.0,12.0,11.0,13.0,11.0,12.0
6238,Niger,Stimulants,Production,0.0,0.0,0.0,0.0,0.0,0.0,0.0,0.0,0.0,0.0,0.0,0.0,0.0,0.0,0.0,0.0,0.0,0.0
6239,Niger,Spices,Human Consumption,7.0,8.0,6.0,7.0,8.0,8.0,8.0,10.0,10.0,8.0,7.0,8.0,7.0,8.0,21.0,16.0,17.0,17.0
6240,Niger,Stimulants,Human Consumption,2.0,3.0,4.0,5.0,6.0,5.0,6.0,8.0,9.0,4.0,5.0,10.0,14.0,10.0,9.0,10.0,7.0,8.0
6241,Niger,Vegetables,Stock Variation,0.0,0.0,0.0,0.0,0.0,0.0,0.0,0.0,0.0,0.0,0.0,0.0,0.0,0.0,0.0,0.0,0.0,0.0
6242,Niger,Vegetables,Export,73.0,48.0,56.0,50.0,95.0,74.0,75.0,66.0,55.0,57.0,104.0,47.0,89.0,98.0,75.0,75.0,88.0,103.0
6243,Niger,Vegetables,Domestic supply,720.0,621.0,776.0,819.0,657.0,725.0,726.0,797.0,873.0,740.0,708.0,874.0,1277.0,1106.0,1830.0,2238.0,2451.0,2581.0
6244,Niger,Sugar & Sweeteners,Losses,0.0,0.0,0.0,0.0,0.0,0.0,0.0,0.0,0.0,0.0,0.0,0.0,0.0,0.0,0.0,0.0,0.0,0.0
6245,Niger,Sugar & Sweeteners,Seed,0.0,0.0,0.0,0.0,0.0,0.0,0.0,0.0,0.0,0.0,0.0,0.0,0.0,0.0,0.0,0.0,0.0,0.0
6246,Niger,Sugar & Sweeteners,Feed,0.0,0.0,0.0,0.0,0.0,0.0,0.0,0.0,0.0,0.0,0.0,0.0,0.0,0.0,0.0,0.0,0.0,0.0
6247,Niger,Sugar & Sweeteners,Domestic supply,74.0,66.0,62.0,77.0,91.0,90.0,87.0,82.0,82.0,103.0,77.0,80.0,82.0,95.0,99.0,103.0,94.0,71.0
6248,Niger,Sugar & Sweeteners,Export,2.0,1.0,1.0,1.0,1.0,0.0,1.0,10.0,22.0,0.0,41.0,17.0,26.0,16.0,20.0,34.0,19.0,117.0
6249,Niger,Sugar & Sweeteners,Stock Variation,0.0,0.0,0.0,-34.0,-9.0,-16.0,-5.0,0.0,9.0,5.0,24.0,16.0,0.0,0.0,-5.0,25.0,-18.0,-76.0
6250,Niger,Sugar & Sweeteners,Import,56.0,46.0,41.0,90.0,78.0,85.0,70.0,67.0,77.0,76.0,72.0,64.0,89.0,90.0,91.0,129.0,74.0,87.0
6251,Niger,Sugar & Sweeteners,Production,21.0,21.0,22.0,22.0,22.0,22.0,24.0,24.0,19.0,21.0,22.0,18.0,19.0,20.0,23.0,33.0,22.0,25.0
6252,Niger,Vegetable Oils,Human Consumption,42.0,49.0,61.0,67.0,61.0,66.0,61.0,58.0,67.0,67.0,66.0,82.0,88.0,80.0,85.0,88.0,83.0,86.0
6253,Niger,Vegetable Oils,Other uses (non-food),6.0,11.0,9.0,9.0,5.0,5.0,5.0,5.0,6.0,6.0,4.0,5.0,4.0,6.0,1.0,1.0,1.0,1.0
6254,Niger,Vegetable Oils,Processing,0.0,0.0,0.0,0.0,0.0,0.0,0.0,0.0,0.0,0.0,0.0,0.0,0.0,0.0,0.0,0.0,0.0,0.0
6255,Niger,Vegetable Oils,Losses,0.0,0.0,0.0,0.0,0.0,0.0,0.0,0.0,0.0,0.0,0.0,0.0,0.0,0.0,0.0,0.0,0.0,0.0
6256,Niger,Vegetable Oils,Seed,0.0,0.0,0.0,0.0,0.0,0.0,0.0,0.0,0.0,0.0,0.0,0.0,0.0,0.0,0.0,0.0,0.0,0.0
6257,Niger,Vegetable Oils,Feed,0.0,0.0,0.0,0.0,0.0,0.0,0.0,0.0,0.0,0.0,0.0,0.0,0.0,0.0,0.0,0.0,0.0,0.0
6258,Niger,Vegetable Oils,Domestic supply,49.0,60.0,70.0,76.0,66.0,71.0,66.0,63.0,73.0,72.0,70.0,87.0,92.0,86.0,86.0,89.0,84.0,87.0
6259,Niger,Vegetable Oils,Export,0.0,0.0,0.0,3.0,0.0,0.0,4.0,3.0,2.0,2.0,10.0,7.0,8.0,12.0,9.0,34.0,67.0,0.0
6260,Niger,Vegetable Oils,Stock Variation,0.0,0.0,1.0,0.0,1.0,-2.0,-6.0,10.0,3.0,-1.0,1.0,-5.0,-5.0,1.0,5.0,19.0,-10.0,78.0
6261,Niger,Vegetable Oils,Import,31.0,39.0,46.0,54.0,39.0,51.0,55.0,40.0,54.0,44.0,50.0,54.0,66.0,67.0,70.0,99.0,110.0,132.0
6262,Niger,Vegetable Oils,Production,18.0,20.0,23.0,25.0,26.0,22.0,21.0,16.0,19.0,32.0,29.0,45.0,40.0,30.0,30.0,43.0,31.0,33.0
6263,Niger,Vegetables,Human Consumption,666.0,580.0,725.0,764.0,610.0,675.0,676.0,744.0,823.0,692.0,661.0,821.0,1189.0,1038.0,1617.0,2003.0,2190.0,2301.0
6264,Niger,Vegetables,Other uses (non-food),0.0,0.0,0.0,0.0,0.0,0.0,0.0,0.0,0.0,0.0,0.0,0.0,0.0,0.0,0.0,0.0,0.0,0.0
6265,Niger,Vegetables,Processing,0.0,0.0,0.0,0.0,0.0,0.0,0.0,0.0,0.0,0.0,0.0,0.0,0.0,0.0,9.0,9.0,11.0,13.0
6266,Niger,Vegetables,Losses,54.0,41.0,51.0,55.0,47.0,50.0,50.0,53.0,51.0,48.0,47.0,53.0,88.0,68.0,205.0,225.0,251.0,267.0
6267,Niger,Vegetables,Seed,0.0,0.0,0.0,0.0,0.0,0.0,0.0,0.0,0.0,0.0,0.0,0.0,0.0,0.0,0.0,0.0,0.0,0.0
6268,Niger,Vegetables,Feed,0.0,0.0,0.0,0.0,0.0,0.0,0.0,0.0,0.0,0.0,0.0,0.0,0.0,0.0,0.0,0.0,0.0,0.0
6269,Niger,Spices,Processing,0.0,0.0,0.0,0.0,0.0,0.0,0.0,0.0,0.0,0.0,0.0,0.0,0.0,0.0,0.0,0.0,0.0,0.0
6270,Niger,Sugar Crops,Other uses (non-food),0.0,0.0,0.0,0.0,0.0,0.0,0.0,0.0,0.0,0.0,0.0,0.0,0.0,0.0,0.0,0.0,0.0,0.0
6271,Niger,Sugar Crops,Human Consumption,0.0,0.0,0.0,0.0,0.0,0.0,0.0,0.0,0.0,0.0,0.0,0.0,0.0,0.0,0.0,0.0,0.0,0.0
6272,Niger,Sugar Crops,Losses,0.0,0.0,0.0,0.0,0.0,0.0,0.0,0.0,0.0,0.0,0.0,0.0,0.0,0.0,12.0,18.0,12.0,14.0
6273,Niger,Vegetables,Export,73.0,48.0,56.0,50.0,95.0,74.0,75.0,66.0,55.0,57.0,104.0,47.0,89.0,98.0,75.0,75.0,88.0,103.0
6274,Niger,Vegetables,Domestic supply,720.0,621.0,776.0,819.0,657.0,725.0,726.0,797.0,873.0,740.0,708.0,874.0,1277.0,1106.0,1830.0,2238.0,2451.0,2581.0
6275,Niger,Vegetables,Feed,0.0,0.0,0.0,0.0,0.0,0.0,0.0,0.0,0.0,0.0,0.0,0.0,0.0,0.0,0.0,0.0,0.0,0.0
6276,Niger,Vegetables,Seed,0.0,0.0,0.0,0.0,0.0,0.0,0.0,0.0,0.0,0.0,0.0,0.0,0.0,0.0,0.0,0.0,0.0,0.0
6277,Niger,Vegetables,Losses,54.0,41.0,51.0,55.0,47.0,50.0,50.0,53.0,51.0,48.0,47.0,53.0,88.0,68.0,205.0,225.0,251.0,267.0
6278,Niger,Vegetables,Processing,0.0,0.0,0.0,0.0,0.0,0.0,0.0,0.0,0.0,0.0,0.0,0.0,0.0,0.0,9.0,9.0,11.0,13.0
6279,Niger,Vegetables,Other uses (non-food),0.0,0.0,0.0,0.0,0.0,0.0,0.0,0.0,0.0,0.0,0.0,0.0,0.0,0.0,0.0,0.0,0.0,0.0
6280,Niger,Vegetables,Human Consumption,666.0,580.0,725.0,764.0,610.0,675.0,676.0,744.0,823.0,692.0,661.0,821.0,1189.0,1038.0,1617.0,2003.0,2190.0,2301.0
6281,Niger,Vegetable Oils,Production,18.0,20.0,23.0,25.0,26.0,22.0,21.0,16.0,19.0,32.0,29.0,45.0,40.0,30.0,30.0,43.0,31.0,33.0
6282,Niger,Vegetable Oils,Import,31.0,39.0,46.0,54.0,39.0,51.0,55.0,40.0,54.0,44.0,50.0,54.0,66.0,67.0,70.0,99.0,110.0,132.0
6283,Niger,Vegetable Oils,Stock Variation,0.0,0.0,1.0,0.0,1.0,-2.0,-6.0,10.0,3.0,-1.0,1.0,-5.0,-5.0,1.0,5.0,19.0,-10.0,78.0
6284,Niger,Vegetable Oils,Export,0.0,0.0,0.0,3.0,0.0,0.0,4.0,3.0,2.0,2.0,10.0,7.0,8.0,12.0,9.0,34.0,67.0,0.0
6285,Niger,Vegetable Oils,Domestic supply,49.0,60.0,70.0,76.0,66.0,71.0,66.0,63.0,73.0,72.0,70.0,87.0,92.0,86.0,86.0,89.0,84.0,87.0
6286,Niger,Vegetable Oils,Feed,0.0,0.0,0.0,0.0,0.0,0.0,0.0,0.0,0.0,0.0,0.0,0.0,0.0,0.0,0.0,0.0,0.0,0.0
6287,Niger,Vegetable Oils,Seed,0.0,0.0,0.0,0.0,0.0,0.0,0.0,0.0,0.0,0.0,0.0,0.0,0.0,0.0,0.0,0.0,0.0,0.0
6288,Niger,Vegetable Oils,Losses,0.0,0.0,0.0,0.0,0.0,0.0,0.0,0.0,0.0,0.0,0.0,0.0,0.0,0.0,0.0,0.0,0.0,0.0
6289,Niger,Vegetable Oils,Processing,0.0,0.0,0.0,0.0,0.0,0.0,0.0,0.0,0.0,0.0,0.0,0.0,0.0,0.0,0.0,0.0,0.0,0.0
6290,Niger,Vegetable Oils,Other uses (non-food),6.0,11.0,9.0,9.0,5.0,5.0,5.0,5.0,6.0,6.0,4.0,5.0,4.0,6.0,1.0,1.0,1.0,1.0
6291,Niger,Vegetable Oils,Human Consumption,42.0,49.0,61.0,67.0,61.0,66.0,61.0,58.0,67.0,67.0,66.0,82.0,88.0,80.0,85.0,88.0,83.0,86.0
6292,Niger,Sugar & Sweeteners,Production,21.0,21.0,22.0,22.0,22.0,22.0,24.0,24.0,19.0,21.0,22.0,18.0,19.0,20.0,23.0,33.0,22.0,25.0
6293,Niger,Sugar & Sweeteners,Import,56.0,46.0,41.0,90.0,78.0,85.0,70.0,67.0,77.0,76.0,72.0,64.0,89.0,90.0,91.0,129.0,74.0,87.0
6294,Niger,Sugar & Sweeteners,Stock Variation,0.0,0.0,0.0,-34.0,-9.0,-16.0,-5.0,0.0,9.0,5.0,24.0,16.0,0.0,0.0,-5.0,25.0,-18.0,-76.0
6295,Niger,Sugar & Sweeteners,Export,2.0,1.0,1.0,1.0,1.0,0.0,1.0,10.0,22.0,0.0,41.0,17.0,26.0,16.0,20.0,34.0,19.0,117.0
6296,Niger,Vegetables,Stock Variation,0.0,0.0,0.0,0.0,0.0,0.0,0.0,0.0,0.0,0.0,0.0,0.0,0.0,0.0,0.0,0.0,0.0,0.0
6297,Niger,Vegetables,Import,5.0,4.0,6.0,5.0,5.0,8.0,9.0,12.0,12.0,8.0,15.0,22.0,26.0,33.0,30.0,37.0,47.0,15.0
6298,Niger,Vegetables,Production,788.0,665.0,826.0,864.0,747.0,791.0,792.0,851.0,917.0,790.0,797.0,899.0,1340.0,1171.0,1876.0,2276.0,2492.0,2669.0
6299,Niger,Fruits - Excluding Wine,Human Consumption,76.0,124.0,172.0,221.0,245.0,274.0,307.0,346.0,381.0,485.0,490.0,484.0,496.0,507.0,446.0,503.0,542.0,553.0
6300,Niger,Spices,Processing,0.0,0.0,0.0,0.0,0.0,0.0,0.0,0.0,0.0,0.0,0.0,0.0,0.0,0.0,0.0,0.0,0.0,0.0
6301,Niger,Spices,Other uses (non-food),0.0,0.0,0.0,0.0,0.0,0.0,0.0,0.0,0.0,0.0,0.0,0.0,0.0,0.0,0.0,0.0,0.0,0.0
6302,Niger,Spices,Human Consumption,7.0,8.0,6.0,7.0,8.0,8.0,8.0,10.0,10.0,8.0,7.0,8.0,7.0,8.0,21.0,16.0,17.0,17.0
6303,Niger,Stimulants,Production,0.0,0.0,0.0,0.0,0.0,0.0,0.0,0.0,0.0,0.0,0.0,0.0,0.0,0.0,0.0,0.0,0.0,0.0
6304,Niger,Stimulants,Import,3.0,3.0,4.0,5.0,7.0,6.0,6.0,9.0,9.0,5.0,7.0,10.0,15.0,12.0,11.0,13.0,11.0,12.0
6305,Niger,Stimulants,Stock Variation,0.0,0.0,0.0,0.0,0.0,0.0,0.0,0.0,0.0,0.0,0.0,0.0,0.0,0.0,0.0,0.0,0.0,0.0
6306,Niger,Stimulants,Export,0.0,0.0,0.0,0.0,0.0,1.0,1.0,1.0,1.0,1.0,1.0,1.0,1.0,2.0,3.0,3.0,5.0,5.0
6307,Niger,Stimulants,Domestic supply,2.0,3.0,4.0,5.0,6.0,5.0,6.0,8.0,9.0,4.0,5.0,10.0,14.0,10.0,9.0,10.0,7.0,8.0
6308,Niger,Stimulants,Feed,0.0,0.0,0.0,0.0,0.0,0.0,0.0,0.0,0.0,0.0,0.0,0.0,0.0,0.0,0.0,0.0,0.0,0.0
6309,Niger,Stimulants,Seed,0.0,0.0,0.0,0.0,0.0,0.0,0.0,0.0,0.0,0.0,0.0,0.0,0.0,0.0,0.0,0.0,0.0,0.0
6310,Niger,Stimulants,Losses,0.0,0.0,0.0,0.0,0.0,0.0,0.0,0.0,0.0,0.0,0.0,0.0,0.0,0.0,0.0,0.0,0.0,0.0
6311,Niger,Sugar & Sweeteners,Domestic supply,74.0,66.0,62.0,77.0,91.0,90.0,87.0,82.0,82.0,103.0,77.0,80.0,82.0,95.0,99.0,103.0,94.0,71.0
6312,Niger,Stimulants,Processing,0.0,0.0,0.0,0.0,0.0,0.0,0.0,0.0,0.0,0.0,0.0,0.0,0.0,0.0,0.0,0.0,0.0,0.0
6313,Niger,Stimulants,Human Consumption,2.0,3.0,4.0,5.0,6.0,5.0,6.0,8.0,9.0,4.0,5.0,10.0,14.0,10.0,9.0,10.0,7.0,8.0
6314,Niger,Fruits - Excluding Wine,Production,70.0,113.0,159.0,213.0,239.0,268.0,310.0,353.0,389.0,499.0,504.0,487.0,500.0,507.0,469.0,532.0,575.0,594.0
6315,Niger,Fruits - Excluding Wine,Import,16.0,23.0,27.0,25.0,23.0,25.0,20.0,21.0,22.0,21.0,27.0,36.0,38.0,41.0,34.0,35.0,37.0,27.0
6316,Niger,Fruits - Excluding Wine,Stock Variation,0.0,0.0,0.0,0.0,0.0,0.0,0.0,0.0,0.0,0.0,0.0,0.0,0.0,0.0,0.0,0.0,0.0,0.0
6317,Niger,Fruits - Excluding Wine,Export,5.0,3.0,3.0,1.0,0.0,0.0,2.0,2.0,1.0,1.0,7.0,5.0,8.0,6.0,5.0,6.0,6.0,2.0
6318,Niger,Fruits - Excluding Wine,Domestic supply,82.0,133.0,184.0,237.0,262.0,293.0,328.0,372.0,410.0,519.0,524.0,518.0,531.0,542.0,498.0,561.0,606.0,619.0
6319,Niger,Fruits - Excluding Wine,Feed,0.0,0.0,0.0,0.0,0.0,0.0,0.0,0.0,0.0,0.0,0.0,0.0,0.0,0.0,0.0,0.0,0.0,0.0
6320,Niger,Fruits - Excluding Wine,Seed,0.0,0.0,0.0,0.0,0.0,0.0,0.0,0.0,0.0,0.0,0.0,0.0,0.0,0.0,0.0,0.0,0.0,0.0
6321,Niger,Fruits - Excluding Wine,Losses,6.0,8.0,12.0,16.0,17.0,19.0,22.0,25.0,29.0,34.0,34.0,34.0,34.0,34.0,52.0,59.0,64.0,66.0
6322,Niger,Fruits - Excluding Wine,Processing,0.0,0.0,0.0,0.0,0.0,0.0,0.0,0.0,0.0,0.0,0.0,0.0,0.0,0.0,0.0,0.0,0.0,0.0
6323,Niger,Fruits - Excluding Wine,Other uses (non-food),0.0,0.0,0.0,0.0,0.0,0.0,0.0,0.0,0.0,0.0,0.0,0.0,0.0,0.0,0.0,0.0,0.0,0.0
6324,Niger,Stimulants,Other uses (non-food),0.0,0.0,0.0,0.0,0.0,0.0,0.0,0.0,0.0,0.0,0.0,0.0,0.0,0.0,0.0,0.0,0.0,0.0
6325,Niger,Spices,Losses,0.0,0.0,0.0,0.0,0.0,0.0,0.0,0.0,0.0,0.0,0.0,0.0,0.0,0.0,1.0,1.0,1.0,1.0
6326,Niger,Sugar & Sweeteners,Feed,0.0,0.0,0.0,0.0,0.0,0.0,0.0,0.0,0.0,0.0,0.0,0.0,0.0,0.0,0.0,0.0,0.0,0.0
6327,Niger,Sugar & Sweeteners,Losses,0.0,0.0,0.0,0.0,0.0,0.0,0.0,0.0,0.0,0.0,0.0,0.0,0.0,0.0,0.0,0.0,0.0,0.0
6328,Niger,Oilcrops,Export,5.0,2.0,1.0,4.0,3.0,2.0,2.0,2.0,1.0,1.0,4.0,3.0,4.0,3.0,1.0,0.0,1.0,0.0
6329,Niger,Oilcrops,Domestic supply,94.0,109.0,154.0,180.0,184.0,174.0,199.0,201.0,288.0,339.0,356.0,385.0,361.0,322.0,496.0,561.0,553.0,579.0
6330,Niger,Oilcrops,Feed,1.0,1.0,19.0,24.0,15.0,9.0,28.0,8.0,41.0,35.0,36.0,27.0,21.0,22.0,38.0,50.0,42.0,58.0
6331,Niger,Oilcrops,Seed,9.0,15.0,19.0,16.0,14.0,14.0,17.0,29.0,26.0,35.0,31.0,33.0,35.0,34.0,57.0,60.0,64.0,65.0
6332,Niger,Oilcrops,Losses,3.0,3.0,5.0,6.0,6.0,5.0,5.0,6.0,9.0,13.0,17.0,17.0,9.0,9.0,17.0,16.0,19.0,18.0
6333,Niger,Oilcrops,Processing,50.0,47.0,59.0,64.0,69.0,55.0,54.0,43.0,52.0,82.0,73.0,105.0,102.0,77.0,108.0,152.0,108.0,118.0
6334,Niger,Oilcrops,Other uses (non-food),0.0,0.0,0.0,0.0,0.0,0.0,0.0,0.0,0.0,0.0,0.0,0.0,0.0,0.0,0.0,0.0,0.0,0.0
6335,Niger,Oilcrops,Human Consumption,32.0,43.0,54.0,70.0,80.0,90.0,95.0,115.0,160.0,173.0,199.0,202.0,194.0,180.0,276.0,283.0,320.0,321.0
6336,Niger,Starchy Roots,Production,219.0,139.0,173.0,175.0,163.0,183.0,262.0,301.0,191.0,190.0,200.0,180.0,244.0,342.0,294.0,442.0,417.0,605.0
6337,Niger,Starchy Roots,Import,40.0,17.0,13.0,22.0,21.0,23.0,11.0,7.0,16.0,15.0,21.0,19.0,31.0,20.0,32.0,15.0,17.0,9.0
6338,Niger,Starchy Roots,Stock Variation,0.0,-2.0,1.0,1.0,3.0,0.0,1.0,0.0,0.0,0.0,0.0,0.0,0.0,0.0,16.0,107.0,84.0,218.0
6339,Niger,Starchy Roots,Export,0.0,0.0,0.0,0.0,3.0,0.0,0.0,0.0,0.0,0.0,0.0,0.0,0.0,0.0,0.0,0.0,0.0,0.0
6340,Niger,Starchy Roots,Domestic supply,259.0,154.0,186.0,197.0,184.0,206.0,274.0,309.0,207.0,205.0,220.0,199.0,275.0,362.0,310.0,350.0,350.0,395.0
6341,Niger,Starchy Roots,Feed,0.0,0.0,0.0,0.0,0.0,0.0,0.0,0.0,0.0,0.0,0.0,0.0,0.0,0.0,23.0,40.0,36.0,54.0
6342,Niger,Starchy Roots,Seed,0.0,1.0,1.0,1.0,1.0,3.0,3.0,1.0,2.0,2.0,2.0,2.0,3.0,3.0,2.0,3.0,3.0,3.0
6343,Niger,Starchy Roots,Losses,22.0,14.0,17.0,18.0,16.0,18.0,26.0,30.0,19.0,19.0,20.0,18.0,25.0,35.0,22.0,33.0,31.0,45.0
6344,Niger,Starchy Roots,Processing,0.0,0.0,0.0,0.0,0.0,0.0,0.0,0.0,0.0,0.0,0.0,0.0,0.0,0.0,0.0,0.0,0.0,0.0
6345,Niger,Starchy Roots,Other uses (non-food),0.0,0.0,0.0,0.0,0.0,0.0,0.0,0.0,0.0,0.0,0.0,0.0,0.0,0.0,0.0,0.0,0.0,0.0
6346,Niger,Starchy Roots,Human Consumption,237.0,139.0,168.0,179.0,166.0,184.0,244.0,277.0,186.0,184.0,199.0,179.0,247.0,324.0,264.0,274.0,280.0,293.0
6347,Niger,Sugar Crops,Production,200.0,211.0,220.0,220.0,220.0,220.0,240.0,240.0,188.0,212.0,222.0,177.0,195.0,200.0,227.0,331.0,216.0,253.0
6348,Niger,Sugar Crops,Import,0.0,0.0,0.0,0.0,0.0,0.0,0.0,0.0,0.0,0.0,2.0,1.0,1.0,0.0,4.0,0.0,3.0,0.0
6349,Niger,Sugar Crops,Stock Variation,6.0,0.0,0.0,0.0,0.0,0.0,0.0,0.0,0.0,0.0,0.0,0.0,0.0,0.0,-25.0,-38.0,-24.0,-29.0
6350,Niger,Sugar Crops,Export,0.0,0.0,0.0,0.0,0.0,0.0,0.0,0.0,0.0,0.0,0.0,0.0,0.0,0.0,0.0,0.0,0.0,0.0
6351,Niger,Oilcrops,Stock Variation,0.0,26.0,0.0,-9.0,16.0,18.0,24.0,29.0,-39.0,29.0,-68.0,-29.0,49.0,0.0,20.0,-35.0,24.0,-5.0
6352,Niger,Oilcrops,Import,1.0,1.0,1.0,2.0,2.0,5.0,16.0,14.0,17.0,17.0,23.0,17.0,28.0,23.0,19.0,22.0,12.0,7.0
6353,Niger,Oilcrops,Production,98.0,84.0,155.0,191.0,170.0,154.0,161.0,160.0,311.0,294.0,405.0,399.0,289.0,302.0,498.0,504.0,566.0,567.0
6354,Niger,Treenuts,Human Consumption,5.0,7.0,3.0,4.0,4.0,4.0,4.0,3.0,3.0,3.0,4.0,3.0,2.0,2.0,2.0,2.0,2.0,0.0
6355,Niger,Sugar & Sweeteners,Processing,0.0,0.0,0.0,0.0,0.0,0.0,0.0,0.0,0.0,0.0,0.0,0.0,0.0,0.0,0.0,0.0,0.0,0.0
6356,Niger,Sugar & Sweeteners,Other uses (non-food),0.0,0.0,0.0,0.0,0.0,0.0,0.0,0.0,0.0,0.0,0.0,0.0,0.0,0.0,0.0,0.0,0.0,0.0
6357,Niger,Sugar & Sweeteners,Human Consumption,74.0,66.0,62.0,77.0,91.0,90.0,87.0,82.0,82.0,103.0,77.0,80.0,82.0,95.0,99.0,103.0,94.0,80.0
6358,Niger,Pulses,Production,293.0,540.0,665.0,575.0,372.0,620.0,754.0,1041.0,1593.0,847.0,1832.0,1572.0,1397.0,1699.0,1663.0,1750.0,2060.0,2027.0
6359,Niger,Pulses,Import,0.0,0.0,1.0,0.0,1.0,7.0,2.0,0.0,0.0,1.0,8.0,3.0,1.0,4.0,4.0,5.0,4.0,0.0
6360,Niger,Pulses,Stock Variation,205.0,0.0,-52.0,-24.0,250.0,68.0,17.0,-102.0,-128.0,171.0,-163.0,-34.0,111.0,-56.0,-3.0,41.0,156.0,-5.0
6361,Niger,Pulses,Export,7.0,5.0,3.0,3.0,5.0,3.0,3.0,7.0,12.0,2.0,10.0,32.0,26.0,8.0,20.0,21.0,21.0,9.0
6362,Niger,Pulses,Domestic supply,491.0,536.0,611.0,548.0,618.0,693.0,770.0,932.0,1454.0,1017.0,1667.0,1509.0,1483.0,1639.0,1649.0,1693.0,1887.0,2023.0
6363,Niger,Pulses,Feed,72.0,52.0,95.0,83.0,90.0,100.0,111.0,152.0,233.0,147.0,268.0,229.0,216.0,246.0,209.0,191.0,211.0,376.0
6364,Niger,Pulses,Seed,145.0,159.0,172.0,113.0,144.0,171.0,200.0,217.0,177.0,237.0,199.0,199.0,220.0,228.0,232.0,244.0,285.0,279.0
6365,Niger,Pulses,Losses,34.0,37.0,89.0,56.0,60.0,67.0,74.0,101.0,387.0,98.0,445.0,381.0,359.0,410.0,411.0,432.0,512.0,505.0
6366,Niger,Sugar & Sweeteners,Seed,0.0,0.0,0.0,0.0,0.0,0.0,0.0,0.0,0.0,0.0,0.0,0.0,0.0,0.0,0.0,0.0,0.0,0.0
6367,Niger,Pulses,Processing,0.0,0.0,0.0,0.0,0.0,0.0,0.0,0.0,0.0,0.0,0.0,0.0,0.0,0.0,0.0,0.0,0.0,0.0
6368,Niger,Pulses,Human Consumption,240.0,287.0,255.0,297.0,324.0,354.0,385.0,412.0,457.0,485.0,555.0,601.0,638.0,655.0,687.0,710.0,740.0,755.0
6369,Niger,Treenuts,Production,0.0,0.0,0.0,0.0,0.0,0.0,0.0,0.0,0.0,0.0,0.0,0.0,0.0,0.0,0.0,0.0,0.0,0.0
6370,Niger,Treenuts,Import,5.0,7.0,3.0,4.0,4.0,4.0,4.0,3.0,3.0,3.0,4.0,3.0,2.0,2.0,2.0,2.0,2.0,0.0
6371,Niger,Treenuts,Stock Variation,0.0,0.0,0.0,0.0,0.0,0.0,0.0,0.0,0.0,0.0,0.0,0.0,0.0,0.0,0.0,0.0,0.0,0.0
6372,Niger,Treenuts,Export,0.0,0.0,0.0,0.0,0.0,0.0,0.0,0.0,0.0,0.0,0.0,0.0,0.0,0.0,0.0,0.0,0.0,0.0
6373,Niger,Treenuts,Domestic supply,5.0,7.0,3.0,4.0,4.0,4.0,4.0,3.0,3.0,3.0,4.0,3.0,2.0,2.0,2.0,2.0,2.0,0.0
6374,Niger,Treenuts,Feed,0.0,0.0,0.0,0.0,0.0,0.0,0.0,0.0,0.0,0.0,0.0,0.0,0.0,0.0,0.0,0.0,0.0,0.0
6375,Niger,Treenuts,Seed,0.0,0.0,0.0,0.0,0.0,0.0,0.0,0.0,0.0,0.0,0.0,0.0,0.0,0.0,0.0,0.0,0.0,0.0
6376,Niger,Treenuts,Losses,0.0,0.0,0.0,0.0,0.0,0.0,0.0,0.0,0.0,0.0,0.0,0.0,0.0,0.0,0.0,0.0,0.0,0.0
6377,Niger,Treenuts,Processing,0.0,0.0,0.0,0.0,0.0,0.0,0.0,0.0,0.0,0.0,0.0,0.0,0.0,0.0,0.0,0.0,0.0,0.0
6378,Niger,Treenuts,Other uses (non-food),0.0,0.0,0.0,0.0,0.0,0.0,0.0,0.0,0.0,0.0,0.0,0.0,0.0,0.0,0.0,0.0,0.0,0.0
6379,Niger,Pulses,Other uses (non-food),0.0,0.0,0.0,0.0,0.0,0.0,0.0,50.0,200.0,50.0,200.0,100.0,50.0,100.0,111.0,117.0,139.0,109.0
6380,Niger,Spices,Seed,0.0,0.0,0.0,0.0,0.0,0.0,0.0,0.0,0.0,0.0,0.0,0.0,0.0,0.0,0.0,0.0,0.0,0.0
6381,Niger,Spices,Feed,0.0,0.0,0.0,0.0,0.0,0.0,0.0,0.0,0.0,0.0,0.0,0.0,0.0,0.0,0.0,0.0,0.0,0.0
6382,Niger,Spices,Domestic supply,7.0,8.0,6.0,7.0,8.0,8.0,8.0,10.0,10.0,8.0,7.0,8.0,7.0,8.0,22.0,17.0,17.0,18.0
6383,Niger,Eggs,Export,0.0,0.0,0.0,0.0,0.0,0.0,0.0,0.0,0.0,0.0,0.0,0.0,0.0,0.0,0.0,0.0,0.0,0.0
6384,Niger,Eggs,Domestic supply,8.0,8.0,8.0,8.0,8.0,8.0,7.0,8.0,8.0,8.0,8.0,8.0,9.0,9.0,10.0,11.0,11.0,10.0
6385,Niger,Eggs,Feed,0.0,0.0,0.0,0.0,0.0,0.0,0.0,0.0,0.0,0.0,0.0,0.0,0.0,0.0,1.0,1.0,0.0,0.0
6386,Niger,Eggs,Seed,1.0,1.0,1.0,1.0,1.0,1.0,1.0,1.0,1.0,2.0,2.0,2.0,2.0,2.0,2.0,2.0,3.0,3.0
6387,Niger,Eggs,Losses,2.0,2.0,2.0,2.0,2.0,2.0,1.0,2.0,2.0,2.0,2.0,2.0,2.0,2.0,2.0,2.0,2.0,2.0
6388,Niger,Eggs,Processing,0.0,0.0,0.0,0.0,0.0,0.0,0.0,0.0,0.0,0.0,0.0,0.0,0.0,0.0,0.0,0.0,0.0,0.0
6389,Niger,Eggs,Other uses (non-food),0.0,0.0,0.0,0.0,0.0,0.0,0.0,0.0,0.0,0.0,0.0,0.0,0.0,0.0,0.0,0.0,0.0,0.0
6390,Niger,Eggs,Human Consumption,5.0,5.0,5.0,5.0,5.0,5.0,5.0,5.0,5.0,5.0,4.0,4.0,5.0,5.0,5.0,5.0,5.0,5.0
6391,Niger,Milk - Excluding Butter,Production,644.0,672.0,702.0,734.0,766.0,801.0,837.0,876.0,916.0,958.0,968.0,968.0,1013.0,1039.0,1060.0,1197.0,1253.0,1313.0
6392,Niger,Milk - Excluding Butter,Import,35.0,38.0,55.0,52.0,51.0,61.0,85.0,48.0,77.0,63.0,67.0,75.0,110.0,85.0,2.0,3.0,3.0,2.0
6393,Niger,Milk - Excluding Butter,Stock Variation,0.0,0.0,0.0,0.0,0.0,0.0,-23.0,23.0,0.0,0.0,0.0,0.0,0.0,0.0,0.0,0.0,0.0,0.0
6394,Niger,Milk - Excluding Butter,Export,1.0,1.0,1.0,0.0,1.0,1.0,0.0,0.0,1.0,1.0,2.0,3.0,3.0,2.0,0.0,0.0,0.0,0.0
6395,Niger,Milk - Excluding Butter,Domestic supply,677.0,709.0,756.0,786.0,816.0,861.0,899.0,947.0,992.0,1021.0,1033.0,1040.0,1120.0,1122.0,1062.0,1199.0,1256.0,1315.0
6396,Niger,Milk - Excluding Butter,Feed,0.0,0.0,0.0,0.0,0.0,0.0,0.0,0.0,0.0,0.0,0.0,0.0,0.0,0.0,68.0,61.0,62.0,68.0
6397,Niger,Milk - Excluding Butter,Seed,0.0,0.0,0.0,0.0,0.0,0.0,0.0,0.0,0.0,0.0,0.0,0.0,0.0,0.0,0.0,0.0,0.0,0.0
6398,Niger,Milk - Excluding Butter,Losses,44.0,46.0,48.0,50.0,52.0,55.0,57.0,60.0,62.0,65.0,67.0,66.0,69.0,71.0,55.0,65.0,68.0,71.0
6399,Niger,Milk - Excluding Butter,Processing,0.0,0.0,0.0,0.0,0.0,0.0,0.0,0.0,0.0,0.0,0.0,0.0,0.0,0.0,0.0,0.0,0.0,0.0
6400,Niger,Milk - Excluding Butter,Other uses (non-food),0.0,0.0,0.0,0.0,0.0,0.0,0.0,0.0,0.0,0.0,0.0,0.0,0.0,0.0,0.0,0.0,0.0,0.0
6401,Niger,Milk - Excluding Butter,Human Consumption,633.0,664.0,708.0,736.0,764.0,806.0,842.0,887.0,930.0,955.0,966.0,973.0,1050.0,1051.0,940.0,1073.0,1125.0,1176.0
6402,Niger,Animal fats,Production,13.0,14.0,14.0,15.0,16.0,17.0,18.0,19.0,20.0,20.0,20.0,20.0,21.0,22.0,23.0,25.0,28.0,26.0
6403,Niger,Animal fats,Import,8.0,3.0,4.0,3.0,9.0,6.0,6.0,6.0,6.0,6.0,6.0,2.0,0.0,0.0,0.0,0.0,0.0,0.0
6404,Niger,Animal fats,Stock Variation,0.0,0.0,0.0,0.0,0.0,0.0,0.0,0.0,0.0,0.0,0.0,0.0,0.0,0.0,0.0,0.0,0.0,0.0
6405,Niger,Animal fats,Export,0.0,0.0,0.0,0.0,0.0,0.0,0.0,0.0,0.0,0.0,0.0,0.0,0.0,0.0,0.0,0.0,0.0,0.0
6406,Niger,Eggs,Stock Variation,0.0,0.0,0.0,0.0,0.0,0.0,0.0,0.0,0.0,0.0,0.0,0.0,0.0,0.0,0.0,0.0,0.0,0.0
6407,Niger,Eggs,Import,0.0,0.0,0.0,0.0,0.0,0.0,0.0,0.0,0.0,0.0,0.0,0.0,1.0,1.0,1.0,1.0,1.0,0.0
6408,Niger,Eggs,Production,8.0,8.0,8.0,8.0,8.0,8.0,7.0,8.0,8.0,8.0,8.0,8.0,8.0,9.0,9.0,10.0,10.0,10.0
6409,Niger,"Fish, Seafood",Human Consumption,14.0,7.0,5.0,42.0,43.0,46.0,31.0,31.0,32.0,33.0,43.0,55.0,49.0,48.0,51.0,35.0,44.0,44.0
6410,Niger,Cereals - Excluding Beer,Production,2107.0,3136.0,3217.0,3549.0,2704.0,3649.0,4021.0,3834.0,4793.0,3445.0,5193.0,3757.0,5262.0,4270.0,4915.0,5465.0,5853.0,5900.0
6411,Niger,Cereals - Excluding Beer,Import,264.0,324.0,351.0,270.0,368.0,449.0,342.0,323.0,377.0,315.0,401.0,312.0,576.0,579.0,695.0,735.0,719.0,827.0
6412,Niger,Cereals - Excluding Beer,Stock Variation,830.0,-97.0,-176.0,-236.0,586.0,-271.0,-318.0,-29.0,-632.0,689.0,-636.0,695.0,-582.0,244.0,8.0,363.0,327.0,208.0
6413,Niger,Cereals - Excluding Beer,Export,0.0,0.0,1.0,3.0,4.0,2.0,17.0,17.0,29.0,11.0,47.0,14.0,31.0,40.0,63.0,62.0,85.0,75.0
6414,Niger,Cereals - Excluding Beer,Domestic supply,3201.0,3362.0,3390.0,3580.0,3654.0,3826.0,4028.0,4110.0,4509.0,4438.0,4911.0,4750.0,5225.0,5052.0,5539.0,5775.0,6160.0,6444.0
6415,Niger,Cereals - Excluding Beer,Feed,410.0,452.0,478.0,508.0,463.0,515.0,567.0,546.0,717.0,617.0,770.0,652.0,768.0,519.0,448.0,463.0,548.0,572.0
6416,Niger,Cereals - Excluding Beer,Seed,132.0,130.0,133.0,130.0,139.0,149.0,151.0,164.0,150.0,177.0,164.0,169.0,177.0,183.0,246.0,225.0,254.0,254.0
6417,Niger,Cereals - Excluding Beer,Losses,346.0,383.0,409.0,445.0,398.0,472.0,506.0,492.0,603.0,475.0,659.0,516.0,689.0,612.0,650.0,731.0,778.0,786.0
6418,Niger,Cereals - Excluding Beer,Processing,1.0,1.0,1.0,1.0,1.0,1.0,1.0,1.0,1.0,2.0,1.0,1.0,1.0,1.0,0.0,0.0,0.0,0.0
6419,Niger,Cereals - Excluding Beer,Other uses (non-food),0.0,0.0,1.0,0.0,0.0,0.0,0.0,0.0,0.0,0.0,0.0,0.0,0.0,0.0,0.0,0.0,0.0,0.0
6420,Niger,Cereals - Excluding Beer,Human Consumption,2311.0,2396.0,2369.0,2497.0,2653.0,2689.0,2803.0,2907.0,3037.0,3168.0,3316.0,3412.0,3589.0,3738.0,4195.0,4356.0,4579.0,4832.0
6421,Niger,Animal fats,Domestic supply,20.0,16.0,18.0,18.0,25.0,23.0,24.0,25.0,26.0,26.0,26.0,22.0,22.0,22.0,23.0,25.0,28.0,26.0
6422,Niger,"Aquatic Products, Other",Production,0.0,0.0,0.0,0.0,0.0,0.0,0.0,0.0,0.0,0.0,0.0,0.0,0.0,0.0,0.0,0.0,0.0,0.0
6423,Niger,"Aquatic Products, Other",Export,0.0,0.0,0.0,0.0,0.0,0.0,0.0,0.0,0.0,0.0,0.0,0.0,0.0,0.0,0.0,0.0,0.0,0.0
6424,Niger,"Aquatic Products, Other",Domestic supply,0.0,0.0,0.0,0.0,0.0,0.0,0.0,0.0,0.0,0.0,0.0,0.0,0.0,0.0,0.0,0.0,0.0,0.0
6425,Niger,"Aquatic Products, Other",Other uses (non-food),0.0,0.0,0.0,0.0,0.0,0.0,0.0,0.0,0.0,0.0,0.0,0.0,0.0,0.0,0.0,0.0,0.0,0.0
6426,Niger,"Aquatic Products, Other",Human Consumption,0.0,0.0,0.0,0.0,0.0,0.0,0.0,0.0,0.0,0.0,0.0,0.0,0.0,0.0,0.0,0.0,0.0,0.0
6427,Niger,"Fish, Seafood",Production,16.0,21.0,24.0,56.0,52.0,50.0,30.0,30.0,30.0,30.0,40.0,53.0,47.0,45.0,47.0,27.0,35.0,35.0
6428,Niger,"Fish, Seafood",Import,1.0,1.0,1.0,1.0,1.0,1.0,2.0,2.0,3.0,4.0,4.0,3.0,5.0,6.0,7.0,9.0,10.0,10.0
6429,Niger,"Fish, Seafood",Stock Variation,0.0,0.0,0.0,0.0,0.0,0.0,0.0,0.0,0.0,0.0,0.0,0.0,0.0,0.0,0.0,0.0,0.0,0.0
6430,Niger,"Fish, Seafood",Export,4.0,15.0,19.0,14.0,9.0,5.0,2.0,1.0,1.0,1.0,1.0,2.0,2.0,3.0,3.0,1.0,1.0,1.0
6431,Niger,"Fish, Seafood",Domestic supply,14.0,7.0,5.0,42.0,43.0,46.0,31.0,31.0,32.0,33.0,43.0,55.0,49.0,48.0,51.0,35.0,44.0,44.0
6432,Niger,"Fish, Seafood",Feed,0.0,0.0,0.0,0.0,0.0,0.0,0.0,0.0,0.0,0.0,0.0,0.0,0.0,0.0,0.0,0.0,0.0,0.0
6433,Niger,"Fish, Seafood",Other uses (non-food),0.0,0.0,0.0,0.0,0.0,0.0,0.0,0.0,0.0,0.0,0.0,0.0,0.0,0.0,0.0,0.0,0.0,0.0
6434,Niger,"Aquatic Products, Other",Import,0.0,0.0,0.0,0.0,0.0,0.0,0.0,0.0,0.0,0.0,0.0,0.0,0.0,0.0,0.0,0.0,0.0,0.0
6435,Niger,Animal fats,Feed,0.0,0.0,0.0,0.0,0.0,0.0,0.0,0.0,0.0,0.0,0.0,0.0,0.0,0.0,0.0,0.0,0.0,0.0
6436,Niger,Animal fats,Seed,0.0,0.0,0.0,0.0,0.0,0.0,0.0,0.0,0.0,0.0,0.0,0.0,0.0,0.0,0.0,0.0,0.0,0.0
6437,Niger,Animal fats,Losses,0.0,0.0,0.0,0.0,0.0,0.0,0.0,0.0,0.0,0.0,0.0,0.0,0.0,0.0,0.0,0.0,0.0,0.0
6438,Niger,Miscellaneous,Export,0.0,0.0,0.0,0.0,0.0,0.0,0.0,0.0,0.0,0.0,0.0,0.0,0.0,0.0,11.0,12.0,41.0,0.0
6439,Niger,Miscellaneous,Domestic supply,0.0,0.0,0.0,0.0,0.0,5.0,4.0,4.0,2.0,1.0,1.0,1.0,1.0,3.0,37.0,41.0,11.0,15.0
6440,Niger,Miscellaneous,Feed,0.0,0.0,0.0,0.0,0.0,0.0,0.0,0.0,0.0,0.0,0.0,0.0,0.0,0.0,0.0,0.0,0.0,0.0
6441,Niger,Miscellaneous,Seed,0.0,0.0,0.0,0.0,0.0,0.0,0.0,0.0,0.0,0.0,0.0,0.0,0.0,0.0,0.0,0.0,0.0,0.0
6442,Niger,Miscellaneous,Losses,0.0,0.0,0.0,0.0,0.0,0.0,0.0,0.0,0.0,0.0,0.0,0.0,0.0,0.0,0.0,0.0,0.0,0.0
6443,Niger,Miscellaneous,Processing,0.0,0.0,0.0,0.0,0.0,0.0,0.0,0.0,0.0,0.0,0.0,0.0,0.0,0.0,0.0,0.0,0.0,0.0
6444,Niger,Miscellaneous,Other uses (non-food),0.0,0.0,0.0,0.0,0.0,0.0,0.0,0.0,0.0,0.0,0.0,0.0,0.0,0.0,0.0,0.0,0.0,0.0
6445,Niger,Sugar Crops,Other uses (non-food),0.0,0.0,0.0,0.0,0.0,0.0,0.0,0.0,0.0,0.0,0.0,0.0,0.0,0.0,0.0,0.0,0.0,0.0
6446,Niger,Miscellaneous,Human Consumption,0.0,0.0,0.0,0.0,0.0,5.0,4.0,4.0,2.0,1.0,1.0,1.0,1.0,3.0,37.0,41.0,11.0,15.0
6447,Niger,Alcoholic Beverages,Production,4.0,5.0,4.0,4.0,4.0,4.0,6.0,6.0,7.0,7.0,7.0,7.0,6.0,6.0,6.0,7.0,7.0,7.0
6448,Niger,Alcoholic Beverages,Import,1.0,2.0,1.0,2.0,2.0,2.0,3.0,3.0,2.0,2.0,3.0,4.0,4.0,4.0,5.0,6.0,7.0,6.0
6449,Niger,Miscellaneous,Stock Variation,0.0,0.0,0.0,0.0,0.0,0.0,-3.0,3.0,0.0,0.0,0.0,0.0,0.0,0.0,0.0,0.0,0.0,0.0
6450,Niger,Alcoholic Beverages,Stock Variation,0.0,0.0,0.0,0.0,0.0,0.0,0.0,0.0,0.0,0.0,0.0,0.0,0.0,0.0,0.0,0.0,0.0,0.0
6451,Niger,Alcoholic Beverages,Domestic supply,4.0,6.0,5.0,6.0,6.0,6.0,9.0,9.0,9.0,9.0,10.0,11.0,10.0,10.0,11.0,12.0,13.0,12.0
6452,Niger,Alcoholic Beverages,Feed,0.0,0.0,0.0,0.0,0.0,0.0,0.0,0.0,0.0,0.0,0.0,0.0,0.0,0.0,0.0,0.0,0.0,0.0
6453,Niger,Alcoholic Beverages,Seed,0.0,0.0,0.0,0.0,0.0,0.0,0.0,0.0,0.0,0.0,0.0,0.0,0.0,0.0,0.0,0.0,0.0,0.0
6454,Niger,Alcoholic Beverages,Losses,0.0,0.0,0.0,0.0,0.0,0.0,0.0,0.0,0.0,0.0,0.0,0.0,0.0,0.0,0.0,0.0,0.0,0.0
6455,Niger,Alcoholic Beverages,Processing,0.0,0.0,0.0,0.0,0.0,0.0,0.0,0.0,0.0,0.0,0.0,0.0,0.0,0.0,0.0,0.0,0.0,0.0
6456,Niger,Alcoholic Beverages,Other uses (non-food),0.0,0.0,0.0,0.0,0.0,0.0,0.0,0.0,0.0,0.0,0.0,0.0,0.0,0.0,0.0,0.0,0.0,0.0
6457,Niger,Alcoholic Beverages,Human Consumption,4.0,6.0,5.0,6.0,6.0,6.0,9.0,9.0,9.0,9.0,10.0,11.0,10.0,10.0,11.0,12.0,13.0,12.0
6458,Niger,Spices,Production,7.0,7.0,7.0,7.0,7.0,8.0,8.0,9.0,10.0,9.0,8.0,8.0,8.0,8.0,22.0,17.0,17.0,18.0
6459,Niger,Spices,Import,1.0,0.0,0.0,0.0,0.0,0.0,0.0,1.0,1.0,1.0,0.0,1.0,0.0,0.0,1.0,0.0,1.0,0.0
6460,Niger,Spices,Stock Variation,2.0,2.0,0.0,0.0,0.0,0.0,0.0,0.0,0.0,0.0,0.0,0.0,0.0,0.0,0.0,0.0,0.0,0.0
6461,Niger,Spices,Export,2.0,1.0,1.0,1.0,0.0,1.0,1.0,0.0,1.0,1.0,2.0,1.0,1.0,1.0,0.0,1.0,0.0,0.0
6462,Niger,Alcoholic Beverages,Export,0.0,0.0,0.0,0.0,0.0,0.0,0.0,0.0,0.0,0.0,0.0,0.0,0.0,0.0,0.0,0.0,0.0,0.0
6463,Niger,Sugar Crops,Domestic supply,206.0,211.0,220.0,220.0,220.0,220.0,240.0,240.0,188.0,212.0,224.0,178.0,195.0,200.0,256.0,369.0,243.0,282.0
6464,Niger,Miscellaneous,Import,0.0,0.0,0.0,0.0,0.0,5.0,7.0,1.0,2.0,1.0,1.0,1.0,1.0,3.0,48.0,53.0,52.0,15.0
6465,Niger,Meat,Human Consumption,225.0,240.0,258.0,274.0,293.0,309.0,318.0,337.0,351.0,307.0,277.0,281.0,283.0,307.0,256.0,268.0,264.0,275.0
6466,Niger,Animal fats,Processing,0.0,0.0,0.0,0.0,0.0,0.0,0.0,0.0,0.0,0.0,0.0,0.0,0.0,0.0,0.0,0.0,0.0,0.0
6467,Niger,Animal fats,Other uses (non-food),0.0,0.0,0.0,0.0,0.0,0.0,0.0,0.0,0.0,0.0,0.0,0.0,0.0,0.0,0.0,0.0,1.0,0.0
6468,Niger,Animal fats,Human Consumption,20.0,16.0,18.0,18.0,25.0,23.0,24.0,25.0,26.0,26.0,26.0,22.0,21.0,22.0,22.0,25.0,27.0,26.0
6469,Niger,Offals,Production,32.0,34.0,37.0,39.0,42.0,44.0,46.0,49.0,51.0,46.0,43.0,45.0,47.0,52.0,44.0,49.0,58.0,44.0
6470,Niger,Offals,Import,0.0,0.0,0.0,0.0,0.0,0.0,0.0,0.0,0.0,0.0,0.0,0.0,0.0,0.0,0.0,0.0,0.0,0.0
6471,Niger,Offals,Stock Variation,0.0,0.0,0.0,0.0,0.0,0.0,0.0,0.0,0.0,0.0,0.0,0.0,0.0,0.0,0.0,0.0,0.0,0.0
6472,Niger,Offals,Export,0.0,0.0,0.0,0.0,0.0,0.0,0.0,0.0,0.0,0.0,0.0,0.0,0.0,0.0,0.0,0.0,0.0,0.0
6473,Niger,Offals,Domestic supply,32.0,34.0,37.0,39.0,42.0,44.0,46.0,49.0,51.0,46.0,43.0,45.0,47.0,52.0,44.0,49.0,58.0,44.0
6474,Niger,Offals,Feed,0.0,0.0,0.0,0.0,0.0,0.0,0.0,0.0,0.0,0.0,0.0,0.0,0.0,0.0,0.0,0.0,0.0,0.0
6475,Niger,Offals,Seed,0.0,0.0,0.0,0.0,0.0,0.0,0.0,0.0,0.0,0.0,0.0,0.0,0.0,0.0,0.0,0.0,0.0,0.0
6476,Niger,Offals,Losses,0.0,0.0,0.0,0.0,0.0,0.0,0.0,0.0,0.0,0.0,0.0,0.0,0.0,0.0,2.0,2.0,2.0,0.0
6477,Niger,Miscellaneous,Production,0.0,0.0,0.0,0.0,0.0,0.0,0.0,0.0,0.0,0.0,0.0,0.0,0.0,0.0,0.0,0.0,0.0,0.0
6478,Niger,Offals,Processing,0.0,0.0,0.0,0.0,0.0,0.0,0.0,0.0,0.0,0.0,0.0,0.0,0.0,0.0,0.0,0.0,0.0,0.0
6479,Niger,Offals,Human Consumption,32.0,34.0,37.0,39.0,42.0,44.0,46.0,49.0,51.0,46.0,43.0,45.0,47.0,52.0,42.0,47.0,56.0,44.0
6480,Niger,Meat,Production,226.0,240.0,258.0,274.0,293.0,309.0,318.0,337.0,351.0,307.0,277.0,281.0,282.0,304.0,256.0,271.0,274.0,298.0
6481,Niger,Meat,Import,0.0,0.0,0.0,0.0,0.0,0.0,0.0,0.0,0.0,0.0,0.0,1.0,1.0,3.0,10.0,8.0,4.0,3.0
6482,Niger,Meat,Stock Variation,0.0,0.0,0.0,0.0,0.0,0.0,0.0,0.0,0.0,0.0,0.0,0.0,0.0,0.0,0.0,0.0,4.0,14.0
6483,Niger,Meat,Export,0.0,0.0,0.0,0.0,0.0,0.0,0.0,0.0,0.0,0.0,0.0,0.0,0.0,0.0,0.0,0.0,1.0,0.0
6484,Niger,Meat,Domestic supply,225.0,240.0,258.0,274.0,293.0,309.0,318.0,337.0,351.0,307.0,277.0,281.0,283.0,307.0,266.0,279.0,274.0,286.0
6485,Niger,Meat,Feed,0.0,0.0,0.0,0.0,0.0,0.0,0.0,0.0,0.0,0.0,0.0,0.0,0.0,0.0,0.0,0.0,0.0,0.0
6486,Niger,Meat,Seed,0.0,0.0,0.0,0.0,0.0,0.0,0.0,0.0,0.0,0.0,0.0,0.0,0.0,0.0,0.0,0.0,0.0,0.0
6487,Niger,Meat,Losses,0.0,0.0,0.0,0.0,0.0,0.0,0.0,0.0,0.0,0.0,0.0,0.0,0.0,0.0,10.0,11.0,11.0,11.0
6488,Niger,Meat,Processing,0.0,0.0,0.0,0.0,0.0,0.0,0.0,0.0,0.0,0.0,0.0,0.0,0.0,0.0,0.0,0.0,0.0,0.0
6489,Niger,Meat,Other uses (non-food),0.0,0.0,0.0,0.0,0.0,0.0,0.0,0.0,0.0,0.0,0.0,0.0,0.0,0.0,0.0,0.0,0.0,0.0
6490,Niger,Offals,Other uses (non-food),0.0,0.0,0.0,0.0,0.0,0.0,0.0,0.0,0.0,0.0,0.0,0.0,0.0,0.0,0.0,0.0,0.0,0.0
6491,Niger,Sugar Crops,Processing,206.0,211.0,220.0,220.0,220.0,220.0,240.0,240.0,188.0,212.0,222.0,177.0,195.0,200.0,227.0,331.0,219.0,253.0
6492,Niger,Sugar Crops,Feed,0.0,0.0,0.0,0.0,0.0,0.0,0.0,0.0,0.0,0.0,2.0,1.0,1.0,0.0,17.0,20.0,13.0,16.0
6493,Niger,Sugar Crops,Seed,0.0,0.0,0.0,0.0,0.0,0.0,0.0,0.0,0.0,0.0,0.0,0.0,0.0,0.0,0.0,0.0,0.0,0.0
6494,Nigeria,Sugar Crops,Human Consumption,50.0,40.0,40.0,40.0,40.0,40.0,42.0,42.0,42.0,42.0,42.0,42.0,42.0,42.0,0.0,0.0,0.0,0.0
6495,Nigeria,Miscellaneous,Production,0.0,0.0,0.0,0.0,0.0,0.0,0.0,0.0,0.0,0.0,0.0,0.0,0.0,0.0,0.0,0.0,0.0,0.0
6496,Nigeria,Meat,Human Consumption,1053.0,1158.0,1247.0,1202.0,1245.0,1254.0,1200.0,1321.0,1366.0,1441.0,1504.0,1556.0,1566.0,1597.0,1323.0,1359.0,1354.0,1366.0
6497,Nigeria,Meat,Other uses (non-food),0.0,0.0,0.0,0.0,0.0,0.0,0.0,0.0,0.0,0.0,0.0,0.0,0.0,0.0,39.0,48.0,32.0,0.0
6498,Nigeria,Meat,Processing,0.0,0.0,0.0,0.0,0.0,0.0,0.0,0.0,0.0,0.0,0.0,0.0,0.0,0.0,0.0,0.0,0.0,0.0
6499,Nigeria,Meat,Losses,0.0,0.0,0.0,0.0,0.0,0.0,0.0,0.0,0.0,0.0,0.0,0.0,0.0,0.0,61.0,63.0,62.0,63.0
6500,Nigeria,Meat,Seed,0.0,0.0,0.0,0.0,0.0,0.0,0.0,0.0,0.0,0.0,0.0,0.0,0.0,0.0,0.0,0.0,0.0,0.0
6501,Nigeria,Meat,Feed,0.0,0.0,0.0,0.0,0.0,0.0,0.0,0.0,0.0,0.0,0.0,0.0,0.0,0.0,0.0,0.0,0.0,0.0
6502,Nigeria,Meat,Domestic supply,1053.0,1158.0,1247.0,1202.0,1245.0,1254.0,1200.0,1321.0,1366.0,1441.0,1504.0,1556.0,1566.0,1597.0,1384.0,1422.0,1417.0,1428.0
6503,Nigeria,Meat,Export,0.0,0.0,0.0,0.0,0.0,0.0,0.0,0.0,0.0,0.0,0.0,0.0,0.0,0.0,0.0,0.0,0.0,0.0
6504,Nigeria,Meat,Stock Variation,0.0,0.0,0.0,0.0,0.0,0.0,0.0,0.0,0.0,0.0,0.0,0.0,0.0,0.0,-2.0,-2.0,-2.0,-2.0
6505,Nigeria,Meat,Import,0.0,2.0,7.0,5.0,2.0,1.0,1.0,4.0,1.0,34.0,46.0,3.0,3.0,3.0,2.0,1.0,1.0,1.0
6506,Nigeria,Meat,Production,1053.0,1155.0,1240.0,1197.0,1243.0,1253.0,1199.0,1317.0,1364.0,1407.0,1458.0,1553.0,1563.0,1594.0,1380.0,1419.0,1414.0,1426.0
6507,Nigeria,Offals,Human Consumption,116.0,129.0,139.0,130.0,135.0,133.0,126.0,141.0,143.0,145.0,149.0,162.0,164.0,167.0,142.0,145.0,141.0,150.0
6508,Nigeria,Offals,Other uses (non-food),0.0,0.0,0.0,0.0,0.0,0.0,0.0,0.0,0.0,0.0,0.0,0.0,0.0,0.0,0.0,0.0,0.0,0.0
6509,Nigeria,Offals,Processing,0.0,0.0,0.0,0.0,0.0,0.0,0.0,0.0,0.0,0.0,0.0,0.0,0.0,0.0,0.0,0.0,0.0,0.0
6510,Nigeria,Offals,Losses,0.0,0.0,0.0,0.0,0.0,0.0,0.0,0.0,0.0,0.0,0.0,0.0,0.0,0.0,7.0,7.0,7.0,0.0
6511,Nigeria,Offals,Seed,0.0,0.0,0.0,0.0,0.0,0.0,0.0,0.0,0.0,0.0,0.0,0.0,0.0,0.0,0.0,0.0,0.0,0.0
6512,Nigeria,Offals,Feed,0.0,0.0,0.0,0.0,0.0,0.0,0.0,0.0,0.0,0.0,0.0,0.0,0.0,0.0,0.0,0.0,0.0,0.0
6513,Nigeria,Offals,Domestic supply,116.0,129.0,139.0,130.0,135.0,133.0,126.0,141.0,143.0,145.0,149.0,162.0,164.0,167.0,148.0,151.0,148.0,150.0
6514,Nigeria,Offals,Export,0.0,0.0,0.0,0.0,0.0,0.0,0.0,0.0,0.0,0.0,0.0,0.0,0.0,0.0,0.0,0.0,0.0,0.0
6515,Nigeria,Offals,Stock Variation,0.0,0.0,0.0,0.0,0.0,0.0,0.0,0.0,0.0,0.0,0.0,0.0,0.0,0.0,0.0,0.0,0.0,0.0
6516,Nigeria,Offals,Import,0.0,0.0,0.0,0.0,0.0,0.0,0.0,0.0,0.0,0.0,0.0,0.0,0.0,0.0,0.0,0.0,0.0,0.0
6517,Nigeria,Offals,Production,116.0,129.0,139.0,130.0,135.0,133.0,126.0,141.0,143.0,145.0,149.0,162.0,164.0,167.0,148.0,151.0,148.0,150.0
6518,Nigeria,Miscellaneous,Import,3.0,3.0,4.0,5.0,6.0,7.0,7.0,26.0,14.0,5.0,4.0,6.0,6.0,6.0,121.0,106.0,93.0,120.0
6519,Nigeria,Miscellaneous,Stock Variation,0.0,0.0,0.0,0.0,0.0,0.0,0.0,0.0,0.0,0.0,0.0,0.0,0.0,0.0,0.0,0.0,0.0,0.0
6520,Nigeria,Miscellaneous,Export,0.0,0.0,0.0,0.0,0.0,0.0,0.0,0.0,0.0,0.0,0.0,0.0,0.0,0.0,12.0,8.0,5.0,16.0
6521,Nigeria,Miscellaneous,Domestic supply,3.0,3.0,4.0,4.0,6.0,7.0,7.0,26.0,14.0,5.0,4.0,6.0,6.0,6.0,109.0,98.0,89.0,104.0
6522,Nigeria,Spices,Seed,0.0,0.0,0.0,0.0,0.0,0.0,0.0,0.0,0.0,0.0,0.0,0.0,0.0,0.0,0.0,0.0,0.0,0.0
6523,Nigeria,Spices,Feed,0.0,0.0,0.0,0.0,0.0,0.0,0.0,0.0,0.0,0.0,0.0,0.0,0.0,0.0,0.0,0.0,0.0,0.0
6524,Nigeria,Cereals - Excluding Beer,Production,20272.0,19174.0,20398.0,21698.0,23211.0,24843.0,27518.0,26110.0,28817.0,20087.0,23167.0,20645.0,24724.0,25405.0,24517.0,25451.0,32146.0,28873.0
6525,Nigeria,Spices,Domestic supply,160.0,173.0,175.0,184.0,192.0,169.0,182.0,212.0,226.0,227.0,224.0,223.0,223.0,225.0,221.0,340.0,412.0,415.0
6526,Nigeria,Spices,Export,4.0,3.0,2.0,3.0,5.0,10.0,8.0,8.0,7.0,5.0,6.0,8.0,8.0,8.0,21.0,21.0,19.0,11.0
6527,Nigeria,Spices,Stock Variation,0.0,0.0,0.0,0.0,0.0,0.0,0.0,0.0,0.0,0.0,0.0,0.0,0.0,0.0,0.0,2.0,4.0,5.0
6528,Nigeria,Spices,Import,1.0,1.0,1.0,2.0,2.0,2.0,3.0,3.0,3.0,4.0,6.0,6.0,6.0,6.0,7.0,7.0,5.0,6.0
6529,Nigeria,Alcoholic Beverages,Human Consumption,8610.0,8590.0,8946.0,9277.0,9492.0,9604.0,9673.0,9926.0,10105.0,10214.0,10349.0,10574.0,11007.0,11218.0,9306.0,9535.0,9513.0,9628.0
6530,Nigeria,Alcoholic Beverages,Other uses (non-food),11.0,15.0,37.0,43.0,87.0,99.0,75.0,210.0,60.0,119.0,110.0,157.0,157.0,157.0,152.0,136.0,167.0,68.0
6531,Nigeria,Alcoholic Beverages,Processing,0.0,0.0,0.0,0.0,0.0,0.0,0.0,0.0,0.0,0.0,0.0,0.0,0.0,0.0,0.0,0.0,0.0,0.0
6532,Nigeria,Alcoholic Beverages,Losses,785.0,784.0,795.0,827.0,851.0,866.0,876.0,876.0,876.0,882.0,881.0,883.0,883.0,880.0,13.0,15.0,16.0,16.0
6533,Nigeria,Animal fats,Human Consumption,39.0,42.0,45.0,43.0,45.0,47.0,46.0,68.0,55.0,55.0,70.0,76.0,77.0,78.0,58.0,54.0,53.0,37.0
6534,Nigeria,Alcoholic Beverages,Seed,0.0,0.0,0.0,0.0,0.0,0.0,0.0,0.0,0.0,0.0,0.0,0.0,0.0,0.0,0.0,0.0,0.0,0.0
6535,Nigeria,Alcoholic Beverages,Domestic supply,9406.0,9389.0,9778.0,10147.0,10431.0,10568.0,10624.0,11011.0,11041.0,11215.0,11339.0,11613.0,12046.0,12255.0,9472.0,9686.0,9696.0,9711.0
6536,Nigeria,Alcoholic Beverages,Export,1.0,1.0,1.0,2.0,1.0,2.0,2.0,3.0,3.0,2.0,3.0,2.0,2.0,2.0,6.0,5.0,4.0,7.0
6537,Nigeria,Alcoholic Beverages,Stock Variation,0.0,0.0,0.0,0.0,0.0,0.0,0.0,0.0,0.0,0.0,0.0,0.0,0.0,0.0,-5896.0,-6054.0,-6109.0,-6225.0
6538,Nigeria,Alcoholic Beverages,Import,20.0,36.0,45.0,76.0,95.0,108.0,88.0,232.0,94.0,140.0,152.0,200.0,200.0,201.0,225.0,190.0,205.0,108.0
6539,Nigeria,Alcoholic Beverages,Production,9387.0,9354.0,9734.0,10073.0,10336.0,10463.0,10538.0,10782.0,10950.0,11078.0,11191.0,11415.0,11848.0,12056.0,3356.0,3447.0,3386.0,3386.0
6540,Nigeria,Miscellaneous,Human Consumption,3.0,3.0,4.0,4.0,6.0,7.0,7.0,26.0,14.0,5.0,4.0,6.0,6.0,6.0,109.0,98.0,89.0,104.0
6541,Nigeria,Miscellaneous,Other uses (non-food),0.0,0.0,0.0,0.0,0.0,0.0,0.0,0.0,0.0,0.0,0.0,0.0,0.0,0.0,0.0,0.0,0.0,0.0
6542,Nigeria,Miscellaneous,Processing,0.0,0.0,0.0,0.0,0.0,0.0,0.0,0.0,0.0,0.0,0.0,0.0,0.0,0.0,0.0,0.0,0.0,0.0
6543,Nigeria,Miscellaneous,Losses,0.0,0.0,0.0,0.0,0.0,0.0,0.0,0.0,0.0,0.0,0.0,0.0,0.0,0.0,0.0,0.0,0.0,0.0
6544,Nigeria,Miscellaneous,Seed,0.0,0.0,0.0,0.0,0.0,0.0,0.0,0.0,0.0,0.0,0.0,0.0,0.0,0.0,0.0,0.0,0.0,0.0
6545,Nigeria,Miscellaneous,Feed,0.0,0.0,0.0,0.0,0.0,0.0,0.0,0.0,0.0,0.0,0.0,0.0,0.0,0.0,0.0,0.0,0.0,0.0
6546,Nigeria,Alcoholic Beverages,Feed,0.0,0.0,0.0,0.0,0.0,0.0,0.0,0.0,0.0,0.0,0.0,0.0,0.0,0.0,0.0,0.0,0.0,0.0
6547,Nigeria,Spices,Losses,5.0,6.0,6.0,6.0,7.0,5.0,5.0,5.0,5.0,5.0,6.0,6.0,6.0,6.0,3.0,3.0,4.0,4.0
6548,Nigeria,Animal fats,Other uses (non-food),70.0,84.0,49.0,133.0,95.0,135.0,154.0,323.0,147.0,148.0,127.0,14.0,14.0,14.0,0.0,0.0,0.0,0.0
6549,Nigeria,Animal fats,Losses,0.0,0.0,0.0,0.0,0.0,0.0,0.0,0.0,0.0,0.0,0.0,0.0,0.0,0.0,1.0,1.0,1.0,0.0
6550,Nigeria,Eggs,Production,400.0,440.0,450.0,460.0,476.0,500.0,526.0,553.0,581.0,613.0,623.0,636.0,640.0,650.0,660.0,489.0,505.0,510.0
6551,Nigeria,"Fish, Seafood",Human Consumption,819.0,1210.0,1149.0,1234.0,1410.0,1559.0,2158.0,2511.0,2460.0,2202.0,2421.0,2810.0,2810.0,2810.0,2188.0,2035.0,1706.0,1740.0
6552,Nigeria,"Fish, Seafood",Other uses (non-food),0.0,0.0,0.0,0.0,0.0,0.0,0.0,0.0,0.0,0.0,0.0,0.0,0.0,0.0,0.0,0.0,0.0,0.0
6553,Nigeria,"Fish, Seafood",Feed,13.0,19.0,12.0,21.0,20.0,26.0,438.0,263.0,154.0,494.0,383.0,791.0,791.0,791.0,74.0,85.0,84.0,78.0
6554,Nigeria,"Fish, Seafood",Domestic supply,831.0,1229.0,1161.0,1255.0,1430.0,1586.0,2596.0,2774.0,2615.0,2696.0,2804.0,3601.0,3601.0,3601.0,2262.0,2120.0,1790.0,1818.0
6555,Nigeria,"Fish, Seafood",Export,3.0,4.0,4.0,3.0,5.0,9.0,18.0,21.0,20.0,25.0,24.0,10.0,10.0,10.0,12.0,13.0,7.0,6.0
6556,Nigeria,"Fish, Seafood",Stock Variation,0.0,0.0,0.0,0.0,0.0,0.0,0.0,0.0,0.0,0.0,0.0,0.0,0.0,0.0,0.0,0.0,0.0,0.0
6557,Nigeria,"Fish, Seafood",Import,367.0,756.0,654.0,752.0,926.0,1015.0,1977.0,2180.0,1890.0,1970.0,2010.0,2755.0,2755.0,2755.0,1201.0,1105.0,755.0,611.0
6558,Nigeria,"Fish, Seafood",Production,467.0,477.0,512.0,506.0,509.0,580.0,637.0,616.0,745.0,751.0,818.0,857.0,857.0,857.0,1073.0,1027.0,1041.0,1212.0
6559,Nigeria,"Aquatic Products, Other",Human Consumption,0.0,0.0,0.0,0.0,0.0,0.0,0.0,0.0,0.0,0.0,0.0,0.0,0.0,0.0,0.0,0.0,0.0,0.0
6560,Nigeria,Cereals - Excluding Beer,Import,3098.0,4038.0,3770.0,3947.0,4131.0,5064.0,4367.0,4841.0,4191.0,5151.0,6071.0,6480.0,5052.0,6132.0,7368.0,5743.0,4615.0,5607.0
6561,Nigeria,Eggs,Import,0.0,0.0,0.0,0.0,1.0,0.0,1.0,0.0,0.0,0.0,0.0,0.0,0.0,0.0,1.0,1.0,2.0,2.0
6562,Nigeria,"Aquatic Products, Other",Other uses (non-food),0.0,0.0,0.0,0.0,0.0,0.0,0.0,0.0,0.0,0.0,0.0,0.0,0.0,0.0,0.0,0.0,0.0,0.0
6563,Nigeria,"Aquatic Products, Other",Export,0.0,0.0,0.0,0.0,0.0,0.0,0.0,0.0,0.0,0.0,0.0,0.0,0.0,0.0,0.0,0.0,0.0,0.0
6564,Nigeria,"Aquatic Products, Other",Import,0.0,0.0,0.0,0.0,0.0,0.0,0.0,0.0,0.0,0.0,0.0,0.0,0.0,0.0,0.0,0.0,0.0,0.0
6565,Nigeria,"Aquatic Products, Other",Production,0.0,0.0,0.0,0.0,0.0,0.0,0.0,0.0,0.0,0.0,0.0,0.0,0.0,0.0,0.0,0.0,0.0,0.0
6566,Nigeria,Cereals - Excluding Beer,Human Consumption,17032.0,16685.0,17514.0,17964.0,18585.0,19850.0,19722.0,20732.0,21171.0,22476.0,23117.0,22932.0,22527.0,23843.0,25907.0,24952.0,27358.0,26264.0
6567,Nigeria,Cereals - Excluding Beer,Other uses (non-food),7.0,7.0,16.0,21.0,17.0,23.0,22.0,40.0,16.0,29.0,35.0,36.0,36.0,36.0,67.0,52.0,72.0,97.0
6568,Nigeria,Cereals - Excluding Beer,Processing,334.0,326.0,391.0,394.0,403.0,397.0,393.0,443.0,477.0,496.0,517.0,562.0,592.0,643.0,146.0,166.0,175.0,175.0
6569,Nigeria,Cereals - Excluding Beer,Losses,2379.0,2266.0,2425.0,2544.0,2711.0,2924.0,3160.0,3060.0,3315.0,2948.0,2976.0,2662.0,2424.0,2550.0,1383.0,1436.0,1798.0,1620.0
6570,Nigeria,Cereals - Excluding Beer,Seed,354.0,369.0,377.0,385.0,399.0,420.0,420.0,410.0,304.0,359.0,387.0,397.0,397.0,397.0,361.0,387.0,439.0,469.0
6571,Nigeria,Cereals - Excluding Beer,Feed,3344.0,3292.0,3535.0,3724.0,4245.0,4730.0,5303.0,4611.0,5039.0,4128.0,4101.0,3925.0,3797.0,4064.0,4461.0,4973.0,7920.0,6765.0
6572,Nigeria,Cereals - Excluding Beer,Domestic supply,23450.0,22944.0,24258.0,25032.0,26360.0,28344.0,29020.0,29296.0,30323.0,30437.0,31133.0,30514.0,29773.0,31533.0,32371.0,31964.0,37827.0,35460.0
6573,Nigeria,Cereals - Excluding Beer,Export,29.0,67.0,100.0,16.0,3.0,16.0,16.0,17.0,7.0,2.0,2.0,4.0,3.0,3.0,26.0,26.0,14.0,19.0
6574,Nigeria,"Aquatic Products, Other",Domestic supply,0.0,0.0,0.0,0.0,0.0,0.0,0.0,0.0,0.0,0.0,0.0,0.0,0.0,0.0,0.0,0.0,0.0,0.0
6575,Nigeria,Animal fats,Processing,0.0,0.0,0.0,0.0,0.0,0.0,0.0,0.0,0.0,0.0,0.0,0.0,0.0,0.0,0.0,0.0,0.0,0.0
6576,Nigeria,Eggs,Stock Variation,0.0,0.0,0.0,0.0,0.0,0.0,0.0,0.0,0.0,0.0,0.0,0.0,0.0,0.0,0.0,0.0,0.0,0.0
6577,Nigeria,Eggs,Domestic supply,400.0,440.0,450.0,460.0,477.0,501.0,527.0,553.0,581.0,613.0,624.0,636.0,640.0,650.0,661.0,491.0,506.0,512.0
6578,Nigeria,Animal fats,Seed,0.0,0.0,0.0,0.0,0.0,0.0,0.0,0.0,0.0,0.0,0.0,0.0,0.0,0.0,0.0,0.0,0.0,0.0
6579,Nigeria,Animal fats,Feed,0.0,0.0,0.0,0.0,0.0,1.0,0.0,0.0,0.0,0.0,1.0,0.0,0.0,0.0,0.0,0.0,0.0,16.0
6580,Nigeria,Animal fats,Domestic supply,109.0,126.0,94.0,176.0,140.0,183.0,200.0,391.0,203.0,204.0,197.0,91.0,91.0,92.0,60.0,55.0,53.0,53.0
6581,Nigeria,Animal fats,Export,0.0,0.0,0.0,0.0,0.0,0.0,0.0,0.0,0.0,0.0,0.0,0.0,0.0,0.0,0.0,0.0,0.0,0.0
6582,Nigeria,Animal fats,Stock Variation,0.0,0.0,0.0,0.0,0.0,0.0,0.0,0.0,0.0,0.0,0.0,0.0,0.0,0.0,0.0,0.0,0.0,0.0
6583,Nigeria,Animal fats,Import,74.0,88.0,52.0,137.0,99.0,141.0,159.0,346.0,159.0,158.0,150.0,39.0,39.0,39.0,9.0,5.0,4.0,2.0
6584,Nigeria,Animal fats,Production,36.0,38.0,42.0,39.0,41.0,41.0,41.0,44.0,44.0,46.0,47.0,51.0,52.0,53.0,50.0,50.0,50.0,50.0
6585,Nigeria,Milk - Excluding Butter,Human Consumption,748.0,773.0,814.0,1035.0,1092.0,1034.0,1194.0,1850.0,1058.0,1236.0,1304.0,1368.0,1370.0,1373.0,469.0,423.0,421.0,417.0
6586,Nigeria,Milk - Excluding Butter,Other uses (non-food),1.0,1.0,5.0,10.0,0.0,9.0,0.0,8.0,4.0,4.0,2.0,3.0,3.0,3.0,27.0,18.0,13.0,11.0
6587,Nigeria,Milk - Excluding Butter,Processing,0.0,0.0,0.0,0.0,0.0,0.0,0.0,0.0,0.0,0.0,0.0,0.0,0.0,0.0,0.0,0.0,0.0,0.0
6588,Nigeria,Milk - Excluding Butter,Losses,20.0,20.0,21.0,21.0,21.0,22.0,23.0,24.0,21.0,24.0,25.0,28.0,28.0,29.0,29.0,26.0,26.0,26.0
6589,Nigeria,Eggs,Export,0.0,0.0,0.0,0.0,0.0,0.0,0.0,0.0,0.0,0.0,0.0,0.0,0.0,0.0,0.0,0.0,1.0,0.0
6590,Nigeria,Milk - Excluding Butter,Seed,0.0,0.0,0.0,0.0,0.0,0.0,0.0,0.0,0.0,0.0,0.0,0.0,0.0,0.0,0.0,0.0,0.0,0.0
6591,Nigeria,Milk - Excluding Butter,Domestic supply,842.0,868.0,917.0,1144.0,1193.0,1149.0,1305.0,1971.0,1163.0,1353.0,1426.0,1506.0,1509.0,1513.0,634.0,553.0,550.0,542.0
6592,Nigeria,Milk - Excluding Butter,Export,0.0,6.0,9.0,1.0,0.0,2.0,0.0,0.0,3.0,2.0,3.0,10.0,10.0,10.0,0.0,1.0,0.0,2.0
6593,Nigeria,Milk - Excluding Butter,Stock Variation,0.0,0.0,0.0,0.0,0.0,0.0,0.0,0.0,0.0,0.0,0.0,0.0,0.0,0.0,0.0,0.0,0.0,0.0
6594,Nigeria,Milk - Excluding Butter,Import,453.0,484.0,517.0,736.0,770.0,713.0,843.0,1503.0,746.0,883.0,933.0,953.0,953.0,953.0,49.0,39.0,28.0,18.0
6595,Nigeria,Milk - Excluding Butter,Production,389.0,389.0,408.0,409.0,423.0,439.0,463.0,468.0,420.0,472.0,496.0,563.0,566.0,570.0,585.0,515.0,522.0,526.0
6596,Nigeria,Eggs,Human Consumption,370.0,407.0,416.0,425.0,440.0,463.0,487.0,511.0,536.0,566.0,575.0,587.0,591.0,600.0,618.0,455.0,469.0,476.0
6597,Nigeria,Eggs,Other uses (non-food),0.0,0.0,0.0,0.0,0.0,0.0,0.0,0.0,0.0,0.0,0.0,0.0,0.0,0.0,0.0,0.0,0.0,0.0
6598,Nigeria,Eggs,Processing,0.0,0.0,0.0,0.0,0.0,0.0,0.0,0.0,0.0,0.0,0.0,0.0,0.0,0.0,0.0,0.0,0.0,0.0
6599,Nigeria,Eggs,Losses,20.0,22.0,23.0,23.0,24.0,25.0,26.0,28.0,29.0,31.0,31.0,32.0,32.0,33.0,33.0,24.0,25.0,26.0
6600,Nigeria,Eggs,Seed,10.0,11.0,11.0,12.0,13.0,13.0,14.0,15.0,16.0,16.0,17.0,18.0,17.0,18.0,12.0,13.0,14.0,14.0
6601,Nigeria,Eggs,Feed,0.0,0.0,0.0,0.0,0.0,0.0,0.0,0.0,0.0,0.0,0.0,0.0,0.0,0.0,0.0,0.0,0.0,0.0
6602,Nigeria,Milk - Excluding Butter,Feed,74.0,74.0,78.0,78.0,80.0,83.0,88.0,89.0,80.0,90.0,94.0,107.0,108.0,108.0,112.0,98.0,100.0,100.0
6603,Nigeria,Spices,Processing,0.0,0.0,0.0,0.0,0.0,0.0,0.0,0.0,0.0,0.0,0.0,0.0,0.0,0.0,0.0,0.0,0.0,0.0
6604,Nigeria,Spices,Other uses (non-food),0.0,0.0,0.0,0.0,0.0,0.0,0.0,0.0,0.0,0.0,0.0,0.0,0.0,0.0,0.0,0.0,0.0,0.0
6605,Nigeria,Spices,Human Consumption,155.0,167.0,169.0,178.0,185.0,164.0,177.0,207.0,221.0,221.0,219.0,217.0,216.0,219.0,217.0,336.0,408.0,411.0
6606,Nigeria,Oilcrops,Stock Variation,-9.0,-40.0,-39.0,-38.0,-26.0,-61.0,-29.0,-22.0,37.0,50.0,-55.0,50.0,30.0,-10.0,-374.0,-814.0,-457.0,-1217.0
6607,Nigeria,Oilcrops,Import,22.0,14.0,42.0,52.0,49.0,60.0,52.0,19.0,36.0,35.0,38.0,45.0,51.0,58.0,101.0,135.0,84.0,28.0
6608,Nigeria,Oilcrops,Production,4230.0,4395.0,4648.0,4964.0,5280.0,5764.0,6132.0,5282.0,5369.0,5034.0,5661.0,5169.0,5384.0,5195.0,13440.0,13413.0,13780.0,12736.0
6609,Nigeria,Treenuts,Human Consumption,551.0,563.0,584.0,592.0,620.0,662.0,701.0,747.0,831.0,942.0,993.0,959.0,916.0,850.0,242.0,214.0,201.0,202.0
6610,Nigeria,Treenuts,Other uses (non-food),0.0,0.0,0.0,0.0,0.0,0.0,0.0,0.0,0.0,0.0,0.0,0.0,0.0,0.0,0.0,0.0,0.0,0.0
6611,Nigeria,Treenuts,Processing,0.0,0.0,0.0,0.0,0.0,0.0,0.0,0.0,0.0,0.0,0.0,0.0,0.0,0.0,0.0,0.0,0.0,0.0
6612,Nigeria,Treenuts,Losses,4.0,4.0,4.0,4.0,4.0,4.0,4.0,5.0,6.0,8.0,9.0,7.0,7.0,7.0,15.0,14.0,13.0,13.0
6613,Nigeria,Treenuts,Seed,0.0,0.0,0.0,0.0,0.0,0.0,0.0,0.0,0.0,0.0,0.0,0.0,0.0,0.0,0.0,0.0,0.0,0.0
6614,Nigeria,Treenuts,Feed,0.0,0.0,0.0,0.0,0.0,0.0,0.0,0.0,0.0,0.0,0.0,0.0,0.0,0.0,0.0,0.0,0.0,0.0
6615,Nigeria,Treenuts,Domestic supply,555.0,567.0,588.0,596.0,624.0,666.0,706.0,752.0,837.0,950.0,1002.0,966.0,923.0,857.0,254.0,227.0,212.0,211.0
6616,Nigeria,Treenuts,Export,3.0,9.0,19.0,24.0,24.0,19.0,23.0,20.0,18.0,20.0,7.0,15.0,120.0,234.0,30.0,49.0,42.0,43.0
6617,Nigeria,Oilcrops,Export,199.0,71.0,73.0,61.0,77.0,93.0,122.0,118.0,127.0,135.0,145.0,150.0,140.0,142.0,156.0,190.0,190.0,239.0
6618,Nigeria,Treenuts,Stock Variation,0.0,0.0,0.0,0.0,0.0,0.0,0.0,0.0,0.0,0.0,0.0,0.0,0.0,0.0,0.0,-1.0,0.0,-1.0
6619,Nigeria,Treenuts,Production,554.0,573.0,607.0,616.0,648.0,684.0,727.0,766.0,854.0,969.0,1007.0,980.0,1042.0,1089.0,274.0,266.0,249.0,247.0
6620,Nigeria,Pulses,Human Consumption,1168.0,1206.0,1173.0,1198.0,1234.0,1307.0,1394.0,1484.0,1452.0,1596.0,1643.0,1557.0,1863.0,1992.0,2010.0,1979.0,1684.0,1998.0
6621,Nigeria,Pulses,Other uses (non-food),0.0,0.0,0.0,0.0,0.0,0.0,0.0,0.0,0.0,0.0,0.0,0.0,0.0,0.0,0.0,0.0,0.0,0.0
6622,Nigeria,Pulses,Processing,0.0,0.0,0.0,0.0,0.0,0.0,0.0,0.0,0.0,0.0,0.0,0.0,0.0,0.0,0.0,0.0,0.0,0.0
6623,Nigeria,Pulses,Losses,224.0,226.0,240.0,256.0,274.0,293.0,309.0,305.0,297.0,283.0,342.0,242.0,286.0,301.0,240.0,258.0,339.0,378.0
6624,Nigeria,Pulses,Seed,137.0,140.0,142.0,150.0,157.0,162.0,166.0,158.0,89.0,109.0,120.0,138.0,142.0,121.0,121.0,129.0,167.0,186.0
6625,Nigeria,Pulses,Feed,658.0,690.0,849.0,956.0,1074.0,1169.0,1224.0,908.0,883.0,840.0,1019.0,481.0,569.0,600.0,535.0,510.0,617.0,740.0
6626,Nigeria,Pulses,Domestic supply,2187.0,2263.0,2405.0,2560.0,2739.0,2931.0,3092.0,2856.0,2721.0,2827.0,3125.0,2417.0,2860.0,3014.0,2906.0,2875.0,2807.0,3303.0
6627,Nigeria,Pulses,Export,0.0,0.0,0.0,1.0,0.0,0.0,0.0,0.0,0.0,0.0,1.0,1.0,1.0,1.0,1.0,1.0,9.0,4.0
6628,Nigeria,Pulses,Stock Variation,-50.0,0.0,0.0,0.0,0.0,0.0,0.0,-200.0,-250.0,400.0,-300.0,500.0,0.0,0.0,-697.0,-504.0,302.0,170.0
6629,Nigeria,Pulses,Import,0.0,3.0,0.0,2.0,1.0,2.0,2.0,3.0,1.0,1.0,1.0,1.0,1.0,1.0,5.0,3.0,3.0,1.0
6630,Nigeria,Treenuts,Import,3.0,3.0,1.0,3.0,0.0,0.0,2.0,7.0,2.0,1.0,1.0,1.0,1.0,1.0,9.0,9.0,4.0,7.0
6631,Nigeria,Pulses,Production,2237.0,2260.0,2405.0,2559.0,2738.0,2929.0,3091.0,3053.0,2970.0,2427.0,3424.0,1917.0,2860.0,3014.0,2205.0,2371.0,3115.0,3476.0
6632,Nigeria,Oilcrops,Domestic supply,4045.0,4297.0,4578.0,4917.0,5226.0,5669.0,6033.0,5162.0,5315.0,4985.0,5499.0,5114.0,5326.0,5102.0,13759.0,14172.0,14131.0,13743.0
6633,Nigeria,Oilcrops,Seed,168.0,181.0,188.0,198.0,208.0,215.0,204.0,210.0,222.0,213.0,202.0,208.0,205.0,205.0,263.0,265.0,302.0,252.0
6634,Nigeria,Sugar Crops,Processing,550.0,570.0,570.0,570.0,570.0,600.0,630.0,730.0,388.0,555.0,480.0,480.0,555.0,555.0,414.0,330.0,406.0,420.0
6635,Nigeria,Sugar Crops,Losses,28.0,28.0,30.0,32.0,34.0,37.0,39.0,60.0,56.0,56.0,56.0,899.0,834.0,829.0,830.0,851.0,873.0,879.0
6636,Nigeria,Sugar Crops,Seed,14.0,14.0,15.0,16.0,17.0,18.0,20.0,30.0,28.0,28.0,28.0,29.0,29.0,29.0,28.0,29.0,30.0,30.0
6637,Nigeria,Sugar Crops,Feed,0.0,0.0,0.0,0.0,0.0,0.0,0.0,0.0,0.0,0.0,0.0,0.0,0.0,0.0,0.0,0.0,0.0,0.0
6638,Nigeria,Sugar Crops,Domestic supply,695.0,705.0,750.0,798.0,854.0,914.0,987.0,1506.0,1412.0,1402.0,1400.0,1450.0,1460.0,1455.0,1414.0,1396.0,1484.0,1498.0
6639,Nigeria,Sugar Crops,Export,0.0,0.0,0.0,0.0,0.0,0.0,0.0,0.0,0.0,0.0,0.0,0.0,0.0,0.0,4.0,0.0,3.0,0.0
6640,Nigeria,Sugar Crops,Stock Variation,0.0,0.0,0.0,0.0,0.0,0.0,0.0,0.0,0.0,0.0,0.0,0.0,0.0,0.0,-4.0,53.0,0.0,0.0
6641,Nigeria,Sugar Crops,Import,0.0,0.0,0.0,0.0,0.0,0.0,0.0,0.0,0.0,0.0,0.0,0.0,0.0,0.0,0.0,0.0,0.0,0.0
6642,Nigeria,Sugar Crops,Production,695.0,705.0,750.0,798.0,854.0,914.0,987.0,1506.0,1412.0,1402.0,1400.0,1450.0,1460.0,1455.0,1414.0,1450.0,1487.0,1498.0
6643,Nigeria,Starchy Roots,Human Consumption,29331.0,29371.0,27749.0,27771.0,29555.0,30665.0,34001.0,32930.0,34983.0,34655.0,36687.0,41212.0,41558.0,43640.0,44336.0,45800.0,46568.0,46957.0
6644,Nigeria,Starchy Roots,Other uses (non-food),11115.0,11137.0,11581.0,12563.0,13618.0,15534.0,16237.0,11298.0,13694.0,5111.0,8889.0,10480.0,15035.0,15345.0,14302.0,14439.0,16541.0,16080.0
6645,Nigeria,Oilcrops,Feed,54.0,44.0,47.0,58.0,61.0,59.0,63.0,58.0,59.0,43.0,29.0,57.0,59.0,62.0,659.0,372.0,94.0,32.0
6646,Nigeria,Starchy Roots,Processing,0.0,0.0,0.0,0.0,0.0,0.0,0.0,0.0,0.0,0.0,0.0,0.0,0.0,0.0,0.0,0.0,0.0,0.0
6647,Nigeria,Starchy Roots,Seed,180.0,190.0,200.0,209.0,221.0,226.0,229.0,224.0,213.0,221.0,221.0,223.0,224.0,224.0,221.0,227.0,237.0,245.0
6648,Nigeria,Starchy Roots,Feed,16026.0,16051.0,22538.0,23980.0,25659.0,27455.0,30064.0,27792.0,29171.0,24132.0,27984.0,33470.0,32842.0,30398.0,35241.0,32618.0,34197.0,34343.0
6649,Nigeria,Starchy Roots,Domestic supply,65165.0,65283.0,70949.0,73893.0,79079.0,84608.0,92212.0,82632.0,89399.0,73252.0,84064.0,97188.0,102024.0,102063.0,103892.0,103043.0,107938.0,107941.0
6650,Nigeria,Starchy Roots,Export,0.0,0.0,12.0,13.0,2.0,8.0,4.0,9.0,14.0,1.0,2.0,18.0,2.0,12.0,13.0,8.0,16.0,9.0
6651,Nigeria,Starchy Roots,Stock Variation,0.0,0.0,1500.0,0.0,0.0,0.0,0.0,0.0,0.0,0.0,0.0,0.0,0.0,0.0,5791.0,8612.0,9422.0,8048.0
6652,Nigeria,Starchy Roots,Import,1.0,2.0,1.0,1.0,1.0,2.0,2.0,5.0,4.0,6.0,13.0,22.0,26.0,26.0,17.0,15.0,18.0,21.0
6653,Nigeria,Starchy Roots,Production,65164.0,65282.0,69459.0,73905.0,79079.0,84614.0,92214.0,82636.0,89409.0,73248.0,84052.0,97185.0,102000.0,102050.0,109679.0,111648.0,117358.0,115978.0
6654,Nigeria,Oilcrops,Human Consumption,817.0,854.0,892.0,936.0,1007.0,1104.0,1238.0,1116.0,1171.0,1066.0,1029.0,1171.0,1203.0,1217.0,1266.0,1285.0,1454.0,1146.0
6655,Nigeria,Oilcrops,Other uses (non-food),607.0,478.0,560.0,637.0,658.0,642.0,730.0,174.0,216.0,190.0,674.0,217.0,246.0,128.0,217.0,245.0,183.0,161.0
6656,Nigeria,Oilcrops,Processing,2133.0,2484.0,2618.0,2796.0,2983.0,3314.0,3433.0,3293.0,3329.0,3183.0,3224.0,3139.0,3282.0,3164.0,10932.0,11580.0,11638.0,11738.0
6657,Nigeria,Oilcrops,Losses,266.0,257.0,273.0,291.0,310.0,335.0,366.0,311.0,318.0,290.0,341.0,323.0,330.0,326.0,422.0,426.0,460.0,413.0
6658,Nigeria,Starchy Roots,Losses,8514.0,8533.0,8881.0,9370.0,10026.0,10728.0,11681.0,10388.0,11338.0,9133.0,10283.0,11803.0,12365.0,12455.0,9792.0,9959.0,10395.0,10315.0
6659,Nigeria,Sugar & Sweeteners,Human Consumption,988.0,1345.0,1377.0,1377.0,1428.0,1400.0,1338.0,1403.0,1481.0,1580.0,1657.0,1555.0,1759.0,1866.0,1686.0,1655.0,1797.0,1564.0
6660,Nigeria,Sugar & Sweeteners,Other uses (non-food),0.0,0.0,0.0,0.0,0.0,0.0,0.0,0.0,0.0,0.0,0.0,0.0,0.0,0.0,0.0,0.0,0.0,0.0
6661,Nigeria,Sugar & Sweeteners,Processing,0.0,0.0,0.0,0.0,0.0,0.0,0.0,0.0,0.0,0.0,0.0,0.0,0.0,0.0,0.0,0.0,0.0,0.0
6662,Nigeria,Vegetables,Production,8662.0,8772.0,8674.0,9184.0,10661.0,11116.0,11665.0,10852.0,11802.0,10399.0,11830.0,11440.0,11941.0,11924.0,15738.0,16123.0,16196.0,16381.0
6663,Nigeria,Fruits - Excluding Wine,Human Consumption,8316.0,8480.0,8840.0,9431.0,10049.0,9576.0,8773.0,9034.0,8824.0,9324.0,9743.0,9776.0,10019.0,9886.0,10084.0,10383.0,10487.0,10644.0
6664,Nigeria,Fruits - Excluding Wine,Other uses (non-food),0.0,0.0,0.0,0.0,0.0,0.0,0.0,0.0,0.0,0.0,0.0,0.0,0.0,0.0,0.0,0.0,0.0,0.0
6665,Nigeria,Fruits - Excluding Wine,Processing,0.0,0.0,0.0,0.0,0.0,0.0,0.0,0.0,0.0,0.0,0.0,0.0,0.0,0.0,0.0,0.0,0.0,0.0
6666,Nigeria,Fruits - Excluding Wine,Losses,976.0,991.0,1037.0,1103.0,1180.0,1089.0,914.0,901.0,920.0,1010.0,1059.0,1063.0,1086.0,1066.0,1250.0,1285.0,1303.0,1323.0
6667,Nigeria,Cereals - Excluding Beer,Stock Variation,109.0,-200.0,190.0,-598.0,-978.0,-1546.0,-2849.0,-1637.0,-2678.0,5201.0,1898.0,3393.0,0.0,0.0,-512.0,-796.0,-1081.0,-999.0
6668,Nigeria,Fruits - Excluding Wine,Seed,0.0,0.0,0.0,0.0,0.0,0.0,0.0,0.0,0.0,0.0,0.0,0.0,0.0,0.0,0.0,0.0,0.0,0.0
6669,Nigeria,Fruits - Excluding Wine,Feed,0.0,0.0,0.0,0.0,0.0,0.0,0.0,0.0,0.0,0.0,0.0,0.0,0.0,0.0,0.0,0.0,0.0,0.0
6670,Nigeria,Fruits - Excluding Wine,Domestic supply,9292.0,9472.0,9877.0,10535.0,11229.0,10665.0,9686.0,9935.0,9744.0,10334.0,10802.0,10839.0,11104.0,10952.0,11333.0,11668.0,11780.0,11951.0
6671,Nigeria,Fruits - Excluding Wine,Export,0.0,0.0,0.0,0.0,0.0,1.0,0.0,0.0,0.0,0.0,0.0,1.0,1.0,1.0,3.0,4.0,21.0,18.0
6672,Nigeria,Fruits - Excluding Wine,Stock Variation,0.0,0.0,0.0,-1.0,0.0,1.0,0.0,0.0,0.0,0.0,0.0,0.0,0.0,0.0,0.0,0.0,0.0,0.0
6673,Nigeria,Vegetables,Import,58.0,123.0,110.0,168.0,177.0,88.0,163.0,466.0,170.0,312.0,296.0,424.0,424.0,424.0,485.0,263.0,208.0,233.0
6674,Nigeria,Fruits - Excluding Wine,Import,9.0,47.0,27.0,55.0,17.0,20.0,16.0,137.0,67.0,35.0,40.0,50.0,50.0,50.0,86.0,105.0,77.0,60.0
6675,Nigeria,Stimulants,Human Consumption,23.0,26.0,36.0,30.0,21.0,22.0,29.0,43.0,20.0,21.0,23.0,22.0,20.0,24.0,9.0,10.0,15.0,15.0
6676,Nigeria,Stimulants,Other uses (non-food),177.0,143.0,164.0,140.0,138.0,151.0,268.0,156.0,112.0,89.0,144.0,87.0,81.0,78.0,74.0,137.0,31.0,9.0
6677,Nigeria,Stimulants,Processing,0.0,0.0,0.0,0.0,0.0,0.0,0.0,0.0,0.0,0.0,0.0,0.0,0.0,0.0,49.0,72.0,24.0,9.0
6678,Nigeria,Stimulants,Losses,0.0,0.0,0.0,0.0,0.0,0.0,0.0,0.0,0.0,0.0,0.0,0.0,0.0,0.0,18.0,16.0,16.0,18.0
6679,Nigeria,Stimulants,Seed,0.0,0.0,0.0,0.0,0.0,0.0,0.0,0.0,0.0,0.0,0.0,0.0,0.0,0.0,0.0,0.0,0.0,0.0
6680,Nigeria,Stimulants,Feed,0.0,0.0,0.0,0.0,0.0,0.0,0.0,0.0,0.0,0.0,0.0,0.0,0.0,0.0,0.0,0.0,0.0,0.0
6681,Nigeria,Stimulants,Domestic supply,200.0,169.0,200.0,170.0,160.0,173.0,296.0,199.0,131.0,110.0,167.0,109.0,101.0,102.0,150.0,236.0,86.0,51.0
6682,Nigeria,Stimulants,Export,153.0,183.0,188.0,236.0,263.0,279.0,201.0,191.0,248.0,265.0,247.0,293.0,293.0,293.0,190.0,78.0,228.0,295.0
6683,Nigeria,Stimulants,Stock Variation,0.0,0.0,0.0,0.0,-1.0,-2.0,-1.0,1.0,0.0,1.0,1.0,1.0,0.0,0.0,0.0,0.0,0.0,0.0
6684,Nigeria,Stimulants,Import,11.0,8.0,22.0,17.0,7.0,7.0,8.0,26.0,9.0,8.0,11.0,8.0,8.0,8.0,8.0,10.0,15.0,15.0
6685,Nigeria,Stimulants,Production,342.0,344.0,366.0,389.0,417.0,446.0,490.0,363.0,370.0,366.0,402.0,394.0,386.0,387.0,332.0,304.0,300.0,330.0
6686,Nigeria,Fruits - Excluding Wine,Production,9283.0,9425.0,9850.0,10480.0,11212.0,10645.0,9671.0,9799.0,9677.0,10299.0,10763.0,10790.0,11055.0,10903.0,11250.0,11566.0,11724.0,11908.0
6687,Nigeria,Vegetables,Stock Variation,0.0,0.0,0.0,0.0,0.0,0.0,0.0,0.0,0.0,0.0,0.0,0.0,0.0,0.0,0.0,0.0,0.0,0.0
6688,Nigeria,Vegetables,Export,0.0,0.0,0.0,0.0,0.0,1.0,1.0,1.0,1.0,1.0,0.0,1.0,1.0,1.0,2.0,2.0,3.0,2.0
6689,Nigeria,Vegetables,Domestic supply,8721.0,8895.0,8783.0,9352.0,10837.0,11203.0,11827.0,11317.0,11972.0,10710.0,12126.0,11863.0,12364.0,12347.0,16220.0,16384.0,16400.0,16612.0
6690,Nigeria,Sugar & Sweeteners,Losses,0.0,0.0,0.0,0.0,0.0,0.0,0.0,0.0,0.0,0.0,0.0,0.0,0.0,0.0,0.0,0.0,0.0,0.0
6691,Nigeria,Sugar & Sweeteners,Seed,0.0,0.0,0.0,0.0,0.0,0.0,0.0,0.0,0.0,0.0,0.0,0.0,0.0,0.0,0.0,0.0,0.0,0.0
6692,Nigeria,Sugar & Sweeteners,Feed,0.0,0.0,0.0,0.0,0.0,0.0,0.0,0.0,0.0,0.0,0.0,0.0,0.0,0.0,0.0,0.0,0.0,0.0
6693,Nigeria,Sugar & Sweeteners,Domestic supply,988.0,1345.0,1377.0,1377.0,1428.0,1400.0,1338.0,1403.0,1481.0,1580.0,1657.0,1555.0,1759.0,1866.0,1690.0,1655.0,1798.0,1564.0
6694,Nigeria,Sugar & Sweeteners,Export,1.0,11.0,10.0,2.0,2.0,2.0,2.0,1.0,4.0,0.0,1.0,2.0,2.0,1.0,12.0,5.0,22.0,21.0
6695,Nigeria,Sugar & Sweeteners,Stock Variation,179.0,-1.0,-184.0,185.0,0.0,1.0,0.0,1.0,-272.0,245.0,87.0,-65.0,-815.0,-989.0,153.0,-126.0,-25.0,-35.0
6696,Nigeria,Sugar & Sweeteners,Import,758.0,1303.0,1517.0,1141.0,1376.0,1346.0,1284.0,1334.0,1721.0,1284.0,1527.0,1577.0,2524.0,2805.0,1817.0,1505.0,1758.0,1511.0
6697,Nigeria,Sugar & Sweeteners,Production,51.0,54.0,54.0,54.0,54.0,55.0,56.0,69.0,35.0,52.0,44.0,44.0,52.0,52.0,38.0,29.0,37.0,39.0
6698,Nigeria,Vegetable Oils,Human Consumption,1589.0,1758.0,1820.0,1902.0,1970.0,2097.0,2154.0,2124.0,2151.0,1790.0,1850.0,1908.0,1965.0,1976.0,1894.0,1989.0,1996.0,2061.0
6699,Nigeria,Vegetable Oils,Other uses (non-food),247.0,316.0,419.0,458.0,601.0,715.0,926.0,1141.0,1235.0,1164.0,856.0,896.0,898.0,957.0,395.0,361.0,345.0,335.0
6700,Nigeria,Vegetable Oils,Processing,0.0,0.0,0.0,0.0,0.0,0.0,0.0,0.0,0.0,0.0,0.0,0.0,0.0,0.0,0.0,0.0,0.0,0.0
6701,Nigeria,Vegetable Oils,Losses,30.0,32.0,35.0,36.0,41.0,44.0,51.0,57.0,61.0,59.0,53.0,54.0,54.0,58.0,77.0,71.0,63.0,74.0
6702,Nigeria,Vegetable Oils,Seed,0.0,0.0,0.0,0.0,0.0,0.0,0.0,0.0,0.0,0.0,0.0,0.0,0.0,0.0,0.0,0.0,0.0,0.0
6703,Nigeria,Vegetable Oils,Feed,0.0,0.0,0.0,0.0,0.0,0.0,0.0,0.0,0.0,0.0,0.0,0.0,0.0,0.0,0.0,0.0,0.0,0.0
6704,Nigeria,Vegetable Oils,Domestic supply,1866.0,2106.0,2274.0,2396.0,2611.0,2857.0,3130.0,3322.0,3447.0,3013.0,2759.0,2857.0,2918.0,2991.0,2365.0,2421.0,2404.0,2470.0
6705,Nigeria,Vegetable Oils,Export,10.0,15.0,16.0,23.0,17.0,23.0,20.0,33.0,42.0,27.0,29.0,34.0,32.0,33.0,73.0,34.0,26.0,28.0
6706,Nigeria,Vegetable Oils,Stock Variation,-7.0,-1.0,3.0,4.0,2.0,2.0,2.0,0.0,0.0,0.0,-30.0,30.0,0.0,0.0,781.0,637.0,392.0,695.0
6707,Nigeria,Vegetable Oils,Import,114.0,181.0,228.0,220.0,281.0,327.0,427.0,656.0,748.0,791.0,863.0,937.0,954.0,1042.0,1656.0,1422.0,1162.0,1469.0
6708,Nigeria,Vegetable Oils,Production,1770.0,1942.0,2059.0,2195.0,2346.0,2551.0,2722.0,2699.0,2741.0,2248.0,1955.0,1924.0,1996.0,1982.0,1562.0,1670.0,1660.0,1725.0
6709,Nigeria,Vegetables,Human Consumption,7745.0,7909.0,7783.0,8293.0,9646.0,9949.0,10498.0,10161.0,10666.0,9587.0,10818.0,10597.0,11050.0,11034.0,14735.0,14695.0,14861.0,15059.0
6710,Nigeria,Vegetables,Other uses (non-food),0.0,0.0,0.0,0.0,0.0,0.0,0.0,0.0,0.0,0.0,0.0,0.0,0.0,0.0,0.0,0.0,0.0,0.0
6711,Nigeria,Vegetables,Processing,0.0,0.0,0.0,0.0,0.0,0.0,0.0,0.0,0.0,0.0,0.0,0.0,0.0,0.0,0.0,0.0,0.0,0.0
6712,Nigeria,Vegetables,Losses,976.0,985.0,1001.0,1059.0,1191.0,1254.0,1330.0,1156.0,1306.0,1124.0,1307.0,1266.0,1313.0,1313.0,1486.0,1689.0,1540.0,1554.0
6713,Nigeria,Vegetables,Seed,0.0,0.0,0.0,0.0,0.0,0.0,0.0,0.0,0.0,0.0,0.0,0.0,0.0,0.0,0.0,0.0,0.0,0.0
6714,Nigeria,Vegetables,Feed,0.0,0.0,0.0,0.0,0.0,0.0,0.0,0.0,0.0,0.0,0.0,0.0,0.0,0.0,0.0,0.0,0.0,0.0
6715,Nigeria,Sugar Crops,Other uses (non-food),53.0,53.0,95.0,140.0,193.0,219.0,256.0,644.0,897.0,721.0,794.0,0.0,0.0,0.0,141.0,187.0,175.0,168.0
6716,Nigeria,Spices,Production,164.0,174.0,176.0,184.0,196.0,178.0,188.0,216.0,230.0,228.0,225.0,225.0,224.0,226.0,235.0,356.0,429.0,425.0
6717,Nigeria,Alcoholic Beverages,Import,20.0,36.0,45.0,76.0,95.0,108.0,88.0,232.0,94.0,140.0,152.0,200.0,200.0,201.0,225.0,190.0,205.0,108.0
6718,Nigeria,Alcoholic Beverages,Processing,0.0,0.0,0.0,0.0,0.0,0.0,0.0,0.0,0.0,0.0,0.0,0.0,0.0,0.0,0.0,0.0,0.0,0.0
6719,Nigeria,Pulses,Seed,137.0,140.0,142.0,150.0,157.0,162.0,166.0,158.0,89.0,109.0,120.0,138.0,142.0,121.0,121.0,129.0,167.0,186.0
6720,Nigeria,Pulses,Feed,658.0,690.0,849.0,956.0,1074.0,1169.0,1224.0,908.0,883.0,840.0,1019.0,481.0,569.0,600.0,535.0,510.0,617.0,740.0
6721,Nigeria,Pulses,Domestic supply,2187.0,2263.0,2405.0,2560.0,2739.0,2931.0,3092.0,2856.0,2721.0,2827.0,3125.0,2417.0,2860.0,3014.0,2906.0,2875.0,2807.0,3303.0
6722,Nigeria,Pulses,Export,0.0,0.0,0.0,1.0,0.0,0.0,0.0,0.0,0.0,0.0,1.0,1.0,1.0,1.0,1.0,1.0,9.0,4.0
6723,Nigeria,Pulses,Stock Variation,-50.0,0.0,0.0,0.0,0.0,0.0,0.0,-200.0,-250.0,400.0,-300.0,500.0,0.0,0.0,-697.0,-504.0,302.0,170.0
6724,Nigeria,Pulses,Import,0.0,3.0,0.0,2.0,1.0,2.0,2.0,3.0,1.0,1.0,1.0,1.0,1.0,1.0,5.0,3.0,3.0,1.0
6725,Nigeria,Pulses,Production,2237.0,2260.0,2405.0,2559.0,2738.0,2929.0,3091.0,3053.0,2970.0,2427.0,3424.0,1917.0,2860.0,3014.0,2205.0,2371.0,3115.0,3476.0
6726,Nigeria,Sugar & Sweeteners,Human Consumption,988.0,1345.0,1377.0,1377.0,1428.0,1400.0,1338.0,1403.0,1481.0,1580.0,1657.0,1555.0,1759.0,1866.0,1686.0,1655.0,1797.0,1564.0
6727,Nigeria,Sugar & Sweeteners,Other uses (non-food),0.0,0.0,0.0,0.0,0.0,0.0,0.0,0.0,0.0,0.0,0.0,0.0,0.0,0.0,0.0,0.0,0.0,0.0
6728,Nigeria,Sugar & Sweeteners,Processing,0.0,0.0,0.0,0.0,0.0,0.0,0.0,0.0,0.0,0.0,0.0,0.0,0.0,0.0,0.0,0.0,0.0,0.0
6729,Nigeria,Sugar & Sweeteners,Losses,0.0,0.0,0.0,0.0,0.0,0.0,0.0,0.0,0.0,0.0,0.0,0.0,0.0,0.0,0.0,0.0,0.0,0.0
6730,Nigeria,Pulses,Losses,224.0,226.0,240.0,256.0,274.0,293.0,309.0,305.0,297.0,283.0,342.0,242.0,286.0,301.0,240.0,258.0,339.0,378.0
6731,Nigeria,Sugar & Sweeteners,Seed,0.0,0.0,0.0,0.0,0.0,0.0,0.0,0.0,0.0,0.0,0.0,0.0,0.0,0.0,0.0,0.0,0.0,0.0
6732,Nigeria,Sugar & Sweeteners,Export,1.0,11.0,10.0,2.0,2.0,2.0,2.0,1.0,4.0,0.0,1.0,2.0,2.0,1.0,12.0,5.0,22.0,21.0
6733,Nigeria,Sugar & Sweeteners,Stock Variation,179.0,-1.0,-184.0,185.0,0.0,1.0,0.0,1.0,-272.0,245.0,87.0,-65.0,-815.0,-989.0,153.0,-126.0,-25.0,-35.0
6734,Nigeria,Sugar & Sweeteners,Import,758.0,1303.0,1517.0,1141.0,1376.0,1346.0,1284.0,1334.0,1721.0,1284.0,1527.0,1577.0,2524.0,2805.0,1817.0,1505.0,1758.0,1511.0
6735,Nigeria,Sugar & Sweeteners,Production,51.0,54.0,54.0,54.0,54.0,55.0,56.0,69.0,35.0,52.0,44.0,44.0,52.0,52.0,38.0,29.0,37.0,39.0
6736,Nigeria,Vegetable Oils,Human Consumption,1589.0,1758.0,1820.0,1902.0,1970.0,2097.0,2154.0,2124.0,2151.0,1790.0,1850.0,1908.0,1965.0,1976.0,1894.0,1989.0,1996.0,2061.0
6737,Nigeria,Vegetable Oils,Other uses (non-food),247.0,316.0,419.0,458.0,601.0,715.0,926.0,1141.0,1235.0,1164.0,856.0,896.0,898.0,957.0,395.0,361.0,345.0,335.0
6738,Nigeria,Vegetable Oils,Processing,0.0,0.0,0.0,0.0,0.0,0.0,0.0,0.0,0.0,0.0,0.0,0.0,0.0,0.0,0.0,0.0,0.0,0.0
6739,Nigeria,Vegetable Oils,Losses,30.0,32.0,35.0,36.0,41.0,44.0,51.0,57.0,61.0,59.0,53.0,54.0,54.0,58.0,77.0,71.0,63.0,74.0
6740,Nigeria,Vegetable Oils,Seed,0.0,0.0,0.0,0.0,0.0,0.0,0.0,0.0,0.0,0.0,0.0,0.0,0.0,0.0,0.0,0.0,0.0,0.0
6741,Nigeria,Vegetable Oils,Feed,0.0,0.0,0.0,0.0,0.0,0.0,0.0,0.0,0.0,0.0,0.0,0.0,0.0,0.0,0.0,0.0,0.0,0.0
6742,Nigeria,Vegetable Oils,Domestic supply,1866.0,2106.0,2274.0,2396.0,2611.0,2857.0,3130.0,3322.0,3447.0,3013.0,2759.0,2857.0,2918.0,2991.0,2365.0,2421.0,2404.0,2470.0
6743,Nigeria,Sugar & Sweeteners,Domestic supply,988.0,1345.0,1377.0,1377.0,1428.0,1400.0,1338.0,1403.0,1481.0,1580.0,1657.0,1555.0,1759.0,1866.0,1690.0,1655.0,1798.0,1564.0
6744,Nigeria,Vegetable Oils,Export,10.0,15.0,16.0,23.0,17.0,23.0,20.0,33.0,42.0,27.0,29.0,34.0,32.0,33.0,73.0,34.0,26.0,28.0
6745,Nigeria,Pulses,Processing,0.0,0.0,0.0,0.0,0.0,0.0,0.0,0.0,0.0,0.0,0.0,0.0,0.0,0.0,0.0,0.0,0.0,0.0
6746,Nigeria,Pulses,Human Consumption,1168.0,1206.0,1173.0,1198.0,1234.0,1307.0,1394.0,1484.0,1452.0,1596.0,1643.0,1557.0,1863.0,1992.0,2010.0,1979.0,1684.0,1998.0
6747,Nigeria,Starchy Roots,Import,1.0,2.0,1.0,1.0,1.0,2.0,2.0,5.0,4.0,6.0,13.0,22.0,26.0,26.0,17.0,15.0,18.0,21.0
6748,Nigeria,Starchy Roots,Production,65164.0,65282.0,69459.0,73905.0,79079.0,84614.0,92214.0,82636.0,89409.0,73248.0,84052.0,97185.0,102000.0,102050.0,109679.0,111648.0,117358.0,115978.0
6749,Nigeria,Oilcrops,Human Consumption,817.0,854.0,892.0,936.0,1007.0,1104.0,1238.0,1116.0,1171.0,1066.0,1029.0,1171.0,1203.0,1217.0,1266.0,1285.0,1454.0,1146.0
6750,Nigeria,Oilcrops,Other uses (non-food),607.0,478.0,560.0,637.0,658.0,642.0,730.0,174.0,216.0,190.0,674.0,217.0,246.0,128.0,217.0,245.0,183.0,161.0
6751,Nigeria,Oilcrops,Processing,2133.0,2484.0,2618.0,2796.0,2983.0,3314.0,3433.0,3293.0,3329.0,3183.0,3224.0,3139.0,3282.0,3164.0,10932.0,11580.0,11638.0,11738.0
6752,Nigeria,Oilcrops,Losses,266.0,257.0,273.0,291.0,310.0,335.0,366.0,311.0,318.0,290.0,341.0,323.0,330.0,326.0,422.0,426.0,460.0,413.0
6753,Nigeria,Oilcrops,Seed,168.0,181.0,188.0,198.0,208.0,215.0,204.0,210.0,222.0,213.0,202.0,208.0,205.0,205.0,263.0,265.0,302.0,252.0
6754,Nigeria,Oilcrops,Feed,54.0,44.0,47.0,58.0,61.0,59.0,63.0,58.0,59.0,43.0,29.0,57.0,59.0,62.0,659.0,372.0,94.0,32.0
6755,Nigeria,Oilcrops,Domestic supply,4045.0,4297.0,4578.0,4917.0,5226.0,5669.0,6033.0,5162.0,5315.0,4985.0,5499.0,5114.0,5326.0,5102.0,13759.0,14172.0,14131.0,13743.0
6756,Nigeria,Oilcrops,Export,199.0,71.0,73.0,61.0,77.0,93.0,122.0,118.0,127.0,135.0,145.0,150.0,140.0,142.0,156.0,190.0,190.0,239.0
6757,Nigeria,Oilcrops,Stock Variation,-9.0,-40.0,-39.0,-38.0,-26.0,-61.0,-29.0,-22.0,37.0,50.0,-55.0,50.0,30.0,-10.0,-374.0,-814.0,-457.0,-1217.0
6758,Nigeria,Pulses,Other uses (non-food),0.0,0.0,0.0,0.0,0.0,0.0,0.0,0.0,0.0,0.0,0.0,0.0,0.0,0.0,0.0,0.0,0.0,0.0
6759,Nigeria,Oilcrops,Import,22.0,14.0,42.0,52.0,49.0,60.0,52.0,19.0,36.0,35.0,38.0,45.0,51.0,58.0,101.0,135.0,84.0,28.0
6760,Nigeria,Treenuts,Human Consumption,551.0,563.0,584.0,592.0,620.0,662.0,701.0,747.0,831.0,942.0,993.0,959.0,916.0,850.0,242.0,214.0,201.0,202.0
6761,Nigeria,Treenuts,Other uses (non-food),0.0,0.0,0.0,0.0,0.0,0.0,0.0,0.0,0.0,0.0,0.0,0.0,0.0,0.0,0.0,0.0,0.0,0.0
6762,Nigeria,Treenuts,Processing,0.0,0.0,0.0,0.0,0.0,0.0,0.0,0.0,0.0,0.0,0.0,0.0,0.0,0.0,0.0,0.0,0.0,0.0
6763,Nigeria,Treenuts,Losses,4.0,4.0,4.0,4.0,4.0,4.0,4.0,5.0,6.0,8.0,9.0,7.0,7.0,7.0,15.0,14.0,13.0,13.0
6764,Nigeria,Treenuts,Seed,0.0,0.0,0.0,0.0,0.0,0.0,0.0,0.0,0.0,0.0,0.0,0.0,0.0,0.0,0.0,0.0,0.0,0.0
6765,Nigeria,Treenuts,Feed,0.0,0.0,0.0,0.0,0.0,0.0,0.0,0.0,0.0,0.0,0.0,0.0,0.0,0.0,0.0,0.0,0.0,0.0
6766,Nigeria,Treenuts,Domestic supply,555.0,567.0,588.0,596.0,624.0,666.0,706.0,752.0,837.0,950.0,1002.0,966.0,923.0,857.0,254.0,227.0,212.0,211.0
6767,Nigeria,Treenuts,Export,3.0,9.0,19.0,24.0,24.0,19.0,23.0,20.0,18.0,20.0,7.0,15.0,120.0,234.0,30.0,49.0,42.0,43.0
6768,Nigeria,Treenuts,Stock Variation,0.0,0.0,0.0,0.0,0.0,0.0,0.0,0.0,0.0,0.0,0.0,0.0,0.0,0.0,0.0,-1.0,0.0,-1.0
6769,Nigeria,Treenuts,Import,3.0,3.0,1.0,3.0,0.0,0.0,2.0,7.0,2.0,1.0,1.0,1.0,1.0,1.0,9.0,9.0,4.0,7.0
6770,Nigeria,Treenuts,Production,554.0,573.0,607.0,616.0,648.0,684.0,727.0,766.0,854.0,969.0,1007.0,980.0,1042.0,1089.0,274.0,266.0,249.0,247.0
6771,Nigeria,Oilcrops,Production,4230.0,4395.0,4648.0,4964.0,5280.0,5764.0,6132.0,5282.0,5369.0,5034.0,5661.0,5169.0,5384.0,5195.0,13440.0,13413.0,13780.0,12736.0
6772,Nigeria,Starchy Roots,Stock Variation,0.0,0.0,1500.0,0.0,0.0,0.0,0.0,0.0,0.0,0.0,0.0,0.0,0.0,0.0,5791.0,8612.0,9422.0,8048.0
6773,Nigeria,Vegetable Oils,Stock Variation,-7.0,-1.0,3.0,4.0,2.0,2.0,2.0,0.0,0.0,0.0,-30.0,30.0,0.0,0.0,781.0,637.0,392.0,695.0
6774,Nigeria,Vegetable Oils,Production,1770.0,1942.0,2059.0,2195.0,2346.0,2551.0,2722.0,2699.0,2741.0,2248.0,1955.0,1924.0,1996.0,1982.0,1562.0,1670.0,1660.0,1725.0
6775,Nigeria,Stimulants,Domestic supply,200.0,169.0,200.0,170.0,160.0,173.0,296.0,199.0,131.0,110.0,167.0,109.0,101.0,102.0,150.0,236.0,86.0,51.0
6776,Nigeria,Stimulants,Export,153.0,183.0,188.0,236.0,263.0,279.0,201.0,191.0,248.0,265.0,247.0,293.0,293.0,293.0,190.0,78.0,228.0,295.0
6777,Nigeria,Stimulants,Stock Variation,0.0,0.0,0.0,0.0,-1.0,-2.0,-1.0,1.0,0.0,1.0,1.0,1.0,0.0,0.0,0.0,0.0,0.0,0.0
6778,Nigeria,Stimulants,Import,11.0,8.0,22.0,17.0,7.0,7.0,8.0,26.0,9.0,8.0,11.0,8.0,8.0,8.0,8.0,10.0,15.0,15.0
6779,Nigeria,Stimulants,Production,342.0,344.0,366.0,389.0,417.0,446.0,490.0,363.0,370.0,366.0,402.0,394.0,386.0,387.0,332.0,304.0,300.0,330.0
6780,Nigeria,Spices,Human Consumption,155.0,167.0,169.0,178.0,185.0,164.0,177.0,207.0,221.0,221.0,219.0,217.0,216.0,219.0,217.0,336.0,408.0,411.0
6781,Nigeria,Spices,Other uses (non-food),0.0,0.0,0.0,0.0,0.0,0.0,0.0,0.0,0.0,0.0,0.0,0.0,0.0,0.0,0.0,0.0,0.0,0.0
6782,Nigeria,Spices,Processing,0.0,0.0,0.0,0.0,0.0,0.0,0.0,0.0,0.0,0.0,0.0,0.0,0.0,0.0,0.0,0.0,0.0,0.0
6783,Nigeria,Spices,Losses,5.0,6.0,6.0,6.0,7.0,5.0,5.0,5.0,5.0,5.0,6.0,6.0,6.0,6.0,3.0,3.0,4.0,4.0
6784,Nigeria,Spices,Seed,0.0,0.0,0.0,0.0,0.0,0.0,0.0,0.0,0.0,0.0,0.0,0.0,0.0,0.0,0.0,0.0,0.0,0.0
6785,Nigeria,Spices,Feed,0.0,0.0,0.0,0.0,0.0,0.0,0.0,0.0,0.0,0.0,0.0,0.0,0.0,0.0,0.0,0.0,0.0,0.0
6786,Nigeria,Stimulants,Feed,0.0,0.0,0.0,0.0,0.0,0.0,0.0,0.0,0.0,0.0,0.0,0.0,0.0,0.0,0.0,0.0,0.0,0.0
6787,Nigeria,Spices,Domestic supply,160.0,173.0,175.0,184.0,192.0,169.0,182.0,212.0,226.0,227.0,224.0,223.0,223.0,225.0,221.0,340.0,412.0,415.0
6788,Nigeria,Spices,Stock Variation,0.0,0.0,0.0,0.0,0.0,0.0,0.0,0.0,0.0,0.0,0.0,0.0,0.0,0.0,0.0,2.0,4.0,5.0
6789,Nigeria,Spices,Import,1.0,1.0,1.0,2.0,2.0,2.0,3.0,3.0,3.0,4.0,6.0,6.0,6.0,6.0,7.0,7.0,5.0,6.0
6790,Nigeria,Spices,Production,164.0,174.0,176.0,184.0,196.0,178.0,188.0,216.0,230.0,228.0,225.0,225.0,224.0,226.0,235.0,356.0,429.0,425.0
6791,Nigeria,Alcoholic Beverages,Human Consumption,8610.0,8590.0,8946.0,9277.0,9492.0,9604.0,9673.0,9926.0,10105.0,10214.0,10349.0,10574.0,11007.0,11218.0,9306.0,9535.0,9513.0,9628.0
6792,Nigeria,Alcoholic Beverages,Other uses (non-food),11.0,15.0,37.0,43.0,87.0,99.0,75.0,210.0,60.0,119.0,110.0,157.0,157.0,157.0,152.0,136.0,167.0,68.0
6793,Nigeria,Alcoholic Beverages,Losses,785.0,784.0,795.0,827.0,851.0,866.0,876.0,876.0,876.0,882.0,881.0,883.0,883.0,880.0,13.0,15.0,16.0,16.0
6794,Nigeria,Alcoholic Beverages,Seed,0.0,0.0,0.0,0.0,0.0,0.0,0.0,0.0,0.0,0.0,0.0,0.0,0.0,0.0,0.0,0.0,0.0,0.0
6795,Nigeria,Alcoholic Beverages,Feed,0.0,0.0,0.0,0.0,0.0,0.0,0.0,0.0,0.0,0.0,0.0,0.0,0.0,0.0,0.0,0.0,0.0,0.0
6796,Nigeria,Alcoholic Beverages,Domestic supply,9406.0,9389.0,9778.0,10147.0,10431.0,10568.0,10624.0,11011.0,11041.0,11215.0,11339.0,11613.0,12046.0,12255.0,9472.0,9686.0,9696.0,9711.0
6797,Nigeria,Alcoholic Beverages,Export,1.0,1.0,1.0,2.0,1.0,2.0,2.0,3.0,3.0,2.0,3.0,2.0,2.0,2.0,6.0,5.0,4.0,7.0
6798,Nigeria,Alcoholic Beverages,Production,9387.0,9354.0,9734.0,10073.0,10336.0,10463.0,10538.0,10782.0,10950.0,11078.0,11191.0,11415.0,11848.0,12056.0,3356.0,3447.0,3386.0,3386.0
6799,Nigeria,Spices,Export,4.0,3.0,2.0,3.0,5.0,10.0,8.0,8.0,7.0,5.0,6.0,8.0,8.0,8.0,21.0,21.0,19.0,11.0
6800,Nigeria,Vegetable Oils,Import,114.0,181.0,228.0,220.0,281.0,327.0,427.0,656.0,748.0,791.0,863.0,937.0,954.0,1042.0,1656.0,1422.0,1162.0,1469.0
6801,Nigeria,Stimulants,Seed,0.0,0.0,0.0,0.0,0.0,0.0,0.0,0.0,0.0,0.0,0.0,0.0,0.0,0.0,0.0,0.0,0.0,0.0
6802,Nigeria,Stimulants,Processing,0.0,0.0,0.0,0.0,0.0,0.0,0.0,0.0,0.0,0.0,0.0,0.0,0.0,0.0,49.0,72.0,24.0,9.0
6803,Nigeria,Vegetables,Human Consumption,7745.0,7909.0,7783.0,8293.0,9646.0,9949.0,10498.0,10161.0,10666.0,9587.0,10818.0,10597.0,11050.0,11034.0,14735.0,14695.0,14861.0,15059.0
6804,Nigeria,Vegetables,Other uses (non-food),0.0,0.0,0.0,0.0,0.0,0.0,0.0,0.0,0.0,0.0,0.0,0.0,0.0,0.0,0.0,0.0,0.0,0.0
6805,Nigeria,Vegetables,Processing,0.0,0.0,0.0,0.0,0.0,0.0,0.0,0.0,0.0,0.0,0.0,0.0,0.0,0.0,0.0,0.0,0.0,0.0
6806,Nigeria,Vegetables,Losses,976.0,985.0,1001.0,1059.0,1191.0,1254.0,1330.0,1156.0,1306.0,1124.0,1307.0,1266.0,1313.0,1313.0,1486.0,1689.0,1540.0,1554.0
6807,Nigeria,Vegetables,Seed,0.0,0.0,0.0,0.0,0.0,0.0,0.0,0.0,0.0,0.0,0.0,0.0,0.0,0.0,0.0,0.0,0.0,0.0
6808,Nigeria,Vegetables,Feed,0.0,0.0,0.0,0.0,0.0,0.0,0.0,0.0,0.0,0.0,0.0,0.0,0.0,0.0,0.0,0.0,0.0,0.0
6809,Nigeria,Vegetables,Domestic supply,8721.0,8895.0,8783.0,9352.0,10837.0,11203.0,11827.0,11317.0,11972.0,10710.0,12126.0,11863.0,12364.0,12347.0,16220.0,16384.0,16400.0,16612.0
6810,Nigeria,Vegetables,Export,0.0,0.0,0.0,0.0,0.0,1.0,1.0,1.0,1.0,1.0,0.0,1.0,1.0,1.0,2.0,2.0,3.0,2.0
6811,Nigeria,Vegetables,Stock Variation,0.0,0.0,0.0,0.0,0.0,0.0,0.0,0.0,0.0,0.0,0.0,0.0,0.0,0.0,0.0,0.0,0.0,0.0
6812,Nigeria,Vegetables,Import,58.0,123.0,110.0,168.0,177.0,88.0,163.0,466.0,170.0,312.0,296.0,424.0,424.0,424.0,485.0,263.0,208.0,233.0
6813,Nigeria,Vegetables,Production,8662.0,8772.0,8674.0,9184.0,10661.0,11116.0,11665.0,10852.0,11802.0,10399.0,11830.0,11440.0,11941.0,11924.0,15738.0,16123.0,16196.0,16381.0
6814,Nigeria,Stimulants,Losses,0.0,0.0,0.0,0.0,0.0,0.0,0.0,0.0,0.0,0.0,0.0,0.0,0.0,0.0,18.0,16.0,16.0,18.0
6815,Nigeria,Fruits - Excluding Wine,Human Consumption,8316.0,8480.0,8840.0,9431.0,10049.0,9576.0,8773.0,9034.0,8824.0,9324.0,9743.0,9776.0,10019.0,9886.0,10084.0,10383.0,10487.0,10644.0
6816,Nigeria,Fruits - Excluding Wine,Processing,0.0,0.0,0.0,0.0,0.0,0.0,0.0,0.0,0.0,0.0,0.0,0.0,0.0,0.0,0.0,0.0,0.0,0.0
6817,Nigeria,Fruits - Excluding Wine,Losses,976.0,991.0,1037.0,1103.0,1180.0,1089.0,914.0,901.0,920.0,1010.0,1059.0,1063.0,1086.0,1066.0,1250.0,1285.0,1303.0,1323.0
6818,Nigeria,Fruits - Excluding Wine,Seed,0.0,0.0,0.0,0.0,0.0,0.0,0.0,0.0,0.0,0.0,0.0,0.0,0.0,0.0,0.0,0.0,0.0,0.0
6819,Nigeria,Fruits - Excluding Wine,Feed,0.0,0.0,0.0,0.0,0.0,0.0,0.0,0.0,0.0,0.0,0.0,0.0,0.0,0.0,0.0,0.0,0.0,0.0
6820,Nigeria,Fruits - Excluding Wine,Domestic supply,9292.0,9472.0,9877.0,10535.0,11229.0,10665.0,9686.0,9935.0,9744.0,10334.0,10802.0,10839.0,11104.0,10952.0,11333.0,11668.0,11780.0,11951.0
6821,Nigeria,Fruits - Excluding Wine,Export,0.0,0.0,0.0,0.0,0.0,1.0,0.0,0.0,0.0,0.0,0.0,1.0,1.0,1.0,3.0,4.0,21.0,18.0
6822,Nigeria,Fruits - Excluding Wine,Stock Variation,0.0,0.0,0.0,-1.0,0.0,1.0,0.0,0.0,0.0,0.0,0.0,0.0,0.0,0.0,0.0,0.0,0.0,0.0
6823,Nigeria,Fruits - Excluding Wine,Import,9.0,47.0,27.0,55.0,17.0,20.0,16.0,137.0,67.0,35.0,40.0,50.0,50.0,50.0,86.0,105.0,77.0,60.0
6824,Nigeria,Fruits - Excluding Wine,Production,9283.0,9425.0,9850.0,10480.0,11212.0,10645.0,9671.0,9799.0,9677.0,10299.0,10763.0,10790.0,11055.0,10903.0,11250.0,11566.0,11724.0,11908.0
6825,Nigeria,Stimulants,Human Consumption,23.0,26.0,36.0,30.0,21.0,22.0,29.0,43.0,20.0,21.0,23.0,22.0,20.0,24.0,9.0,10.0,15.0,15.0
6826,Nigeria,Stimulants,Other uses (non-food),177.0,143.0,164.0,140.0,138.0,151.0,268.0,156.0,112.0,89.0,144.0,87.0,81.0,78.0,74.0,137.0,31.0,9.0
6827,Nigeria,Fruits - Excluding Wine,Other uses (non-food),0.0,0.0,0.0,0.0,0.0,0.0,0.0,0.0,0.0,0.0,0.0,0.0,0.0,0.0,0.0,0.0,0.0,0.0
6828,Nigeria,Starchy Roots,Export,0.0,0.0,12.0,13.0,2.0,8.0,4.0,9.0,14.0,1.0,2.0,18.0,2.0,12.0,13.0,8.0,16.0,9.0
6829,Nigeria,Sugar & Sweeteners,Feed,0.0,0.0,0.0,0.0,0.0,0.0,0.0,0.0,0.0,0.0,0.0,0.0,0.0,0.0,0.0,0.0,0.0,0.0
6830,Nigeria,Starchy Roots,Feed,16026.0,16051.0,22538.0,23980.0,25659.0,27455.0,30064.0,27792.0,29171.0,24132.0,27984.0,33470.0,32842.0,30398.0,35241.0,32618.0,34197.0,34343.0
6831,Nigeria,Eggs,Stock Variation,0.0,0.0,0.0,0.0,0.0,0.0,0.0,0.0,0.0,0.0,0.0,0.0,0.0,0.0,0.0,0.0,0.0,0.0
6832,Nigeria,Eggs,Export,0.0,0.0,0.0,0.0,0.0,0.0,0.0,0.0,0.0,0.0,0.0,0.0,0.0,0.0,0.0,0.0,1.0,0.0
6833,Nigeria,Eggs,Domestic supply,400.0,440.0,450.0,460.0,477.0,501.0,527.0,553.0,581.0,613.0,624.0,636.0,640.0,650.0,661.0,491.0,506.0,512.0
6834,Nigeria,Eggs,Feed,0.0,0.0,0.0,0.0,0.0,0.0,0.0,0.0,0.0,0.0,0.0,0.0,0.0,0.0,0.0,0.0,0.0,0.0
6835,Nigeria,Eggs,Seed,10.0,11.0,11.0,12.0,13.0,13.0,14.0,15.0,16.0,16.0,17.0,18.0,17.0,18.0,12.0,13.0,14.0,14.0
6836,Nigeria,Eggs,Losses,20.0,22.0,23.0,23.0,24.0,25.0,26.0,28.0,29.0,31.0,31.0,32.0,32.0,33.0,33.0,24.0,25.0,26.0
6837,Nigeria,Eggs,Processing,0.0,0.0,0.0,0.0,0.0,0.0,0.0,0.0,0.0,0.0,0.0,0.0,0.0,0.0,0.0,0.0,0.0,0.0
6838,Nigeria,Eggs,Other uses (non-food),0.0,0.0,0.0,0.0,0.0,0.0,0.0,0.0,0.0,0.0,0.0,0.0,0.0,0.0,0.0,0.0,0.0,0.0
6839,Nigeria,Eggs,Human Consumption,370.0,407.0,416.0,425.0,440.0,463.0,487.0,511.0,536.0,566.0,575.0,587.0,591.0,600.0,618.0,455.0,469.0,476.0
6840,Nigeria,Milk - Excluding Butter,Production,389.0,389.0,408.0,409.0,423.0,439.0,463.0,468.0,420.0,472.0,496.0,563.0,566.0,570.0,585.0,515.0,522.0,526.0
6841,Nigeria,Milk - Excluding Butter,Import,453.0,484.0,517.0,736.0,770.0,713.0,843.0,1503.0,746.0,883.0,933.0,953.0,953.0,953.0,49.0,39.0,28.0,18.0
6842,Nigeria,Eggs,Import,0.0,0.0,0.0,0.0,1.0,0.0,1.0,0.0,0.0,0.0,0.0,0.0,0.0,0.0,1.0,1.0,2.0,2.0
6843,Nigeria,Milk - Excluding Butter,Stock Variation,0.0,0.0,0.0,0.0,0.0,0.0,0.0,0.0,0.0,0.0,0.0,0.0,0.0,0.0,0.0,0.0,0.0,0.0
6844,Nigeria,Milk - Excluding Butter,Domestic supply,842.0,868.0,917.0,1144.0,1193.0,1149.0,1305.0,1971.0,1163.0,1353.0,1426.0,1506.0,1509.0,1513.0,634.0,553.0,550.0,542.0
6845,Nigeria,Milk - Excluding Butter,Feed,74.0,74.0,78.0,78.0,80.0,83.0,88.0,89.0,80.0,90.0,94.0,107.0,108.0,108.0,112.0,98.0,100.0,100.0
6846,Nigeria,Milk - Excluding Butter,Seed,0.0,0.0,0.0,0.0,0.0,0.0,0.0,0.0,0.0,0.0,0.0,0.0,0.0,0.0,0.0,0.0,0.0,0.0
6847,Nigeria,Milk - Excluding Butter,Losses,20.0,20.0,21.0,21.0,21.0,22.0,23.0,24.0,21.0,24.0,25.0,28.0,28.0,29.0,29.0,26.0,26.0,26.0
6848,Nigeria,Milk - Excluding Butter,Processing,0.0,0.0,0.0,0.0,0.0,0.0,0.0,0.0,0.0,0.0,0.0,0.0,0.0,0.0,0.0,0.0,0.0,0.0
6849,Nigeria,Milk - Excluding Butter,Other uses (non-food),1.0,1.0,5.0,10.0,0.0,9.0,0.0,8.0,4.0,4.0,2.0,3.0,3.0,3.0,27.0,18.0,13.0,11.0
6850,Nigeria,Milk - Excluding Butter,Human Consumption,748.0,773.0,814.0,1035.0,1092.0,1034.0,1194.0,1850.0,1058.0,1236.0,1304.0,1368.0,1370.0,1373.0,469.0,423.0,421.0,417.0
6851,Nigeria,Animal fats,Production,36.0,38.0,42.0,39.0,41.0,41.0,41.0,44.0,44.0,46.0,47.0,51.0,52.0,53.0,50.0,50.0,50.0,50.0
6852,Nigeria,Animal fats,Import,74.0,88.0,52.0,137.0,99.0,141.0,159.0,346.0,159.0,158.0,150.0,39.0,39.0,39.0,9.0,5.0,4.0,2.0
6853,Nigeria,Animal fats,Stock Variation,0.0,0.0,0.0,0.0,0.0,0.0,0.0,0.0,0.0,0.0,0.0,0.0,0.0,0.0,0.0,0.0,0.0,0.0
6854,Nigeria,Animal fats,Export,0.0,0.0,0.0,0.0,0.0,0.0,0.0,0.0,0.0,0.0,0.0,0.0,0.0,0.0,0.0,0.0,0.0,0.0
6855,Nigeria,Milk - Excluding Butter,Export,0.0,6.0,9.0,1.0,0.0,2.0,0.0,0.0,3.0,2.0,3.0,10.0,10.0,10.0,0.0,1.0,0.0,2.0
6856,Nigeria,Animal fats,Domestic supply,109.0,126.0,94.0,176.0,140.0,183.0,200.0,391.0,203.0,204.0,197.0,91.0,91.0,92.0,60.0,55.0,53.0,53.0
6857,Nigeria,Eggs,Production,400.0,440.0,450.0,460.0,476.0,500.0,526.0,553.0,581.0,613.0,623.0,636.0,640.0,650.0,660.0,489.0,505.0,510.0
6858,Nigeria,"Fish, Seafood",Other uses (non-food),0.0,0.0,0.0,0.0,0.0,0.0,0.0,0.0,0.0,0.0,0.0,0.0,0.0,0.0,0.0,0.0,0.0,0.0
6859,Nigeria,Alcoholic Beverages,Stock Variation,0.0,0.0,0.0,0.0,0.0,0.0,0.0,0.0,0.0,0.0,0.0,0.0,0.0,0.0,-5896.0,-6054.0,-6109.0,-6225.0
6860,Nigeria,Cereals - Excluding Beer,Production,20272.0,19174.0,20398.0,21698.0,23211.0,24843.0,27518.0,26110.0,28817.0,20087.0,23167.0,20645.0,24724.0,25405.0,24517.0,25451.0,32146.0,28873.0
6861,Nigeria,Cereals - Excluding Beer,Import,3098.0,4038.0,3770.0,3947.0,4131.0,5064.0,4367.0,4841.0,4191.0,5151.0,6071.0,6480.0,5052.0,6132.0,7368.0,5743.0,4615.0,5607.0
6862,Nigeria,Cereals - Excluding Beer,Stock Variation,109.0,-200.0,190.0,-598.0,-978.0,-1546.0,-2849.0,-1637.0,-2678.0,5201.0,1898.0,3393.0,0.0,0.0,-512.0,-796.0,-1081.0,-999.0
6863,Nigeria,Cereals - Excluding Beer,Export,29.0,67.0,100.0,16.0,3.0,16.0,16.0,17.0,7.0,2.0,2.0,4.0,3.0,3.0,26.0,26.0,14.0,19.0
6864,Nigeria,Cereals - Excluding Beer,Domestic supply,23450.0,22944.0,24258.0,25032.0,26360.0,28344.0,29020.0,29296.0,30323.0,30437.0,31133.0,30514.0,29773.0,31533.0,32371.0,31964.0,37827.0,35460.0
6865,Nigeria,Cereals - Excluding Beer,Feed,3344.0,3292.0,3535.0,3724.0,4245.0,4730.0,5303.0,4611.0,5039.0,4128.0,4101.0,3925.0,3797.0,4064.0,4461.0,4973.0,7920.0,6765.0
6866,Nigeria,Cereals - Excluding Beer,Seed,354.0,369.0,377.0,385.0,399.0,420.0,420.0,410.0,304.0,359.0,387.0,397.0,397.0,397.0,361.0,387.0,439.0,469.0
6867,Nigeria,Cereals - Excluding Beer,Losses,2379.0,2266.0,2425.0,2544.0,2711.0,2924.0,3160.0,3060.0,3315.0,2948.0,2976.0,2662.0,2424.0,2550.0,1383.0,1436.0,1798.0,1620.0
6868,Nigeria,Cereals - Excluding Beer,Processing,334.0,326.0,391.0,394.0,403.0,397.0,393.0,443.0,477.0,496.0,517.0,562.0,592.0,643.0,146.0,166.0,175.0,175.0
6869,Nigeria,Cereals - Excluding Beer,Other uses (non-food),7.0,7.0,16.0,21.0,17.0,23.0,22.0,40.0,16.0,29.0,35.0,36.0,36.0,36.0,67.0,52.0,72.0,97.0
6870,Nigeria,"Fish, Seafood",Human Consumption,819.0,1210.0,1149.0,1234.0,1410.0,1559.0,2158.0,2511.0,2460.0,2202.0,2421.0,2810.0,2810.0,2810.0,2188.0,2035.0,1706.0,1740.0
6871,Nigeria,Cereals - Excluding Beer,Human Consumption,17032.0,16685.0,17514.0,17964.0,18585.0,19850.0,19722.0,20732.0,21171.0,22476.0,23117.0,22932.0,22527.0,23843.0,25907.0,24952.0,27358.0,26264.0
6872,Nigeria,"Aquatic Products, Other",Import,0.0,0.0,0.0,0.0,0.0,0.0,0.0,0.0,0.0,0.0,0.0,0.0,0.0,0.0,0.0,0.0,0.0,0.0
6873,Nigeria,"Aquatic Products, Other",Export,0.0,0.0,0.0,0.0,0.0,0.0,0.0,0.0,0.0,0.0,0.0,0.0,0.0,0.0,0.0,0.0,0.0,0.0
6874,Nigeria,"Aquatic Products, Other",Domestic supply,0.0,0.0,0.0,0.0,0.0,0.0,0.0,0.0,0.0,0.0,0.0,0.0,0.0,0.0,0.0,0.0,0.0,0.0
6875,Nigeria,"Aquatic Products, Other",Other uses (non-food),0.0,0.0,0.0,0.0,0.0,0.0,0.0,0.0,0.0,0.0,0.0,0.0,0.0,0.0,0.0,0.0,0.0,0.0
6876,Nigeria,"Aquatic Products, Other",Human Consumption,0.0,0.0,0.0,0.0,0.0,0.0,0.0,0.0,0.0,0.0,0.0,0.0,0.0,0.0,0.0,0.0,0.0,0.0
6877,Nigeria,"Fish, Seafood",Production,467.0,477.0,512.0,506.0,509.0,580.0,637.0,616.0,745.0,751.0,818.0,857.0,857.0,857.0,1073.0,1027.0,1041.0,1212.0
6878,Nigeria,"Fish, Seafood",Import,367.0,756.0,654.0,752.0,926.0,1015.0,1977.0,2180.0,1890.0,1970.0,2010.0,2755.0,2755.0,2755.0,1201.0,1105.0,755.0,611.0
6879,Nigeria,"Fish, Seafood",Stock Variation,0.0,0.0,0.0,0.0,0.0,0.0,0.0,0.0,0.0,0.0,0.0,0.0,0.0,0.0,0.0,0.0,0.0,0.0
6880,Nigeria,"Fish, Seafood",Export,3.0,4.0,4.0,3.0,5.0,9.0,18.0,21.0,20.0,25.0,24.0,10.0,10.0,10.0,12.0,13.0,7.0,6.0
6881,Nigeria,"Fish, Seafood",Domestic supply,831.0,1229.0,1161.0,1255.0,1430.0,1586.0,2596.0,2774.0,2615.0,2696.0,2804.0,3601.0,3601.0,3601.0,2262.0,2120.0,1790.0,1818.0
6882,Nigeria,"Fish, Seafood",Feed,13.0,19.0,12.0,21.0,20.0,26.0,438.0,263.0,154.0,494.0,383.0,791.0,791.0,791.0,74.0,85.0,84.0,78.0
6883,Nigeria,Starchy Roots,Domestic supply,65165.0,65283.0,70949.0,73893.0,79079.0,84608.0,92212.0,82632.0,89399.0,73252.0,84064.0,97188.0,102024.0,102063.0,103892.0,103043.0,107938.0,107941.0
6884,Nigeria,Animal fats,Feed,0.0,0.0,0.0,0.0,0.0,1.0,0.0,0.0,0.0,0.0,1.0,0.0,0.0,0.0,0.0,0.0,0.0,16.0
6885,Nigeria,"Aquatic Products, Other",Production,0.0,0.0,0.0,0.0,0.0,0.0,0.0,0.0,0.0,0.0,0.0,0.0,0.0,0.0,0.0,0.0,0.0,0.0
6886,Nigeria,Animal fats,Losses,0.0,0.0,0.0,0.0,0.0,0.0,0.0,0.0,0.0,0.0,0.0,0.0,0.0,0.0,1.0,1.0,1.0,0.0
6887,Nigeria,Miscellaneous,Export,0.0,0.0,0.0,0.0,0.0,0.0,0.0,0.0,0.0,0.0,0.0,0.0,0.0,0.0,12.0,8.0,5.0,16.0
6888,Nigeria,Miscellaneous,Domestic supply,3.0,3.0,4.0,4.0,6.0,7.0,7.0,26.0,14.0,5.0,4.0,6.0,6.0,6.0,109.0,98.0,89.0,104.0
6889,Nigeria,Miscellaneous,Feed,0.0,0.0,0.0,0.0,0.0,0.0,0.0,0.0,0.0,0.0,0.0,0.0,0.0,0.0,0.0,0.0,0.0,0.0
6890,Nigeria,Miscellaneous,Seed,0.0,0.0,0.0,0.0,0.0,0.0,0.0,0.0,0.0,0.0,0.0,0.0,0.0,0.0,0.0,0.0,0.0,0.0
6891,Nigeria,Miscellaneous,Losses,0.0,0.0,0.0,0.0,0.0,0.0,0.0,0.0,0.0,0.0,0.0,0.0,0.0,0.0,0.0,0.0,0.0,0.0
6892,Nigeria,Miscellaneous,Processing,0.0,0.0,0.0,0.0,0.0,0.0,0.0,0.0,0.0,0.0,0.0,0.0,0.0,0.0,0.0,0.0,0.0,0.0
6893,Nigeria,Miscellaneous,Other uses (non-food),0.0,0.0,0.0,0.0,0.0,0.0,0.0,0.0,0.0,0.0,0.0,0.0,0.0,0.0,0.0,0.0,0.0,0.0
6894,Nigeria,Miscellaneous,Human Consumption,3.0,3.0,4.0,4.0,6.0,7.0,7.0,26.0,14.0,5.0,4.0,6.0,6.0,6.0,109.0,98.0,89.0,104.0
6895,Nigeria,Sugar Crops,Human Consumption,50.0,40.0,40.0,40.0,40.0,40.0,42.0,42.0,42.0,42.0,42.0,42.0,42.0,42.0,0.0,0.0,0.0,0.0
6896,Nigeria,Sugar Crops,Other uses (non-food),53.0,53.0,95.0,140.0,193.0,219.0,256.0,644.0,897.0,721.0,794.0,0.0,0.0,0.0,141.0,187.0,175.0,168.0
6897,Nigeria,Sugar Crops,Processing,550.0,570.0,570.0,570.0,570.0,600.0,630.0,730.0,388.0,555.0,480.0,480.0,555.0,555.0,414.0,330.0,406.0,420.0
6898,Nigeria,Miscellaneous,Stock Variation,0.0,0.0,0.0,0.0,0.0,0.0,0.0,0.0,0.0,0.0,0.0,0.0,0.0,0.0,0.0,0.0,0.0,0.0
6899,Nigeria,Sugar Crops,Losses,28.0,28.0,30.0,32.0,34.0,37.0,39.0,60.0,56.0,56.0,56.0,899.0,834.0,829.0,830.0,851.0,873.0,879.0
6900,Nigeria,Sugar Crops,Feed,0.0,0.0,0.0,0.0,0.0,0.0,0.0,0.0,0.0,0.0,0.0,0.0,0.0,0.0,0.0,0.0,0.0,0.0
6901,Nigeria,Sugar Crops,Domestic supply,695.0,705.0,750.0,798.0,854.0,914.0,987.0,1506.0,1412.0,1402.0,1400.0,1450.0,1460.0,1455.0,1414.0,1396.0,1484.0,1498.0
6902,Nigeria,Sugar Crops,Export,0.0,0.0,0.0,0.0,0.0,0.0,0.0,0.0,0.0,0.0,0.0,0.0,0.0,0.0,4.0,0.0,3.0,0.0
6903,Nigeria,Sugar Crops,Stock Variation,0.0,0.0,0.0,0.0,0.0,0.0,0.0,0.0,0.0,0.0,0.0,0.0,0.0,0.0,-4.0,53.0,0.0,0.0
6904,Nigeria,Sugar Crops,Production,695.0,705.0,750.0,798.0,854.0,914.0,987.0,1506.0,1412.0,1402.0,1400.0,1450.0,1460.0,1455.0,1414.0,1450.0,1487.0,1498.0
6905,Nigeria,Starchy Roots,Human Consumption,29331.0,29371.0,27749.0,27771.0,29555.0,30665.0,34001.0,32930.0,34983.0,34655.0,36687.0,41212.0,41558.0,43640.0,44336.0,45800.0,46568.0,46957.0
6906,Nigeria,Starchy Roots,Other uses (non-food),11115.0,11137.0,11581.0,12563.0,13618.0,15534.0,16237.0,11298.0,13694.0,5111.0,8889.0,10480.0,15035.0,15345.0,14302.0,14439.0,16541.0,16080.0
6907,Nigeria,Starchy Roots,Processing,0.0,0.0,0.0,0.0,0.0,0.0,0.0,0.0,0.0,0.0,0.0,0.0,0.0,0.0,0.0,0.0,0.0,0.0
6908,Nigeria,Starchy Roots,Losses,8514.0,8533.0,8881.0,9370.0,10026.0,10728.0,11681.0,10388.0,11338.0,9133.0,10283.0,11803.0,12365.0,12455.0,9792.0,9959.0,10395.0,10315.0
6909,Nigeria,Animal fats,Seed,0.0,0.0,0.0,0.0,0.0,0.0,0.0,0.0,0.0,0.0,0.0,0.0,0.0,0.0,0.0,0.0,0.0,0.0
6910,Nigeria,Starchy Roots,Seed,180.0,190.0,200.0,209.0,221.0,226.0,229.0,224.0,213.0,221.0,221.0,223.0,224.0,224.0,221.0,227.0,237.0,245.0
6911,Nigeria,Sugar Crops,Seed,14.0,14.0,15.0,16.0,17.0,18.0,20.0,30.0,28.0,28.0,28.0,29.0,29.0,29.0,28.0,29.0,30.0,30.0
6912,Nigeria,Miscellaneous,Import,3.0,3.0,4.0,5.0,6.0,7.0,7.0,26.0,14.0,5.0,4.0,6.0,6.0,6.0,121.0,106.0,93.0,120.0
6913,Nigeria,Sugar Crops,Import,0.0,0.0,0.0,0.0,0.0,0.0,0.0,0.0,0.0,0.0,0.0,0.0,0.0,0.0,0.0,0.0,0.0,0.0
6914,Nigeria,Meat,Human Consumption,1053.0,1158.0,1247.0,1202.0,1245.0,1254.0,1200.0,1321.0,1366.0,1441.0,1504.0,1556.0,1566.0,1597.0,1323.0,1359.0,1354.0,1366.0
6915,Nigeria,Animal fats,Processing,0.0,0.0,0.0,0.0,0.0,0.0,0.0,0.0,0.0,0.0,0.0,0.0,0.0,0.0,0.0,0.0,0.0,0.0
6916,Nigeria,Animal fats,Other uses (non-food),70.0,84.0,49.0,133.0,95.0,135.0,154.0,323.0,147.0,148.0,127.0,14.0,14.0,14.0,0.0,0.0,0.0,0.0
6917,Nigeria,Miscellaneous,Production,0.0,0.0,0.0,0.0,0.0,0.0,0.0,0.0,0.0,0.0,0.0,0.0,0.0,0.0,0.0,0.0,0.0,0.0
6918,Nigeria,Animal fats,Human Consumption,39.0,42.0,45.0,43.0,45.0,47.0,46.0,68.0,55.0,55.0,70.0,76.0,77.0,78.0,58.0,54.0,53.0,37.0
6919,Nigeria,Offals,Production,116.0,129.0,139.0,130.0,135.0,133.0,126.0,141.0,143.0,145.0,149.0,162.0,164.0,167.0,148.0,151.0,148.0,150.0
6920,Nigeria,Offals,Import,0.0,0.0,0.0,0.0,0.0,0.0,0.0,0.0,0.0,0.0,0.0,0.0,0.0,0.0,0.0,0.0,0.0,0.0
6921,Nigeria,Offals,Export,0.0,0.0,0.0,0.0,0.0,0.0,0.0,0.0,0.0,0.0,0.0,0.0,0.0,0.0,0.0,0.0,0.0,0.0
6922,Nigeria,Offals,Domestic supply,116.0,129.0,139.0,130.0,135.0,133.0,126.0,141.0,143.0,145.0,149.0,162.0,164.0,167.0,148.0,151.0,148.0,150.0
6923,Nigeria,Offals,Feed,0.0,0.0,0.0,0.0,0.0,0.0,0.0,0.0,0.0,0.0,0.0,0.0,0.0,0.0,0.0,0.0,0.0,0.0
6924,Nigeria,Offals,Seed,0.0,0.0,0.0,0.0,0.0,0.0,0.0,0.0,0.0,0.0,0.0,0.0,0.0,0.0,0.0,0.0,0.0,0.0
6925,Nigeria,Offals,Losses,0.0,0.0,0.0,0.0,0.0,0.0,0.0,0.0,0.0,0.0,0.0,0.0,0.0,0.0,7.0,7.0,7.0,0.0
6926,Nigeria,Offals,Processing,0.0,0.0,0.0,0.0,0.0,0.0,0.0,0.0,0.0,0.0,0.0,0.0,0.0,0.0,0.0,0.0,0.0,0.0
6927,Nigeria,Offals,Stock Variation,0.0,0.0,0.0,0.0,0.0,0.0,0.0,0.0,0.0,0.0,0.0,0.0,0.0,0.0,0.0,0.0,0.0,0.0
6928,Nigeria,Offals,Other uses (non-food),0.0,0.0,0.0,0.0,0.0,0.0,0.0,0.0,0.0,0.0,0.0,0.0,0.0,0.0,0.0,0.0,0.0,0.0
6929,Nigeria,Meat,Seed,0.0,0.0,0.0,0.0,0.0,0.0,0.0,0.0,0.0,0.0,0.0,0.0,0.0,0.0,0.0,0.0,0.0,0.0
6930,Nigeria,Meat,Feed,0.0,0.0,0.0,0.0,0.0,0.0,0.0,0.0,0.0,0.0,0.0,0.0,0.0,0.0,0.0,0.0,0.0,0.0
6931,Nigeria,Meat,Processing,0.0,0.0,0.0,0.0,0.0,0.0,0.0,0.0,0.0,0.0,0.0,0.0,0.0,0.0,0.0,0.0,0.0,0.0
6932,Nigeria,Meat,Export,0.0,0.0,0.0,0.0,0.0,0.0,0.0,0.0,0.0,0.0,0.0,0.0,0.0,0.0,0.0,0.0,0.0,0.0
6933,Nigeria,Meat,Other uses (non-food),0.0,0.0,0.0,0.0,0.0,0.0,0.0,0.0,0.0,0.0,0.0,0.0,0.0,0.0,39.0,48.0,32.0,0.0
6934,Nigeria,Meat,Domestic supply,1053.0,1158.0,1247.0,1202.0,1245.0,1254.0,1200.0,1321.0,1366.0,1441.0,1504.0,1556.0,1566.0,1597.0,1384.0,1422.0,1417.0,1428.0
6935,Nigeria,Meat,Stock Variation,0.0,0.0,0.0,0.0,0.0,0.0,0.0,0.0,0.0,0.0,0.0,0.0,0.0,0.0,-2.0,-2.0,-2.0,-2.0
6936,Nigeria,Meat,Import,0.0,2.0,7.0,5.0,2.0,1.0,1.0,4.0,1.0,34.0,46.0,3.0,3.0,3.0,2.0,1.0,1.0,1.0
6937,Nigeria,Meat,Production,1053.0,1155.0,1240.0,1197.0,1243.0,1253.0,1199.0,1317.0,1364.0,1407.0,1458.0,1553.0,1563.0,1594.0,1380.0,1419.0,1414.0,1426.0
6938,Nigeria,Offals,Human Consumption,116.0,129.0,139.0,130.0,135.0,133.0,126.0,141.0,143.0,145.0,149.0,162.0,164.0,167.0,142.0,145.0,141.0,150.0
6939,Nigeria,Meat,Losses,0.0,0.0,0.0,0.0,0.0,0.0,0.0,0.0,0.0,0.0,0.0,0.0,0.0,0.0,61.0,63.0,62.0,63.0
6940,Norway,Sugar & Sweeteners,Production,6.0,6.0,7.0,6.0,6.0,6.0,5.0,6.0,6.0,6.0,6.0,6.0,5.0,4.0,5.0,5.0,4.0,3.0
6941,Norway,Vegetable Oils,Stock Variation,0.0,0.0,-15.0,15.0,0.0,-10.0,8.0,-2.0,1.0,1.0,1.0,1.0,-20.0,20.0,-45.0,-9.0,11.0,-4.0
6942,Norway,Vegetable Oils,Export,41.0,36.0,46.0,46.0,75.0,85.0,95.0,90.0,90.0,90.0,98.0,81.0,95.0,87.0,86.0,93.0,104.0,91.0
6943,Norway,Vegetable Oils,Domestic supply,92.0,111.0,119.0,136.0,131.0,157.0,190.0,194.0,274.0,229.0,271.0,358.0,416.0,440.0,543.0,505.0,540.0,601.0
6944,Norway,Vegetable Oils,Processing,0.0,0.0,0.0,0.0,0.0,0.0,0.0,0.0,0.0,0.0,0.0,0.0,0.0,0.0,49.0,47.0,37.0,50.0
6945,Norway,Vegetable Oils,Other uses (non-food),31.0,47.0,43.0,64.0,64.0,59.0,129.0,134.0,208.0,161.0,200.0,278.0,339.0,361.0,433.0,396.0,443.0,483.0
6946,Norway,Vegetable Oils,Human Consumption,63.0,68.0,80.0,71.0,73.0,99.0,70.0,74.0,85.0,87.0,88.0,88.0,87.0,88.0,80.0,82.0,82.0,86.0
6947,Norway,Vegetable Oils,Import,55.0,70.0,102.0,77.0,121.0,171.0,195.0,199.0,272.0,231.0,278.0,349.0,444.0,419.0,438.0,432.0,500.0,536.0
6948,Norway,Sugar & Sweeteners,Domestic supply,213.0,209.0,208.0,203.0,190.0,180.0,175.0,186.0,191.0,190.0,196.0,208.0,216.0,229.0,238.0,236.0,235.0,230.0
6949,Norway,Sugar & Sweeteners,Stock Variation,11.0,-3.0,2.0,3.0,0.0,1.0,1.0,1.0,1.0,0.0,1.0,0.0,0.0,0.0,12.0,8.0,17.0,23.0
6950,Norway,Sugar & Sweeteners,Export,17.0,14.0,24.0,28.0,33.0,34.0,33.0,16.0,14.0,12.0,9.0,9.0,11.0,10.0,13.0,17.0,18.0,27.0
6951,Norway,Pulses,Production,0.0,0.0,0.0,0.0,0.0,0.0,0.0,0.0,7.0,7.0,7.0,2.0,2.0,1.0,14.0,17.0,20.0,19.0
6952,Norway,Sugar & Sweeteners,Feed,0.0,0.0,0.0,0.0,0.0,0.0,0.0,0.0,0.0,0.0,0.0,0.0,0.0,0.0,0.0,0.0,0.0,0.0
6953,Norway,Sugar & Sweeteners,Losses,0.0,0.0,0.0,0.0,0.0,0.0,0.0,0.0,0.0,0.0,0.0,0.0,0.0,0.0,0.0,0.0,0.0,0.0
6954,Norway,Sugar & Sweeteners,Processing,0.0,0.0,0.0,0.0,0.0,0.0,0.0,0.0,0.0,0.0,0.0,0.0,0.0,0.0,0.0,0.0,0.0,0.0
6955,Norway,Vegetable Oils,Production,77.0,78.0,77.0,90.0,84.0,82.0,82.0,86.0,92.0,86.0,89.0,89.0,87.0,87.0,146.0,156.0,155.0,152.0
6956,Norway,Sugar & Sweeteners,Other uses (non-food),7.0,7.0,7.0,7.0,3.0,5.0,3.0,9.0,8.0,8.0,9.0,9.0,8.0,7.0,7.0,7.0,7.0,6.0
6957,Norway,Sugar & Sweeteners,Human Consumption,206.0,202.0,201.0,196.0,187.0,175.0,171.0,177.0,183.0,182.0,187.0,199.0,208.0,222.0,230.0,229.0,228.0,224.0
6958,Norway,Sugar & Sweeteners,Import,213.0,220.0,224.0,222.0,217.0,207.0,203.0,195.0,199.0,195.0,198.0,212.0,222.0,234.0,258.0,256.0,265.0,276.0
6959,Norway,Vegetables,Human Consumption,273.0,309.0,311.0,342.0,344.0,342.0,353.0,367.0,390.0,381.0,351.0,385.0,366.0,389.0,382.0,373.0,393.0,387.0
6960,Norway,Fruits - Excluding Wine,Seed,0.0,0.0,0.0,0.0,0.0,0.0,0.0,0.0,0.0,0.0,0.0,0.0,0.0,0.0,0.0,0.0,0.0,0.0
6961,Norway,Vegetables,Feed,0.0,0.0,0.0,0.0,0.0,0.0,0.0,0.0,0.0,0.0,0.0,0.0,0.0,0.0,0.0,0.0,0.0,0.0
6962,Norway,Stimulants,Export,5.0,4.0,4.0,4.0,4.0,4.0,4.0,4.0,4.0,4.0,4.0,3.0,4.0,5.0,1.0,1.0,1.0,1.0
6963,Norway,Pulses,Import,5.0,5.0,4.0,7.0,32.0,58.0,38.0,64.0,95.0,66.0,115.0,112.0,69.0,82.0,98.0,102.0,140.0,173.0
6964,Norway,Stimulants,Domestic supply,53.0,58.0,57.0,57.0,61.0,63.0,62.0,66.0,63.0,63.0,65.0,68.0,65.0,68.0,50.0,51.0,51.0,52.0
6965,Norway,Stimulants,Processing,0.0,0.0,0.0,0.0,0.0,0.0,0.0,0.0,0.0,0.0,0.0,0.0,0.0,0.0,4.0,4.0,4.0,4.0
6966,Norway,Stimulants,Human Consumption,53.0,58.0,57.0,57.0,61.0,63.0,62.0,66.0,63.0,63.0,65.0,68.0,65.0,68.0,46.0,47.0,47.0,48.0
6967,Norway,Fruits - Excluding Wine,Production,31.0,25.0,33.0,27.0,34.0,26.0,32.0,26.0,33.0,31.0,26.0,21.0,25.0,21.0,29.0,29.0,29.0,28.0
6968,Norway,Fruits - Excluding Wine,Import,473.0,486.0,534.0,561.0,585.0,605.0,619.0,670.0,698.0,617.0,619.0,682.0,699.0,711.0,417.0,415.0,411.0,414.0
6969,Norway,Fruits - Excluding Wine,Stock Variation,0.0,-6.0,6.0,0.0,0.0,0.0,0.0,0.0,0.0,0.0,0.0,0.0,0.0,0.0,5.0,11.0,0.0,-1.0
6970,Norway,Vegetables,Losses,21.0,24.0,24.0,26.0,27.0,27.0,28.0,29.0,31.0,31.0,28.0,29.0,29.0,31.0,30.0,29.0,29.0,30.0
6971,Norway,Fruits - Excluding Wine,Export,4.0,4.0,6.0,5.0,4.0,6.0,7.0,6.0,6.0,6.0,5.0,5.0,4.0,4.0,2.0,2.0,3.0,3.0
6972,Norway,Fruits - Excluding Wine,Losses,13.0,13.0,13.0,14.0,15.0,16.0,16.0,17.0,18.0,17.0,17.0,17.0,17.0,18.0,15.0,14.0,15.0,15.0
6973,Norway,Fruits - Excluding Wine,Processing,0.0,0.0,0.0,0.0,0.0,0.0,0.0,0.0,0.0,0.0,0.0,0.0,0.0,0.0,1.0,1.0,1.0,1.0
6974,Norway,Fruits - Excluding Wine,Human Consumption,487.0,489.0,553.0,568.0,599.0,610.0,628.0,673.0,707.0,624.0,623.0,681.0,702.0,710.0,422.0,416.0,421.0,424.0
6975,Norway,Vegetables,Production,142.0,164.0,163.0,177.0,178.0,174.0,170.0,175.0,192.0,190.0,152.0,158.0,156.0,165.0,194.0,189.0,203.0,204.0
6976,Norway,Vegetables,Import,154.0,172.0,175.0,194.0,196.0,199.0,216.0,225.0,232.0,224.0,229.0,258.0,241.0,257.0,221.0,216.0,226.0,225.0
6977,Norway,Vegetables,Stock Variation,0.0,0.0,0.0,0.0,0.0,0.0,0.0,0.0,0.0,0.0,0.0,0.0,0.0,0.0,1.0,1.0,4.0,8.0
6978,Norway,Vegetables,Export,2.0,3.0,3.0,3.0,3.0,4.0,5.0,5.0,3.0,2.0,2.0,2.0,2.0,2.0,1.0,2.0,3.0,3.0
6979,Norway,Vegetables,Domestic supply,294.0,333.0,335.0,368.0,371.0,369.0,381.0,395.0,421.0,412.0,379.0,414.0,395.0,420.0,412.0,403.0,422.0,418.0
6980,Norway,Fruits - Excluding Wine,Domestic supply,500.0,502.0,567.0,582.0,614.0,625.0,644.0,690.0,725.0,641.0,640.0,698.0,720.0,728.0,438.0,432.0,437.0,440.0
6981,Norway,Pulses,Stock Variation,0.0,0.0,0.0,0.0,0.0,-12.0,12.0,0.0,-15.0,15.0,0.0,0.0,0.0,0.0,36.0,31.0,41.0,39.0
6982,Norway,Starchy Roots,Production,316.0,389.0,390.0,367.0,396.0,317.0,378.0,330.0,398.0,333.0,333.0,296.0,305.0,318.0,358.0,305.0,351.0,315.0
6983,Norway,Pulses,Domestic supply,5.0,5.0,4.0,7.0,32.0,46.0,50.0,64.0,86.0,88.0,121.0,113.0,68.0,77.0,72.0,83.0,114.0,149.0
6984,Norway,Oilcrops,Human Consumption,7.0,8.0,9.0,8.0,9.0,8.0,8.0,9.0,10.0,10.0,11.0,11.0,10.0,11.0,10.0,10.0,15.0,31.0
6985,Norway,Starchy Roots,Import,55.0,65.0,47.0,54.0,44.0,40.0,64.0,66.0,75.0,39.0,64.0,60.0,94.0,80.0,66.0,60.0,73.0,57.0
6986,Norway,Starchy Roots,Stock Variation,51.0,-30.0,-16.0,-7.0,-38.0,23.0,-58.0,-11.0,-60.0,-13.0,-40.0,-21.0,-66.0,-46.0,63.0,14.0,46.0,13.0
6987,Norway,Starchy Roots,Export,0.0,0.0,0.0,0.0,0.0,0.0,0.0,0.0,1.0,0.0,0.0,0.0,0.0,0.0,0.0,0.0,0.0,0.0
6988,Norway,Starchy Roots,Domestic supply,422.0,425.0,421.0,413.0,402.0,379.0,384.0,384.0,413.0,358.0,357.0,335.0,332.0,352.0,361.0,351.0,377.0,359.0
6989,Norway,Starchy Roots,Feed,20.0,17.0,31.0,35.0,22.0,4.0,5.0,7.0,36.0,13.0,18.0,1.0,3.0,24.0,9.0,8.0,9.0,7.0
6990,Norway,Starchy Roots,Seed,39.0,38.0,37.0,36.0,36.0,36.0,36.0,36.0,34.0,33.0,32.0,32.0,32.0,31.0,30.0,29.0,29.0,28.0
6991,Norway,Starchy Roots,Losses,20.0,25.0,25.0,15.0,15.0,10.0,13.0,11.0,11.0,8.0,8.0,6.0,7.0,7.0,37.0,31.0,48.0,32.0
6992,Norway,Oilcrops,Other uses (non-food),0.0,0.0,0.0,0.0,0.0,0.0,0.0,0.0,0.0,0.0,0.0,0.0,1.0,1.0,1.0,1.0,1.0,1.0
6993,Norway,Starchy Roots,Processing,15.0,15.0,0.0,0.0,0.0,0.0,0.0,0.0,0.0,5.0,5.0,5.0,10.0,10.0,9.0,9.0,10.0,8.0
6994,Norway,Starchy Roots,Human Consumption,321.0,322.0,321.0,321.0,321.0,321.0,321.0,321.0,321.0,290.0,282.0,275.0,266.0,268.0,271.0,270.0,277.0,278.0
6995,Norway,Sugar Crops,Import,0.0,0.0,0.0,0.0,0.0,0.0,0.0,0.0,0.0,0.0,0.0,0.0,0.0,0.0,0.0,0.0,0.0,0.0
6996,Norway,Sugar Crops,Stock Variation,0.0,0.0,0.0,0.0,0.0,0.0,0.0,0.0,0.0,0.0,0.0,0.0,0.0,0.0,0.0,0.0,0.0,0.0
6997,Norway,Sugar Crops,Export,0.0,0.0,0.0,0.0,0.0,0.0,0.0,0.0,0.0,0.0,0.0,0.0,0.0,0.0,0.0,0.0,0.0,0.0
6998,Norway,Sugar Crops,Domestic supply,0.0,0.0,0.0,0.0,0.0,0.0,0.0,0.0,0.0,0.0,0.0,0.0,0.0,0.0,0.0,0.0,0.0,0.0
6999,Norway,Sugar Crops,Other uses (non-food),0.0,0.0,0.0,0.0,0.0,0.0,0.0,0.0,0.0,0.0,0.0,0.0,0.0,0.0,0.0,0.0,0.0,0.0
7000,Norway,Sugar Crops,Human Consumption,0.0,0.0,0.0,0.0,0.0,0.0,0.0,0.0,0.0,0.0,0.0,0.0,0.0,0.0,0.0,0.0,0.0,0.0
7001,Norway,Stimulants,Stock Variation,0.0,0.0,0.0,0.0,0.0,0.0,0.0,0.0,0.0,0.0,0.0,0.0,0.0,0.0,-3.0,0.0,-1.0,-2.0
7002,Norway,Starchy Roots,Other uses (non-food),7.0,7.0,7.0,6.0,8.0,8.0,9.0,9.0,10.0,9.0,13.0,16.0,15.0,13.0,5.0,5.0,5.0,4.0
7003,Norway,Pulses,Export,0.0,0.0,0.0,0.0,0.0,0.0,1.0,1.0,0.0,0.0,0.0,1.0,3.0,5.0,4.0,6.0,5.0,5.0
7004,Norway,Oilcrops,Processing,396.0,386.0,392.0,462.0,421.0,414.0,412.0,424.0,456.0,429.0,445.0,441.0,434.0,439.0,398.0,441.0,434.0,435.0
7005,Norway,Oilcrops,Seed,0.0,0.0,0.0,0.0,0.0,0.0,0.0,0.0,0.0,0.0,0.0,0.0,0.0,0.0,0.0,0.0,0.0,0.0
7006,Norway,Pulses,Feed,0.0,0.0,0.0,1.0,23.0,39.0,43.0,47.0,24.0,24.0,42.0,39.0,35.0,24.0,30.0,38.0,65.0,95.0
7007,Norway,Pulses,Seed,0.0,0.0,0.0,0.0,0.0,0.0,0.0,0.0,0.0,0.0,0.0,0.0,0.0,0.0,0.0,0.0,0.0,0.0
7008,Norway,Pulses,Losses,0.0,0.0,0.0,0.0,1.0,1.0,1.0,1.0,2.0,2.0,2.0,2.0,1.0,2.0,1.0,1.0,2.0,2.0
7009,Norway,Pulses,Processing,0.0,0.0,0.0,0.0,0.0,0.0,0.0,0.0,0.0,0.0,0.0,0.0,0.0,0.0,16.0,18.0,19.0,20.0
7010,Norway,Pulses,Other uses (non-food),0.0,0.0,0.0,0.0,0.0,0.0,0.0,7.0,44.0,45.0,50.0,50.0,5.0,25.0,0.0,0.0,0.0,0.0
7011,Norway,Pulses,Human Consumption,4.0,5.0,4.0,5.0,8.0,6.0,6.0,9.0,16.0,17.0,27.0,21.0,27.0,27.0,25.0,25.0,27.0,32.0
7012,Norway,Treenuts,Import,14.0,13.0,12.0,14.0,16.0,18.0,19.0,21.0,21.0,21.0,23.0,23.0,26.0,26.0,11.0,11.0,11.0,10.0
7013,Norway,Treenuts,Stock Variation,0.0,0.0,0.0,0.0,0.0,-1.0,-1.0,-1.0,2.0,0.0,0.0,0.0,0.0,0.0,0.0,0.0,0.0,0.0
7014,Norway,Oilcrops,Losses,0.0,0.0,0.0,0.0,0.0,0.0,0.0,0.0,0.0,0.0,0.0,0.0,0.0,0.0,0.0,0.0,0.0,0.0
7015,Norway,Treenuts,Export,0.0,0.0,0.0,0.0,0.0,0.0,2.0,4.0,6.0,5.0,4.0,2.0,1.0,1.0,0.0,0.0,1.0,1.0
7016,Norway,Treenuts,Losses,0.0,0.0,0.0,0.0,0.0,0.0,0.0,0.0,0.0,0.0,0.0,0.0,0.0,0.0,0.0,0.0,0.0,0.0
7017,Norway,Treenuts,Human Consumption,13.0,13.0,12.0,13.0,16.0,17.0,16.0,16.0,17.0,16.0,19.0,21.0,25.0,24.0,11.0,11.0,10.0,10.0
7018,Norway,Oilcrops,Production,9.0,19.0,18.0,11.0,12.0,11.0,10.0,10.0,10.0,7.0,10.0,9.0,11.0,6.0,10.0,10.0,11.0,10.0
7019,Norway,Oilcrops,Import,438.0,416.0,431.0,492.0,434.0,461.0,483.0,511.0,501.0,472.0,448.0,468.0,437.0,461.0,429.0,461.0,458.0,468.0
7020,Norway,Oilcrops,Stock Variation,0.0,0.0,-2.0,-19.0,18.0,1.0,-2.0,-22.0,21.0,3.0,2.0,-3.0,1.0,1.0,20.0,4.0,31.0,-22.0
7021,Norway,Oilcrops,Export,4.0,1.0,1.0,1.0,2.0,3.0,2.0,5.0,3.0,2.0,1.0,1.0,2.0,1.0,2.0,2.0,1.0,1.0
7022,Norway,Oilcrops,Domestic supply,442.0,434.0,446.0,483.0,462.0,470.0,489.0,493.0,529.0,480.0,459.0,473.0,448.0,466.0,417.0,466.0,437.0,499.0
7023,Norway,Oilcrops,Feed,39.0,39.0,45.0,13.0,32.0,48.0,68.0,59.0,62.0,41.0,2.0,20.0,2.0,15.0,8.0,13.0,3.0,32.0
7024,Norway,Treenuts,Domestic supply,13.0,13.0,12.0,13.0,16.0,17.0,16.0,16.0,17.0,16.0,19.0,21.0,25.0,24.0,11.0,11.0,10.0,10.0
7025,Norway,Stimulants,Import,58.0,62.0,61.0,61.0,64.0,67.0,66.0,70.0,67.0,67.0,69.0,72.0,68.0,73.0,48.0,51.0,51.0,51.0
7026,Norway,"Aquatic Products, Other",Other uses (non-food),0.0,0.0,0.0,0.0,0.0,0.0,0.0,0.0,0.0,0.0,0.0,0.0,0.0,0.0,0.0,0.0,0.0,0.0
7027,Norway,Spices,Human Consumption,2.0,2.0,2.0,2.0,2.0,2.0,2.0,2.0,2.0,2.0,2.0,2.0,2.0,2.0,2.0,2.0,2.0,2.0
7028,Norway,Stimulants,Production,0.0,0.0,0.0,0.0,0.0,0.0,0.0,0.0,0.0,0.0,0.0,0.0,0.0,0.0,0.0,0.0,0.0,0.0
7029,Norway,"Fish, Seafood",Seed,2.0,2.0,3.0,1.0,29.0,3.0,5.0,64.0,68.0,54.0,133.0,95.0,90.0,100.0,5.0,3.0,3.0,9.0
7030,Norway,"Fish, Seafood",Other uses (non-food),15.0,20.0,0.0,10.0,15.0,145.0,55.0,25.0,25.0,100.0,0.0,0.0,0.0,0.0,0.0,0.0,0.0,0.0
7031,Norway,"Fish, Seafood",Human Consumption,224.0,223.0,227.0,217.0,238.0,242.0,240.0,247.0,255.0,257.0,265.0,263.0,264.0,263.0,261.0,260.0,270.0,272.0
7032,Norway,Eggs,Production,47.0,48.0,47.0,50.0,52.0,51.0,51.0,53.0,56.0,59.0,60.0,59.0,64.0,64.0,67.0,67.0,68.0,70.0
7033,Norway,Eggs,Import,0.0,1.0,1.0,1.0,0.0,1.0,2.0,3.0,2.0,1.0,0.0,2.0,1.0,1.0,1.0,0.0,1.0,1.0
7034,Norway,Eggs,Stock Variation,0.0,0.0,0.0,0.0,0.0,0.0,0.0,0.0,0.0,0.0,0.0,0.0,0.0,0.0,0.0,0.0,0.0,0.0
7035,Norway,Eggs,Export,1.0,4.0,0.0,0.0,1.0,1.0,0.0,0.0,0.0,1.0,1.0,0.0,0.0,0.0,0.0,0.0,0.0,0.0
7036,Norway,"Fish, Seafood",Domestic supply,1638.0,1632.0,1440.0,1721.0,1858.0,1927.0,1912.0,2061.0,2081.0,2370.0,1839.0,1935.0,1919.0,1844.0,1876.0,1658.0,1588.0,1804.0
7037,Norway,Eggs,Domestic supply,46.0,45.0,48.0,50.0,52.0,51.0,53.0,56.0,58.0,58.0,59.0,60.0,65.0,64.0,67.0,67.0,69.0,70.0
7038,Norway,Eggs,Losses,1.0,1.0,1.0,1.0,1.0,1.0,1.0,1.0,1.0,1.0,1.0,1.0,1.0,1.0,3.0,3.0,3.0,3.0
7039,Norway,Eggs,Human Consumption,43.0,42.0,44.0,46.0,48.0,47.0,48.0,51.0,52.0,53.0,54.0,55.0,59.0,58.0,59.0,59.0,60.0,61.0
7040,Norway,Milk - Excluding Butter,Production,1744.0,1696.0,1682.0,1597.0,1596.0,1588.0,1575.0,1616.0,1605.0,1576.0,1580.0,1549.0,1605.0,1598.0,1582.0,1608.0,1595.0,1565.0
7041,Norway,Milk - Excluding Butter,Import,33.0,35.0,40.0,47.0,58.0,70.0,73.0,78.0,80.0,83.0,99.0,111.0,117.0,118.0,114.0,122.0,127.0,131.0
7042,Norway,Milk - Excluding Butter,Stock Variation,-1.0,0.0,0.0,0.0,0.0,0.0,0.0,0.0,0.0,0.0,0.0,0.0,0.0,0.0,-15.0,-4.0,2.0,1.0
7043,Norway,Milk - Excluding Butter,Export,211.0,194.0,158.0,168.0,179.0,164.0,159.0,139.0,127.0,122.0,124.0,126.0,138.0,165.0,116.0,120.0,106.0,110.0
7044,Norway,Milk - Excluding Butter,Domestic supply,1566.0,1537.0,1564.0,1477.0,1475.0,1494.0,1489.0,1555.0,1558.0,1537.0,1556.0,1534.0,1584.0,1552.0,1595.0,1614.0,1614.0,1585.0
7045,Norway,Milk - Excluding Butter,Feed,190.0,141.0,152.0,152.0,189.0,182.0,180.0,185.0,185.0,196.0,196.0,170.0,145.0,157.0,150.0,168.0,187.0,170.0
7046,Norway,Eggs,Seed,2.0,2.0,3.0,3.0,3.0,3.0,4.0,4.0,4.0,4.0,4.0,4.0,5.0,5.0,5.0,5.0,5.0,5.0
7047,Norway,Milk - Excluding Butter,Losses,13.0,18.0,16.0,18.0,13.0,16.0,16.0,15.0,15.0,10.0,13.0,15.0,14.0,16.0,5.0,5.0,5.0,5.0
7048,Norway,"Fish, Seafood",Export,2589.0,2560.0,2714.0,2502.0,2359.0,2323.0,2269.0,2506.0,2623.0,3032.0,3142.0,2882.0,2956.0,2895.0,3167.0,3178.0,2916.0,3105.0
7049,Norway,"Fish, Seafood",Import,1030.0,1032.0,912.0,983.0,1068.0,1202.0,1251.0,1350.0,1432.0,1905.0,1239.0,1397.0,1498.0,1293.0,1409.0,1170.0,1145.0,1222.0
7050,Norway,Cereals - Excluding Beer,Production,1300.0,1220.0,1143.0,1287.0,1445.0,1298.0,1169.0,1202.0,1387.0,1055.0,1206.0,1027.0,1085.0,965.0,1239.0,1359.0,1327.0,1285.0
7051,Norway,Cereals - Excluding Beer,Import,450.0,525.0,602.0,616.0,531.0,427.0,597.0,767.0,817.0,615.0,805.0,819.0,998.0,1006.0,989.0,814.0,776.0,713.0
7052,Norway,Cereals - Excluding Beer,Stock Variation,35.0,124.0,5.0,-121.0,-64.0,118.0,-13.0,-175.0,57.0,156.0,-53.0,71.0,-189.0,-144.0,3.0,13.0,26.0,-4.0
7053,Norway,Cereals - Excluding Beer,Export,11.0,14.0,12.0,12.0,13.0,12.0,12.0,12.0,12.0,10.0,12.0,12.0,11.0,11.0,17.0,11.0,24.0,37.0
7054,Norway,Cereals - Excluding Beer,Domestic supply,1774.0,1855.0,1738.0,1770.0,1899.0,1831.0,1741.0,1782.0,2248.0,1816.0,1945.0,1905.0,1882.0,1816.0,2209.0,2150.0,2054.0,1965.0
7055,Norway,Cereals - Excluding Beer,Feed,1021.0,1092.0,972.0,987.0,1086.0,1010.0,895.0,926.0,1365.0,969.0,1054.0,1014.0,956.0,893.0,1203.0,1150.0,1133.0,1057.0
7056,Norway,Cereals - Excluding Beer,Seed,58.0,61.0,60.0,62.0,65.0,67.0,67.0,66.0,69.0,49.0,60.0,52.0,58.0,60.0,66.0,67.0,64.0,64.0
7057,Norway,Cereals - Excluding Beer,Losses,69.0,68.0,64.0,69.0,79.0,74.0,69.0,64.0,77.0,64.0,74.0,64.0,68.0,59.0,81.0,81.0,75.0,74.0
7058,Norway,"Fish, Seafood",Stock Variation,6.0,-38.0,-50.0,106.0,-13.0,-6.0,-39.0,-5.0,-8.0,2.0,42.0,-7.0,-94.0,124.0,0.0,-9.0,-1.0,9.0
7059,Norway,Cereals - Excluding Beer,Processing,64.0,62.0,64.0,61.0,66.0,62.0,67.0,68.0,68.0,68.0,65.0,65.0,64.0,62.0,64.0,68.0,70.0,66.0
7060,Norway,Cereals - Excluding Beer,Human Consumption,561.0,570.0,576.0,570.0,564.0,580.0,585.0,593.0,592.0,614.0,603.0,609.0,602.0,605.0,634.0,626.0,596.0,592.0
7061,Norway,"Aquatic Products, Other",Production,192.0,175.0,183.0,153.0,148.0,154.0,145.0,135.0,154.0,160.0,159.0,152.0,141.0,154.0,154.0,147.0,169.0,165.0
7062,Norway,"Aquatic Products, Other",Import,7.0,6.0,6.0,9.0,5.0,6.0,5.0,5.0,8.0,8.0,8.0,8.0,8.0,6.0,7.0,8.0,4.0,7.0
7063,Norway,"Aquatic Products, Other",Export,4.0,4.0,4.0,2.0,3.0,3.0,3.0,3.0,2.0,1.0,1.0,1.0,1.0,1.0,1.0,2.0,4.0,4.0
7064,Norway,"Aquatic Products, Other",Domestic supply,195.0,177.0,185.0,159.0,150.0,157.0,147.0,137.0,160.0,167.0,166.0,160.0,148.0,160.0,160.0,153.0,170.0,167.0
7065,Norway,"Aquatic Products, Other",Feed,195.0,177.0,185.0,159.0,150.0,157.0,147.0,137.0,160.0,167.0,166.0,160.0,148.0,160.0,160.0,153.0,170.0,167.0
7066,Norway,"Aquatic Products, Other",Human Consumption,0.0,0.0,0.0,0.0,0.0,0.0,0.0,0.0,0.0,0.0,0.0,0.0,0.0,0.0,0.0,0.0,0.0,0.0
7067,Norway,"Fish, Seafood",Production,3191.0,3198.0,3292.0,3133.0,3161.0,3054.0,2969.0,3222.0,3280.0,3495.0,3700.0,3427.0,3472.0,3322.0,3634.0,3675.0,3360.0,3677.0
7068,Norway,Cereals - Excluding Beer,Other uses (non-food),2.0,2.0,2.0,21.0,39.0,39.0,59.0,65.0,77.0,52.0,89.0,101.0,134.0,137.0,164.0,159.0,127.0,124.0
7069,Norway,Milk - Excluding Butter,Processing,0.0,0.0,0.0,0.0,0.0,0.0,0.0,0.0,0.0,0.0,0.0,0.0,0.0,0.0,0.0,0.0,0.0,0.0
7070,Norway,"Fish, Seafood",Feed,1397.0,1387.0,1210.0,1492.0,1576.0,1537.0,1612.0,1725.0,1733.0,1958.0,1441.0,1577.0,1565.0,1481.0,1610.0,1395.0,1314.0,1522.0
7071,Norway,Milk - Excluding Butter,Human Consumption,1185.0,1223.0,1237.0,1215.0,1205.0,1201.0,1205.0,1229.0,1234.0,1269.0,1279.0,1278.0,1332.0,1318.0,1367.0,1356.0,1343.0,1339.0
7072,Norway,Meat,Other uses (non-food),0.0,0.0,0.0,0.0,0.0,0.0,0.0,15.0,15.0,13.0,13.0,16.0,15.0,11.0,14.0,15.0,15.0,15.0
7073,Norway,Meat,Human Consumption,273.0,278.0,281.0,284.0,296.0,305.0,303.0,309.0,330.0,319.0,323.0,327.0,340.0,358.0,338.0,356.0,359.0,357.0
7074,Norway,Miscellaneous,Import,0.0,0.0,0.0,0.0,1.0,1.0,1.0,1.0,1.0,2.0,2.0,3.0,2.0,2.0,442.0,468.0,415.0,377.0
7075,Norway,Miscellaneous,Stock Variation,0.0,0.0,0.0,0.0,0.0,0.0,0.0,0.0,0.0,0.0,0.0,0.0,0.0,0.0,0.0,0.0,0.0,0.0
7076,Norway,Miscellaneous,Export,0.0,0.0,0.0,0.0,0.0,0.0,0.0,0.0,0.0,0.0,0.0,0.0,0.0,0.0,10.0,15.0,13.0,14.0
7077,Norway,Miscellaneous,Domestic supply,0.0,0.0,0.0,0.0,1.0,1.0,1.0,1.0,1.0,2.0,2.0,2.0,2.0,2.0,432.0,453.0,402.0,363.0
7078,Norway,Miscellaneous,Human Consumption,0.0,0.0,0.0,0.0,1.0,1.0,1.0,1.0,1.0,2.0,2.0,2.0,2.0,2.0,432.0,453.0,402.0,363.0
7079,Norway,Alcoholic Beverages,Production,261.0,250.0,256.0,251.0,271.0,256.0,269.0,276.0,275.0,270.0,263.0,251.0,252.0,252.0,261.0,279.0,285.0,283.0
7080,Norway,Meat,Processing,0.0,0.0,0.0,0.0,0.0,0.0,0.0,0.0,1.0,1.0,2.0,1.0,0.0,0.0,1.0,1.0,1.0,1.0
7081,Norway,Alcoholic Beverages,Import,77.0,92.0,102.0,121.0,127.0,133.0,132.0,132.0,138.0,137.0,143.0,144.0,144.0,171.0,168.0,162.0,198.0,200.0
7082,Norway,Alcoholic Beverages,Export,4.0,5.0,4.0,5.0,7.0,7.0,6.0,7.0,6.0,5.0,8.0,6.0,9.0,8.0,8.0,9.0,13.0,12.0
7083,Norway,Alcoholic Beverages,Domestic supply,334.0,336.0,354.0,368.0,391.0,381.0,395.0,401.0,407.0,402.0,398.0,389.0,387.0,415.0,421.0,424.0,452.0,447.0
7084,Norway,Alcoholic Beverages,Other uses (non-food),29.0,23.0,31.0,42.0,38.0,32.0,36.0,35.0,34.0,34.0,33.0,31.0,34.0,61.0,56.0,54.0,79.0,71.0
7085,Norway,Alcoholic Beverages,Human Consumption,304.0,313.0,323.0,326.0,353.0,349.0,359.0,366.0,373.0,369.0,365.0,358.0,352.0,354.0,365.0,370.0,373.0,376.0
7086,Norway,Spices,Import,2.0,2.0,2.0,2.0,3.0,2.0,2.0,3.0,3.0,2.0,2.0,2.0,2.0,2.0,2.0,3.0,3.0,3.0
7087,Norway,Spices,Stock Variation,0.0,0.0,0.0,0.0,0.0,0.0,0.0,0.0,0.0,0.0,0.0,0.0,0.0,0.0,0.0,0.0,1.0,1.0
7088,Norway,Spices,Export,0.0,0.0,0.0,0.0,1.0,1.0,1.0,0.0,0.0,0.0,0.0,0.0,0.0,0.0,0.0,0.0,0.0,0.0
7089,Norway,Milk - Excluding Butter,Other uses (non-food),178.0,155.0,158.0,91.0,68.0,96.0,88.0,126.0,123.0,63.0,68.0,70.0,93.0,62.0,73.0,85.0,79.0,76.0
7090,Norway,Alcoholic Beverages,Stock Variation,0.0,0.0,0.0,0.0,0.0,0.0,0.0,0.0,0.0,0.0,0.0,0.0,0.0,0.0,1.0,8.0,19.0,25.0
7091,Norway,Meat,Domestic supply,273.0,278.0,281.0,284.0,296.0,306.0,304.0,324.0,345.0,333.0,338.0,343.0,355.0,369.0,353.0,372.0,375.0,373.0
7092,Norway,Spices,Domestic supply,2.0,2.0,2.0,2.0,2.0,2.0,2.0,2.0,2.0,2.0,2.0,2.0,2.0,2.0,2.0,2.0,2.0,2.0
7093,Norway,Meat,Stock Variation,0.0,0.0,0.0,0.0,0.0,0.0,0.0,0.0,0.0,0.0,0.0,0.0,0.0,0.0,13.0,-1.0,3.0,4.0
7094,Norway,Meat,Export,4.0,4.0,3.0,4.0,8.0,7.0,10.0,5.0,3.0,4.0,6.0,4.0,5.0,7.0,7.0,4.0,5.0,8.0
7095,Norway,Animal fats,Import,247.0,256.0,189.0,217.0,225.0,240.0,214.0,250.0,206.0,270.0,237.0,198.0,198.0,180.0,185.0,191.0,197.0,194.0
7096,Norway,Animal fats,Stock Variation,3.0,4.0,0.0,0.0,0.0,0.0,0.0,0.0,0.0,0.0,0.0,0.0,0.0,0.0,7.0,7.0,1.0,0.0
7097,Norway,Animal fats,Export,71.0,46.0,41.0,48.0,35.0,31.0,42.0,60.0,69.0,65.0,73.0,76.0,72.0,71.0,85.0,90.0,88.0,91.0
7098,Norway,Animal fats,Domestic supply,341.0,360.0,285.0,298.0,305.0,316.0,286.0,313.0,252.0,324.0,284.0,245.0,245.0,226.0,208.0,208.0,233.0,219.0
7099,Norway,Animal fats,Feed,6.0,6.0,6.0,6.0,6.0,6.0,7.0,8.0,8.0,11.0,10.0,9.0,8.0,6.0,8.0,7.0,8.0,6.0
7100,Norway,Animal fats,Losses,0.0,0.0,0.0,0.0,0.0,0.0,0.0,0.0,0.0,0.0,0.0,0.0,0.0,0.0,0.0,0.0,0.0,0.0
7101,Norway,Animal fats,Processing,0.0,5.0,0.0,0.0,4.0,0.0,0.0,3.0,0.0,0.0,2.0,0.0,0.0,4.0,4.0,4.0,9.0,4.0
7102,Norway,Animal fats,Other uses (non-food),255.0,267.0,205.0,210.0,205.0,236.0,185.0,214.0,169.0,238.0,197.0,157.0,157.0,139.0,149.0,145.0,160.0,148.0
7103,Norway,Animal fats,Production,162.0,146.0,137.0,129.0,115.0,106.0,115.0,123.0,115.0,119.0,119.0,123.0,119.0,117.0,115.0,114.0,124.0,116.0
7104,Norway,Offals,Production,12.0,11.0,11.0,12.0,12.0,11.0,12.0,12.0,12.0,12.0,13.0,13.0,12.0,13.0,15.0,13.0,13.0,13.0
7105,Norway,Offals,Import,0.0,0.0,0.0,1.0,1.0,1.0,1.0,1.0,2.0,1.0,1.0,1.0,0.0,0.0,0.0,0.0,0.0,0.0
7106,Norway,Offals,Export,1.0,1.0,1.0,2.0,2.0,2.0,2.0,2.0,3.0,3.0,4.0,3.0,3.0,3.0,5.0,3.0,3.0,4.0
7107,Norway,Offals,Domestic supply,11.0,11.0,10.0,10.0,10.0,10.0,10.0,10.0,11.0,10.0,10.0,10.0,10.0,10.0,10.0,11.0,10.0,9.0
7108,Norway,Offals,Losses,0.0,0.0,0.0,0.0,0.0,0.0,0.0,0.0,0.0,0.0,0.0,0.0,0.0,0.0,1.0,1.0,1.0,1.0
7109,Norway,Offals,Human Consumption,11.0,11.0,10.0,10.0,10.0,10.0,10.0,10.0,11.0,10.0,10.0,10.0,10.0,10.0,9.0,10.0,10.0,9.0
7110,Norway,Meat,Production,268.0,270.0,273.0,271.0,287.0,289.0,298.0,302.0,323.0,320.0,328.0,326.0,329.0,345.0,345.0,340.0,351.0,358.0
7111,Norway,Animal fats,Human Consumption,79.0,82.0,75.0,88.0,93.0,76.0,93.0,87.0,75.0,75.0,74.0,79.0,80.0,77.0,53.0,58.0,61.0,61.0
7112,Norway,Meat,Import,9.0,12.0,12.0,17.0,17.0,24.0,16.0,27.0,25.0,16.0,15.0,21.0,31.0,31.0,27.0,35.0,33.0,27.0
7113,Oman,Vegetables,Export,9.0,16.0,16.0,17.0,23.0,47.0,39.0,62.0,87.0,97.0,137.0,144.0,119.0,129.0,108.0,97.0,133.0,117.0
7114,Oman,Vegetables,Domestic supply,342.0,326.0,335.0,308.0,325.0,264.0,274.0,290.0,362.0,349.0,440.0,362.0,388.0,391.0,459.0,486.0,507.0,782.0
7115,Oman,Vegetables,Feed,0.0,0.0,0.0,0.0,0.0,0.0,0.0,0.0,0.0,0.0,0.0,0.0,0.0,0.0,0.0,0.0,0.0,0.0
7116,Oman,Vegetables,Losses,19.0,15.0,16.0,15.0,15.0,12.0,12.0,12.0,18.0,17.0,22.0,23.0,22.0,22.0,39.0,42.0,42.0,67.0
7117,Oman,Vegetables,Other uses (non-food),0.0,0.0,0.0,0.0,0.0,0.0,0.0,0.0,25.0,0.0,0.0,0.0,0.0,0.0,0.0,0.0,0.0,0.0
7118,Oman,Vegetables,Human Consumption,326.0,315.0,322.0,297.0,315.0,256.0,265.0,281.0,322.0,341.0,427.0,357.0,376.0,377.0,429.0,444.0,473.0,721.0
7119,Oman,Vegetable Oils,Production,2.0,1.0,1.0,2.0,3.0,5.0,2.0,3.0,2.0,3.0,3.0,4.0,4.0,6.0,7.0,7.0,8.0,8.0
7120,Oman,Vegetable Oils,Domestic supply,91.0,58.0,70.0,67.0,27.0,45.0,10.0,39.0,30.0,16.0,70.0,66.0,112.0,118.0,102.0,78.0,134.0,149.0
7121,Oman,Vegetable Oils,Stock Variation,-4.0,20.0,-3.0,-3.0,-28.0,21.0,-5.0,5.0,22.0,-7.0,5.0,2.0,-3.0,-2.0,3.0,9.0,-7.0,11.0
7122,Oman,Vegetable Oils,Export,34.0,34.0,35.0,44.0,66.0,97.0,117.0,103.0,162.0,135.0,81.0,107.0,86.0,102.0,147.0,154.0,139.0,149.0
7123,Oman,Vegetable Oils,Other uses (non-food),72.0,39.0,60.0,48.0,24.0,25.0,27.0,29.0,19.0,11.0,52.0,49.0,101.0,93.0,91.0,73.0,101.0,133.0
7124,Oman,Vegetable Oils,Human Consumption,23.0,22.0,22.0,23.0,24.0,24.0,25.0,26.0,26.0,26.0,28.0,32.0,41.0,47.0,43.0,42.0,50.0,46.0
7125,Oman,Sugar & Sweeteners,Production,0.0,0.0,0.0,0.0,0.0,0.0,0.0,0.0,0.0,0.0,0.0,0.0,0.0,0.0,0.0,0.0,1.0,1.0
7126,Oman,Sugar & Sweeteners,Import,63.0,66.0,61.0,72.0,83.0,89.0,146.0,93.0,155.0,125.0,134.0,96.0,94.0,119.0,189.0,199.0,157.0,178.0
7127,Oman,Sugar & Sweeteners,Stock Variation,3.0,1.0,10.0,3.0,2.0,10.0,-47.0,12.0,-49.0,-6.0,-26.0,30.0,39.0,28.0,20.0,16.0,-27.0,-24.0
7128,Oman,Vegetables,Stock Variation,0.0,-7.0,-12.0,-17.0,-16.0,1.0,-15.0,1.0,3.0,0.0,37.0,20.0,-7.0,-14.0,8.0,7.0,-2.0,5.0
7129,Oman,Vegetable Oils,Import,128.0,71.0,107.0,112.0,117.0,116.0,129.0,134.0,168.0,155.0,142.0,167.0,197.0,216.0,245.0,235.0,259.0,301.0
7130,Oman,Vegetables,Import,118.0,135.0,149.0,138.0,125.0,140.0,168.0,159.0,239.0,211.0,200.0,202.0,218.0,236.0,218.0,197.0,232.0,274.0
7131,Oman,Fruits - Excluding Wine,Stock Variation,0.0,0.0,0.0,0.0,-2.0,1.0,-25.0,25.0,-48.0,46.0,-82.0,55.0,27.0,3.0,1.0,3.0,3.0,5.0
7132,Oman,Fruits - Excluding Wine,Human Consumption,328.0,358.0,403.0,413.0,451.0,484.0,516.0,545.0,556.0,672.0,740.0,756.0,896.0,833.0,561.0,581.0,621.0,648.0
7133,Oman,Sugar & Sweeteners,Export,5.0,3.0,4.0,6.0,6.0,11.0,15.0,15.0,12.0,22.0,8.0,15.0,12.0,10.0,8.0,20.0,10.0,25.0
7134,Oman,Stimulants,Production,0.0,0.0,0.0,0.0,0.0,0.0,0.0,0.0,0.0,0.0,0.0,0.0,0.0,0.0,0.0,0.0,0.0,0.0
7135,Oman,Stimulants,Import,10.0,12.0,12.0,16.0,15.0,15.0,19.0,18.0,15.0,15.0,15.0,15.0,16.0,20.0,13.0,11.0,11.0,15.0
7136,Oman,Spices,Human Consumption,3.0,4.0,6.0,5.0,7.0,6.0,5.0,9.0,10.0,9.0,9.0,11.0,13.0,13.0,14.0,14.0,15.0,15.0
7137,Oman,Stimulants,Export,1.0,2.0,3.0,3.0,2.0,3.0,4.0,4.0,4.0,11.0,3.0,4.0,2.0,2.0,0.0,2.0,2.0,7.0
7138,Oman,Stimulants,Domestic supply,8.0,10.0,8.0,13.0,12.0,12.0,10.0,11.0,11.0,10.0,12.0,12.0,13.0,17.0,10.0,9.0,9.0,9.0
7139,Oman,Stimulants,Other uses (non-food),0.0,0.0,0.0,0.0,0.0,0.0,0.0,0.0,0.0,0.0,0.0,0.0,0.0,0.0,0.0,0.0,0.0,0.0
7140,Oman,Stimulants,Human Consumption,8.0,10.0,8.0,13.0,12.0,12.0,10.0,11.0,11.0,10.0,12.0,12.0,13.0,17.0,10.0,9.0,9.0,9.0
7141,Oman,Fruits - Excluding Wine,Production,335.0,354.0,293.0,269.0,282.0,289.0,299.0,299.0,315.0,306.0,352.0,347.0,350.0,353.0,370.0,403.0,414.0,422.0
7142,Oman,Fruits - Excluding Wine,Import,84.0,111.0,175.0,223.0,243.0,249.0,302.0,282.0,354.0,389.0,548.0,430.0,593.0,567.0,327.0,325.0,367.0,407.0
7143,Oman,Fruits - Excluding Wine,Export,13.0,26.0,23.0,39.0,31.0,14.0,18.0,17.0,20.0,23.0,22.0,26.0,26.0,40.0,21.0,23.0,31.0,47.0
7144,Oman,Fruits - Excluding Wine,Domestic supply,406.0,438.0,445.0,453.0,492.0,525.0,559.0,589.0,602.0,718.0,795.0,807.0,945.0,883.0,674.0,702.0,747.0,777.0
7145,Oman,Fruits - Excluding Wine,Feed,10.0,15.0,8.0,8.0,8.0,8.0,8.0,8.0,8.0,8.0,9.0,3.0,3.0,3.0,4.0,4.0,4.0,4.0
7146,Oman,Fruits - Excluding Wine,Seed,0.0,0.0,0.0,0.0,0.0,0.0,0.0,0.0,0.0,0.0,0.0,0.0,0.0,0.0,1.0,1.0,1.0,1.0
7147,Oman,Fruits - Excluding Wine,Losses,38.0,40.0,34.0,32.0,33.0,33.0,34.0,35.0,38.0,37.0,47.0,47.0,46.0,47.0,44.0,45.0,49.0,51.0
7148,Oman,Fruits - Excluding Wine,Processing,0.0,0.0,0.0,0.0,0.0,0.0,0.0,0.0,0.0,0.0,0.0,0.0,0.0,0.0,64.0,72.0,72.0,74.0
7149,Oman,Fruits - Excluding Wine,Other uses (non-food),30.0,30.0,0.0,0.0,0.0,0.0,0.0,0.0,0.0,0.0,0.0,0.0,0.0,0.0,0.0,0.0,0.0,0.0
7150,Oman,Vegetables,Production,233.0,213.0,213.0,204.0,239.0,170.0,160.0,193.0,207.0,234.0,341.0,285.0,295.0,298.0,357.0,393.0,406.0,630.0
7151,Oman,Sugar & Sweeteners,Domestic supply,61.0,64.0,67.0,69.0,80.0,87.0,84.0,90.0,94.0,97.0,101.0,111.0,121.0,137.0,162.0,164.0,175.0,177.0
7152,Oman,Spices,Domestic supply,3.0,4.0,6.0,5.0,7.0,6.0,5.0,9.0,10.0,9.0,9.0,11.0,13.0,13.0,14.0,14.0,15.0,15.0
7153,Oman,Sugar & Sweeteners,Losses,0.0,0.0,0.0,0.0,0.0,0.0,0.0,0.0,0.0,0.0,0.0,0.0,0.0,0.0,0.0,0.0,0.0,0.0
7154,Oman,Starchy Roots,Import,30.0,41.0,40.0,40.0,51.0,52.0,46.0,45.0,56.0,62.0,58.0,59.0,88.0,95.0,99.0,96.0,107.0,140.0
7155,Oman,Starchy Roots,Stock Variation,0.0,0.0,0.0,0.0,0.0,0.0,0.0,0.0,0.0,0.0,0.0,0.0,0.0,0.0,10.0,16.0,14.0,37.0
7156,Oman,Starchy Roots,Export,13.0,5.0,1.0,2.0,0.0,0.0,1.0,1.0,1.0,1.0,1.0,0.0,0.0,3.0,0.0,1.0,1.0,4.0
7157,Oman,Starchy Roots,Domestic supply,35.0,49.0,54.0,53.0,66.0,58.0,50.0,53.0,66.0,70.0,65.0,67.0,97.0,102.0,94.0,102.0,105.0,115.0
7158,Oman,Starchy Roots,Feed,0.0,0.0,0.0,0.0,0.0,0.0,0.0,0.0,0.0,0.0,0.0,0.0,1.0,0.0,1.0,1.0,1.0,1.0
7159,Oman,Starchy Roots,Losses,0.0,0.0,0.0,0.0,0.0,0.0,0.0,0.0,0.0,0.0,0.0,0.0,0.0,0.0,1.0,2.0,1.0,2.0
7160,Oman,Starchy Roots,Other uses (non-food),0.0,0.0,0.0,0.0,0.0,0.0,0.0,0.0,0.0,0.0,0.0,0.0,0.0,0.0,0.0,0.0,0.0,0.0
7161,Oman,Starchy Roots,Human Consumption,35.0,49.0,54.0,53.0,66.0,58.0,50.0,53.0,66.0,70.0,65.0,67.0,96.0,101.0,92.0,99.0,103.0,113.0
7162,Oman,Sugar Crops,Production,0.0,0.0,0.0,1.0,2.0,1.0,1.0,1.0,1.0,1.0,1.0,1.0,1.0,1.0,1.0,1.0,1.0,1.0
7163,Oman,Sugar Crops,Import,0.0,0.0,0.0,0.0,0.0,1.0,0.0,0.0,0.0,0.0,0.0,0.0,0.0,0.0,0.0,1.0,1.0,1.0
7164,Oman,Sugar Crops,Stock Variation,0.0,0.0,0.0,0.0,0.0,0.0,0.0,0.0,0.0,0.0,0.0,0.0,0.0,0.0,0.0,1.0,0.0,0.0
7165,Oman,Sugar Crops,Export,0.0,0.0,0.0,0.0,0.0,0.0,0.0,0.0,0.0,0.0,0.0,0.0,0.0,0.0,0.0,0.0,0.0,0.0
7166,Oman,Sugar Crops,Domestic supply,0.0,0.0,0.0,1.0,2.0,1.0,1.0,1.0,1.0,1.0,1.0,1.0,1.0,1.0,1.0,1.0,2.0,2.0
7167,Oman,Sugar Crops,Feed,0.0,0.0,0.0,0.0,0.0,0.0,0.0,0.0,0.0,0.0,0.0,0.0,0.0,0.0,0.0,0.0,0.0,0.0
7168,Oman,Sugar Crops,Losses,0.0,0.0,0.0,0.0,0.0,0.0,0.0,0.0,0.0,0.0,0.0,0.0,0.0,0.0,0.0,0.0,0.0,0.0
7169,Oman,Sugar Crops,Other uses (non-food),0.0,0.0,0.0,1.0,2.0,1.0,1.0,1.0,1.0,1.0,1.0,1.0,1.0,1.0,1.0,1.0,1.0,1.0
7170,Oman,Sugar Crops,Human Consumption,0.0,0.0,0.0,0.0,0.0,1.0,0.0,0.0,0.0,0.0,0.0,0.0,0.0,0.0,0.0,0.0,0.0,1.0
7171,Oman,Starchy Roots,Production,18.0,13.0,15.0,15.0,16.0,6.0,5.0,9.0,11.0,10.0,7.0,8.0,9.0,10.0,5.0,23.0,13.0,16.0
7172,Oman,Oilcrops,Human Consumption,20.0,15.0,10.0,10.0,10.0,7.0,8.0,6.0,11.0,10.0,11.0,11.0,17.0,17.0,10.0,8.0,10.0,9.0
7173,Oman,Oilcrops,Other uses (non-food),0.0,0.0,0.0,1.0,1.0,2.0,1.0,1.0,0.0,0.0,1.0,0.0,0.0,0.0,0.0,1.0,0.0,1.0
7174,Oman,Oilcrops,Feed,11.0,6.0,9.0,14.0,18.0,26.0,20.0,10.0,12.0,1.0,4.0,0.0,1.0,1.0,0.0,0.0,0.0,1.0
7175,Oman,Sugar & Sweeteners,Other uses (non-food),1.0,1.0,1.0,2.0,2.0,2.0,2.0,2.0,3.0,4.0,4.0,5.0,5.0,6.0,5.0,5.0,4.0,6.0
7176,Oman,Sugar & Sweeteners,Human Consumption,59.0,63.0,66.0,68.0,78.0,86.0,82.0,88.0,91.0,94.0,97.0,106.0,116.0,131.0,156.0,159.0,171.0,172.0
7177,Oman,Pulses,Import,4.0,3.0,3.0,5.0,5.0,6.0,7.0,8.0,7.0,8.0,13.0,13.0,13.0,17.0,16.0,18.0,24.0,40.0
7178,Oman,Pulses,Stock Variation,0.0,0.0,0.0,0.0,0.0,0.0,0.0,0.0,0.0,0.0,0.0,0.0,0.0,0.0,0.0,1.0,6.0,13.0
7179,Oman,Pulses,Export,0.0,0.0,0.0,0.0,0.0,0.0,0.0,0.0,0.0,0.0,0.0,0.0,0.0,0.0,0.0,1.0,0.0,9.0
7180,Oman,Pulses,Domestic supply,4.0,3.0,3.0,5.0,5.0,6.0,7.0,7.0,7.0,8.0,13.0,13.0,12.0,17.0,16.0,16.0,18.0,19.0
7181,Oman,Pulses,Feed,0.0,0.0,0.0,0.0,0.0,0.0,0.0,0.0,0.0,0.0,0.0,0.0,0.0,0.0,0.0,0.0,0.0,0.0
7182,Oman,Pulses,Human Consumption,4.0,3.0,3.0,5.0,5.0,6.0,7.0,7.0,7.0,8.0,13.0,13.0,12.0,17.0,16.0,16.0,18.0,18.0
7183,Oman,Sugar & Sweeteners,Feed,0.0,0.0,0.0,0.0,0.0,0.0,0.0,0.0,0.0,0.0,0.0,0.0,0.0,0.0,0.0,0.0,0.0,0.0
7184,Oman,Treenuts,Import,0.0,1.0,3.0,3.0,3.0,3.0,2.0,3.0,5.0,9.0,3.0,3.0,4.0,6.0,3.0,4.0,4.0,4.0
7185,Oman,Treenuts,Export,0.0,0.0,0.0,0.0,0.0,0.0,0.0,0.0,0.0,0.0,0.0,0.0,0.0,0.0,0.0,0.0,0.0,1.0
7186,Oman,Treenuts,Domestic supply,0.0,1.0,3.0,3.0,3.0,3.0,2.0,3.0,5.0,9.0,3.0,3.0,4.0,6.0,3.0,3.0,3.0,3.0
7187,Oman,Treenuts,Human Consumption,0.0,1.0,3.0,3.0,3.0,3.0,2.0,3.0,5.0,9.0,3.0,3.0,4.0,6.0,3.0,3.0,3.0,3.0
7188,Oman,Oilcrops,Production,0.0,0.0,0.0,0.0,0.0,0.0,0.0,0.0,0.0,0.0,0.0,0.0,0.0,0.0,0.0,0.0,0.0,0.0
7189,Oman,Oilcrops,Import,32.0,23.0,23.0,27.0,29.0,36.0,30.0,17.0,25.0,15.0,16.0,12.0,19.0,19.0,12.0,12.0,14.0,16.0
7190,Oman,Oilcrops,Stock Variation,0.0,0.0,0.0,0.0,0.0,0.0,0.0,0.0,-2.0,-2.0,2.0,1.0,1.0,1.0,1.0,1.0,3.0,4.0
7191,Oman,Oilcrops,Export,2.0,2.0,3.0,2.0,0.0,0.0,0.0,0.0,1.0,3.0,6.0,9.0,1.0,1.0,1.0,2.0,1.0,1.0
7192,Oman,Oilcrops,Domestic supply,30.0,21.0,20.0,25.0,29.0,36.0,30.0,16.0,22.0,10.0,11.0,4.0,18.0,19.0,11.0,9.0,10.0,11.0
7193,Oman,Treenuts,Stock Variation,0.0,0.0,0.0,0.0,0.0,0.0,0.0,0.0,0.0,0.0,0.0,0.0,0.0,0.0,0.0,1.0,1.0,0.0
7194,Oman,Spices,Export,0.0,0.0,0.0,0.0,0.0,0.0,0.0,0.0,0.0,0.0,0.0,0.0,0.0,1.0,0.0,0.0,0.0,2.0
7195,Oman,Stimulants,Stock Variation,0.0,0.0,0.0,0.0,0.0,0.0,-4.0,-2.0,0.0,6.0,0.0,0.0,0.0,0.0,3.0,-1.0,0.0,-1.0
7196,Oman,Spices,Import,4.0,4.0,6.0,7.0,5.0,6.0,6.0,9.0,10.0,9.0,9.0,11.0,13.0,14.0,17.0,16.0,19.0,21.0
7197,Oman,"Fish, Seafood",Domestic supply,90.0,100.0,93.0,89.0,86.0,111.0,91.0,118.0,89.0,93.0,90.0,101.0,101.0,101.0,143.0,174.0,186.0,304.0
7198,Oman,"Fish, Seafood",Feed,9.0,5.0,6.0,3.0,4.0,18.0,20.0,45.0,15.0,15.0,6.0,9.0,9.0,9.0,10.0,32.0,28.0,120.0
7199,Oman,"Fish, Seafood",Other uses (non-food),22.0,35.0,25.0,21.0,15.0,25.0,0.0,0.0,0.0,0.0,6.0,10.0,10.0,10.0,23.0,23.0,32.0,50.0
7200,Oman,"Fish, Seafood",Human Consumption,58.0,60.0,62.0,65.0,67.0,69.0,72.0,73.0,75.0,78.0,78.0,81.0,81.0,81.0,110.0,119.0,127.0,133.0
7201,Oman,Eggs,Production,7.0,9.0,9.0,8.0,9.0,10.0,9.0,9.0,9.0,9.0,9.0,11.0,12.0,12.0,13.0,19.0,20.0,22.0
7202,Oman,Eggs,Import,12.0,12.0,13.0,12.0,14.0,14.0,14.0,20.0,17.0,17.0,18.0,20.0,24.0,23.0,24.0,25.0,26.0,27.0
7203,Oman,Eggs,Stock Variation,0.0,0.0,0.0,0.0,0.0,0.0,0.0,0.0,0.0,0.0,0.0,0.0,0.0,0.0,0.0,0.0,0.0,0.0
7204,Oman,Eggs,Export,2.0,2.0,2.0,3.0,3.0,4.0,2.0,2.0,5.0,5.0,6.0,5.0,5.0,5.0,5.0,6.0,8.0,8.0
7205,Oman,Eggs,Domestic supply,16.0,18.0,19.0,17.0,20.0,20.0,20.0,27.0,22.0,21.0,22.0,25.0,31.0,30.0,32.0,38.0,38.0,41.0
7206,Oman,Eggs,Feed,0.0,0.0,0.0,0.0,0.0,0.0,0.0,0.0,0.0,0.0,0.0,0.0,0.0,0.0,0.0,1.0,0.0,1.0
7207,Oman,Eggs,Seed,0.0,0.0,1.0,0.0,1.0,1.0,0.0,0.0,0.0,0.0,0.0,0.0,0.0,0.0,1.0,1.0,1.0,2.0
7208,Oman,Eggs,Losses,1.0,1.0,1.0,1.0,1.0,1.0,1.0,2.0,1.0,1.0,2.0,2.0,1.0,1.0,1.0,1.0,1.0,1.0
7209,Oman,Eggs,Other uses (non-food),0.0,0.0,0.0,0.0,0.0,0.0,0.0,0.0,1.0,0.0,1.0,0.0,0.0,0.0,0.0,0.0,0.0,0.0
7210,Oman,Eggs,Human Consumption,15.0,17.0,17.0,16.0,16.0,18.0,19.0,25.0,19.0,19.0,19.0,22.0,29.0,28.0,30.0,36.0,35.0,38.0
7211,Oman,Milk - Excluding Butter,Production,102.0,103.0,104.0,119.0,133.0,135.0,136.0,138.0,141.0,126.0,174.0,176.0,178.0,195.0,218.0,222.0,225.0,229.0
7212,Oman,Milk - Excluding Butter,Import,207.0,405.0,451.0,483.0,615.0,505.0,446.0,503.0,814.0,760.0,683.0,727.0,927.0,898.0,315.0,391.0,367.0,356.0
7213,Oman,Milk - Excluding Butter,Stock Variation,62.0,15.0,-46.0,23.0,8.0,31.0,-15.0,-9.0,74.0,-15.0,15.0,15.0,-69.0,-42.0,0.0,2.0,10.0,0.0
7214,Oman,"Fish, Seafood",Export,59.0,54.0,109.0,68.0,107.0,86.0,75.0,59.0,87.0,93.0,117.0,99.0,99.0,99.0,105.0,128.0,142.0,87.0
7215,Oman,Milk - Excluding Butter,Export,109.0,230.0,253.0,314.0,471.0,390.0,277.0,327.0,598.0,511.0,458.0,457.0,466.0,461.0,66.0,84.0,61.0,64.0
7216,Oman,"Fish, Seafood",Stock Variation,-12.0,-18.0,30.0,-11.0,8.0,-9.0,-4.0,1.0,-6.0,-3.0,19.0,5.0,5.0,5.0,0.0,0.0,0.0,0.0
7217,Oman,"Fish, Seafood",Production,120.0,130.0,143.0,139.0,166.0,158.0,148.0,152.0,152.0,159.0,164.0,159.0,159.0,159.0,211.0,257.0,280.0,348.0
7218,Oman,Spices,Stock Variation,0.0,0.0,0.0,-2.0,2.0,0.0,0.0,0.0,0.0,0.0,0.0,0.0,0.0,0.0,3.0,1.0,4.0,5.0
7219,Oman,Cereals - Excluding Beer,Production,11.0,13.0,14.0,14.0,19.0,15.0,14.0,16.0,15.0,47.0,32.0,43.0,46.0,48.0,41.0,79.0,63.0,63.0
7220,Oman,Cereals - Excluding Beer,Import,614.0,506.0,543.0,450.0,568.0,547.0,501.0,602.0,713.0,612.0,914.0,766.0,948.0,993.0,1278.0,1273.0,1277.0,1409.0
7221,Oman,Cereals - Excluding Beer,Stock Variation,-74.0,29.0,-35.0,60.0,-5.0,62.0,23.0,-18.0,-145.0,44.0,-92.0,-7.0,-99.0,126.0,60.0,-6.0,-55.0,43.0
7222,Oman,Cereals - Excluding Beer,Export,205.0,229.0,232.0,190.0,157.0,162.0,142.0,139.0,154.0,170.0,197.0,223.0,246.0,355.0,363.0,397.0,430.0,405.0
7223,Oman,Cereals - Excluding Beer,Domestic supply,346.0,318.0,290.0,334.0,426.0,463.0,397.0,461.0,429.0,533.0,657.0,578.0,649.0,812.0,896.0,961.0,965.0,1025.0
7224,Oman,Cereals - Excluding Beer,Feed,47.0,35.0,18.0,51.0,49.0,56.0,58.0,56.0,29.0,90.0,37.0,68.0,88.0,152.0,138.0,181.0,165.0,188.0
7225,Oman,Cereals - Excluding Beer,Seed,0.0,0.0,0.0,0.0,0.0,0.0,0.0,0.0,0.0,0.0,0.0,0.0,0.0,0.0,0.0,0.0,0.0,0.0
7226,Oman,Cereals - Excluding Beer,Losses,9.0,10.0,7.0,7.0,7.0,9.0,13.0,14.0,23.0,14.0,17.0,15.0,16.0,28.0,1.0,1.0,1.0,1.0
7227,Oman,Cereals - Excluding Beer,Processing,0.0,0.0,0.0,0.0,0.0,0.0,0.0,0.0,0.0,0.0,0.0,0.0,0.0,0.0,0.0,0.0,0.0,0.0
7228,Oman,Cereals - Excluding Beer,Other uses (non-food),32.0,20.0,4.0,20.0,94.0,108.0,28.0,78.0,69.0,94.0,246.0,86.0,108.0,130.0,196.0,172.0,193.0,197.0
7229,Oman,Cereals - Excluding Beer,Human Consumption,258.0,253.0,261.0,255.0,276.0,288.0,297.0,312.0,308.0,334.0,357.0,410.0,436.0,501.0,560.0,612.0,608.0,641.0
7230,Oman,"Aquatic Products, Other",Import,0.0,0.0,0.0,0.0,0.0,0.0,0.0,0.0,0.0,0.0,0.0,0.0,0.0,0.0,0.0,0.0,0.0,0.0
7231,Oman,"Aquatic Products, Other",Stock Variation,0.0,0.0,0.0,0.0,0.0,0.0,0.0,0.0,0.0,0.0,0.0,0.0,0.0,0.0,0.0,0.0,0.0,0.0
7232,Oman,"Aquatic Products, Other",Domestic supply,0.0,0.0,0.0,0.0,0.0,0.0,0.0,0.0,0.0,0.0,0.0,0.0,0.0,0.0,0.0,0.0,0.0,0.0
7233,Oman,"Aquatic Products, Other",Other uses (non-food),0.0,0.0,0.0,0.0,0.0,0.0,0.0,0.0,0.0,0.0,0.0,0.0,0.0,0.0,0.0,0.0,0.0,0.0
7234,Oman,"Aquatic Products, Other",Human Consumption,0.0,0.0,0.0,0.0,0.0,0.0,0.0,0.0,0.0,0.0,0.0,0.0,0.0,0.0,0.0,0.0,0.0,0.0
7235,Oman,"Fish, Seafood",Import,40.0,42.0,30.0,29.0,19.0,48.0,23.0,24.0,31.0,31.0,24.0,36.0,36.0,36.0,36.0,45.0,49.0,44.0
7236,Oman,Milk - Excluding Butter,Domestic supply,262.0,293.0,256.0,311.0,285.0,280.0,290.0,304.0,431.0,359.0,414.0,461.0,570.0,590.0,467.0,526.0,521.0,522.0
7237,Oman,"Aquatic Products, Other",Export,0.0,0.0,0.0,0.0,0.0,0.0,0.0,0.0,0.0,0.0,0.0,0.0,0.0,0.0,0.0,0.0,0.0,0.0
7238,Oman,Milk - Excluding Butter,Losses,0.0,0.0,0.0,0.0,0.0,2.0,2.0,2.0,2.0,2.0,7.0,5.0,5.0,14.0,5.0,5.0,5.0,5.0
7239,Oman,Meat,Stock Variation,0.0,0.0,0.0,0.0,0.0,0.0,0.0,0.0,0.0,-10.0,10.0,0.0,0.0,0.0,13.0,12.0,13.0,12.0
7240,Oman,Meat,Export,1.0,3.0,6.0,4.0,2.0,8.0,3.0,5.0,10.0,32.0,14.0,14.0,12.0,10.0,10.0,20.0,15.0,17.0
7241,Oman,Meat,Domestic supply,75.0,110.0,134.0,126.0,117.0,120.0,126.0,146.0,170.0,196.0,175.0,185.0,284.0,227.0,211.0,201.0,207.0,218.0
7242,Oman,Meat,Losses,0.0,0.0,0.0,0.0,0.0,1.0,1.0,1.0,1.0,1.0,1.0,1.0,1.0,1.0,1.0,1.0,1.0,2.0
7243,Oman,Meat,Other uses (non-food),0.0,0.0,0.0,0.0,0.0,3.0,0.0,7.0,13.0,32.0,6.0,7.0,79.0,1.0,11.0,9.0,14.0,14.0
7244,Oman,Meat,Human Consumption,75.0,110.0,134.0,126.0,117.0,116.0,125.0,138.0,156.0,163.0,169.0,178.0,207.0,225.0,198.0,190.0,191.0,202.0
7245,Oman,Miscellaneous,Import,0.0,0.0,1.0,1.0,1.0,1.0,1.0,1.0,1.0,2.0,2.0,2.0,2.0,3.0,32.0,32.0,35.0,40.0
7246,Oman,Miscellaneous,Stock Variation,0.0,0.0,0.0,0.0,0.0,0.0,0.0,0.0,0.0,0.0,0.0,0.0,0.0,0.0,0.0,0.0,1.0,1.0
7247,Oman,Miscellaneous,Export,0.0,0.0,0.0,0.0,0.0,1.0,1.0,1.0,0.0,0.0,0.0,0.0,0.0,0.0,57.0,56.0,46.0,55.0
7248,Oman,Miscellaneous,Human Consumption,0.0,0.0,0.0,1.0,1.0,1.0,0.0,1.0,1.0,1.0,2.0,2.0,2.0,2.0,2.0,3.0,3.0,3.0
7249,Oman,Alcoholic Beverages,Import,13.0,12.0,30.0,16.0,17.0,21.0,22.0,23.0,27.0,24.0,27.0,31.0,33.0,34.0,34.0,35.0,31.0,39.0
7250,Oman,Alcoholic Beverages,Stock Variation,0.0,0.0,0.0,0.0,0.0,0.0,0.0,0.0,0.0,0.0,0.0,0.0,0.0,0.0,-1.0,-2.0,0.0,0.0
7251,Oman,Alcoholic Beverages,Export,0.0,0.0,0.0,0.0,0.0,0.0,0.0,0.0,0.0,0.0,0.0,0.0,0.0,0.0,0.0,0.0,0.0,0.0
7252,Oman,Alcoholic Beverages,Domestic supply,13.0,12.0,30.0,16.0,17.0,21.0,22.0,23.0,27.0,24.0,27.0,31.0,33.0,34.0,35.0,36.0,30.0,38.0
7253,Oman,Alcoholic Beverages,Other uses (non-food),5.0,4.0,20.0,7.0,8.0,10.0,10.0,10.0,12.0,11.0,14.0,16.0,17.0,19.0,18.0,19.0,15.0,21.0
7254,Oman,Alcoholic Beverages,Human Consumption,8.0,8.0,10.0,8.0,9.0,10.0,12.0,13.0,15.0,13.0,13.0,15.0,17.0,15.0,17.0,17.0,15.0,17.0
7255,Oman,Milk - Excluding Butter,Feed,0.0,0.0,0.0,0.0,0.0,0.0,0.0,0.0,0.0,0.0,0.0,0.0,0.0,0.0,3.0,3.0,3.0,3.0
7256,Oman,Meat,Import,43.0,78.0,103.0,92.0,78.0,83.0,86.0,105.0,126.0,179.0,116.0,135.0,230.0,165.0,152.0,159.0,154.0,165.0
7257,Oman,Meat,Production,32.0,34.0,37.0,38.0,41.0,45.0,43.0,46.0,55.0,58.0,63.0,64.0,66.0,72.0,82.0,74.0,80.0,82.0
7258,Oman,Miscellaneous,Domestic supply,0.0,0.0,0.0,1.0,1.0,1.0,0.0,1.0,1.0,1.0,2.0,2.0,2.0,2.0,-25.0,-24.0,-12.0,-16.0
7259,Oman,Offals,Other uses (non-food),0.0,0.0,0.0,0.0,0.0,0.0,0.0,0.0,0.0,0.0,0.0,0.0,0.0,0.0,0.0,0.0,0.0,0.0
7260,Oman,Milk - Excluding Butter,Processing,0.0,0.0,0.0,0.0,0.0,0.0,0.0,0.0,0.0,0.0,0.0,0.0,0.0,0.0,0.0,0.0,0.0,0.0
7261,Oman,Offals,Human Consumption,5.0,5.0,6.0,6.0,6.0,7.0,7.0,7.0,9.0,9.0,10.0,11.0,11.0,12.0,13.0,12.0,13.0,12.0
7262,Oman,Milk - Excluding Butter,Other uses (non-food),0.0,0.0,0.0,0.0,0.0,0.0,0.0,0.0,73.0,0.0,0.0,24.0,68.0,24.0,5.0,6.0,5.0,9.0
7263,Oman,Milk - Excluding Butter,Human Consumption,262.0,285.0,229.0,306.0,250.0,278.0,288.0,302.0,356.0,357.0,408.0,433.0,497.0,553.0,454.0,513.0,507.0,505.0
7264,Oman,Animal fats,Production,2.0,2.0,2.0,2.0,2.0,2.0,2.0,2.0,3.0,3.0,3.0,4.0,4.0,4.0,4.0,7.0,7.0,10.0
7265,Oman,Animal fats,Import,6.0,7.0,6.0,6.0,10.0,8.0,8.0,8.0,11.0,7.0,6.0,18.0,4.0,3.0,0.0,3.0,0.0,0.0
7266,Oman,Animal fats,Export,5.0,4.0,1.0,1.0,0.0,3.0,1.0,3.0,3.0,1.0,2.0,2.0,1.0,3.0,1.0,3.0,4.0,7.0
7267,Oman,Animal fats,Domestic supply,3.0,5.0,6.0,7.0,12.0,7.0,9.0,8.0,10.0,10.0,8.0,17.0,9.0,5.0,3.0,6.0,4.0,4.0
7268,Oman,Animal fats,Feed,0.0,0.0,0.0,0.0,0.0,0.0,0.0,0.0,0.0,0.0,0.0,0.0,0.0,0.0,0.0,1.0,0.0,0.0
7269,Oman,Animal fats,Stock Variation,0.0,0.0,0.0,0.0,0.0,0.0,0.0,0.0,0.0,0.0,0.0,-3.0,3.0,0.0,0.0,-1.0,1.0,0.0
7270,Oman,Animal fats,Other uses (non-food),0.0,0.0,0.0,0.0,0.0,0.0,0.0,0.0,0.0,0.0,0.0,7.0,0.0,0.0,0.0,2.0,0.0,0.0
7271,Oman,Animal fats,Human Consumption,3.0,7.0,2.0,6.0,5.0,8.0,9.0,7.0,10.0,10.0,8.0,10.0,10.0,6.0,4.0,4.0,4.0,4.0
7272,Oman,Offals,Production,5.0,5.0,5.0,5.0,6.0,7.0,7.0,7.0,8.0,9.0,10.0,10.0,11.0,12.0,13.0,11.0,12.0,13.0
7273,Oman,Offals,Import,0.0,0.0,0.0,0.0,0.0,0.0,0.0,0.0,0.0,0.0,0.0,0.0,1.0,0.0,0.0,1.0,1.0,0.0
7274,Oman,Offals,Export,0.0,0.0,0.0,0.0,0.0,0.0,0.0,0.0,0.0,0.0,0.0,0.0,0.0,0.0,0.0,0.0,0.0,0.0
7275,Oman,Offals,Domestic supply,5.0,5.0,6.0,6.0,6.0,7.0,7.0,7.0,9.0,9.0,10.0,11.0,11.0,12.0,13.0,12.0,13.0,13.0
7276,Oman,Offals,Losses,0.0,0.0,0.0,0.0,0.0,0.0,0.0,0.0,0.0,0.0,0.0,0.0,0.0,0.0,0.0,0.0,0.0,0.0
7277,Oman,Animal fats,Losses,0.0,0.0,0.0,0.0,0.0,0.0,0.0,0.0,0.0,0.0,0.0,0.0,0.0,0.0,0.0,0.0,0.0,0.0
7278,Oman,Offals,Feed,0.0,0.0,0.0,0.0,0.0,0.0,0.0,0.0,0.0,0.0,0.0,0.0,0.0,0.0,0.0,0.0,0.0,0.0
7279,Pakistan,Vegetable Oils,Domestic supply,2099.0,1983.0,2100.0,2254.0,2287.0,2578.0,2726.0,2821.0,2881.0,2960.0,2854.0,3063.0,2878.0,2864.0,2922.0,3054.0,3178.0,3214.0
7280,Pakistan,Vegetable Oils,Export,33.0,22.0,20.0,40.0,111.0,89.0,164.0,116.0,114.0,102.0,100.0,130.0,164.0,146.0,6.0,6.0,3.0,2.0
7281,Pakistan,Vegetable Oils,Stock Variation,142.0,-98.0,-32.0,119.0,-80.0,-79.0,-2.0,-16.0,-50.0,0.0,58.0,-107.0,-246.0,-365.0,618.0,556.0,491.0,703.0
7282,Pakistan,Vegetable Oils,Import,1261.0,1422.0,1386.0,1444.0,1493.0,1726.0,1815.0,1888.0,2006.0,2027.0,1917.0,2245.0,2227.0,2451.0,2506.0,2636.0,2736.0,2970.0
7283,Pakistan,Vegetables,Other uses (non-food),0.0,0.0,0.0,0.0,0.0,0.0,0.0,0.0,0.0,0.0,0.0,0.0,0.0,0.0,0.0,0.0,0.0,0.0
7284,Pakistan,Vegetables,Human Consumption,4654.0,4425.0,4412.0,4385.0,4550.0,4882.0,5236.0,5188.0,5480.0,5520.0,4962.0,4956.0,4979.0,4798.0,4379.0,4253.0,4404.0,4331.0
7285,Pakistan,Vegetables,Processing,0.0,0.0,0.0,0.0,0.0,0.0,0.0,0.0,0.0,0.0,0.0,0.0,0.0,0.0,0.0,0.0,0.0,0.0
7286,Pakistan,Vegetables,Seed,0.0,0.0,0.0,0.0,0.0,0.0,0.0,0.0,0.0,0.0,0.0,0.0,0.0,0.0,0.0,0.0,0.0,0.0
7287,Pakistan,Vegetable Oils,Feed,0.0,0.0,0.0,0.0,0.0,0.0,0.0,0.0,0.0,0.0,0.0,0.0,0.0,0.0,0.0,13.0,25.0,30.0
7288,Pakistan,Vegetables,Losses,198.0,193.0,183.0,185.0,184.0,202.0,214.0,209.0,216.0,209.0,193.0,196.0,176.0,171.0,1423.0,1408.0,1417.0,1437.0
7289,Pakistan,Vegetable Oils,Production,729.0,681.0,766.0,731.0,984.0,1021.0,1077.0,1064.0,1039.0,1035.0,979.0,1055.0,1061.0,924.0,1038.0,980.0,937.0,950.0
7290,Pakistan,Vegetable Oils,Seed,0.0,0.0,0.0,0.0,0.0,0.0,0.0,0.0,0.0,0.0,0.0,0.0,0.0,0.0,0.0,0.0,0.0,0.0
7291,Pakistan,Sugar & Sweeteners,Domestic supply,4088.0,4310.0,4057.0,3974.0,4454.0,4763.0,4880.0,4900.0,4877.0,4708.0,5173.0,4621.0,5006.0,5074.0,5186.0,5020.0,5335.0,5244.0
7292,Pakistan,Vegetable Oils,Processing,0.0,0.0,0.0,0.0,0.0,0.0,0.0,0.0,0.0,0.0,0.0,0.0,0.0,0.0,1683.0,1760.0,1745.0,1767.0
7293,Pakistan,Vegetable Oils,Other uses (non-food),616.0,494.0,527.0,563.0,654.0,794.0,843.0,854.0,824.0,862.0,784.0,954.0,697.0,642.0,579.0,609.0,753.0,749.0
7294,Pakistan,Vegetable Oils,Human Consumption,1483.0,1489.0,1573.0,1691.0,1633.0,1784.0,1883.0,1967.0,2057.0,2098.0,2071.0,2109.0,2182.0,2222.0,660.0,673.0,656.0,668.0
7295,Pakistan,Sugar & Sweeteners,Production,3428.0,3884.0,3904.0,4229.0,4575.0,3632.0,3497.0,4390.0,5329.0,4241.0,4060.0,4695.0,5300.0,5283.0,5638.0,5681.0,6449.0,6316.0
7296,Pakistan,Sugar & Sweeteners,Import,1141.0,840.0,101.0,64.0,23.0,487.0,2146.0,706.0,63.0,152.0,573.0,143.0,28.0,30.0,47.0,56.0,55.0,38.0
7297,Pakistan,Sugar & Sweeteners,Stock Variation,-445.0,-395.0,81.0,-256.0,20.0,735.0,-649.0,-156.0,-175.0,390.0,588.0,-153.0,86.0,971.0,-292.0,62.0,790.0,174.0
7298,Pakistan,Sugar & Sweeteners,Export,36.0,19.0,29.0,63.0,165.0,92.0,114.0,39.0,340.0,75.0,48.0,64.0,407.0,1211.0,791.0,655.0,379.0,936.0
7299,Pakistan,Sugar & Sweeteners,Feed,0.0,0.0,0.0,0.0,0.0,0.0,0.0,0.0,0.0,0.0,0.0,0.0,0.0,0.0,0.0,0.0,0.0,0.0
7300,Pakistan,Sugar & Sweeteners,Seed,0.0,0.0,0.0,0.0,0.0,0.0,0.0,0.0,0.0,0.0,0.0,0.0,0.0,0.0,0.0,0.0,0.0,0.0
7301,Pakistan,Vegetables,Feed,0.0,0.0,0.0,0.0,0.0,0.0,0.0,0.0,0.0,0.0,0.0,0.0,0.0,0.0,0.0,0.0,0.0,0.0
7302,Pakistan,Sugar & Sweeteners,Losses,0.0,0.0,0.0,0.0,0.0,0.0,0.0,0.0,0.0,0.0,0.0,0.0,0.0,0.0,0.0,0.0,0.0,0.0
7303,Pakistan,Vegetable Oils,Losses,0.0,0.0,0.0,0.0,0.0,0.0,0.0,0.0,0.0,0.0,0.0,0.0,0.0,0.0,0.0,0.0,0.0,0.0
7304,Pakistan,Vegetables,Domestic supply,4852.0,4619.0,4595.0,4569.0,4733.0,5084.0,5450.0,5394.0,5696.0,5729.0,5154.0,5150.0,5151.0,4965.0,5494.0,5546.0,5817.0,5734.0
7305,Pakistan,Stimulants,Seed,0.0,0.0,0.0,0.0,0.0,0.0,0.0,0.0,0.0,0.0,0.0,0.0,0.0,0.0,0.0,0.0,0.0,0.0
7306,Pakistan,Vegetables,Stock Variation,0.0,0.0,0.0,0.0,0.0,0.0,0.0,0.0,0.0,0.0,0.0,0.0,0.0,0.0,0.0,0.0,0.0,0.0
7307,Pakistan,Sugar & Sweeteners,Processing,16.0,16.0,14.0,16.0,17.0,15.0,20.0,18.0,21.0,14.0,16.0,18.0,20.0,20.0,37.0,27.0,32.0,27.0
7308,Pakistan,Stimulants,Production,0.0,0.0,0.0,0.0,0.0,0.0,0.0,0.0,0.0,0.0,0.0,0.0,0.0,0.0,0.0,0.0,0.0,0.0
7309,Pakistan,Stimulants,Import,114.0,109.0,102.0,111.0,120.0,139.0,132.0,119.0,107.0,103.0,102.0,127.0,130.0,132.0,153.0,166.0,186.0,1034.0
7310,Pakistan,Stimulants,Stock Variation,0.0,0.0,0.0,0.0,0.0,0.0,0.0,0.0,0.0,0.0,0.0,0.0,0.0,0.0,0.0,0.0,0.0,0.0
7311,Pakistan,Stimulants,Export,0.0,0.0,0.0,1.0,0.0,0.0,1.0,0.0,1.0,1.0,1.0,1.0,3.0,3.0,3.0,2.0,2.0,3.0
7312,Pakistan,Stimulants,Domestic supply,113.0,109.0,102.0,110.0,119.0,139.0,131.0,118.0,106.0,102.0,101.0,126.0,127.0,129.0,150.0,165.0,185.0,1031.0
7313,Pakistan,Stimulants,Feed,0.0,0.0,0.0,0.0,0.0,0.0,0.0,0.0,0.0,0.0,0.0,0.0,0.0,0.0,0.0,0.0,0.0,0.0
7314,Pakistan,Stimulants,Losses,2.0,2.0,2.0,2.0,2.0,3.0,3.0,2.0,2.0,2.0,2.0,2.0,2.0,2.0,3.0,3.0,4.0,4.0
7315,Pakistan,Stimulants,Processing,0.0,0.0,0.0,0.0,0.0,0.0,0.0,0.0,0.0,0.0,0.0,0.0,0.0,0.0,0.0,0.0,0.0,0.0
7316,Pakistan,Stimulants,Other uses (non-food),0.0,0.0,0.0,0.0,0.0,0.0,0.0,0.0,0.0,0.0,0.0,0.0,0.0,0.0,0.0,0.0,0.0,0.0
7317,Pakistan,Stimulants,Human Consumption,111.0,107.0,100.0,108.0,117.0,136.0,129.0,116.0,104.0,100.0,99.0,123.0,124.0,126.0,147.0,161.0,181.0,1028.0
7318,Pakistan,Vegetables,Export,92.0,111.0,75.0,119.0,113.0,87.0,112.0,67.0,77.0,114.0,227.0,516.0,302.0,402.0,631.0,461.0,238.0,212.0
7319,Pakistan,Fruits - Excluding Wine,Production,5186.0,5137.0,5019.0,5045.0,5404.0,6369.0,6341.0,5644.0,6487.0,6086.0,6355.0,6224.0,6170.0,6240.0,6255.0,6297.0,6217.0,6109.0
7320,Pakistan,Fruits - Excluding Wine,Stock Variation,0.0,0.0,0.0,0.0,0.0,0.0,0.0,0.0,0.0,0.0,0.0,0.0,0.0,0.0,0.0,0.0,0.0,0.0
7321,Pakistan,Fruits - Excluding Wine,Export,268.0,283.0,314.0,294.0,383.0,328.0,488.0,386.0,461.0,518.0,747.0,789.0,892.0,964.0,815.0,822.0,747.0,690.0
7322,Pakistan,Fruits - Excluding Wine,Domestic supply,5086.0,5028.0,4878.0,4971.0,5304.0,6193.0,6110.0,5567.0,6319.0,5822.0,5858.0,5685.0,5540.0,5508.0,5683.0,5748.0,5703.0,5734.0
7323,Pakistan,Fruits - Excluding Wine,Feed,0.0,0.0,0.0,0.0,0.0,0.0,0.0,0.0,0.0,0.0,0.0,0.0,0.0,0.0,0.0,0.0,0.0,0.0
7324,Pakistan,Fruits - Excluding Wine,Seed,0.0,0.0,0.0,0.0,0.0,0.0,0.0,0.0,0.0,0.0,0.0,0.0,0.0,0.0,0.0,0.0,0.0,0.0
7325,Pakistan,Fruits - Excluding Wine,Losses,196.0,193.0,186.0,191.0,206.0,218.0,215.0,192.0,222.0,203.0,214.0,203.0,211.0,212.0,1255.0,1252.0,1229.0,1237.0
7326,Pakistan,Fruits - Excluding Wine,Processing,22.0,19.0,16.0,17.0,18.0,9.0,9.0,11.0,11.0,9.0,13.0,15.0,6.0,8.0,56.0,63.0,68.0,70.0
7327,Pakistan,Fruits - Excluding Wine,Other uses (non-food),0.0,0.0,0.0,0.0,0.0,0.0,0.0,0.0,0.0,0.0,0.0,0.0,0.0,0.0,0.0,0.0,0.0,0.0
7328,Pakistan,Fruits - Excluding Wine,Human Consumption,4867.0,4817.0,4676.0,4766.0,5081.0,5969.0,5891.0,5367.0,6086.0,5610.0,5636.0,5501.0,5374.0,5347.0,4699.0,4796.0,4699.0,4708.0
7329,Pakistan,Vegetables,Production,4861.0,4636.0,4543.0,4572.0,4744.0,5032.0,5434.0,5165.0,5481.0,5269.0,5064.0,5332.0,4990.0,4853.0,5634.0,5549.0,5633.0,5706.0
7330,Pakistan,Vegetables,Import,83.0,93.0,128.0,117.0,102.0,139.0,128.0,296.0,292.0,575.0,317.0,334.0,463.0,515.0,491.0,459.0,421.0,239.0
7331,Pakistan,Fruits - Excluding Wine,Import,167.0,174.0,173.0,219.0,284.0,152.0,257.0,309.0,293.0,254.0,250.0,249.0,263.0,232.0,243.0,273.0,233.0,315.0
7332,Pakistan,Sugar & Sweeteners,Other uses (non-food),0.0,0.0,0.0,0.0,0.0,0.0,0.0,0.0,0.0,0.0,0.0,0.0,0.0,0.0,0.0,0.0,0.0,0.0
7333,Pakistan,Starchy Roots,Processing,0.0,0.0,0.0,0.0,0.0,0.0,0.0,0.0,0.0,0.0,0.0,0.0,0.0,0.0,0.0,0.0,0.0,0.0
7334,Pakistan,Pulses,Production,935.0,771.0,717.0,1066.0,956.0,1171.0,825.0,1246.0,826.0,1056.0,860.0,806.0,603.0,1071.0,626.0,654.0,579.0,604.0
7335,Pakistan,Oilcrops,Other uses (non-food),338.0,419.0,311.0,326.0,468.0,301.0,417.0,409.0,482.0,478.0,423.0,395.0,399.0,402.0,463.0,323.0,362.0,373.0
7336,Pakistan,Oilcrops,Human Consumption,163.0,225.0,200.0,218.0,95.0,140.0,106.0,195.0,225.0,237.0,250.0,323.0,319.0,326.0,269.0,628.0,538.0,699.0
7337,Pakistan,Starchy Roots,Production,2301.0,2103.0,2160.0,2367.0,2403.0,2493.0,2048.0,3060.0,2981.0,3383.0,3570.0,3986.0,3883.0,4298.0,3423.0,4518.0,4507.0,4679.0
7338,Pakistan,Starchy Roots,Import,18.0,17.0,20.0,21.0,49.0,36.0,54.0,90.0,64.0,164.0,51.0,40.0,47.0,61.0,255.0,35.0,37.0,40.0
7339,Pakistan,Starchy Roots,Stock Variation,0.0,0.0,0.0,0.0,0.0,0.0,0.0,0.0,0.0,0.0,0.0,0.0,0.0,0.0,-14.0,228.0,180.0,222.0
7340,Pakistan,Starchy Roots,Export,86.0,50.0,57.0,71.0,56.0,21.0,15.0,163.0,156.0,316.0,247.0,444.0,305.0,493.0,156.0,466.0,398.0,430.0
7341,Pakistan,Starchy Roots,Domestic supply,2233.0,2070.0,2123.0,2317.0,2397.0,2508.0,2087.0,2987.0,2889.0,3231.0,3374.0,3582.0,3625.0,3865.0,3536.0,3859.0,3967.0,4068.0
7342,Pakistan,Starchy Roots,Feed,0.0,0.0,0.0,0.0,0.0,0.0,0.0,0.0,0.0,0.0,0.0,0.0,0.0,0.0,0.0,0.0,1.0,1.0
7343,Pakistan,Starchy Roots,Seed,101.0,105.0,116.0,110.0,112.0,118.0,133.0,154.0,145.0,139.0,159.0,185.0,174.0,162.0,134.0,150.0,156.0,162.0
7344,Pakistan,Starchy Roots,Losses,188.0,168.0,174.0,196.0,195.0,204.0,159.0,262.0,256.0,308.0,316.0,350.0,341.0,382.0,256.0,338.0,337.0,350.0
7345,Pakistan,Spices,Human Consumption,226.0,145.0,150.0,160.0,191.0,220.0,180.0,229.0,348.0,327.0,317.0,278.0,305.0,274.0,315.0,338.0,314.0,315.0
7346,Pakistan,Oilcrops,Losses,92.0,91.0,90.0,90.0,124.0,117.0,118.0,113.0,110.0,116.0,110.0,120.0,115.0,107.0,132.0,111.0,104.0,114.0
7347,Pakistan,Starchy Roots,Other uses (non-food),3.0,4.0,3.0,3.0,35.0,12.0,22.0,28.0,32.0,23.0,23.0,20.0,26.0,30.0,3.0,2.0,2.0,2.0
7348,Pakistan,Sugar Crops,Production,46492.0,43832.0,48358.0,52271.0,54070.0,47365.0,44759.0,54825.0,63984.0,50138.0,49426.0,55329.0,58422.0,63777.0,62938.0,65607.0,65583.0,73507.0
7349,Pakistan,Sugar Crops,Import,0.0,0.0,0.0,0.0,0.0,0.0,0.0,0.0,0.0,0.0,0.0,0.0,0.0,0.0,0.0,0.0,0.0,0.0
7350,Pakistan,Sugar Crops,Stock Variation,0.0,2000.0,0.0,0.0,2000.0,0.0,0.0,0.0,0.0,0.0,-1000.0,-1000.0,4000.0,-2000.0,-560.0,650.0,-5341.0,0.0
7351,Pakistan,Sugar Crops,Export,0.0,0.0,0.0,0.0,0.0,0.0,0.0,0.0,0.0,0.0,0.0,0.0,2.0,0.0,1.0,1.0,2.0,0.0
7352,Pakistan,Sugar Crops,Domestic supply,46492.0,45832.0,48358.0,52271.0,56070.0,47365.0,44759.0,54825.0,63984.0,50138.0,48426.0,54329.0,62420.0,61777.0,63497.0,64956.0,70922.0,73507.0
7353,Pakistan,Sugar Crops,Feed,0.0,0.0,0.0,0.0,0.0,0.0,0.0,0.0,0.0,0.0,0.0,0.0,0.0,0.0,66.0,75.0,73.0,63.0
7354,Pakistan,Sugar Crops,Seed,4633.0,2280.0,4804.0,5206.0,5582.0,4724.0,4467.0,5474.0,6392.0,5005.0,4937.0,5531.0,6240.0,6375.0,3675.0,4361.0,3048.0,4791.0
7355,Pakistan,Sugar Crops,Losses,0.0,0.0,0.0,0.0,0.0,0.0,0.0,0.0,0.0,0.0,0.0,0.0,0.0,0.0,3367.0,3510.0,3508.0,3932.0
7356,Pakistan,Sugar Crops,Processing,34044.0,38661.0,38940.0,42032.0,45431.0,36047.0,34647.0,43514.0,52774.0,42043.0,40153.0,44711.0,52223.0,52027.0,53033.0,53511.0,60792.0,59526.0
7357,Pakistan,Sugar Crops,Other uses (non-food),0.0,0.0,0.0,0.0,0.0,0.0,0.0,0.0,0.0,0.0,0.0,0.0,0.0,0.0,0.0,0.0,0.0,1695.0
7358,Pakistan,Sugar Crops,Human Consumption,7814.0,4890.0,4614.0,5033.0,5057.0,6594.0,5645.0,5837.0,4818.0,3091.0,3336.0,4088.0,3957.0,3375.0,3355.0,3500.0,3500.0,3500.0
7359,Pakistan,Starchy Roots,Human Consumption,1940.0,1793.0,1831.0,2008.0,2055.0,2175.0,1773.0,2543.0,2456.0,2762.0,2875.0,3026.0,3085.0,3291.0,3143.0,3369.0,3470.0,3556.0
7360,Pakistan,Oilcrops,Seed,157.0,145.0,155.0,169.0,165.0,164.0,165.0,157.0,169.0,149.0,158.0,160.0,156.0,156.0,174.0,140.0,144.0,154.0
7361,Pakistan,Oilcrops,Feed,913.0,903.0,868.0,855.0,1213.0,1108.0,1041.0,999.0,940.0,1035.0,941.0,1073.0,1024.0,1008.0,823.0,356.0,774.0,1756.0
7362,Pakistan,Oilcrops,Domestic supply,4853.0,4825.0,4962.0,4824.0,6064.0,6146.0,6295.0,6268.0,6056.0,6179.0,5876.0,6272.0,6362.0,5918.0,6058.0,5372.0,5396.0,6657.0
7363,Pakistan,Pulses,Import,372.0,371.0,460.0,394.0,261.0,364.0,479.0,521.0,336.0,380.0,445.0,613.0,592.0,434.0,592.0,798.0,891.0,1138.0
7364,Pakistan,Pulses,Stock Variation,0.0,0.0,0.0,0.0,0.0,0.0,0.0,0.0,0.0,0.0,0.0,0.0,0.0,0.0,-145.0,90.0,7.0,76.0
7365,Pakistan,Pulses,Export,28.0,40.0,28.0,110.0,102.0,87.0,199.0,19.0,4.0,4.0,0.0,5.0,8.0,7.0,0.0,0.0,1.0,0.0
7366,Pakistan,Pulses,Domestic supply,1279.0,1102.0,1149.0,1350.0,1116.0,1448.0,1104.0,1747.0,1158.0,1432.0,1305.0,1414.0,1186.0,1498.0,1363.0,1362.0,1462.0,1665.0
7367,Pakistan,Pulses,Feed,182.0,126.0,136.0,200.0,170.0,240.0,145.0,244.0,147.0,217.0,187.0,194.0,127.0,203.0,116.0,60.0,56.0,193.0
7368,Pakistan,Pulses,Seed,65.0,65.0,69.0,66.0,71.0,69.0,71.0,72.0,70.0,70.0,69.0,69.0,66.0,65.0,46.0,46.0,45.0,75.0
7369,Pakistan,Pulses,Losses,23.0,19.0,21.0,27.0,22.0,28.0,22.0,31.0,21.0,26.0,23.0,25.0,19.0,26.0,31.0,33.0,29.0,30.0
7370,Pakistan,Pulses,Processing,0.0,0.0,0.0,0.0,0.0,0.0,0.0,0.0,0.0,0.0,0.0,0.0,0.0,0.0,0.0,0.0,0.0,0.0
7371,Pakistan,Pulses,Other uses (non-food),0.0,0.0,0.0,0.0,0.0,0.0,0.0,0.0,0.0,0.0,0.0,0.0,0.0,0.0,0.0,0.0,0.0,0.0
7372,Pakistan,Pulses,Human Consumption,1009.0,891.0,924.0,1057.0,852.0,1111.0,866.0,1400.0,920.0,1119.0,1026.0,1126.0,976.0,1204.0,1169.0,1223.0,1332.0,1367.0
7373,Pakistan,Treenuts,Production,57.0,59.0,45.0,42.0,46.0,43.0,44.0,44.0,45.0,45.0,38.0,37.0,37.0,40.0,37.0,42.0,40.0,37.0
7374,Pakistan,Treenuts,Import,47.0,62.0,65.0,55.0,22.0,57.0,78.0,73.0,92.0,93.0,97.0,91.0,95.0,101.0,139.0,124.0,160.0,132.0
7375,Pakistan,Treenuts,Stock Variation,0.0,0.0,0.0,0.0,0.0,0.0,0.0,0.0,0.0,0.0,0.0,0.0,0.0,0.0,0.0,0.0,0.0,0.0
7376,Pakistan,Treenuts,Export,0.0,0.0,0.0,0.0,1.0,9.0,3.0,2.0,2.0,1.0,2.0,1.0,1.0,8.0,2.0,1.0,1.0,0.0
7377,Pakistan,Treenuts,Domestic supply,103.0,121.0,110.0,97.0,67.0,91.0,118.0,114.0,134.0,136.0,132.0,126.0,131.0,133.0,174.0,165.0,200.0,169.0
7378,Pakistan,Treenuts,Feed,0.0,0.0,0.0,0.0,0.0,0.0,0.0,0.0,0.0,0.0,0.0,0.0,0.0,0.0,0.0,0.0,0.0,0.0
7379,Pakistan,Treenuts,Seed,0.0,0.0,0.0,0.0,0.0,0.0,0.0,0.0,0.0,0.0,0.0,0.0,0.0,0.0,0.0,0.0,0.0,0.0
7380,Pakistan,Treenuts,Losses,0.0,0.0,0.0,0.0,0.0,0.0,0.0,0.0,0.0,0.0,0.0,0.0,0.0,0.0,2.0,2.0,2.0,2.0
7381,Pakistan,Treenuts,Processing,0.0,0.0,0.0,0.0,0.0,0.0,0.0,0.0,0.0,0.0,0.0,0.0,0.0,0.0,0.0,0.0,0.0,0.0
7382,Pakistan,Treenuts,Other uses (non-food),0.0,0.0,0.0,0.0,0.0,0.0,0.0,0.0,0.0,0.0,0.0,0.0,0.0,0.0,0.0,0.0,0.0,0.0
7383,Pakistan,Treenuts,Human Consumption,103.0,121.0,110.0,97.0,67.0,91.0,118.0,114.0,135.0,136.0,132.0,127.0,132.0,139.0,172.0,163.0,198.0,167.0
7384,Pakistan,Oilcrops,Production,4336.0,4335.0,4191.0,4269.0,6010.0,5501.0,5210.0,4979.0,5324.0,5393.0,4781.0,5564.0,5373.0,5226.0,5474.0,4240.0,4338.0,4577.0
7385,Pakistan,Oilcrops,Import,611.0,584.0,800.0,679.0,770.0,823.0,1144.0,1298.0,945.0,735.0,1249.0,1036.0,936.0,700.0,1278.0,1227.0,1440.0,2470.0
7386,Pakistan,Oilcrops,Stock Variation,-85.0,-28.0,32.0,-101.0,-672.0,-129.0,-2.0,52.0,-154.0,100.0,-136.0,-300.0,100.0,50.0,653.0,65.0,355.0,346.0
7387,Pakistan,Oilcrops,Export,10.0,66.0,61.0,22.0,44.0,49.0,58.0,61.0,59.0,49.0,18.0,28.0,46.0,58.0,41.0,30.0,27.0,43.0
7388,Pakistan,Sugar & Sweeteners,Human Consumption,4072.0,4294.0,4042.0,3958.0,4437.0,4748.0,4860.0,4882.0,4856.0,4693.0,5157.0,4603.0,4986.0,5054.0,5148.0,5224.0,5299.0,5217.0
7389,Pakistan,Spices,Other uses (non-food),0.0,0.0,0.0,0.0,0.0,0.0,0.0,0.0,0.0,0.0,0.0,0.0,0.0,0.0,0.0,0.0,0.0,0.0
7390,Pakistan,Oilcrops,Processing,3190.0,3042.0,3336.0,3168.0,3999.0,4318.0,4448.0,4395.0,4134.0,4167.0,3995.0,4201.0,4351.0,3920.0,4197.0,3814.0,3474.0,3561.0
7391,Pakistan,Spices,Losses,4.0,2.0,2.0,2.0,2.0,2.0,1.0,2.0,4.0,4.0,4.0,3.0,3.0,3.0,7.0,8.0,8.0,8.0
7392,Pakistan,Eggs,Export,1.0,1.0,1.0,1.0,2.0,1.0,1.0,1.0,0.0,0.0,1.0,3.0,5.0,12.0,9.0,21.0,13.0,7.0
7393,Pakistan,Eggs,Domestic supply,351.0,359.0,367.0,382.0,386.0,407.0,464.0,486.0,511.0,536.0,565.0,611.0,623.0,651.0,690.0,719.0,762.0,810.0
7394,Pakistan,Eggs,Feed,0.0,0.0,0.0,0.0,0.0,0.0,0.0,0.0,0.0,0.0,0.0,0.0,0.0,0.0,4.0,3.0,10.0,12.0
7395,Pakistan,Eggs,Seed,17.0,18.0,20.0,21.0,22.0,22.0,27.0,29.0,31.0,34.0,37.0,40.0,43.0,47.0,54.0,57.0,51.0,57.0
7396,Pakistan,Eggs,Losses,35.0,36.0,37.0,38.0,39.0,41.0,46.0,49.0,51.0,54.0,57.0,61.0,63.0,66.0,36.0,37.0,39.0,41.0
7397,Pakistan,Eggs,Processing,0.0,0.0,0.0,0.0,0.0,0.0,0.0,0.0,0.0,0.0,0.0,0.0,0.0,0.0,0.0,0.0,0.0,0.0
7398,Pakistan,Eggs,Other uses (non-food),0.0,0.0,0.0,0.0,0.0,0.0,0.0,0.0,0.0,0.0,0.0,0.0,0.0,0.0,0.0,0.0,0.0,0.0
7399,Pakistan,Eggs,Human Consumption,298.0,305.0,310.0,323.0,326.0,345.0,391.0,409.0,429.0,449.0,472.0,510.0,517.0,537.0,597.0,621.0,661.0,699.0
7400,Pakistan,Milk - Excluding Butter,Production,25566.0,26284.0,27032.0,27811.0,28624.0,29438.0,31214.0,32219.0,33257.0,34362.0,35491.0,36656.0,37788.0,39017.0,40282.0,41592.0,42945.0,44294.0
7401,Pakistan,Milk - Excluding Butter,Import,91.0,42.0,50.0,97.0,51.0,90.0,146.0,164.0,118.0,121.0,170.0,339.0,399.0,247.0,27.0,6.0,5.0,4.0
7402,Pakistan,Milk - Excluding Butter,Stock Variation,0.0,1.0,0.0,2.0,0.0,0.0,-2.0,0.0,-31.0,0.0,-12.0,11.0,0.0,31.0,0.0,0.0,0.0,0.0
7403,Pakistan,Eggs,Stock Variation,0.0,0.0,0.0,0.0,0.0,0.0,0.0,0.0,0.0,0.0,0.0,0.0,0.0,0.0,0.0,0.0,0.0,0.0
7404,Pakistan,Milk - Excluding Butter,Export,0.0,2.0,5.0,23.0,23.0,23.0,52.0,48.0,75.0,69.0,88.0,110.0,131.0,169.0,153.0,48.0,42.0,50.0
7405,Pakistan,Milk - Excluding Butter,Feed,1254.0,1293.0,1329.0,1363.0,1402.0,1450.0,1532.0,1581.0,1636.0,1686.0,1744.0,1797.0,1868.0,1912.0,2025.0,2112.0,2204.0,2295.0
7406,Pakistan,Milk - Excluding Butter,Seed,0.0,0.0,0.0,0.0,0.0,0.0,0.0,0.0,0.0,0.0,0.0,0.0,0.0,0.0,0.0,0.0,0.0,0.0
7407,Pakistan,Milk - Excluding Butter,Losses,2608.0,2687.0,2769.0,2855.0,2944.0,3035.0,3116.0,3212.0,3311.0,3417.0,3525.0,3636.0,3741.0,3858.0,3265.0,3367.0,3473.0,3580.0
7408,Pakistan,Milk - Excluding Butter,Processing,0.0,0.0,0.0,0.0,0.0,0.0,0.0,0.0,0.0,0.0,0.0,0.0,0.0,0.0,0.0,1.0,1.0,1.0
7409,Pakistan,Milk - Excluding Butter,Other uses (non-food),0.0,0.0,0.0,0.0,0.0,0.0,0.0,0.0,0.0,0.0,0.0,0.0,0.0,0.0,0.0,0.0,0.0,0.0
7410,Pakistan,Milk - Excluding Butter,Human Consumption,21794.0,22344.0,22979.0,23669.0,24305.0,25020.0,26657.0,27543.0,28324.0,29311.0,30294.0,31463.0,32447.0,33356.0,34902.0,36069.0,37229.0,38372.0
7411,Pakistan,Animal fats,Production,596.0,615.0,633.0,654.0,675.0,697.0,709.0,732.0,753.0,777.0,801.0,825.0,849.0,876.0,171.0,176.0,182.0,188.0
7412,Pakistan,Animal fats,Import,112.0,80.0,100.0,139.0,191.0,141.0,134.0,109.0,104.0,75.0,63.0,70.0,61.0,38.0,0.0,1.0,2.0,1.0
7413,Pakistan,Animal fats,Stock Variation,0.0,0.0,0.0,0.0,0.0,0.0,0.0,0.0,0.0,0.0,0.0,0.0,0.0,0.0,0.0,0.0,0.0,0.0
7414,Pakistan,Animal fats,Export,0.0,0.0,0.0,0.0,0.0,0.0,0.0,0.0,0.0,0.0,1.0,1.0,1.0,0.0,0.0,0.0,1.0,1.0
7415,Pakistan,Animal fats,Domestic supply,708.0,695.0,734.0,792.0,866.0,839.0,842.0,841.0,857.0,852.0,863.0,894.0,909.0,914.0,171.0,176.0,183.0,189.0
7416,Pakistan,Milk - Excluding Butter,Domestic supply,25657.0,26324.0,27077.0,27887.0,28652.0,29505.0,31305.0,32336.0,33270.0,34414.0,35562.0,36897.0,38056.0,39126.0,40156.0,41550.0,42908.0,44248.0
7417,Pakistan,Animal fats,Feed,0.0,0.0,0.0,0.0,0.0,0.0,0.0,0.0,0.0,0.0,0.0,0.0,0.0,0.0,0.0,0.0,0.0,0.0
7418,Pakistan,Eggs,Import,0.0,0.0,0.0,0.0,0.0,1.0,1.0,0.0,0.0,0.0,2.0,1.0,1.0,1.0,1.0,1.0,1.0,2.0
7419,Pakistan,"Fish, Seafood",Human Consumption,344.0,314.0,322.0,292.0,309.0,276.0,329.0,314.0,314.0,321.0,335.0,350.0,350.0,350.0,358.0,375.0,375.0,357.0
7420,Pakistan,Spices,Processing,0.0,0.0,0.0,0.0,0.0,0.0,0.0,0.0,0.0,0.0,0.0,0.0,0.0,0.0,0.0,0.0,0.0,0.0
7421,Pakistan,Cereals - Excluding Beer,Production,28062.0,25109.0,24936.0,26542.0,27801.0,30737.0,30311.0,33034.0,32055.0,34716.0,32402.0,36196.0,33704.0,36012.0,41964.0,41147.0,42626.0,44171.0
7422,Pakistan,Cereals - Excluding Beer,Import,1059.0,171.0,289.0,161.0,133.0,1480.0,901.0,164.0,1976.0,3188.0,286.0,151.0,152.0,517.0,777.0,179.0,314.0,99.0
7423,Pakistan,Cereals - Excluding Beer,Stock Variation,-1077.0,2616.0,1996.0,2199.0,986.0,-1530.0,908.0,-780.0,-1725.0,-4549.0,1908.0,2203.0,2438.0,576.0,880.0,-991.0,732.0,1694.0
7424,Pakistan,Cereals - Excluding Beer,Export,2082.0,3261.0,2966.0,3434.0,2220.0,3720.0,4253.0,4227.0,3183.0,3055.0,4503.0,7273.0,5068.0,4918.0,6239.0,7350.0,6701.0,5264.0
7425,Pakistan,Cereals - Excluding Beer,Domestic supply,25961.0,24635.0,24255.0,25468.0,26701.0,26967.0,27867.0,28191.0,29123.0,30301.0,30093.0,31276.0,31226.0,32187.0,35621.0,34967.0,35507.0,37312.0
7426,Pakistan,Cereals - Excluding Beer,Feed,916.0,877.0,865.0,960.0,1102.0,1217.0,1224.0,1402.0,1423.0,1374.0,1440.0,1555.0,1525.0,1588.0,1895.0,2257.0,2513.0,2694.0
7427,Pakistan,Cereals - Excluding Beer,Seed,1356.0,1249.0,1223.0,1281.0,1327.0,1450.0,1427.0,1578.0,1455.0,1578.0,1555.0,1669.0,1590.0,1638.0,1855.0,1808.0,1811.0,1865.0
7428,Pakistan,Cereals - Excluding Beer,Losses,804.0,704.0,706.0,752.0,803.0,920.0,894.0,960.0,990.0,1076.0,944.0,1058.0,989.0,1070.0,1460.0,1425.0,1485.0,1536.0
7429,Pakistan,Cereals - Excluding Beer,Processing,12.0,9.0,10.0,10.0,18.0,15.0,13.0,16.0,20.0,13.0,16.0,17.0,50.0,52.0,120.0,126.0,138.0,153.0
7430,Pakistan,Cereals - Excluding Beer,Other uses (non-food),1543.0,1357.0,1360.0,1439.0,1575.0,1817.0,1757.0,1890.0,1867.0,1978.0,1641.0,1869.0,1602.0,2007.0,2838.0,1982.0,2283.0,2583.0
7431,Pakistan,Eggs,Production,351.0,360.0,368.0,383.0,388.0,408.0,464.0,486.0,511.0,536.0,564.0,612.0,627.0,661.0,699.0,738.0,774.0,815.0
7432,Pakistan,Cereals - Excluding Beer,Human Consumption,21329.0,20439.0,20090.0,21026.0,21879.0,21551.0,22553.0,22346.0,23379.0,24282.0,24498.0,25110.0,25484.0,25839.0,27465.0,27379.0,27999.0,28559.0
7433,Pakistan,"Aquatic Products, Other",Export,0.0,0.0,0.0,0.0,0.0,0.0,0.0,0.0,0.0,0.0,0.0,0.0,0.0,0.0,0.0,0.0,0.0,0.0
7434,Pakistan,"Aquatic Products, Other",Domestic supply,0.0,0.0,0.0,0.0,0.0,0.0,0.0,0.0,0.0,0.0,0.0,0.0,0.0,0.0,2.0,2.0,2.0,2.0
7435,Pakistan,"Aquatic Products, Other",Other uses (non-food),0.0,0.0,0.0,0.0,0.0,0.0,0.0,0.0,0.0,0.0,0.0,0.0,0.0,0.0,0.0,0.0,0.0,0.0
7436,Pakistan,"Aquatic Products, Other",Human Consumption,0.0,0.0,0.0,0.0,0.0,0.0,0.0,0.0,0.0,0.0,0.0,0.0,0.0,0.0,1.0,1.0,2.0,2.0
7437,Pakistan,"Fish, Seafood",Production,627.0,601.0,599.0,565.0,557.0,515.0,611.0,570.0,587.0,584.0,593.0,595.0,595.0,595.0,623.0,643.0,668.0,678.0
7438,Pakistan,"Fish, Seafood",Import,0.0,0.0,0.0,1.0,1.0,2.0,2.0,29.0,6.0,5.0,3.0,3.0,3.0,3.0,7.0,19.0,12.0,14.0
7439,Pakistan,"Fish, Seafood",Stock Variation,0.0,-2.0,-1.0,6.0,0.0,0.0,-3.0,1.0,2.0,-3.0,3.0,0.0,0.0,0.0,0.0,0.0,0.0,0.0
7440,Pakistan,"Fish, Seafood",Export,113.0,127.0,128.0,124.0,140.0,148.0,214.0,214.0,174.0,155.0,164.0,203.0,203.0,203.0,210.0,174.0,169.0,218.0
7441,Pakistan,"Fish, Seafood",Domestic supply,514.0,472.0,472.0,447.0,418.0,369.0,397.0,386.0,420.0,432.0,435.0,395.0,395.0,395.0,421.0,488.0,511.0,474.0
7442,Pakistan,"Fish, Seafood",Feed,170.0,158.0,149.0,155.0,109.0,94.0,68.0,73.0,106.0,112.0,99.0,45.0,45.0,45.0,63.0,113.0,136.0,116.0
7443,Pakistan,"Fish, Seafood",Other uses (non-food),0.0,0.0,0.0,0.0,0.0,0.0,0.0,0.0,0.0,0.0,0.0,0.0,0.0,0.0,0.0,0.0,0.0,0.0
7444,Pakistan,"Aquatic Products, Other",Import,0.0,0.0,0.0,0.0,0.0,0.0,0.0,0.0,0.0,0.0,0.0,0.0,0.0,0.0,0.0,0.0,0.0,0.0
7445,Pakistan,Animal fats,Seed,0.0,0.0,0.0,0.0,0.0,0.0,0.0,0.0,0.0,0.0,0.0,0.0,0.0,0.0,0.0,0.0,0.0,0.0
7446,Pakistan,"Aquatic Products, Other",Production,0.0,0.0,0.0,0.0,0.0,0.0,0.0,0.0,0.0,0.0,0.0,0.0,0.0,0.0,1.0,1.0,2.0,2.0
7447,Pakistan,Animal fats,Processing,0.0,0.0,0.0,0.0,0.0,0.0,0.0,0.0,0.0,0.0,0.0,0.0,0.0,0.0,0.0,0.0,0.0,0.0
7448,Pakistan,Miscellaneous,Feed,0.0,0.0,0.0,0.0,0.0,0.0,0.0,0.0,0.0,0.0,0.0,0.0,0.0,0.0,0.0,0.0,0.0,0.0
7449,Pakistan,Miscellaneous,Seed,0.0,0.0,0.0,0.0,0.0,0.0,0.0,0.0,0.0,0.0,0.0,0.0,0.0,0.0,0.0,0.0,0.0,0.0
7450,Pakistan,Miscellaneous,Losses,0.0,0.0,0.0,0.0,0.0,0.0,0.0,0.0,0.0,0.0,0.0,0.0,0.0,0.0,0.0,0.0,0.0,0.0
7451,Pakistan,Miscellaneous,Processing,0.0,0.0,0.0,0.0,0.0,0.0,0.0,0.0,0.0,0.0,0.0,0.0,0.0,0.0,0.0,0.0,0.0,0.0
7452,Pakistan,Miscellaneous,Other uses (non-food),0.0,0.0,0.0,0.0,0.0,0.0,0.0,0.0,0.0,0.0,0.0,0.0,0.0,0.0,0.0,0.0,0.0,0.0
7453,Pakistan,Miscellaneous,Human Consumption,1.0,2.0,1.0,2.0,2.0,3.0,2.0,4.0,5.0,4.0,4.0,5.0,5.0,6.0,11.0,10.0,16.0,23.0
7454,Pakistan,Alcoholic Beverages,Production,54.0,52.0,53.0,66.0,110.0,130.0,106.0,168.0,364.0,333.0,258.0,426.0,400.0,406.0,546.0,558.0,473.0,493.0
7455,Pakistan,Alcoholic Beverages,Import,1.0,0.0,0.0,1.0,1.0,1.0,0.0,1.0,1.0,1.0,1.0,1.0,1.0,0.0,0.0,0.0,0.0,0.0
7456,Pakistan,Alcoholic Beverages,Stock Variation,-7.0,8.0,8.0,-3.0,-22.0,-7.0,24.0,-6.0,35.0,-19.0,5.0,-50.0,-180.0,180.0,0.0,0.0,69.0,252.0
7457,Pakistan,Alcoholic Beverages,Export,18.0,36.0,41.0,44.0,70.0,109.0,116.0,152.0,389.0,305.0,250.0,347.0,202.0,572.0,538.0,547.0,384.0,200.0
7458,Pakistan,Alcoholic Beverages,Domestic supply,30.0,24.0,20.0,20.0,19.0,14.0,15.0,11.0,10.0,9.0,14.0,29.0,19.0,14.0,8.0,10.0,20.0,41.0
7459,Pakistan,Miscellaneous,Domestic supply,1.0,2.0,1.0,2.0,2.0,3.0,2.0,4.0,5.0,4.0,4.0,5.0,5.0,6.0,11.0,10.0,16.0,23.0
7460,Pakistan,Alcoholic Beverages,Feed,0.0,0.0,0.0,0.0,0.0,0.0,0.0,0.0,0.0,0.0,0.0,0.0,0.0,0.0,0.0,0.0,0.0,0.0
7461,Pakistan,Alcoholic Beverages,Losses,0.0,0.0,0.0,0.0,0.0,0.0,0.0,0.0,0.0,0.0,0.0,0.0,0.0,0.0,0.0,0.0,0.0,0.0
7462,Pakistan,Alcoholic Beverages,Processing,0.0,0.0,0.0,0.0,0.0,0.0,0.0,0.0,0.0,0.0,0.0,0.0,0.0,0.0,0.0,0.0,0.0,0.0
7463,Pakistan,Alcoholic Beverages,Other uses (non-food),1.0,2.0,1.0,3.0,2.0,3.0,3.0,1.0,1.0,1.0,3.0,15.0,10.0,4.0,0.0,0.0,6.0,24.0
7464,Pakistan,Spices,Production,222.0,138.0,141.0,140.0,137.0,172.0,115.0,163.0,233.0,239.0,225.0,194.0,205.0,205.0,215.0,216.0,215.0,222.0
7465,Pakistan,Spices,Import,22.0,19.0,21.0,35.0,72.0,62.0,87.0,86.0,134.0,105.0,112.0,102.0,119.0,91.0,127.0,149.0,127.0,124.0
7466,Pakistan,Spices,Stock Variation,0.0,0.0,0.0,0.0,0.0,0.0,0.0,0.0,0.0,0.0,0.0,0.0,0.0,0.0,0.0,0.0,0.0,0.0
7467,Pakistan,Spices,Export,14.0,10.0,11.0,13.0,16.0,12.0,20.0,18.0,15.0,14.0,17.0,15.0,15.0,19.0,19.0,19.0,21.0,23.0
7468,Pakistan,Spices,Domestic supply,229.0,147.0,152.0,162.0,193.0,223.0,182.0,232.0,352.0,331.0,321.0,281.0,308.0,277.0,322.0,346.0,322.0,323.0
7469,Pakistan,Spices,Feed,0.0,0.0,0.0,0.0,0.0,0.0,0.0,0.0,0.0,0.0,0.0,0.0,0.0,0.0,0.0,0.0,0.0,0.0
7470,Pakistan,Spices,Seed,0.0,0.0,0.0,0.0,0.0,0.0,0.0,0.0,0.0,0.0,0.0,0.0,0.0,0.0,0.0,0.0,0.0,0.0
7471,Pakistan,Animal fats,Losses,0.0,0.0,0.0,0.0,0.0,0.0,0.0,0.0,0.0,0.0,0.0,0.0,0.0,0.0,3.0,3.0,3.0,0.0
7472,Pakistan,Alcoholic Beverages,Seed,0.0,0.0,0.0,0.0,0.0,0.0,0.0,0.0,0.0,0.0,0.0,0.0,0.0,0.0,0.0,0.0,0.0,0.0
7473,Pakistan,Miscellaneous,Export,1.0,1.0,1.0,1.0,0.0,0.0,1.0,1.0,0.0,0.0,0.0,1.0,1.0,1.0,13.0,15.0,14.0,13.0
7474,Pakistan,Alcoholic Beverages,Human Consumption,29.0,22.0,19.0,17.0,18.0,11.0,12.0,10.0,9.0,8.0,11.0,14.0,9.0,9.0,8.0,10.0,13.0,17.0
7475,Pakistan,Miscellaneous,Import,2.0,3.0,2.0,2.0,2.0,3.0,4.0,4.0,5.0,4.0,5.0,6.0,6.0,7.0,24.0,24.0,30.0,36.0
7476,Pakistan,Animal fats,Other uses (non-food),112.0,80.0,13.0,26.0,78.0,28.0,20.0,7.0,5.0,7.0,1.0,2.0,3.0,4.0,0.0,0.0,0.0,0.0
7477,Pakistan,Animal fats,Human Consumption,596.0,615.0,721.0,766.0,788.0,811.0,822.0,834.0,852.0,845.0,862.0,893.0,906.0,910.0,168.0,173.0,180.0,189.0
7478,Pakistan,Miscellaneous,Stock Variation,0.0,0.0,0.0,0.0,0.0,0.0,0.0,0.0,0.0,0.0,0.0,0.0,0.0,0.0,0.0,0.0,0.0,0.0
7479,Pakistan,Offals,Production,281.0,287.0,295.0,303.0,310.0,317.0,299.0,308.0,316.0,324.0,334.0,343.0,353.0,362.0,372.0,383.0,393.0,404.0
7480,Pakistan,Offals,Import,0.0,0.0,0.0,0.0,0.0,0.0,0.0,0.0,0.0,0.0,0.0,0.0,1.0,1.0,3.0,2.0,2.0,2.0
7481,Pakistan,Offals,Stock Variation,0.0,0.0,0.0,0.0,0.0,0.0,0.0,0.0,0.0,0.0,0.0,0.0,0.0,0.0,0.0,0.0,0.0,0.0
7482,Pakistan,Offals,Domestic supply,281.0,287.0,295.0,303.0,309.0,316.0,298.0,308.0,316.0,324.0,334.0,332.0,344.0,347.0,365.0,372.0,383.0,396.0
7483,Pakistan,Offals,Feed,0.0,0.0,0.0,0.0,0.0,0.0,0.0,0.0,0.0,0.0,0.0,0.0,0.0,0.0,0.0,0.0,0.0,0.0
7484,Pakistan,Offals,Seed,0.0,0.0,0.0,0.0,0.0,0.0,0.0,0.0,0.0,0.0,0.0,0.0,0.0,0.0,0.0,0.0,0.0,0.0
7485,Pakistan,Offals,Losses,0.0,0.0,0.0,0.0,0.0,0.0,0.0,0.0,0.0,0.0,0.0,0.0,0.0,0.0,11.0,11.0,11.0,12.0
7486,Pakistan,Offals,Processing,0.0,0.0,0.0,0.0,0.0,0.0,0.0,0.0,0.0,0.0,0.0,0.0,0.0,0.0,0.0,0.0,0.0,0.0
7487,Pakistan,Offals,Other uses (non-food),0.0,0.0,0.0,0.0,0.0,0.0,0.0,0.0,0.0,0.0,0.0,0.0,0.0,0.0,0.0,0.0,0.0,0.0
7488,Pakistan,Offals,Human Consumption,281.0,287.0,295.0,303.0,309.0,316.0,298.0,308.0,316.0,324.0,334.0,332.0,344.0,347.0,355.0,362.0,372.0,385.0
7489,Pakistan,Offals,Export,0.0,0.0,0.0,0.0,1.0,1.0,1.0,0.0,0.0,0.0,0.0,11.0,9.0,16.0,10.0,13.0,12.0,10.0
7490,Pakistan,Meat,Processing,0.0,0.0,0.0,0.0,0.0,0.0,0.0,0.0,0.0,0.0,0.0,0.0,0.0,0.0,0.0,0.0,0.0,0.0
7491,Pakistan,Meat,Import,0.0,0.0,0.0,1.0,1.0,2.0,8.0,16.0,8.0,4.0,5.0,4.0,3.0,4.0,3.0,3.0,4.0,4.0
7492,Pakistan,Meat,Stock Variation,0.0,0.0,0.0,0.0,0.0,0.0,0.0,0.0,0.0,0.0,0.0,0.0,0.0,0.0,-21.0,-22.0,-23.0,-24.0
7493,Pakistan,Meat,Export,4.0,3.0,4.0,8.0,7.0,9.0,8.0,15.0,18.0,26.0,37.0,44.0,56.0,55.0,63.0,72.0,60.0,54.0
7494,Pakistan,Meat,Domestic supply,1697.0,1745.0,1796.0,1846.0,1891.0,1935.0,2236.0,2330.0,2421.0,2518.0,2621.0,2734.0,2852.0,2989.0,3120.0,3265.0,3446.0,3637.0
7495,Pakistan,Meat,Feed,0.0,0.0,0.0,0.0,0.0,0.0,0.0,0.0,0.0,0.0,0.0,0.0,0.0,0.0,0.0,0.0,0.0,0.0
7496,Pakistan,Meat,Seed,0.0,0.0,0.0,0.0,0.0,0.0,0.0,0.0,0.0,0.0,0.0,0.0,0.0,0.0,0.0,0.0,0.0,0.0
7497,Pakistan,Miscellaneous,Production,0.0,0.0,0.0,0.0,0.0,0.0,0.0,0.0,0.0,0.0,0.0,0.0,0.0,0.0,0.0,0.0,0.0,0.0
7498,Pakistan,Meat,Losses,0.0,0.0,0.0,0.0,0.0,0.0,0.0,0.0,0.0,0.0,0.0,0.0,0.0,0.0,116.0,122.0,129.0,137.0
7499,Pakistan,Meat,Human Consumption,1697.0,1745.0,1796.0,1846.0,1892.0,1936.0,2236.0,2330.0,2421.0,2518.0,2621.0,2734.0,2852.0,2989.0,3013.0,3153.0,3320.0,3507.0
7500,Pakistan,Meat,Other uses (non-food),0.0,0.0,0.0,0.0,0.0,0.0,0.0,0.0,0.0,0.0,0.0,0.0,0.0,0.0,0.0,0.0,0.0,0.0
7501,Pakistan,Meat,Production,1701.0,1748.0,1799.0,1853.0,1897.0,1943.0,2236.0,2330.0,2431.0,2541.0,2654.0,2774.0,2905.0,3040.0,3159.0,3312.0,3479.0,3663.0
7502,Panama,Vegetable Oils,Export,3.0,3.0,6.0,4.0,7.0,4.0,2.0,3.0,3.0,4.0,3.0,15.0,27.0,26.0,16.0,12.0,14.0,16.0
7503,Panama,Sugar & Sweeteners,Processing,0.0,0.0,0.0,0.0,0.0,0.0,0.0,0.0,0.0,0.0,0.0,0.0,0.0,0.0,0.0,0.0,0.0,0.0
7504,Panama,Vegetable Oils,Stock Variation,2.0,6.0,4.0,1.0,1.0,0.0,-3.0,-3.0,-10.0,0.0,-7.0,-6.0,12.0,9.0,8.0,16.0,10.0,6.0
7505,Panama,Sugar & Sweeteners,Losses,0.0,0.0,0.0,0.0,0.0,0.0,0.0,1.0,1.0,2.0,2.0,2.0,2.0,2.0,1.0,1.0,1.0,1.0
7506,Panama,Vegetable Oils,Production,12.0,12.0,12.0,12.0,13.0,14.0,14.0,16.0,14.0,17.0,14.0,12.0,12.0,12.0,27.0,28.0,22.0,22.0
7507,Panama,Vegetables,Human Consumption,79.0,74.0,83.0,91.0,86.0,91.0,92.0,101.0,103.0,108.0,105.0,106.0,111.0,112.0,101.0,108.0,105.0,104.0
7508,Panama,Vegetables,Losses,6.0,6.0,7.0,7.0,7.0,7.0,7.0,9.0,9.0,9.0,51.0,53.0,56.0,66.0,8.0,9.0,9.0,9.0
7509,Panama,Vegetable Oils,Import,30.0,27.0,29.0,31.0,31.0,33.0,39.0,34.0,42.0,35.0,37.0,52.0,48.0,47.0,54.0,54.0,55.0,53.0
7510,Panama,Vegetable Oils,Domestic supply,41.0,43.0,38.0,40.0,38.0,43.0,49.0,45.0,44.0,48.0,40.0,42.0,44.0,41.0,56.0,53.0,52.0,53.0
7511,Panama,Sugar & Sweeteners,Import,5.0,5.0,6.0,6.0,7.0,6.0,8.0,9.0,12.0,14.0,13.0,20.0,26.0,33.0,135.0,140.0,146.0,129.0
7512,Panama,Vegetable Oils,Other uses (non-food),12.0,12.0,9.0,12.0,12.0,16.0,21.0,18.0,15.0,15.0,4.0,3.0,5.0,3.0,5.0,7.0,6.0,5.0
7513,Panama,Vegetable Oils,Human Consumption,29.0,31.0,29.0,28.0,27.0,27.0,27.0,27.0,28.0,32.0,36.0,39.0,40.0,38.0,42.0,40.0,40.0,41.0
7514,Panama,Sugar & Sweeteners,Production,166.0,153.0,164.0,157.0,169.0,173.0,185.0,169.0,152.0,151.0,162.0,170.0,175.0,177.0,171.0,181.0,180.0,174.0
7515,Panama,Sugar & Sweeteners,Stock Variation,5.0,4.0,-7.0,1.0,-10.0,0.0,-2.0,-5.0,-4.0,2.0,4.0,-3.0,0.0,6.0,25.0,33.0,24.0,9.0
7516,Panama,Sugar & Sweeteners,Export,67.0,37.0,38.0,38.0,28.0,66.0,52.0,48.0,34.0,30.0,31.0,44.0,47.0,51.0,61.0,37.0,56.0,42.0
7517,Panama,Sugar & Sweeteners,Domestic supply,108.0,125.0,125.0,127.0,137.0,113.0,139.0,125.0,127.0,137.0,148.0,143.0,154.0,165.0,219.0,250.0,246.0,252.0
7518,Panama,Vegetables,Domestic supply,85.0,80.0,90.0,98.0,93.0,99.0,100.0,109.0,112.0,117.0,155.0,159.0,162.0,172.0,110.0,117.0,114.0,113.0
7519,Panama,Sugar & Sweeteners,Feed,0.0,0.0,0.0,0.0,0.0,0.0,0.0,0.0,0.0,0.0,0.0,0.0,0.0,0.0,0.0,0.0,0.0,0.0
7520,Panama,Vegetable Oils,Processing,0.0,0.0,0.0,0.0,0.0,0.0,0.0,0.0,0.0,0.0,0.0,0.0,0.0,0.0,9.0,7.0,6.0,7.0
7521,Panama,Vegetables,Export,51.0,68.0,82.0,99.0,134.0,218.0,221.0,283.0,299.0,131.0,70.0,44.0,51.0,50.0,48.0,46.0,48.0,29.0
7522,Panama,Fruits - Excluding Wine,Stock Variation,0.0,0.0,-6.0,-6.0,-1.0,1.0,6.0,6.0,0.0,0.0,0.0,0.0,0.0,0.0,0.0,3.0,3.0,5.0
7523,Panama,Vegetables,Import,31.0,24.0,26.0,29.0,26.0,25.0,27.0,31.0,36.0,36.0,46.0,48.0,56.0,58.0,50.0,61.0,59.0,62.0
7524,Panama,Stimulants,Stock Variation,0.0,0.0,0.0,1.0,0.0,0.0,0.0,0.0,0.0,0.0,0.0,0.0,0.0,0.0,1.0,1.0,0.0,0.0
7525,Panama,Stimulants,Export,8.0,7.0,6.0,8.0,6.0,6.0,6.0,7.0,6.0,4.0,4.0,4.0,4.0,3.0,4.0,3.0,4.0,4.0
7526,Panama,Sugar & Sweeteners,Other uses (non-food),25.0,45.0,35.0,35.0,43.0,17.0,39.0,18.0,19.0,27.0,32.0,22.0,26.0,29.0,6.0,27.0,26.0,25.0
7527,Panama,Stimulants,Domestic supply,6.0,11.0,9.0,9.0,11.0,11.0,11.0,12.0,13.0,14.0,12.0,12.0,14.0,14.0,5.0,7.0,6.0,7.0
7528,Panama,Stimulants,Seed,0.0,0.0,0.0,0.0,0.0,0.0,0.0,0.0,0.0,0.0,0.0,0.0,0.0,0.0,0.0,0.0,0.0,0.0
7529,Panama,Stimulants,Losses,0.0,0.0,0.0,0.0,0.0,0.0,0.0,0.0,0.0,0.0,0.0,0.0,0.0,0.0,0.0,0.0,0.0,0.0
7530,Panama,Stimulants,Processing,0.0,0.0,0.0,0.0,0.0,0.0,0.0,0.0,0.0,0.0,0.0,0.0,0.0,0.0,0.0,0.0,0.0,1.0
7531,Panama,Stimulants,Human Consumption,6.0,11.0,9.0,9.0,11.0,11.0,11.0,12.0,13.0,14.0,12.0,12.0,14.0,14.0,4.0,6.0,5.0,6.0
7532,Panama,Vegetables,Stock Variation,0.0,0.0,0.0,0.0,0.0,0.0,0.0,0.0,0.0,0.0,0.0,0.0,0.0,0.0,-3.0,1.0,1.0,2.0
7533,Panama,Fruits - Excluding Wine,Production,845.0,725.0,734.0,734.0,734.0,674.0,783.0,816.0,728.0,593.0,607.0,589.0,598.0,613.0,643.0,614.0,614.0,691.0
7534,Panama,Fruits - Excluding Wine,Export,493.0,428.0,407.0,393.0,420.0,394.0,476.0,502.0,438.0,325.0,337.0,348.0,362.0,382.0,336.0,324.0,290.0,320.0
7535,Panama,Fruits - Excluding Wine,Domestic supply,405.0,344.0,385.0,398.0,395.0,363.0,389.0,408.0,394.0,375.0,383.0,362.0,405.0,402.0,375.0,356.0,385.0,436.0
7536,Panama,Fruits - Excluding Wine,Feed,38.0,42.0,33.0,33.0,32.0,29.0,33.0,34.0,30.0,24.0,22.0,23.0,24.0,21.0,28.0,26.0,28.0,32.0
7537,Panama,Fruits - Excluding Wine,Seed,0.0,0.0,0.0,0.0,0.0,0.0,0.0,0.0,0.0,0.0,0.0,0.0,0.0,0.0,0.0,0.0,0.0,0.0
7538,Panama,Fruits - Excluding Wine,Losses,107.0,71.0,91.0,100.0,70.0,61.0,75.0,57.0,51.0,40.0,41.0,40.0,34.0,35.0,36.0,35.0,39.0,46.0
7539,Panama,Fruits - Excluding Wine,Processing,0.0,0.0,0.0,0.0,0.0,0.0,0.0,0.0,0.0,0.0,0.0,0.0,0.0,0.0,0.0,0.0,0.0,0.0
7540,Panama,Fruits - Excluding Wine,Human Consumption,260.0,231.0,260.0,264.0,293.0,272.0,280.0,317.0,313.0,311.0,320.0,299.0,347.0,346.0,310.0,294.0,318.0,358.0
7541,Panama,Vegetables,Production,104.0,124.0,146.0,168.0,201.0,291.0,294.0,361.0,375.0,212.0,179.0,154.0,156.0,164.0,106.0,102.0,105.0,82.0
7542,Panama,Fruits - Excluding Wine,Import,54.0,47.0,64.0,63.0,82.0,81.0,75.0,89.0,104.0,107.0,112.0,122.0,169.0,171.0,67.0,68.0,65.0,70.0
7543,Panama,Sugar & Sweeteners,Human Consumption,83.0,80.0,91.0,92.0,94.0,96.0,100.0,106.0,106.0,108.0,114.0,120.0,127.0,134.0,212.0,221.0,219.0,227.0
7544,Panama,Starchy Roots,Import,12.0,10.0,13.0,16.0,17.0,18.0,17.0,22.0,21.0,24.0,25.0,29.0,34.0,36.0,21.0,24.0,25.0,27.0
7545,Panama,Pulses,Import,10.0,8.0,10.0,10.0,8.0,7.0,9.0,10.0,10.0,11.0,13.0,13.0,12.0,11.0,14.0,14.0,18.0,22.0
7546,Panama,Starchy Roots,Production,70.0,79.0,80.0,85.0,84.0,92.0,81.0,78.0,72.0,80.0,77.0,73.0,76.0,76.0,63.0,56.0,57.0,55.0
7547,Panama,Starchy Roots,Stock Variation,-1.0,1.0,1.0,-1.0,0.0,0.0,0.0,0.0,0.0,0.0,0.0,0.0,0.0,0.0,-10.0,3.0,6.0,-2.0
7548,Panama,Starchy Roots,Export,3.0,7.0,10.0,8.0,4.0,18.0,15.0,6.0,7.0,2.0,2.0,1.0,1.0,1.0,1.0,1.0,1.0,1.0
7549,Panama,Starchy Roots,Domestic supply,78.0,83.0,85.0,92.0,98.0,92.0,84.0,94.0,87.0,102.0,100.0,101.0,109.0,111.0,93.0,77.0,76.0,83.0
7550,Panama,Starchy Roots,Feed,5.0,3.0,3.0,5.0,4.0,4.0,3.0,3.0,3.0,3.0,4.0,3.0,3.0,3.0,3.0,2.0,2.0,3.0
7551,Panama,Starchy Roots,Seed,2.0,2.0,3.0,3.0,3.0,3.0,3.0,3.0,2.0,3.0,2.0,3.0,3.0,3.0,2.0,2.0,2.0,1.0
7552,Panama,Starchy Roots,Losses,4.0,5.0,5.0,5.0,5.0,5.0,5.0,5.0,4.0,5.0,5.0,5.0,5.0,5.0,4.0,4.0,4.0,4.0
7553,Panama,Starchy Roots,Other uses (non-food),1.0,1.0,2.0,3.0,1.0,1.0,1.0,2.0,2.0,1.0,1.0,3.0,4.0,4.0,1.0,1.0,1.0,1.0
7554,Panama,Starchy Roots,Human Consumption,66.0,72.0,72.0,77.0,84.0,79.0,71.0,82.0,76.0,89.0,88.0,88.0,94.0,96.0,83.0,69.0,67.0,74.0
7555,Panama,Sugar Crops,Production,1789.0,1529.0,1601.0,1572.0,1749.0,1766.0,1772.0,1725.0,1775.0,1914.0,2229.0,2264.0,2276.0,2482.0,2381.0,2381.0,2667.0,2695.0
7556,Panama,Sugar Crops,Import,0.0,0.0,0.0,0.0,0.0,0.0,0.0,0.0,0.0,0.0,0.0,0.0,0.0,0.0,0.0,0.0,0.0,0.0
7557,Panama,Sugar Crops,Stock Variation,-45.0,58.0,4.0,-17.0,-16.0,-35.0,113.0,75.0,-30.0,-130.0,-270.0,-185.0,-131.0,-265.0,0.0,0.0,0.0,0.0
7558,Panama,Sugar Crops,Domestic supply,1744.0,1587.0,1605.0,1555.0,1733.0,1732.0,1885.0,1800.0,1745.0,1784.0,1959.0,2079.0,2145.0,2217.0,2381.0,2381.0,2667.0,2695.0
7559,Panama,Sugar Crops,Feed,55.0,28.0,28.0,28.0,23.0,23.0,23.0,29.0,38.0,40.0,44.0,48.0,57.0,57.0,51.0,58.0,53.0,57.0
7560,Panama,Sugar Crops,Seed,22.0,15.0,20.0,18.0,18.0,18.0,17.0,22.0,31.0,33.0,36.0,42.0,48.0,48.0,38.0,46.0,42.0,45.0
7561,Panama,Sugar Crops,Losses,50.0,43.0,45.0,44.0,49.0,50.0,50.0,17.0,18.0,19.0,22.0,23.0,23.0,25.0,25.0,24.0,24.0,24.0
7562,Panama,Sugar Crops,Processing,1616.0,1501.0,1512.0,1465.0,1643.0,1641.0,1794.0,1732.0,1558.0,1542.0,1657.0,1717.0,1765.0,1787.0,1665.0,1771.0,1760.0,1706.0
7563,Panama,Stimulants,Import,3.0,3.0,3.0,3.0,3.0,3.0,3.0,4.0,5.0,4.0,3.0,6.0,7.0,7.0,2.0,3.0,3.0,4.0
7564,Panama,Sugar Crops,Other uses (non-food),0.0,1.0,0.0,0.0,1.0,0.0,0.0,0.0,100.0,150.0,200.0,250.0,251.0,301.0,601.0,482.0,788.0,862.0
7565,Panama,Oilcrops,Human Consumption,13.0,10.0,11.0,10.0,11.0,11.0,14.0,17.0,14.0,15.0,22.0,19.0,16.0,28.0,22.0,23.0,24.0,25.0
7566,Panama,Pulses,Production,8.0,9.0,8.0,9.0,9.0,10.0,10.0,9.0,9.0,9.0,10.0,8.0,9.0,9.0,10.0,10.0,10.0,9.0
7567,Panama,Oilcrops,Other uses (non-food),7.0,7.0,7.0,7.0,7.0,8.0,14.0,26.0,8.0,14.0,22.0,20.0,8.0,6.0,4.0,3.0,2.0,2.0
7568,Panama,Oilcrops,Losses,0.0,0.0,0.0,0.0,0.0,0.0,0.0,0.0,0.0,0.0,0.0,0.0,0.0,0.0,2.0,2.0,2.0,1.0
7569,Panama,Pulses,Stock Variation,0.0,0.0,0.0,0.0,0.0,0.0,0.0,0.0,0.0,0.0,0.0,0.0,0.0,0.0,2.0,2.0,5.0,8.0
7570,Panama,Pulses,Export,0.0,0.0,0.0,0.0,0.0,0.0,0.0,0.0,0.0,0.0,0.0,0.0,0.0,0.0,0.0,0.0,0.0,0.0
7571,Panama,Pulses,Domestic supply,18.0,17.0,18.0,18.0,17.0,18.0,19.0,19.0,19.0,19.0,22.0,20.0,22.0,21.0,22.0,22.0,23.0,23.0
7572,Panama,Pulses,Feed,0.0,0.0,0.0,0.0,0.0,0.0,0.0,0.0,0.0,0.0,0.0,0.0,0.0,0.0,0.0,0.0,0.0,1.0
7573,Panama,Pulses,Seed,0.0,0.0,0.0,0.0,0.0,0.0,0.0,0.0,0.0,0.0,0.0,0.0,0.0,0.0,0.0,0.0,0.0,0.0
7574,Panama,Pulses,Losses,1.0,1.0,1.0,1.0,1.0,1.0,1.0,0.0,0.0,0.0,0.0,0.0,0.0,0.0,0.0,0.0,0.0,0.0
7575,Panama,Pulses,Human Consumption,17.0,16.0,17.0,17.0,16.0,16.0,18.0,19.0,19.0,19.0,22.0,20.0,21.0,20.0,21.0,21.0,22.0,22.0
7576,Panama,Treenuts,Import,1.0,1.0,1.0,1.0,1.0,1.0,1.0,2.0,2.0,2.0,2.0,2.0,3.0,3.0,2.0,3.0,3.0,3.0
7577,Panama,Treenuts,Stock Variation,0.0,0.0,0.0,0.0,0.0,0.0,0.0,0.0,0.0,0.0,0.0,0.0,0.0,0.0,1.0,1.0,1.0,1.0
7578,Panama,Treenuts,Export,0.0,0.0,0.0,3.0,0.0,0.0,0.0,0.0,0.0,0.0,0.0,0.0,0.0,0.0,0.0,0.0,0.0,0.0
7579,Panama,Treenuts,Domestic supply,1.0,1.0,1.0,-2.0,1.0,1.0,1.0,1.0,1.0,1.0,2.0,2.0,2.0,3.0,1.0,1.0,1.0,2.0
7580,Panama,Treenuts,Human Consumption,1.0,1.0,1.0,1.0,1.0,1.0,1.0,1.0,2.0,2.0,2.0,2.0,3.0,3.0,1.0,1.0,1.0,2.0
7581,Panama,Oilcrops,Production,18.0,16.0,16.0,16.0,16.0,17.0,17.0,17.0,17.0,18.0,17.0,16.0,16.0,17.0,69.0,65.0,64.0,57.0
7582,Panama,Oilcrops,Import,2.0,2.0,2.0,2.0,3.0,3.0,12.0,29.0,41.0,41.0,35.0,33.0,21.0,28.0,37.0,36.0,49.0,42.0
7583,Panama,Oilcrops,Stock Variation,0.0,0.0,0.0,0.0,0.0,0.0,0.0,0.0,0.0,0.0,0.0,0.0,-3.0,3.0,21.0,1.0,30.0,25.0
7584,Panama,Oilcrops,Export,1.0,0.0,0.0,0.0,0.0,3.0,6.0,3.0,37.0,30.0,6.0,9.0,12.0,13.0,0.0,0.0,0.0,0.0
7585,Panama,Oilcrops,Domestic supply,19.0,18.0,18.0,18.0,19.0,17.0,22.0,43.0,22.0,29.0,47.0,40.0,23.0,35.0,85.0,101.0,83.0,74.0
7586,Panama,Oilcrops,Feed,0.0,0.0,0.0,0.0,0.0,0.0,0.0,0.0,0.0,0.0,0.0,0.0,0.0,0.0,21.0,21.0,35.0,27.0
7587,Panama,Oilcrops,Seed,0.0,0.0,0.0,0.0,0.0,0.0,0.0,0.0,0.0,0.0,0.0,0.0,0.0,0.0,0.0,0.0,0.0,0.0
7588,Panama,Oilcrops,Processing,0.0,0.0,0.0,0.0,0.0,0.0,0.0,2.0,3.0,5.0,4.0,4.0,4.0,2.0,35.0,52.0,21.0,19.0
7589,Panama,Stimulants,Production,11.0,16.0,12.0,12.0,13.0,14.0,14.0,15.0,14.0,14.0,13.0,11.0,11.0,11.0,7.0,8.0,7.0,7.0
7590,Panama,Miscellaneous,Stock Variation,-1.0,1.0,0.0,0.0,0.0,0.0,0.0,0.0,0.0,0.0,0.0,0.0,0.0,0.0,0.0,-1.0,4.0,13.0
7591,Panama,Spices,Domestic supply,1.0,1.0,1.0,1.0,1.0,1.0,1.0,1.0,1.0,1.0,1.0,1.0,1.0,1.0,1.0,1.0,1.0,1.0
7592,Panama,"Fish, Seafood",Feed,20.0,65.0,67.0,44.0,40.0,79.0,58.0,63.0,19.0,29.0,19.0,58.0,58.0,58.0,30.0,30.0,30.0,30.0
7593,Panama,"Fish, Seafood",Other uses (non-food),0.0,0.0,0.0,0.0,6.0,2.0,1.0,3.0,1.0,1.0,10.0,6.0,6.0,6.0,17.0,17.0,17.0,17.0
7594,Panama,"Fish, Seafood",Human Consumption,32.0,39.0,40.0,40.0,36.0,45.0,47.0,48.0,50.0,51.0,50.0,50.0,50.0,50.0,54.0,54.0,54.0,54.0
7595,Panama,Eggs,Production,12.0,25.0,26.0,25.0,25.0,28.0,26.0,28.0,24.0,24.0,25.0,25.0,25.0,26.0,36.0,36.0,36.0,37.0
7596,Panama,Eggs,Import,0.0,0.0,0.0,0.0,0.0,0.0,0.0,0.0,0.0,0.0,0.0,0.0,0.0,0.0,0.0,0.0,0.0,0.0
7597,Panama,Eggs,Stock Variation,0.0,0.0,0.0,0.0,0.0,0.0,0.0,0.0,0.0,0.0,0.0,0.0,0.0,0.0,0.0,0.0,0.0,0.0
7598,Panama,Eggs,Export,1.0,2.0,2.0,1.0,1.0,1.0,1.0,2.0,1.0,1.0,1.0,1.0,1.0,1.0,1.0,1.0,1.0,1.0
7599,Panama,Eggs,Domestic supply,12.0,24.0,25.0,24.0,24.0,27.0,25.0,27.0,23.0,23.0,24.0,24.0,25.0,25.0,35.0,35.0,35.0,36.0
7600,Panama,"Fish, Seafood",Domestic supply,53.0,104.0,107.0,84.0,81.0,126.0,107.0,113.0,70.0,81.0,79.0,114.0,114.0,114.0,101.0,101.0,101.0,101.0
7601,Panama,Eggs,Feed,0.0,0.0,0.0,0.0,0.0,0.0,0.0,0.0,0.0,0.0,0.0,0.0,0.0,0.0,0.0,0.0,0.0,0.0
7602,Panama,Eggs,Losses,1.0,1.0,1.0,1.0,1.0,1.0,1.0,1.0,1.0,1.0,1.0,1.0,1.0,1.0,2.0,2.0,2.0,2.0
7603,Panama,Eggs,Other uses (non-food),0.0,0.0,0.0,0.0,0.0,0.0,0.0,0.0,0.0,0.0,0.0,0.0,0.0,0.0,0.0,0.0,0.0,0.0
7604,Panama,Eggs,Human Consumption,7.0,19.0,19.0,19.0,19.0,21.0,19.0,20.0,17.0,17.0,17.0,17.0,18.0,18.0,23.0,23.0,24.0,25.0
7605,Panama,Milk - Excluding Butter,Production,171.0,168.0,178.0,180.0,179.0,181.0,179.0,182.0,189.0,193.0,198.0,195.0,203.0,206.0,215.0,211.0,206.0,212.0
7606,Panama,Milk - Excluding Butter,Import,66.0,46.0,45.0,51.0,38.0,58.0,52.0,60.0,81.0,59.0,69.0,61.0,69.0,78.0,62.0,72.0,75.0,90.0
7607,Panama,Milk - Excluding Butter,Stock Variation,0.0,0.0,0.0,0.0,0.0,0.0,0.0,0.0,0.0,0.0,0.0,0.0,0.0,0.0,-23.0,-14.0,1.0,2.0
7608,Panama,Milk - Excluding Butter,Export,18.0,19.0,19.0,11.0,17.0,17.0,12.0,9.0,13.0,10.0,27.0,9.0,9.0,8.0,11.0,13.0,14.0,11.0
7609,Panama,Milk - Excluding Butter,Domestic supply,219.0,195.0,205.0,219.0,200.0,221.0,218.0,232.0,256.0,241.0,241.0,247.0,263.0,275.0,289.0,285.0,266.0,290.0
7610,Panama,Eggs,Seed,4.0,4.0,4.0,4.0,4.0,4.0,4.0,5.0,5.0,5.0,5.0,6.0,6.0,6.0,10.0,10.0,9.0,10.0
7611,Panama,Milk - Excluding Butter,Feed,0.0,0.0,0.0,0.0,0.0,0.0,0.0,0.0,0.0,0.0,0.0,0.0,0.0,0.0,1.0,1.0,1.0,1.0
7612,Panama,"Fish, Seafood",Export,202.0,191.0,121.0,218.0,155.0,164.0,173.0,149.0,189.0,185.0,132.0,88.0,88.0,88.0,146.0,146.0,146.0,146.0
7613,Panama,"Fish, Seafood",Import,15.0,17.0,16.0,18.0,15.0,19.0,21.0,21.0,23.0,22.0,23.0,26.0,26.0,26.0,39.0,39.0,39.0,39.0
7614,Panama,Cereals - Excluding Beer,Production,234.0,255.0,272.0,303.0,260.0,256.0,247.0,253.0,294.0,251.0,257.0,261.0,287.0,328.0,395.0,388.0,450.0,433.0
7615,Panama,Cereals - Excluding Beer,Import,434.0,406.0,456.0,485.0,454.0,543.0,521.0,649.0,633.0,562.0,707.0,663.0,683.0,648.0,694.0,818.0,891.0,894.0
7616,Panama,Spices,Human Consumption,1.0,1.0,1.0,1.0,1.0,1.0,1.0,1.0,1.0,1.0,1.0,1.0,1.0,1.0,1.0,1.0,1.0,1.0
7617,Panama,Cereals - Excluding Beer,Export,1.0,1.0,1.0,1.0,3.0,1.0,2.0,2.0,3.0,3.0,1.0,1.0,1.0,1.0,1.0,1.0,1.0,4.0
7618,Panama,Cereals - Excluding Beer,Domestic supply,630.0,672.0,736.0,781.0,740.0,818.0,789.0,864.0,802.0,866.0,950.0,972.0,987.0,990.0,1132.0,1265.0,1398.0,1379.0
7619,Panama,Cereals - Excluding Beer,Feed,285.0,282.0,309.0,321.0,305.0,341.0,314.0,366.0,277.0,355.0,403.0,378.0,364.0,379.0,368.0,459.0,512.0,477.0
7620,Panama,Cereals - Excluding Beer,Seed,5.0,1.0,7.0,7.0,5.0,5.0,4.0,4.0,5.0,4.0,5.0,5.0,5.0,6.0,5.0,5.0,5.0,4.0
7621,Panama,Cereals - Excluding Beer,Losses,10.0,12.0,11.0,12.0,9.0,10.0,10.0,7.0,7.0,7.0,7.0,8.0,8.0,8.0,9.0,11.0,11.0,11.0
7622,Panama,"Fish, Seafood",Stock Variation,12.0,-1.0,-47.0,49.0,0.0,0.0,-12.0,13.0,0.0,0.0,0.0,0.0,0.0,0.0,0.0,0.0,0.0,0.0
7623,Panama,Cereals - Excluding Beer,Processing,24.0,20.0,21.0,23.0,26.0,30.0,31.0,32.0,38.0,38.0,40.0,46.0,43.0,42.0,31.0,30.0,31.0,33.0
7624,Panama,Cereals - Excluding Beer,Human Consumption,299.0,350.0,379.0,409.0,386.0,420.0,418.0,423.0,441.0,442.0,460.0,476.0,509.0,512.0,649.0,692.0,739.0,765.0
7625,Panama,"Aquatic Products, Other",Production,0.0,0.0,0.0,0.0,0.0,0.0,0.0,0.0,0.0,0.0,0.0,0.0,0.0,0.0,0.0,0.0,0.0,0.0
7626,Panama,"Aquatic Products, Other",Import,0.0,0.0,0.0,0.0,0.0,0.0,0.0,0.0,0.0,0.0,0.0,0.0,0.0,0.0,0.0,0.0,0.0,0.0
7627,Panama,"Aquatic Products, Other",Export,0.0,0.0,0.0,0.0,0.0,0.0,0.0,0.0,0.0,0.0,0.0,0.0,0.0,0.0,0.0,0.0,0.0,0.0
7628,Panama,"Aquatic Products, Other",Domestic supply,0.0,0.0,0.0,0.0,0.0,0.0,0.0,0.0,0.0,0.0,0.0,0.0,0.0,0.0,0.0,0.0,0.0,0.0
7629,Panama,"Aquatic Products, Other",Other uses (non-food),0.0,0.0,0.0,0.0,0.0,0.0,0.0,0.0,0.0,0.0,0.0,0.0,0.0,0.0,0.0,0.0,0.0,0.0
7630,Panama,"Aquatic Products, Other",Human Consumption,0.0,0.0,0.0,0.0,0.0,0.0,0.0,0.0,0.0,0.0,0.0,0.0,0.0,0.0,0.0,0.0,0.0,0.0
7631,Panama,"Fish, Seafood",Production,228.0,279.0,259.0,235.0,221.0,271.0,271.0,229.0,237.0,244.0,187.0,176.0,176.0,176.0,208.0,208.0,208.0,208.0
7632,Panama,Cereals - Excluding Beer,Other uses (non-food),7.0,7.0,9.0,10.0,8.0,11.0,13.0,32.0,35.0,19.0,35.0,59.0,57.0,43.0,77.0,91.0,74.0,82.0
7633,Panama,Milk - Excluding Butter,Losses,0.0,0.0,0.0,0.0,0.0,0.0,0.0,0.0,0.0,0.0,0.0,0.0,0.0,0.0,2.0,2.0,2.0,2.0
7634,Panama,Cereals - Excluding Beer,Stock Variation,-37.0,11.0,9.0,-6.0,29.0,20.0,23.0,-37.0,-123.0,57.0,-13.0,49.0,18.0,14.0,-44.0,-60.0,-58.0,-57.0
7635,Panama,Milk - Excluding Butter,Other uses (non-food),24.0,3.0,5.0,7.0,7.0,5.0,6.0,9.0,10.0,4.0,4.0,5.0,4.0,4.0,0.0,0.0,0.0,0.0
7636,Panama,Meat,Losses,5.0,4.0,5.0,6.0,6.0,6.0,5.0,4.0,4.0,6.0,7.0,7.0,8.0,8.0,8.0,8.0,7.0,7.0
7637,Panama,Meat,Processing,0.0,0.0,0.0,0.0,0.0,0.0,0.0,0.0,0.0,0.0,0.0,0.0,0.0,0.0,0.0,0.0,0.0,0.0
7638,Panama,Meat,Other uses (non-food),0.0,0.0,0.0,0.0,0.0,0.0,0.0,17.0,20.0,23.0,29.0,35.0,37.0,38.0,44.0,47.0,50.0,51.0
7639,Panama,Meat,Human Consumption,179.0,178.0,177.0,172.0,175.0,184.0,192.0,202.0,212.0,218.0,224.0,240.0,255.0,257.0,256.0,260.0,266.0,267.0
7640,Panama,Miscellaneous,Import,3.0,2.0,4.0,3.0,3.0,3.0,4.0,4.0,5.0,4.0,5.0,6.0,6.0,6.0,51.0,50.0,54.0,56.0
7641,Panama,Miscellaneous,Export,0.0,0.0,0.0,0.0,0.0,0.0,0.0,0.0,0.0,0.0,0.0,0.0,0.0,0.0,5.0,7.0,6.0,4.0
7642,Panama,Miscellaneous,Domestic supply,2.0,3.0,4.0,3.0,3.0,3.0,4.0,4.0,5.0,4.0,5.0,6.0,6.0,6.0,46.0,43.0,44.0,40.0
7643,Panama,Miscellaneous,Human Consumption,2.0,3.0,4.0,3.0,3.0,3.0,4.0,4.0,5.0,4.0,5.0,6.0,6.0,6.0,46.0,43.0,44.0,40.0
7644,Panama,Meat,Domestic supply,184.0,183.0,182.0,177.0,180.0,189.0,197.0,223.0,235.0,247.0,260.0,283.0,300.0,302.0,308.0,314.0,322.0,325.0
7645,Panama,Alcoholic Beverages,Production,163.0,149.0,161.0,174.0,195.0,197.0,206.0,234.0,251.0,266.0,263.0,291.0,305.0,295.0,315.0,305.0,308.0,333.0
7646,Panama,Alcoholic Beverages,Stock Variation,0.0,1.0,0.0,0.0,-1.0,0.0,-2.0,1.0,0.0,0.0,0.0,0.0,-1.0,1.0,2.0,0.0,0.0,0.0
7647,Panama,Alcoholic Beverages,Export,9.0,7.0,10.0,11.0,14.0,14.0,9.0,17.0,8.0,9.0,9.0,16.0,12.0,11.0,8.0,7.0,8.0,8.0
7648,Panama,Alcoholic Beverages,Domestic supply,165.0,153.0,162.0,172.0,191.0,195.0,210.0,234.0,266.0,287.0,286.0,310.0,330.0,333.0,354.0,357.0,348.0,366.0
7649,Panama,Alcoholic Beverages,Other uses (non-food),5.0,5.0,7.0,6.0,13.0,14.0,14.0,10.0,10.0,10.0,13.0,12.0,10.0,14.0,8.0,11.0,8.0,11.0
7650,Panama,Alcoholic Beverages,Human Consumption,160.0,147.0,155.0,166.0,178.0,182.0,196.0,224.0,255.0,277.0,273.0,298.0,320.0,319.0,345.0,346.0,341.0,355.0
7651,Panama,Spices,Import,1.0,1.0,1.0,1.0,1.0,1.0,1.0,1.0,1.0,1.0,1.0,1.0,1.0,1.0,1.0,1.0,1.0,1.0
7652,Panama,Spices,Export,0.0,0.0,0.0,0.0,0.0,0.0,0.0,0.0,0.0,0.0,0.0,0.0,0.0,0.0,0.0,0.0,0.0,0.0
7653,Panama,Milk - Excluding Butter,Processing,0.0,0.0,0.0,0.0,0.0,0.0,0.0,0.0,0.0,0.0,0.0,0.0,0.0,0.0,0.0,0.0,0.0,0.0
7654,Panama,Alcoholic Beverages,Import,10.0,10.0,11.0,9.0,11.0,13.0,15.0,15.0,22.0,30.0,32.0,35.0,38.0,48.0,48.0,60.0,48.0,40.0
7655,Panama,Meat,Export,6.0,5.0,6.0,4.0,6.0,7.0,8.0,6.0,6.0,5.0,7.0,11.0,11.0,11.0,9.0,8.0,6.0,5.0
7656,Panama,Spices,Stock Variation,0.0,0.0,0.0,0.0,0.0,0.0,0.0,0.0,0.0,0.0,0.0,0.0,0.0,0.0,0.0,0.0,0.0,0.0
7657,Panama,Meat,Import,18.0,14.0,16.0,14.0,15.0,15.0,17.0,20.0,23.0,27.0,32.0,39.0,40.0,48.0,39.0,43.0,50.0,49.0
7658,Panama,Meat,Stock Variation,0.0,1.0,0.0,0.0,0.0,1.0,0.0,0.0,0.0,0.0,0.0,0.0,0.0,0.0,9.0,18.0,25.0,27.0
7659,Panama,Animal fats,Import,4.0,3.0,3.0,3.0,4.0,3.0,4.0,4.0,6.0,5.0,6.0,7.0,7.0,9.0,8.0,11.0,15.0,19.0
7660,Panama,Animal fats,Stock Variation,0.0,0.0,0.0,0.0,0.0,0.0,0.0,0.0,0.0,0.0,0.0,0.0,0.0,0.0,2.0,5.0,9.0,13.0
7661,Panama,Animal fats,Export,10.0,17.0,8.0,5.0,7.0,7.0,6.0,6.0,2.0,5.0,2.0,3.0,3.0,3.0,5.0,5.0,4.0,4.0
7662,Panama,Animal fats,Domestic supply,31.0,27.0,21.0,22.0,22.0,22.0,23.0,24.0,31.0,32.0,27.0,29.0,32.0,33.0,19.0,19.0,19.0,19.0
7663,Panama,Animal fats,Feed,9.0,8.0,2.0,3.0,2.0,3.0,1.0,1.0,4.0,6.0,0.0,0.0,0.0,0.0,0.0,0.0,0.0,0.0
7664,Panama,Animal fats,Losses,0.0,0.0,0.0,0.0,0.0,0.0,0.0,0.0,0.0,0.0,0.0,0.0,0.0,0.0,2.0,2.0,2.0,2.0
7665,Panama,Animal fats,Other uses (non-food),10.0,10.0,8.0,8.0,8.0,7.0,8.0,8.0,9.0,9.0,10.0,10.0,11.0,10.0,4.0,4.0,3.0,3.0
7666,Panama,Animal fats,Human Consumption,11.0,10.0,11.0,11.0,12.0,12.0,14.0,15.0,18.0,17.0,17.0,19.0,21.0,22.0,13.0,13.0,13.0,13.0
7667,Panama,Animal fats,Production,37.0,40.0,26.0,24.0,25.0,26.0,25.0,27.0,28.0,31.0,24.0,26.0,28.0,27.0,17.0,18.0,17.0,17.0
7668,Panama,Offals,Import,4.0,3.0,4.0,4.0,3.0,3.0,4.0,4.0,3.0,3.0,5.0,5.0,5.0,4.0,4.0,4.0,4.0,5.0
7669,Panama,Meat,Production,172.0,173.0,172.0,168.0,172.0,181.0,188.0,209.0,218.0,224.0,235.0,254.0,271.0,265.0,287.0,297.0,302.0,309.0
7670,Panama,Offals,Production,9.0,9.0,9.0,8.0,9.0,9.0,9.0,12.0,13.0,14.0,14.0,15.0,16.0,15.0,15.0,15.0,14.0,13.0
7671,Panama,Offals,Human Consumption,12.0,11.0,11.0,11.0,10.0,10.0,10.0,13.0,14.0,14.0,16.0,18.0,17.0,14.0,16.0,16.0,15.0,15.0
7672,Panama,Offals,Losses,0.0,0.0,0.0,0.0,0.0,0.0,0.0,0.0,0.0,0.0,0.0,0.0,0.0,0.0,1.0,1.0,1.0,1.0
7673,Panama,Milk - Excluding Butter,Human Consumption,195.0,192.0,199.0,212.0,194.0,217.0,212.0,224.0,246.0,237.0,236.0,242.0,259.0,272.0,286.0,282.0,263.0,287.0
7674,Panama,Offals,Domestic supply,12.0,11.0,11.0,11.0,10.0,10.0,10.0,13.0,14.0,14.0,16.0,18.0,17.0,14.0,17.0,17.0,16.0,16.0
7675,Panama,Offals,Export,1.0,1.0,2.0,1.0,2.0,3.0,3.0,3.0,2.0,2.0,2.0,3.0,4.0,6.0,2.0,2.0,2.0,2.0
7676,Panama,Offals,Stock Variation,0.0,0.0,0.0,0.0,0.0,0.0,0.0,0.0,0.0,0.0,0.0,0.0,0.0,0.0,0.0,0.0,0.0,0.0
7677,Panama,Offals,Feed,0.0,0.0,0.0,0.0,0.0,0.0,0.0,0.0,0.0,0.0,0.0,0.0,0.0,0.0,0.0,0.0,0.0,0.0
7678,Paraguay,Vegetables,Human Consumption,340.0,315.0,329.0,298.0,346.0,388.0,372.0,364.0,292.0,327.0,359.0,304.0,299.0,296.0,302.0,309.0,329.0,341.0
7679,Paraguay,Vegetable Oils,Production,203.0,234.0,264.0,288.0,327.0,306.0,307.0,363.0,371.0,398.0,438.0,475.0,263.0,636.0,746.0,847.0,803.0,862.0
7680,Paraguay,Vegetable Oils,Import,8.0,7.0,5.0,6.0,6.0,8.0,12.0,12.0,10.0,11.0,11.0,11.0,13.0,12.0,15.0,16.0,18.0,29.0
7681,Paraguay,Vegetable Oils,Stock Variation,-2.0,-11.0,-69.0,-9.0,11.0,-12.0,14.0,7.0,1.0,18.0,-35.0,-99.0,-1.0,0.0,-9.0,9.0,12.0,29.0
7682,Paraguay,Vegetable Oils,Export,126.0,144.0,111.0,187.0,249.0,210.0,241.0,289.0,284.0,330.0,307.0,280.0,162.0,554.0,655.0,714.0,727.0,702.0
7683,Paraguay,Vegetable Oils,Other uses (non-food),11.0,15.0,12.0,9.0,14.0,14.0,10.0,13.0,15.0,12.0,22.0,20.0,26.0,9.0,33.0,35.0,33.0,30.0
7684,Paraguay,Vegetable Oils,Human Consumption,73.0,72.0,76.0,88.0,82.0,79.0,82.0,84.0,86.0,89.0,90.0,91.0,91.0,89.0,97.0,96.0,97.0,99.0
7685,Paraguay,Sugar & Sweeteners,Import,12.0,8.0,8.0,16.0,12.0,17.0,29.0,24.0,12.0,12.0,23.0,23.0,13.0,12.0,36.0,33.0,43.0,48.0
7686,Paraguay,Sugar & Sweeteners,Stock Variation,11.0,10.0,-23.0,-4.0,-3.0,-8.0,-5.0,-3.0,34.0,-15.0,-49.0,-20.0,-18.0,-19.0,52.0,68.0,1.0,40.0
7687,Paraguay,Sugar & Sweeteners,Export,16.0,23.0,3.0,33.0,51.0,50.0,65.0,75.0,102.0,58.0,51.0,79.0,61.0,68.0,92.0,92.0,111.0,82.0
7688,Paraguay,Sugar & Sweeteners,Feed,0.0,0.0,0.0,0.0,0.0,0.0,0.0,0.0,0.0,0.0,0.0,0.0,0.0,0.0,0.0,0.0,0.0,0.0
7689,Paraguay,Sugar & Sweeteners,Losses,0.0,0.0,0.0,0.0,0.0,0.0,0.0,0.0,0.0,0.0,0.0,0.0,0.0,0.0,0.0,0.0,0.0,0.0
7690,Paraguay,Sugar & Sweeteners,Other uses (non-food),11.0,11.0,15.0,17.0,17.0,18.0,18.0,9.0,7.0,10.0,12.0,14.0,14.0,14.0,16.0,25.0,55.0,48.0
7691,Paraguay,Sugar & Sweeteners,Human Consumption,133.0,135.0,138.0,148.0,145.0,150.0,153.0,153.0,159.0,163.0,167.0,172.0,173.0,173.0,207.0,203.0,216.0,221.0
7692,Paraguay,Vegetables,Losses,42.0,40.0,40.0,37.0,41.0,40.0,46.0,42.0,36.0,39.0,42.0,34.0,35.0,34.0,29.0,29.0,30.0,31.0
7693,Paraguay,Pulses,Production,47.0,65.0,66.0,77.0,80.0,87.0,85.0,87.0,59.0,60.0,68.0,74.0,48.0,77.0,78.0,78.0,79.0,82.0
7694,Paraguay,Sugar & Sweeteners,Production,137.0,151.0,172.0,186.0,204.0,209.0,212.0,217.0,222.0,234.0,256.0,262.0,252.0,262.0,331.0,356.0,340.0,343.0
7695,Paraguay,Sugar & Sweeteners,Domestic supply,144.0,146.0,154.0,165.0,162.0,168.0,170.0,162.0,166.0,173.0,178.0,186.0,187.0,187.0,223.0,229.0,271.0,269.0
7696,Paraguay,Fruits - Excluding Wine,Domestic supply,527.0,529.0,541.0,606.0,569.0,593.0,584.0,564.0,531.0,550.0,586.0,545.0,578.0,575.0,578.0,573.0,557.0,580.0
7697,Paraguay,Vegetables,Export,1.0,1.0,0.0,1.0,0.0,0.0,0.0,1.0,0.0,0.0,0.0,0.0,0.0,0.0,0.0,0.0,0.0,0.0
7698,Paraguay,Pulses,Import,1.0,0.0,0.0,0.0,0.0,0.0,0.0,0.0,0.0,0.0,0.0,0.0,0.0,0.0,0.0,0.0,0.0,0.0
7699,Paraguay,Stimulants,Export,1.0,1.0,1.0,3.0,2.0,2.0,3.0,4.0,1.0,1.0,1.0,1.0,1.0,0.0,1.0,2.0,1.0,1.0
7700,Paraguay,Stimulants,Domestic supply,64.0,76.0,143.0,94.0,86.0,85.0,96.0,96.0,85.0,85.0,92.0,94.0,64.0,94.0,84.0,86.0,90.0,93.0
7701,Paraguay,Stimulants,Losses,5.0,6.0,11.0,7.0,6.0,6.0,7.0,7.0,6.0,6.0,7.0,7.0,5.0,7.0,0.0,0.0,0.0,0.0
7702,Paraguay,Stimulants,Processing,0.0,0.0,0.0,0.0,0.0,0.0,0.0,0.0,0.0,0.0,0.0,0.0,0.0,0.0,0.0,0.0,0.0,0.0
7703,Paraguay,Stimulants,Human Consumption,59.0,70.0,132.0,87.0,80.0,79.0,89.0,89.0,79.0,79.0,85.0,87.0,60.0,87.0,85.0,86.0,90.0,93.0
7704,Paraguay,Fruits - Excluding Wine,Production,464.0,494.0,515.0,613.0,577.0,567.0,578.0,551.0,529.0,531.0,568.0,542.0,556.0,557.0,564.0,568.0,570.0,572.0
7705,Paraguay,Fruits - Excluding Wine,Import,69.0,50.0,28.0,26.0,28.0,45.0,33.0,36.0,43.0,51.0,59.0,60.0,60.0,59.0,57.0,71.0,56.0,75.0
7706,Paraguay,Fruits - Excluding Wine,Stock Variation,2.0,0.0,0.0,0.0,0.0,0.0,0.0,1.0,0.0,0.0,0.0,-1.0,1.0,0.0,-1.0,17.0,2.0,1.0
7707,Paraguay,Fruits - Excluding Wine,Export,8.0,16.0,1.0,33.0,36.0,18.0,27.0,24.0,41.0,32.0,40.0,56.0,38.0,41.0,44.0,50.0,68.0,65.0
7708,Paraguay,Fruits - Excluding Wine,Feed,7.0,8.0,5.0,8.0,5.0,5.0,5.0,5.0,6.0,6.0,8.0,6.0,6.0,6.0,7.0,4.0,3.0,3.0
7709,Paraguay,Fruits - Excluding Wine,Losses,62.0,65.0,61.0,75.0,66.0,67.0,67.0,65.0,64.0,66.0,73.0,67.0,69.0,69.0,69.0,69.0,70.0,70.0
7710,Paraguay,Fruits - Excluding Wine,Processing,8.0,9.0,9.0,4.0,3.0,3.0,3.0,3.0,2.0,2.0,2.0,2.0,2.0,3.0,5.0,6.0,6.0,6.0
7711,Paraguay,Fruits - Excluding Wine,Human Consumption,450.0,447.0,467.0,520.0,499.0,520.0,510.0,491.0,459.0,476.0,503.0,470.0,501.0,497.0,497.0,494.0,478.0,501.0
7712,Paraguay,Vegetables,Production,307.0,303.0,314.0,306.0,320.0,312.0,360.0,334.0,269.0,282.0,323.0,257.0,270.0,263.0,281.0,286.0,290.0,299.0
7713,Paraguay,Vegetables,Import,75.0,52.0,55.0,30.0,67.0,116.0,59.0,73.0,59.0,84.0,79.0,81.0,65.0,67.0,49.0,53.0,70.0,73.0
7714,Paraguay,Vegetables,Stock Variation,0.0,0.0,0.0,0.0,0.0,0.0,0.0,0.0,0.0,0.0,0.0,0.0,0.0,0.0,-1.0,0.0,0.0,1.0
7715,Paraguay,Vegetables,Domestic supply,382.0,354.0,369.0,335.0,387.0,428.0,418.0,406.0,328.0,366.0,401.0,337.0,334.0,330.0,331.0,339.0,360.0,372.0
7716,Paraguay,Pulses,Stock Variation,0.0,0.0,0.0,0.0,0.0,0.0,0.0,0.0,0.0,0.0,-5.0,-10.0,10.0,-15.0,-1.0,2.0,3.0,7.0
7717,Paraguay,Oilcrops,Human Consumption,18.0,23.0,21.0,27.0,28.0,22.0,24.0,26.0,26.0,25.0,28.0,25.0,27.0,31.0,22.0,26.0,22.0,25.0
7718,Paraguay,Pulses,Domestic supply,48.0,65.0,67.0,77.0,80.0,87.0,85.0,87.0,59.0,59.0,61.0,64.0,57.0,62.0,77.0,73.0,75.0,76.0
7719,Paraguay,Starchy Roots,Stock Variation,0.0,-3.0,-3.0,6.0,-9.0,0.0,6.0,3.0,0.0,-11.0,11.0,-14.0,-29.0,-26.0,2.0,1.0,7.0,13.0
7720,Paraguay,Starchy Roots,Export,0.0,9.0,4.0,105.0,46.0,67.0,95.0,134.0,76.0,33.0,189.0,211.0,174.0,164.0,69.0,72.0,227.0,101.0
7721,Paraguay,Starchy Roots,Domestic supply,2802.0,3696.0,4559.0,4679.0,5632.0,4868.0,4890.0,4789.0,2206.0,2633.0,2512.0,2299.0,1553.0,2681.0,3064.0,3175.0,3024.0,3150.0
7722,Paraguay,Starchy Roots,Feed,1704.0,2453.0,3229.0,3244.0,3999.0,3351.0,3339.0,3321.0,981.0,1314.0,1257.0,1080.0,383.0,1379.0,1442.0,1511.0,1520.0,1529.0
7723,Paraguay,Starchy Roots,Seed,0.0,0.0,0.0,0.0,0.0,0.0,0.0,0.0,0.0,0.0,0.0,0.0,0.0,0.0,0.0,0.0,0.0,0.0
7724,Paraguay,Starchy Roots,Losses,280.0,370.0,456.0,478.0,568.0,493.0,498.0,492.0,228.0,267.0,268.0,252.0,175.0,286.0,225.0,233.0,234.0,235.0
7725,Paraguay,Starchy Roots,Other uses (non-food),47.0,40.0,43.0,103.0,150.0,133.0,113.0,78.0,125.0,165.0,119.0,80.0,106.0,117.0,270.0,273.0,137.0,235.0
7726,Paraguay,Starchy Roots,Human Consumption,771.0,832.0,830.0,854.0,921.0,891.0,941.0,898.0,872.0,888.0,867.0,886.0,889.0,898.0,1126.0,1157.0,1132.0,1150.0
7727,Paraguay,Sugar Crops,Production,2245.0,2396.0,3210.0,3260.0,3637.0,3820.0,3200.0,4100.0,5080.0,4800.0,5131.0,5339.0,4186.0,5545.0,6372.0,6701.0,6708.0,6608.0
7728,Paraguay,Sugar Crops,Import,0.0,0.0,0.0,0.0,0.0,0.0,0.0,0.0,0.0,0.0,0.0,0.0,0.0,0.0,0.0,0.0,0.0,0.0
7729,Paraguay,Sugar Crops,Export,0.0,0.0,0.0,0.0,0.0,0.0,0.0,0.0,0.0,0.0,0.0,0.0,0.0,0.0,0.0,0.0,0.0,0.0
7730,Paraguay,Sugar Crops,Domestic supply,2245.0,2396.0,3210.0,3260.0,3637.0,3820.0,3200.0,4100.0,5080.0,4800.0,5131.0,5339.0,4186.0,5545.0,6372.0,6701.0,6708.0,6608.0
7731,Paraguay,Sugar Crops,Feed,300.0,296.0,799.0,837.0,905.0,1029.0,404.0,1002.0,1867.0,1369.0,1363.0,1381.0,489.0,1568.0,1314.0,1303.0,1477.0,1367.0
7732,Paraguay,Sugar Crops,Losses,112.0,120.0,160.0,163.0,182.0,191.0,160.0,205.0,254.0,240.0,257.0,267.0,209.0,277.0,317.0,334.0,334.0,329.0
7733,Paraguay,Sugar Crops,Processing,1483.0,1680.0,1950.0,1960.0,2250.0,2300.0,2336.0,2393.0,2458.0,2591.0,2811.0,2891.0,2787.0,2899.0,3675.0,3944.0,3775.0,3806.0
7734,Paraguay,Sugar Crops,Other uses (non-food),350.0,300.0,300.0,300.0,300.0,300.0,300.0,500.0,500.0,600.0,700.0,800.0,700.0,800.0,1066.0,1121.0,1122.0,1105.0
7735,Paraguay,Stimulants,Stock Variation,0.0,0.0,0.0,0.0,0.0,0.0,0.0,0.0,0.0,0.0,0.0,0.0,0.0,0.0,10.0,18.0,19.0,16.0
7736,Paraguay,Starchy Roots,Import,13.0,7.0,10.0,2.0,18.0,14.0,13.0,15.0,19.0,23.0,21.0,21.0,21.0,21.0,19.0,28.0,37.0,43.0
7737,Paraguay,Pulses,Export,0.0,0.0,0.0,0.0,0.0,0.0,0.0,0.0,0.0,1.0,2.0,1.0,1.0,0.0,3.0,2.0,2.0,0.0
7738,Paraguay,Starchy Roots,Production,2789.0,3700.0,4556.0,4776.0,5668.0,4921.0,4967.0,4905.0,2263.0,2655.0,2668.0,2503.0,1735.0,2849.0,3116.0,3220.0,3220.0,3220.0
7739,Paraguay,Oilcrops,Processing,980.0,1204.0,1317.0,1480.0,1665.0,1441.0,1524.0,1682.0,1683.0,1831.0,2010.0,2207.0,1174.0,3136.0,3827.0,4358.0,4180.0,4471.0
7740,Paraguay,Pulses,Feed,0.0,0.0,0.0,0.0,0.0,0.0,0.0,0.0,0.0,0.0,0.0,0.0,0.0,0.0,11.0,9.0,9.0,8.0
7741,Paraguay,Pulses,Seed,4.0,5.0,5.0,5.0,6.0,6.0,6.0,4.0,5.0,4.0,5.0,5.0,5.0,5.0,7.0,7.0,7.0,7.0
7742,Paraguay,Pulses,Losses,2.0,2.0,3.0,3.0,3.0,3.0,3.0,3.0,2.0,2.0,3.0,3.0,2.0,3.0,3.0,3.0,3.0,3.0
7743,Paraguay,Pulses,Human Consumption,42.0,58.0,59.0,69.0,71.0,77.0,75.0,79.0,52.0,52.0,54.0,56.0,50.0,54.0,55.0,55.0,56.0,57.0
7744,Paraguay,Treenuts,Import,0.0,0.0,0.0,0.0,0.0,0.0,0.0,0.0,0.0,0.0,0.0,0.0,0.0,0.0,0.0,0.0,0.0,0.0
7745,Paraguay,Treenuts,Stock Variation,0.0,0.0,0.0,0.0,0.0,0.0,0.0,0.0,0.0,0.0,0.0,0.0,0.0,0.0,0.0,0.0,0.0,0.0
7746,Paraguay,Treenuts,Export,0.0,0.0,0.0,0.0,0.0,0.0,0.0,0.0,0.0,0.0,0.0,0.0,0.0,0.0,0.0,0.0,0.0,0.0
7747,Paraguay,Treenuts,Domestic supply,0.0,0.0,0.0,0.0,0.0,0.0,0.0,0.0,0.0,0.0,0.0,0.0,0.0,0.0,0.0,0.0,0.0,0.0
7748,Paraguay,Treenuts,Human Consumption,0.0,0.0,0.0,0.0,0.0,0.0,0.0,0.0,0.0,0.0,0.0,0.0,0.0,0.0,0.0,0.0,0.0,0.0
7749,Paraguay,Oilcrops,Production,3305.0,3844.0,3522.0,4451.0,4008.0,4379.0,4187.0,6482.0,6740.0,4266.0,7966.0,8680.0,4676.0,9416.0,10544.0,9415.0,9667.0,10979.0
7750,Paraguay,Oilcrops,Import,14.0,10.0,11.0,14.0,25.0,36.0,16.0,20.0,33.0,44.0,16.0,25.0,30.0,34.0,10.0,12.0,9.0,16.0
7751,Paraguay,Oilcrops,Stock Variation,-252.0,-3.0,47.0,-883.0,600.0,466.0,6.0,-720.0,315.0,272.0,-303.0,-31.0,167.0,63.0,-212.0,-83.0,384.0,320.0
7752,Paraguay,Oilcrops,Export,1822.0,2361.0,1990.0,1775.0,2626.0,3072.0,2342.0,3650.0,3827.0,2345.0,4770.0,5218.0,3239.0,5181.0,4925.0,4659.0,5473.0,6171.0
7753,Paraguay,Oilcrops,Domestic supply,1245.0,1490.0,1590.0,1807.0,2008.0,1809.0,1867.0,2132.0,3262.0,2237.0,2910.0,3455.0,1635.0,4332.0,5842.0,4850.0,3819.0,4505.0
7754,Paraguay,Oilcrops,Feed,97.0,115.0,101.0,126.0,141.0,166.0,128.0,188.0,226.0,133.0,239.0,270.0,154.0,301.0,597.0,341.0,278.0,325.0
7755,Paraguay,Oilcrops,Seed,72.0,73.0,75.0,97.0,99.0,110.0,116.0,116.0,121.0,125.0,131.0,136.0,143.0,143.0,325.0,142.0,146.0,166.0
7756,Paraguay,Oilcrops,Losses,78.0,76.0,75.0,77.0,75.0,70.0,75.0,123.0,1209.0,125.0,501.0,815.0,132.0,719.0,717.0,638.0,650.0,741.0
7757,Paraguay,Oilcrops,Other uses (non-food),0.0,0.0,0.0,0.0,0.0,0.0,0.0,0.0,2.0,2.0,6.0,6.0,6.0,6.0,7.0,7.0,7.0,7.0
7758,Paraguay,Stimulants,Import,2.0,5.0,5.0,5.0,8.0,11.0,9.0,9.0,9.0,9.0,7.0,9.0,7.0,8.0,3.0,4.0,4.0,5.0
7759,Paraguay,Vegetable Oils,Domestic supply,83.0,87.0,89.0,97.0,95.0,92.0,91.0,92.0,98.0,98.0,106.0,107.0,113.0,94.0,115.0,139.0,82.0,159.0
7760,Paraguay,Spices,Human Consumption,0.0,0.0,0.0,0.0,0.0,0.0,0.0,0.0,1.0,1.0,1.0,1.0,1.0,1.0,1.0,1.0,1.0,1.0
7761,Paraguay,Eggs,Production,69.0,94.0,94.0,102.0,106.0,108.0,115.0,121.0,125.0,129.0,129.0,129.0,131.0,133.0,139.0,84.0,83.0,86.0
7762,Paraguay,Eggs,Import,0.0,0.0,0.0,0.0,0.0,0.0,0.0,1.0,1.0,1.0,1.0,1.0,1.0,1.0,2.0,2.0,2.0,2.0
7763,Paraguay,Eggs,Stock Variation,0.0,0.0,0.0,0.0,0.0,0.0,0.0,0.0,0.0,0.0,0.0,0.0,0.0,0.0,0.0,0.0,0.0,0.0
7764,Paraguay,Eggs,Domestic supply,69.0,94.0,95.0,102.0,106.0,108.0,115.0,122.0,126.0,129.0,130.0,130.0,132.0,134.0,141.0,86.0,86.0,88.0
7765,Paraguay,Eggs,Feed,0.0,0.0,0.0,0.0,0.0,0.0,0.0,0.0,0.0,0.0,0.0,0.0,0.0,0.0,0.0,0.0,0.0,0.0
7766,Paraguay,Eggs,Seed,2.0,2.0,3.0,3.0,3.0,3.0,4.0,1.0,2.0,2.0,2.0,2.0,2.0,2.0,2.0,1.0,1.0,1.0
7767,Paraguay,Eggs,Losses,2.0,3.0,3.0,3.0,3.0,3.0,3.0,4.0,4.0,4.0,4.0,4.0,4.0,4.0,7.0,4.0,4.0,4.0
7768,Paraguay,Eggs,Other uses (non-food),0.0,0.0,0.0,0.0,0.0,0.0,0.0,0.0,0.0,0.0,0.0,0.0,0.0,0.0,0.0,0.0,0.0,0.0
7769,Paraguay,Eggs,Human Consumption,64.0,88.0,89.0,97.0,99.0,101.0,108.0,116.0,121.0,124.0,124.0,125.0,126.0,128.0,132.0,81.0,81.0,83.0
7770,Paraguay,Milk - Excluding Butter,Production,330.0,331.0,375.0,380.0,362.0,372.0,392.0,417.0,442.0,467.0,490.0,512.0,515.0,518.0,525.0,515.0,510.0,508.0
7771,Paraguay,Milk - Excluding Butter,Import,23.0,35.0,27.0,36.0,31.0,29.0,26.0,14.0,14.0,20.0,25.0,27.0,30.0,24.0,6.0,6.0,6.0,9.0
7772,Paraguay,Milk - Excluding Butter,Stock Variation,0.0,0.0,0.0,0.0,0.0,0.0,0.0,0.0,0.0,0.0,0.0,0.0,0.0,0.0,0.0,1.0,1.0,1.0
7773,Paraguay,Milk - Excluding Butter,Export,0.0,4.0,1.0,3.0,2.0,5.0,6.0,6.0,6.0,7.0,3.0,2.0,3.0,1.0,3.0,2.0,2.0,1.0
7774,Paraguay,Milk - Excluding Butter,Domestic supply,353.0,362.0,401.0,413.0,391.0,396.0,411.0,426.0,449.0,480.0,512.0,537.0,542.0,541.0,528.0,518.0,514.0,515.0
7775,Paraguay,Milk - Excluding Butter,Feed,0.0,0.0,0.0,0.0,0.0,0.0,0.0,0.0,0.0,0.0,0.0,0.0,0.0,0.0,1.0,1.0,1.0,2.0
7776,Paraguay,Milk - Excluding Butter,Losses,17.0,17.0,19.0,19.0,18.0,19.0,20.0,21.0,22.0,23.0,25.0,26.0,26.0,26.0,26.0,26.0,26.0,25.0
7777,Paraguay,Milk - Excluding Butter,Processing,0.0,0.0,0.0,0.0,0.0,0.0,0.0,0.0,0.0,0.0,0.0,0.0,0.0,0.0,0.0,0.0,0.0,0.0
7778,Paraguay,"Fish, Seafood",Human Consumption,29.0,27.0,26.0,25.0,26.0,25.0,24.0,24.0,24.0,24.0,24.0,25.0,25.0,25.0,28.0,27.0,27.0,29.0
7779,Paraguay,Milk - Excluding Butter,Other uses (non-food),0.0,0.0,0.0,0.0,0.0,0.0,0.0,0.0,0.0,0.0,0.0,0.0,0.0,0.0,0.0,0.0,0.0,0.0
7780,Paraguay,"Fish, Seafood",Other uses (non-food),0.0,0.0,0.0,0.0,0.0,0.0,0.0,0.0,0.0,0.0,0.0,0.0,0.0,0.0,0.0,0.0,0.0,0.0
7781,Paraguay,"Fish, Seafood",Domestic supply,29.0,27.0,26.0,26.0,26.0,25.0,24.0,25.0,24.0,24.0,24.0,25.0,25.0,25.0,28.0,27.0,27.0,29.0
7782,Paraguay,Cereals - Excluding Beer,Production,969.0,1593.0,1514.0,1871.0,2022.0,1535.0,2909.0,2812.0,3394.0,3095.0,4871.0,5232.0,5029.0,6067.0,4932.0,7091.0,7262.0,7208.0
7783,Paraguay,Cereals - Excluding Beer,Import,216.0,131.0,62.0,61.0,72.0,72.0,79.0,108.0,104.0,88.0,89.0,93.0,89.0,155.0,119.0,70.0,77.0,86.0
7784,Paraguay,Cereals - Excluding Beer,Stock Variation,-35.0,95.0,-486.0,117.0,-364.0,486.0,290.0,637.0,-628.0,945.0,-843.0,-1279.0,681.0,-774.0,83.0,332.0,1462.0,724.0
7785,Paraguay,Cereals - Excluding Beer,Export,300.0,646.0,70.0,1021.0,716.0,1138.0,2208.0,2467.0,1735.0,2896.0,2707.0,2464.0,4245.0,3760.0,3401.0,4793.0,3865.0,3107.0
7786,Paraguay,Cereals - Excluding Beer,Domestic supply,850.0,1173.0,1020.0,1029.0,1014.0,955.0,1071.0,1090.0,1135.0,1231.0,1409.0,1582.0,1553.0,1687.0,1567.0,2035.0,2013.0,3463.0
7787,Paraguay,Cereals - Excluding Beer,Feed,191.0,190.0,191.0,164.0,165.0,163.0,183.0,177.0,183.0,263.0,402.0,435.0,418.0,403.0,394.0,385.0,511.0,595.0
7788,Paraguay,Cereals - Excluding Beer,Seed,34.0,39.0,40.0,45.0,49.0,53.0,54.0,49.0,49.0,50.0,52.0,58.0,64.0,64.0,87.0,180.0,95.0,177.0
7789,Paraguay,Cereals - Excluding Beer,Losses,80.0,368.0,212.0,232.0,193.0,133.0,211.0,224.0,212.0,217.0,204.0,338.0,291.0,399.0,274.0,477.0,489.0,486.0
7790,Paraguay,Cereals - Excluding Beer,Processing,85.0,97.0,85.0,86.0,90.0,89.0,88.0,85.0,109.0,114.0,143.0,110.0,133.0,165.0,95.0,132.0,148.0,139.0
7791,Paraguay,Cereals - Excluding Beer,Other uses (non-food),1.0,1.0,1.0,2.0,3.0,2.0,2.0,3.0,7.0,3.0,2.0,5.0,3.0,1.0,41.0,78.0,98.0,85.0
7792,Paraguay,Cereals - Excluding Beer,Human Consumption,457.0,478.0,489.0,501.0,515.0,516.0,533.0,554.0,576.0,585.0,607.0,636.0,644.0,655.0,676.0,685.0,671.0,694.0
7793,Paraguay,"Aquatic Products, Other",Import,0.0,0.0,0.0,0.0,0.0,0.0,0.0,0.0,0.0,0.0,0.0,0.0,0.0,0.0,0.0,0.0,0.0,0.0
7794,Paraguay,"Aquatic Products, Other",Domestic supply,0.0,0.0,0.0,0.0,0.0,0.0,0.0,0.0,0.0,0.0,0.0,0.0,0.0,0.0,0.0,0.0,0.0,0.0
7795,Paraguay,"Aquatic Products, Other",Other uses (non-food),0.0,0.0,0.0,0.0,0.0,0.0,0.0,0.0,0.0,0.0,0.0,0.0,0.0,0.0,0.0,0.0,0.0,0.0
7796,Paraguay,"Fish, Seafood",Production,28.0,26.0,25.0,25.0,25.0,24.0,23.0,23.0,22.0,21.0,21.0,22.0,22.0,22.0,23.0,23.0,23.0,24.0
7797,Paraguay,"Fish, Seafood",Import,1.0,2.0,1.0,1.0,1.0,2.0,1.0,2.0,3.0,3.0,3.0,3.0,3.0,3.0,5.0,4.0,4.0,4.0
7798,Paraguay,"Fish, Seafood",Export,0.0,0.0,0.0,0.0,0.0,0.0,0.0,0.0,0.0,0.0,0.0,0.0,0.0,0.0,0.0,0.0,0.0,0.0
7799,Paraguay,"Fish, Seafood",Feed,0.0,0.0,0.0,0.0,0.0,0.0,0.0,0.0,0.0,0.0,0.0,0.0,0.0,0.0,0.0,0.0,0.0,0.0
7800,Paraguay,Milk - Excluding Butter,Human Consumption,337.0,345.0,382.0,394.0,373.0,378.0,392.0,405.0,427.0,457.0,488.0,512.0,517.0,515.0,502.0,493.0,489.0,489.0
7801,Paraguay,"Aquatic Products, Other",Human Consumption,0.0,0.0,0.0,0.0,0.0,0.0,0.0,0.0,0.0,0.0,0.0,0.0,0.0,0.0,0.0,0.0,0.0,0.0
7802,Paraguay,Animal fats,Import,4.0,3.0,3.0,5.0,3.0,2.0,2.0,2.0,2.0,1.0,1.0,1.0,1.0,1.0,1.0,2.0,1.0,1.0
7803,Paraguay,Meat,Human Consumption,377.0,358.0,408.0,353.0,301.0,274.0,291.0,265.0,262.0,260.0,281.0,329.0,352.0,365.0,337.0,324.0,342.0,371.0
7804,Paraguay,Miscellaneous,Import,0.0,1.0,2.0,1.0,2.0,1.0,1.0,1.0,2.0,1.0,1.0,2.0,2.0,2.0,27.0,23.0,27.0,29.0
7805,Paraguay,Miscellaneous,Stock Variation,0.0,0.0,0.0,0.0,0.0,0.0,0.0,0.0,0.0,0.0,0.0,0.0,0.0,0.0,0.0,0.0,0.0,0.0
7806,Paraguay,Miscellaneous,Export,0.0,0.0,0.0,0.0,0.0,0.0,0.0,0.0,0.0,0.0,0.0,0.0,0.0,0.0,14.0,13.0,14.0,13.0
7807,Paraguay,Miscellaneous,Domestic supply,0.0,1.0,2.0,1.0,2.0,1.0,1.0,1.0,2.0,1.0,1.0,2.0,2.0,2.0,13.0,10.0,13.0,16.0
7808,Paraguay,Miscellaneous,Human Consumption,0.0,1.0,2.0,1.0,2.0,1.0,1.0,1.0,2.0,1.0,1.0,2.0,2.0,2.0,13.0,10.0,13.0,16.0
7809,Paraguay,Alcoholic Beverages,Production,251.0,292.0,266.0,271.0,271.0,266.0,177.0,178.0,180.0,173.0,185.0,184.0,187.0,190.0,187.0,293.0,334.0,343.0
7810,Paraguay,Alcoholic Beverages,Import,63.0,46.0,32.0,55.0,45.0,67.0,87.0,100.0,134.0,106.0,111.0,129.0,133.0,117.0,171.0,187.0,198.0,216.0
7811,Paraguay,Alcoholic Beverages,Stock Variation,0.0,0.0,0.0,0.0,0.0,0.0,0.0,0.0,0.0,0.0,0.0,0.0,0.0,0.0,6.0,127.0,160.0,176.0
7812,Paraguay,Alcoholic Beverages,Domestic supply,314.0,338.0,299.0,326.0,316.0,333.0,264.0,276.0,303.0,271.0,293.0,313.0,319.0,296.0,317.0,347.0,369.0,382.0
7813,Paraguay,Alcoholic Beverages,Other uses (non-food),16.0,16.0,14.0,14.0,14.0,15.0,14.0,14.0,23.0,18.0,21.0,20.0,22.0,14.0,0.0,17.0,21.0,23.0
7814,Paraguay,Alcoholic Beverages,Human Consumption,298.0,321.0,285.0,312.0,302.0,319.0,250.0,262.0,281.0,252.0,273.0,293.0,297.0,282.0,325.0,329.0,348.0,359.0
7815,Paraguay,Spices,Import,0.0,0.0,0.0,0.0,0.0,0.0,0.0,0.0,1.0,1.0,1.0,1.0,1.0,1.0,1.0,1.0,1.0,1.0
7816,Paraguay,Spices,Stock Variation,0.0,0.0,0.0,0.0,0.0,0.0,0.0,0.0,0.0,0.0,0.0,0.0,0.0,0.0,0.0,0.0,0.0,0.0
7817,Paraguay,Spices,Export,0.0,0.0,0.0,0.0,0.0,0.0,0.0,0.0,0.0,0.0,0.0,0.0,0.0,0.0,0.0,0.0,0.0,0.0
7818,Paraguay,Spices,Domestic supply,0.0,0.0,0.0,0.0,0.0,0.0,0.0,0.0,1.0,1.0,1.0,1.0,1.0,1.0,1.0,1.0,1.0,1.0
7819,Paraguay,Animal fats,Production,36.0,36.0,37.0,36.0,35.0,39.0,46.0,40.0,43.0,45.0,50.0,51.0,54.0,55.0,26.0,26.0,27.0,28.0
7820,Paraguay,Meat,Processing,0.0,0.0,0.0,0.0,0.0,0.0,0.0,0.0,0.0,0.0,0.0,0.0,0.0,0.0,0.0,0.0,0.0,0.0
7821,Paraguay,Meat,Domestic supply,377.0,358.0,408.0,353.0,301.0,274.0,291.0,265.0,262.0,260.0,281.0,329.0,352.0,365.0,335.0,322.0,340.0,368.0
7822,Paraguay,Alcoholic Beverages,Export,0.0,0.0,0.0,0.0,0.0,0.0,1.0,2.0,10.0,8.0,3.0,0.0,0.0,11.0,35.0,6.0,3.0,1.0
7823,Paraguay,Meat,Stock Variation,0.0,0.0,0.0,0.0,0.0,0.0,0.0,0.0,0.0,0.0,0.0,0.0,0.0,0.0,-9.0,-7.0,-3.0,-4.0
7824,Paraguay,Animal fats,Stock Variation,0.0,0.0,0.0,0.0,0.0,0.0,0.0,0.0,0.0,0.0,0.0,0.0,0.0,0.0,1.0,1.0,0.0,0.0
7825,Paraguay,Meat,Export,52.0,60.0,19.0,73.0,111.0,177.0,221.0,189.0,224.0,245.0,273.0,237.0,240.0,243.0,373.0,366.0,376.0,367.0
7826,Paraguay,Animal fats,Export,3.0,4.0,0.0,1.0,2.0,6.0,9.0,4.0,8.0,8.0,16.0,14.0,19.0,18.0,0.0,1.0,0.0,0.0
7827,Paraguay,Animal fats,Domestic supply,37.0,35.0,40.0,40.0,36.0,35.0,39.0,38.0,37.0,38.0,35.0,38.0,36.0,38.0,26.0,26.0,28.0,28.0
7828,Paraguay,Animal fats,Losses,0.0,0.0,0.0,0.0,0.0,0.0,0.0,0.0,0.0,0.0,0.0,0.0,0.0,0.0,1.0,1.0,1.0,1.0
7829,Paraguay,Animal fats,Other uses (non-food),13.0,12.0,16.0,16.0,15.0,11.0,11.0,14.0,12.0,13.0,7.0,9.0,5.0,7.0,7.0,7.0,7.0,8.0
7830,Paraguay,Animal fats,Human Consumption,24.0,24.0,24.0,23.0,22.0,24.0,28.0,23.0,25.0,26.0,29.0,29.0,30.0,31.0,19.0,18.0,20.0,20.0
7831,Paraguay,Offals,Production,36.0,35.0,36.0,36.0,34.0,38.0,46.0,33.0,36.0,38.0,42.0,42.0,44.0,45.0,74.0,71.0,75.0,77.0
7832,Paraguay,Offals,Import,0.0,0.0,0.0,0.0,0.0,0.0,0.0,0.0,0.0,0.0,0.0,0.0,0.0,1.0,2.0,1.0,1.0,0.0
7833,Paraguay,Animal fats,Processing,0.0,0.0,0.0,0.0,0.0,0.0,0.0,0.0,0.0,0.0,0.0,0.0,0.0,0.0,0.0,0.0,0.0,0.0
7834,Paraguay,Offals,Domestic supply,33.0,32.0,35.0,34.0,31.0,33.0,37.0,23.0,23.0,22.0,23.0,30.0,28.0,29.0,45.0,43.0,46.0,48.0
7835,Paraguay,Stimulants,Production,62.0,72.0,139.0,92.0,80.0,77.0,89.0,91.0,77.0,77.0,86.0,86.0,58.0,86.0,92.0,102.0,105.0,105.0
7836,Paraguay,Offals,Feed,0.0,0.0,0.0,0.0,0.0,0.0,0.0,0.0,0.0,0.0,0.0,0.0,0.0,0.0,1.0,1.0,1.0,1.0
7837,Paraguay,Offals,Losses,0.0,0.0,0.0,0.0,0.0,0.0,0.0,0.0,0.0,0.0,0.0,0.0,0.0,0.0,4.0,4.0,4.0,4.0
7838,Paraguay,Offals,Human Consumption,33.0,32.0,35.0,34.0,31.0,33.0,37.0,23.0,23.0,22.0,23.0,30.0,28.0,29.0,40.0,38.0,41.0,43.0
7839,Paraguay,Offals,Export,3.0,3.0,1.0,1.0,3.0,5.0,8.0,10.0,13.0,16.0,19.0,13.0,16.0,17.0,31.0,29.0,30.0,30.0
7840,Paraguay,Meat,Import,2.0,2.0,1.0,2.0,2.0,2.0,3.0,4.0,4.0,3.0,4.0,6.0,7.0,7.0,5.0,4.0,5.0,6.0
7841,Paraguay,Meat,Production,426.0,415.0,426.0,425.0,411.0,449.0,509.0,450.0,481.0,502.0,550.0,560.0,586.0,600.0,694.0,676.0,708.0,725.0
7842,Peru,Vegetables,Processing,0.0,0.0,0.0,0.0,0.0,0.0,0.0,0.0,0.0,0.0,0.0,0.0,0.0,0.0,0.0,0.0,0.0,0.0
7843,Peru,Vegetable Oils,Feed,0.0,0.0,0.0,0.0,0.0,0.0,0.0,0.0,0.0,0.0,0.0,0.0,0.0,0.0,0.0,0.0,0.0,0.0
7844,Peru,Vegetable Oils,Domestic supply,166.0,279.0,314.0,316.0,365.0,360.0,390.0,405.0,434.0,412.0,495.0,491.0,561.0,586.0,633.0,673.0,659.0,743.0
7845,Peru,Vegetable Oils,Export,17.0,12.0,13.0,6.0,7.0,11.0,7.0,7.0,8.0,9.0,7.0,12.0,15.0,36.0,70.0,34.0,52.0,57.0
7846,Peru,Vegetable Oils,Stock Variation,13.0,1.0,0.0,0.0,0.0,0.0,0.0,0.0,0.0,0.0,0.0,0.0,0.0,0.0,0.0,0.0,0.0,0.0
7847,Peru,Vegetables,Human Consumption,1292.0,1270.0,1224.0,1255.0,1263.0,1202.0,1422.0,1506.0,1832.0,1818.0,1911.0,1914.0,2037.0,2009.0,2149.0,2144.0,2013.0,2102.0
7848,Peru,Vegetable Oils,Production,51.0,54.0,47.0,50.0,53.0,56.0,62.0,65.0,95.0,96.0,98.0,120.0,172.0,189.0,266.0,282.0,300.0,316.0
7849,Peru,Vegetables,Other uses (non-food),0.0,0.0,0.0,0.0,0.0,0.0,0.0,0.0,0.0,0.0,0.0,0.0,0.0,0.0,0.0,0.0,0.0,0.0
7850,Peru,Vegetables,Losses,418.0,420.0,418.0,426.0,406.0,397.0,461.0,443.0,299.0,296.0,291.0,308.0,326.0,332.0,351.0,346.0,339.0,345.0
7851,Peru,Vegetable Oils,Seed,0.0,0.0,0.0,0.0,0.0,0.0,0.0,0.0,0.0,0.0,0.0,0.0,0.0,0.0,0.0,0.0,0.0,0.0
7852,Peru,Vegetable Oils,Import,119.0,235.0,279.0,272.0,320.0,315.0,334.0,347.0,347.0,324.0,404.0,383.0,405.0,433.0,436.0,426.0,411.0,484.0
7853,Peru,Vegetable Oils,Losses,0.0,0.0,0.0,0.0,0.0,0.0,0.0,0.0,0.0,0.0,0.0,0.0,0.0,0.0,0.0,0.0,0.0,0.0
7854,Peru,Sugar & Sweeteners,Domestic supply,921.0,957.0,1024.0,952.0,943.0,1005.0,1003.0,1172.0,1225.0,1197.0,1190.0,1288.0,1444.0,1305.0,1173.0,1237.0,1287.0,1327.0
7855,Peru,Vegetable Oils,Other uses (non-food),52.0,152.0,186.0,179.0,228.0,220.0,250.0,257.0,251.0,225.0,305.0,294.0,350.0,369.0,329.0,367.0,347.0,428.0
7856,Peru,Vegetable Oils,Human Consumption,115.0,127.0,128.0,137.0,137.0,141.0,139.0,148.0,183.0,186.0,190.0,198.0,212.0,217.0,217.0,219.0,223.0,222.0
7857,Peru,Sugar & Sweeteners,Production,772.0,791.0,908.0,993.0,776.0,722.0,836.0,938.0,1048.0,1103.0,1052.0,1116.0,1152.0,1215.0,1264.0,1187.0,1205.0,1145.0
7858,Peru,Sugar & Sweeteners,Import,195.0,211.0,164.0,29.0,216.0,324.0,287.0,290.0,254.0,183.0,256.0,240.0,357.0,196.0,233.0,435.0,433.0,614.0
7859,Peru,Sugar & Sweeteners,Stock Variation,2.0,-1.0,2.0,-1.0,-1.0,-3.0,-4.0,0.0,3.0,4.0,4.0,5.0,5.0,5.0,156.0,265.0,193.0,269.0
7860,Peru,Sugar & Sweeteners,Export,47.0,44.0,50.0,68.0,47.0,39.0,116.0,55.0,79.0,93.0,122.0,73.0,70.0,111.0,167.0,120.0,158.0,163.0
7861,Peru,Sugar & Sweeteners,Feed,0.0,0.0,0.0,0.0,0.0,0.0,0.0,0.0,0.0,0.0,0.0,0.0,0.0,0.0,0.0,0.0,0.0,0.0
7862,Peru,Sugar & Sweeteners,Seed,0.0,0.0,0.0,0.0,0.0,0.0,0.0,0.0,0.0,0.0,0.0,0.0,0.0,0.0,0.0,0.0,0.0,0.0
7863,Peru,Sugar & Sweeteners,Losses,39.0,42.0,46.0,49.0,44.0,46.0,49.0,52.0,56.0,64.0,65.0,66.0,71.0,69.0,24.0,25.0,26.0,28.0
7864,Peru,Vegetables,Seed,6.0,7.0,7.0,5.0,5.0,5.0,6.0,7.0,6.0,6.0,7.0,7.0,7.0,7.0,7.0,7.0,5.0,6.0
7865,Peru,Sugar & Sweeteners,Processing,34.0,34.0,34.0,38.0,33.0,33.0,54.0,65.0,76.0,217.0,217.0,217.0,272.0,217.0,194.0,219.0,223.0,250.0
7866,Peru,Vegetable Oils,Processing,0.0,0.0,0.0,0.0,0.0,0.0,0.0,0.0,0.0,0.0,0.0,0.0,0.0,0.0,87.0,87.0,89.0,94.0
7867,Peru,Vegetables,Feed,80.0,78.0,85.0,87.0,81.0,75.0,77.0,64.0,77.0,123.0,115.0,74.0,72.0,108.0,110.0,98.0,95.0,84.0
7868,Peru,Stimulants,Seed,0.0,0.0,0.0,0.0,0.0,0.0,0.0,0.0,0.0,0.0,0.0,0.0,0.0,0.0,0.0,0.0,0.0,0.0
7869,Peru,Vegetables,Export,142.0,176.0,211.0,228.0,261.0,297.0,336.0,407.0,433.0,448.0,530.0,596.0,564.0,596.0,600.0,583.0,624.0,612.0
7870,Peru,Sugar & Sweeteners,Other uses (non-food),400.0,380.0,400.0,300.0,300.0,300.0,300.0,450.0,440.0,260.0,245.0,320.0,400.0,320.0,236.0,259.0,302.0,289.0
7871,Peru,Stimulants,Production,223.0,226.0,243.0,233.0,259.0,218.0,310.0,261.0,312.0,283.0,314.0,391.0,380.0,332.0,308.0,348.0,389.0,470.0
7872,Peru,Stimulants,Import,5.0,6.0,6.0,7.0,7.0,10.0,8.0,14.0,14.0,11.0,12.0,16.0,20.0,20.0,13.0,14.0,19.0,20.0
7873,Peru,Stimulants,Stock Variation,0.0,-1.0,-1.0,-1.0,0.0,0.0,1.0,0.0,0.0,0.0,0.0,0.0,0.0,0.0,0.0,0.0,0.0,0.0
7874,Peru,Stimulants,Export,147.0,163.0,173.0,156.0,198.0,151.0,253.0,185.0,236.0,223.0,253.0,325.0,302.0,279.0,230.0,235.0,303.0,305.0
7875,Peru,Stimulants,Domestic supply,81.0,68.0,76.0,83.0,68.0,77.0,66.0,90.0,89.0,71.0,74.0,82.0,99.0,73.0,90.0,127.0,105.0,185.0
7876,Peru,Stimulants,Feed,0.0,0.0,0.0,0.0,0.0,0.0,0.0,0.0,0.0,0.0,0.0,0.0,0.0,0.0,0.0,0.0,0.0,0.0
7877,Peru,Stimulants,Losses,4.0,4.0,4.0,4.0,4.0,3.0,3.0,5.0,7.0,9.0,11.0,13.0,12.0,10.0,13.0,14.0,16.0,19.0
7878,Peru,Stimulants,Processing,0.0,0.0,0.0,0.0,0.0,0.0,0.0,0.0,0.0,0.0,0.0,0.0,0.0,0.0,31.0,29.0,41.0,57.0
7879,Peru,Stimulants,Other uses (non-food),0.0,0.0,0.0,0.0,0.0,0.0,0.0,0.0,0.0,0.0,0.0,0.0,0.0,0.0,0.0,0.0,0.0,0.0
7880,Peru,Stimulants,Human Consumption,78.0,64.0,72.0,79.0,64.0,74.0,62.0,85.0,82.0,62.0,63.0,69.0,87.0,63.0,47.0,84.0,48.0,109.0
7881,Peru,Vegetables,Domestic supply,1796.0,1775.0,1733.0,1773.0,1754.0,1679.0,1966.0,2019.0,2215.0,2242.0,2324.0,2302.0,2442.0,2456.0,2589.0,2576.0,2447.0,2517.0
7882,Peru,Fruits - Excluding Wine,Production,3187.0,3335.0,3450.0,3633.0,3804.0,3836.0,4126.0,4182.0,4273.0,4259.0,4892.0,4913.0,4995.0,5482.0,5897.0,6022.0,6292.0,6184.0
7883,Peru,Fruits - Excluding Wine,Export,50.0,72.0,108.0,127.0,168.0,206.0,291.0,328.0,410.0,394.0,502.0,667.0,688.0,804.0,955.0,1055.0,1106.0,1217.0
7884,Peru,Fruits - Excluding Wine,Domestic supply,3204.0,3358.0,3418.0,3577.0,3712.0,3709.0,3918.0,3940.0,3963.0,3975.0,4527.0,4387.0,4458.0,4833.0,5069.0,5099.0,5317.0,5111.0
7885,Peru,Fruits - Excluding Wine,Feed,0.0,0.0,0.0,0.0,0.0,0.0,0.0,0.0,0.0,0.0,0.0,0.0,0.0,0.0,0.0,0.0,0.0,0.0
7886,Peru,Fruits - Excluding Wine,Seed,0.0,0.0,0.0,0.0,0.0,0.0,0.0,0.0,0.0,0.0,0.0,0.0,0.0,0.0,0.0,0.0,0.0,0.0
7887,Peru,Fruits - Excluding Wine,Losses,948.0,1004.0,1020.0,1075.0,1135.0,1116.0,1214.0,1160.0,950.0,896.0,1183.0,998.0,1009.0,1048.0,1146.0,1158.0,1180.0,1160.0
7888,Peru,Fruits - Excluding Wine,Processing,69.0,83.0,90.0,68.0,98.0,98.0,106.0,132.0,136.0,185.0,185.0,149.0,149.0,185.0,155.0,181.0,222.0,235.0
7889,Peru,Fruits - Excluding Wine,Other uses (non-food),15.0,15.0,15.0,15.0,15.0,15.0,15.0,12.0,12.0,12.0,12.0,12.0,12.0,12.0,13.0,14.0,14.0,14.0
7890,Peru,Fruits - Excluding Wine,Human Consumption,2172.0,2257.0,2293.0,2419.0,2464.0,2480.0,2584.0,2636.0,2865.0,2883.0,3148.0,3230.0,3288.0,3591.0,3789.0,3776.0,3947.0,3754.0
7891,Peru,Vegetables,Production,1936.0,1949.0,1943.0,2000.0,2014.0,1972.0,2290.0,2422.0,2637.0,2679.0,2847.0,2887.0,2993.0,3043.0,3177.0,3147.0,3058.0,3116.0
7892,Peru,Vegetables,Import,2.0,2.0,1.0,1.0,2.0,5.0,12.0,4.0,11.0,11.0,8.0,12.0,12.0,10.0,12.0,12.0,13.0,12.0
7893,Peru,Vegetables,Stock Variation,0.0,0.0,0.0,0.0,0.0,0.0,0.0,0.0,0.0,0.0,0.0,0.0,0.0,0.0,0.0,0.0,0.0,0.0
7894,Peru,Fruits - Excluding Wine,Import,67.0,95.0,76.0,71.0,76.0,79.0,83.0,87.0,100.0,110.0,137.0,141.0,151.0,156.0,127.0,132.0,131.0,144.0
7895,Peru,Sugar & Sweeteners,Human Consumption,449.0,501.0,544.0,566.0,566.0,626.0,600.0,605.0,654.0,655.0,662.0,684.0,701.0,698.0,719.0,734.0,737.0,759.0
7896,Peru,Starchy Roots,Losses,1048.0,891.0,1042.0,1006.0,984.0,1067.0,1176.0,1132.0,1270.0,1272.0,1355.0,1235.0,1237.0,1288.0,1327.0,1333.0,1278.0,1339.0
7897,Peru,Pulses,Import,52.0,54.0,42.0,38.0,46.0,51.0,48.0,63.0,45.0,60.0,64.0,73.0,78.0,72.0,81.0,92.0,85.0,108.0
7898,Peru,Oilcrops,Other uses (non-food),1.0,33.0,42.0,70.0,1.0,1.0,2.0,11.0,61.0,44.0,51.0,30.0,43.0,109.0,235.0,277.0,239.0,367.0
7899,Peru,Oilcrops,Human Consumption,100.0,104.0,98.0,97.0,88.0,96.0,116.0,124.0,133.0,123.0,145.0,175.0,201.0,181.0,171.0,187.0,160.0,108.0
7900,Peru,Starchy Roots,Production,4703.0,4101.0,4708.0,4535.0,4425.0,4760.0,4867.0,5015.0,5238.0,5490.0,5604.0,5774.0,6200.0,6347.0,6466.0,6502.0,6238.0,6505.0
7901,Peru,Starchy Roots,Import,65.0,87.0,72.0,100.0,62.0,92.0,211.0,71.0,131.0,106.0,102.0,107.0,164.0,139.0,41.0,48.0,55.0,55.0
7902,Peru,Starchy Roots,Stock Variation,2.0,0.0,0.0,0.0,0.0,0.0,0.0,0.0,0.0,0.0,0.0,0.0,0.0,0.0,0.0,0.0,0.0,0.0
7903,Peru,Starchy Roots,Export,3.0,4.0,2.0,1.0,2.0,2.0,2.0,3.0,4.0,4.0,5.0,8.0,8.0,12.0,17.0,14.0,18.0,22.0
7904,Peru,Starchy Roots,Domestic supply,4767.0,4184.0,4778.0,4634.0,4485.0,4850.0,5077.0,5082.0,5365.0,5593.0,5701.0,5873.0,6356.0,6475.0,6490.0,6536.0,6275.0,6537.0
7905,Peru,Starchy Roots,Feed,12.0,13.0,11.0,10.0,9.0,9.0,10.0,9.0,10.0,15.0,16.0,18.0,165.0,207.0,758.0,744.0,579.0,667.0
7906,Peru,Starchy Roots,Seed,541.0,601.0,572.0,558.0,585.0,559.0,605.0,622.0,659.0,690.0,689.0,740.0,740.0,740.0,441.0,425.0,407.0,417.0
7907,Peru,Spices,Human Consumption,57.0,59.0,63.0,87.0,90.0,118.0,123.0,125.0,114.0,118.0,117.0,121.0,121.0,131.0,7.0,7.0,5.0,7.0
7908,Peru,Starchy Roots,Processing,58.0,80.0,65.0,92.0,54.0,82.0,97.0,58.0,118.0,93.0,85.0,86.0,133.0,103.0,4.0,6.0,6.0,6.0
7909,Peru,Oilcrops,Processing,93.0,78.0,78.0,78.0,84.0,98.0,114.0,114.0,133.0,99.0,65.0,79.0,109.0,114.0,570.0,627.0,667.0,680.0
7910,Peru,Starchy Roots,Other uses (non-food),0.0,0.0,0.0,0.0,0.0,0.0,0.0,3.0,3.0,3.0,3.0,95.0,339.0,311.0,197.0,200.0,184.0,261.0
7911,Peru,Sugar Crops,Production,7535.0,7796.0,8870.0,9364.0,7497.0,6804.0,7251.0,8229.0,9396.0,9937.0,9855.0,9885.0,10369.0,10992.0,11390.0,10212.0,9833.0,9400.0
7912,Peru,Sugar Crops,Import,0.0,0.0,0.0,0.0,0.0,0.0,0.0,0.0,0.0,0.0,0.0,0.0,0.0,0.0,0.0,0.0,0.0,0.0
7913,Peru,Sugar Crops,Stock Variation,0.0,0.0,0.0,0.0,0.0,0.0,0.0,0.0,0.0,0.0,0.0,0.0,0.0,0.0,-678.0,-962.0,-1545.0,-1333.0
7914,Peru,Sugar Crops,Export,0.0,0.0,0.0,0.0,0.0,0.0,0.0,0.0,0.0,0.0,0.0,0.0,0.0,0.0,0.0,0.0,0.0,0.0
7915,Peru,Sugar Crops,Domestic supply,7535.0,7796.0,8870.0,9364.0,7497.0,6804.0,7251.0,8229.0,9396.0,9937.0,9855.0,9885.0,10369.0,10992.0,12067.0,11174.0,11378.0,10733.0
7916,Peru,Sugar Crops,Feed,0.0,0.0,0.0,0.0,0.0,0.0,0.0,0.0,0.0,0.0,0.0,0.0,0.0,0.0,0.0,0.0,0.0,0.0
7917,Peru,Sugar Crops,Seed,0.0,0.0,0.0,0.0,0.0,0.0,0.0,0.0,0.0,0.0,0.0,0.0,0.0,0.0,0.0,0.0,0.0,0.0
7918,Peru,Sugar Crops,Losses,0.0,0.0,0.0,0.0,0.0,0.0,0.0,0.0,0.0,0.0,0.0,0.0,0.0,0.0,750.0,672.0,647.0,619.0
7919,Peru,Sugar Crops,Processing,7535.0,7796.0,8870.0,9364.0,7497.0,6804.0,7251.0,8229.0,9396.0,9937.0,9855.0,9885.0,10369.0,10992.0,11318.0,10502.0,10731.0,10114.0
7920,Peru,Sugar Crops,Other uses (non-food),0.0,0.0,0.0,0.0,0.0,0.0,0.0,0.0,0.0,0.0,0.0,0.0,0.0,0.0,0.0,0.0,0.0,0.0
7921,Peru,Sugar Crops,Human Consumption,0.0,0.0,0.0,0.0,0.0,0.0,0.0,0.0,0.0,0.0,0.0,0.0,0.0,0.0,0.0,0.0,0.0,0.0
7922,Peru,Starchy Roots,Human Consumption,3107.0,2600.0,3090.0,2969.0,2853.0,3133.0,3190.0,3258.0,3305.0,3520.0,3552.0,3699.0,3741.0,3826.0,3764.0,3828.0,3821.0,3848.0
7923,Peru,Oilcrops,Losses,19.0,21.0,23.0,25.0,21.0,25.0,22.0,19.0,14.0,8.0,11.0,20.0,11.0,13.0,20.0,13.0,13.0,16.0
7924,Peru,Oilcrops,Seed,4.0,4.0,3.0,4.0,5.0,5.0,4.0,4.0,2.0,2.0,2.0,3.0,2.0,2.0,1.0,1.0,1.0,1.0
7925,Peru,Oilcrops,Feed,1.0,29.0,57.0,43.0,43.0,72.0,73.0,73.0,41.0,86.0,88.0,36.0,38.0,67.0,93.0,123.0,92.0,115.0
7926,Peru,Pulses,Stock Variation,-11.0,-5.0,1.0,-2.0,2.0,0.0,0.0,-5.0,5.0,0.0,0.0,0.0,0.0,0.0,0.0,0.0,-1.0,0.0
7927,Peru,Pulses,Export,15.0,14.0,19.0,23.0,22.0,17.0,31.0,33.0,37.0,37.0,36.0,37.0,41.0,32.0,19.0,27.0,32.0,19.0
7928,Peru,Pulses,Domestic supply,225.0,219.0,210.0,202.0,205.0,231.0,252.0,250.0,255.0,288.0,293.0,278.0,314.0,308.0,323.0,330.0,301.0,329.0
7929,Peru,Pulses,Feed,17.0,15.0,17.0,19.0,20.0,17.0,30.0,23.0,28.0,27.0,34.0,23.0,12.0,8.0,28.0,32.0,20.0,23.0
7930,Peru,Pulses,Seed,11.0,10.0,10.0,9.0,9.0,8.0,12.0,12.0,13.0,13.0,13.0,13.0,14.0,14.0,11.0,11.0,10.0,10.0
7931,Peru,Pulses,Losses,5.0,5.0,5.0,5.0,4.0,5.0,10.0,13.0,13.0,15.0,15.0,15.0,26.0,26.0,17.0,18.0,17.0,16.0
7932,Peru,Pulses,Processing,0.0,0.0,0.0,0.0,0.0,0.0,0.0,0.0,0.0,0.0,0.0,0.0,0.0,0.0,0.0,0.0,0.0,0.0
7933,Peru,Pulses,Other uses (non-food),1.0,1.0,1.0,1.0,1.0,1.0,0.0,0.0,0.0,0.0,0.0,0.0,0.0,0.0,0.0,0.0,0.0,0.0
7934,Peru,Pulses,Human Consumption,192.0,188.0,178.0,169.0,171.0,200.0,200.0,202.0,201.0,233.0,231.0,227.0,263.0,261.0,268.0,268.0,254.0,279.0
7935,Peru,Treenuts,Production,10.0,9.0,8.0,9.0,9.0,11.0,11.0,11.0,11.0,11.0,11.0,11.0,11.0,11.0,11.0,11.0,11.0,12.0
7936,Peru,Treenuts,Import,0.0,0.0,1.0,1.0,1.0,1.0,1.0,1.0,1.0,2.0,2.0,3.0,5.0,7.0,6.0,8.0,7.0,6.0
7937,Peru,Treenuts,Stock Variation,0.0,0.0,0.0,0.0,0.0,0.0,0.0,0.0,0.0,0.0,0.0,0.0,0.0,0.0,0.0,0.0,0.0,0.0
7938,Peru,Treenuts,Export,3.0,4.0,4.0,5.0,5.0,7.0,6.0,7.0,6.0,6.0,5.0,8.0,7.0,9.0,8.0,9.0,11.0,7.0
7939,Peru,Treenuts,Domestic supply,8.0,5.0,5.0,5.0,5.0,5.0,5.0,5.0,6.0,6.0,7.0,7.0,9.0,9.0,8.0,10.0,8.0,11.0
7940,Peru,Treenuts,Feed,0.0,0.0,0.0,0.0,0.0,0.0,0.0,0.0,0.0,0.0,0.0,0.0,0.0,0.0,0.0,0.0,0.0,0.0
7941,Peru,Treenuts,Seed,0.0,0.0,0.0,0.0,0.0,0.0,0.0,0.0,0.0,0.0,0.0,0.0,0.0,0.0,0.0,0.0,0.0,0.0
7942,Peru,Treenuts,Losses,1.0,1.0,1.0,1.0,1.0,1.0,1.0,1.0,1.0,1.0,1.0,1.0,1.0,1.0,1.0,1.0,1.0,1.0
7943,Peru,Treenuts,Processing,0.0,0.0,0.0,0.0,0.0,0.0,0.0,0.0,0.0,0.0,0.0,0.0,0.0,0.0,0.0,0.0,0.0,0.0
7944,Peru,Treenuts,Other uses (non-food),0.0,0.0,0.0,0.0,0.0,0.0,0.0,0.0,0.0,0.0,0.0,0.0,0.0,0.0,0.0,0.0,0.0,0.0
7945,Peru,Treenuts,Human Consumption,7.0,4.0,4.0,4.0,4.0,4.0,4.0,5.0,6.0,6.0,7.0,6.0,9.0,9.0,7.0,9.0,7.0,10.0
7946,Peru,Oilcrops,Production,152.0,149.0,144.0,151.0,170.0,200.0,200.0,200.0,222.0,145.0,164.0,212.0,232.0,218.0,869.0,808.0,865.0,1009.0
7947,Peru,Oilcrops,Import,70.0,135.0,167.0,183.0,99.0,132.0,152.0,169.0,195.0,228.0,241.0,173.0,190.0,293.0,292.0,365.0,293.0,352.0
7948,Peru,Oilcrops,Stock Variation,5.0,-8.0,-4.0,-6.0,-14.0,-18.0,-2.0,-2.0,0.0,22.0,10.0,-23.0,11.0,0.0,86.0,-36.0,-18.0,16.0
7949,Peru,Oilcrops,Export,10.0,8.0,7.0,11.0,14.0,18.0,19.0,24.0,32.0,33.0,54.0,21.0,30.0,27.0,71.0,63.0,66.0,60.0
7950,Peru,Oilcrops,Domestic supply,218.0,268.0,301.0,317.0,242.0,297.0,331.0,343.0,385.0,362.0,361.0,342.0,403.0,484.0,1004.0,1146.0,1111.0,1285.0
7951,Peru,Pulses,Production,200.0,183.0,187.0,189.0,179.0,196.0,234.0,226.0,241.0,265.0,265.0,242.0,277.0,268.0,261.0,265.0,248.0,240.0
7952,Peru,Spices,Other uses (non-food),0.0,0.0,0.0,0.0,0.0,0.0,0.0,0.0,0.0,0.0,0.0,0.0,0.0,0.0,0.0,0.0,0.0,0.0
7953,Peru,Fruits - Excluding Wine,Stock Variation,0.0,0.0,0.0,0.0,0.0,0.0,0.0,0.0,0.0,-1.0,0.0,1.0,0.0,0.0,0.0,0.0,0.0,0.0
7954,Peru,Spices,Losses,0.0,0.0,0.0,0.0,0.0,0.0,0.0,0.0,0.0,0.0,0.0,0.0,0.0,0.0,3.0,2.0,3.0,2.0
7955,Peru,Eggs,Domestic supply,163.0,152.0,182.0,181.0,174.0,181.0,243.0,255.0,263.0,266.0,281.0,314.0,309.0,343.0,352.0,383.0,398.0,414.0
7956,Peru,Eggs,Feed,0.0,0.0,0.0,0.0,0.0,0.0,0.0,0.0,0.0,0.0,0.0,0.0,0.0,0.0,27.0,44.0,23.0,29.0
7957,Peru,Eggs,Seed,21.0,22.0,23.0,24.0,25.0,26.0,26.0,28.0,31.0,34.0,36.0,38.0,41.0,42.0,32.0,35.0,50.0,52.0
7958,Peru,Eggs,Losses,23.0,24.0,35.0,30.0,25.0,26.0,46.0,46.0,43.0,43.0,50.0,47.0,37.0,37.0,35.0,38.0,50.0,51.0
7959,Peru,Eggs,Processing,0.0,0.0,0.0,0.0,0.0,0.0,0.0,0.0,0.0,0.0,0.0,0.0,0.0,0.0,0.0,0.0,0.0,0.0
7960,Peru,Eggs,Other uses (non-food),0.0,0.0,0.0,0.0,0.0,0.0,0.0,0.0,0.0,0.0,0.0,0.0,0.0,0.0,0.0,0.0,0.0,0.0
7961,Peru,Eggs,Human Consumption,119.0,107.0,124.0,127.0,124.0,128.0,171.0,181.0,189.0,189.0,195.0,228.0,231.0,266.0,259.0,266.0,275.0,281.0
7962,Peru,Milk - Excluding Butter,Production,1087.0,1134.0,1214.0,1244.0,1290.0,1350.0,1504.0,1478.0,1588.0,1675.0,1701.0,1769.0,1823.0,1832.0,1864.0,1927.0,1978.0,2035.0
7963,Peru,Milk - Excluding Butter,Import,269.0,217.0,211.0,134.0,163.0,149.0,208.0,186.0,182.0,191.0,280.0,245.0,488.0,339.0,62.0,65.0,59.0,59.0
7964,Peru,Milk - Excluding Butter,Stock Variation,0.0,0.0,0.0,0.0,0.0,0.0,0.0,0.0,0.0,0.0,0.0,0.0,0.0,0.0,0.0,0.0,0.0,0.0
7965,Peru,Milk - Excluding Butter,Export,7.0,13.0,27.0,46.0,83.0,89.0,115.0,117.0,141.0,112.0,148.0,152.0,166.0,165.0,194.0,177.0,192.0,190.0
7966,Peru,Eggs,Stock Variation,0.0,0.0,0.0,0.0,0.0,0.0,0.0,0.0,0.0,0.0,0.0,0.0,0.0,0.0,0.0,0.0,0.0,0.0
7967,Peru,Milk - Excluding Butter,Domestic supply,1349.0,1339.0,1398.0,1332.0,1371.0,1411.0,1598.0,1547.0,1629.0,1754.0,1834.0,1862.0,2145.0,2006.0,1732.0,1815.0,1845.0,1904.0
7968,Peru,Milk - Excluding Butter,Seed,0.0,0.0,0.0,0.0,0.0,0.0,0.0,0.0,0.0,0.0,0.0,0.0,0.0,0.0,0.0,0.0,0.0,0.0
7969,Peru,Milk - Excluding Butter,Losses,22.0,23.0,24.0,25.0,26.0,28.0,30.0,32.0,30.0,32.0,32.0,28.0,45.0,35.0,35.0,40.0,40.0,41.0
7970,Peru,Milk - Excluding Butter,Processing,0.0,0.0,0.0,0.0,0.0,0.0,0.0,0.0,0.0,0.0,0.0,0.0,0.0,0.0,0.0,0.0,0.0,0.0
7971,Peru,Milk - Excluding Butter,Other uses (non-food),2.0,0.0,1.0,1.0,0.0,0.0,1.0,3.0,4.0,2.0,3.0,3.0,6.0,5.0,6.0,8.0,8.0,8.0
7972,Peru,Milk - Excluding Butter,Human Consumption,1309.0,1297.0,1349.0,1280.0,1318.0,1355.0,1536.0,1480.0,1560.0,1623.0,1756.0,1775.0,2026.0,1888.0,1634.0,1703.0,1729.0,1782.0
7973,Peru,Animal fats,Production,603.0,320.0,208.0,226.0,371.0,311.0,301.0,331.0,315.0,312.0,278.0,360.0,362.0,363.0,131.0,124.0,132.0,188.0
7974,Peru,Animal fats,Import,6.0,22.0,54.0,34.0,36.0,42.0,42.0,42.0,49.0,44.0,43.0,39.0,34.0,28.0,5.0,11.0,9.0,5.0
7975,Peru,Animal fats,Stock Variation,-18.0,104.0,57.0,0.0,-40.0,0.0,25.0,15.0,-25.0,25.0,0.0,-90.0,-90.0,-90.0,60.0,17.0,-13.0,13.0
7976,Peru,Animal fats,Export,456.0,317.0,163.0,185.0,288.0,288.0,299.0,321.0,259.0,305.0,256.0,234.0,234.0,235.0,164.0,117.0,95.0,171.0
7977,Peru,Animal fats,Domestic supply,135.0,129.0,156.0,74.0,79.0,65.0,69.0,67.0,80.0,77.0,65.0,75.0,71.0,67.0,32.0,35.0,34.0,35.0
7978,Peru,Animal fats,Feed,2.0,0.0,0.0,2.0,3.0,2.0,1.0,2.0,3.0,2.0,3.0,4.0,4.0,4.0,3.0,4.0,3.0,4.0
7979,Peru,Milk - Excluding Butter,Feed,16.0,18.0,23.0,26.0,26.0,28.0,30.0,32.0,35.0,96.0,42.0,56.0,68.0,78.0,68.0,73.0,77.0,80.0
7980,Peru,Eggs,Import,1.0,1.0,1.0,1.0,0.0,1.0,0.0,0.0,0.0,1.0,0.0,0.0,0.0,0.0,0.0,0.0,0.0,0.0
7981,Peru,Eggs,Production,162.0,152.0,182.0,181.0,175.0,182.0,245.0,258.0,267.0,269.0,285.0,318.0,314.0,350.0,359.0,387.0,401.0,416.0
7982,Peru,"Fish, Seafood",Human Consumption,551.0,591.0,485.0,538.0,543.0,514.0,576.0,628.0,631.0,643.0,645.0,672.0,672.0,672.0,729.0,764.0,759.0,787.0
7983,Peru,Spices,Processing,0.0,0.0,0.0,0.0,0.0,0.0,0.0,0.0,0.0,0.0,0.0,0.0,0.0,0.0,0.0,0.0,0.0,0.0
7984,Peru,Cereals - Excluding Beer,Production,2924.0,3063.0,3139.0,3210.0,2824.0,3310.0,3277.0,3281.0,3775.0,4054.0,3925.0,3745.0,4210.0,4233.0,5009.0,5469.0,5179.0,5063.0
7985,Peru,Cereals - Excluding Beer,Import,2373.0,2496.0,2599.0,2427.0,2786.0,3067.0,3216.0,3396.0,3314.0,3383.0,3976.0,4114.0,4154.0,4308.0,4773.0,5153.0,5498.0,6371.0
7986,Peru,Cereals - Excluding Beer,Stock Variation,5.0,1.0,-92.0,-93.0,93.0,-1.0,2.0,-1.0,-1.0,0.0,0.0,0.0,0.0,0.0,103.0,19.0,-98.0,166.0
7987,Peru,Cereals - Excluding Beer,Export,35.0,63.0,74.0,85.0,84.0,89.0,112.0,107.0,143.0,157.0,147.0,175.0,178.0,201.0,194.0,183.0,216.0,219.0
7988,Peru,Cereals - Excluding Beer,Domestic supply,5266.0,5497.0,5573.0,5459.0,5619.0,6287.0,6384.0,6569.0,6944.0,7280.0,7755.0,7684.0,8186.0,8339.0,9485.0,10421.0,10560.0,11049.0
7989,Peru,Cereals - Excluding Beer,Feed,1488.0,1652.0,1696.0,1762.0,1777.0,1994.0,2183.0,2349.0,2293.0,2506.0,2867.0,2836.0,2867.0,2987.0,3163.0,3647.0,3787.0,4087.0
7990,Peru,Cereals - Excluding Beer,Seed,90.0,96.0,92.0,87.0,87.0,91.0,94.0,94.0,101.0,103.0,108.0,104.0,107.0,107.0,84.0,85.0,82.0,80.0
7991,Peru,Cereals - Excluding Beer,Losses,196.0,200.0,218.0,223.0,223.0,250.0,246.0,258.0,278.0,287.0,304.0,301.0,438.0,452.0,354.0,382.0,349.0,366.0
7992,Peru,Cereals - Excluding Beer,Processing,118.0,113.0,106.0,123.0,94.0,143.0,144.0,184.0,225.0,196.0,212.0,237.0,249.0,257.0,267.0,291.0,289.0,310.0
7993,Peru,Cereals - Excluding Beer,Other uses (non-food),176.0,173.0,288.0,100.0,114.0,301.0,141.0,218.0,482.0,529.0,498.0,543.0,658.0,601.0,845.0,1008.0,1039.0,1036.0
7994,Peru,Cereals - Excluding Beer,Human Consumption,3198.0,3262.0,3173.0,3164.0,3323.0,3507.0,3575.0,3468.0,3565.0,3659.0,3765.0,3665.0,3868.0,3934.0,4771.0,5009.0,5014.0,5170.0
7995,Peru,"Aquatic Products, Other",Production,3.0,8.0,8.0,10.0,9.0,9.0,7.0,13.0,24.0,14.0,24.0,27.0,27.0,27.0,31.0,26.0,33.0,29.0
7996,Peru,"Aquatic Products, Other",Import,0.0,0.0,0.0,0.0,0.0,0.0,0.0,0.0,0.0,0.0,0.0,0.0,0.0,0.0,0.0,0.0,0.0,0.0
7997,Peru,"Aquatic Products, Other",Export,1.0,2.0,4.0,3.0,4.0,6.0,7.0,9.0,23.0,13.0,23.0,26.0,26.0,26.0,30.0,25.0,22.0,28.0
7998,Peru,"Aquatic Products, Other",Domestic supply,2.0,5.0,5.0,7.0,5.0,3.0,0.0,3.0,1.0,1.0,1.0,1.0,1.0,1.0,1.0,0.0,10.0,1.0
7999,Peru,"Aquatic Products, Other",Other uses (non-food),0.0,3.0,3.0,5.0,3.0,0.0,0.0,2.0,0.0,0.0,0.0,0.0,0.0,0.0,0.0,0.0,10.0,0.0
8000,Peru,"Aquatic Products, Other",Human Consumption,2.0,2.0,2.0,2.0,1.0,3.0,0.0,2.0,1.0,1.0,1.0,1.0,1.0,1.0,1.0,0.0,0.0,1.0
8001,Peru,"Fish, Seafood",Production,10662.0,7992.0,8774.0,6098.0,9625.0,9411.0,7046.0,7248.0,7435.0,6957.0,4349.0,8339.0,8339.0,8339.0,3687.0,4914.0,3896.0,4257.0
8002,Peru,"Fish, Seafood",Import,33.0,41.0,46.0,40.0,42.0,79.0,48.0,59.0,64.0,86.0,144.0,97.0,97.0,97.0,137.0,153.0,171.0,198.0
8003,Peru,"Fish, Seafood",Stock Variation,500.0,1429.0,-1314.0,652.0,-858.0,378.0,40.0,-438.0,762.0,968.0,1331.0,-1358.0,-1358.0,-1358.0,1396.0,-539.0,-100.0,1169.0
8004,Peru,"Fish, Seafood",Export,9664.0,8768.0,6966.0,6194.0,8192.0,9304.0,6505.0,6168.0,7570.0,7289.0,5101.0,6223.0,6223.0,6223.0,4474.0,3745.0,3192.0,4828.0
8005,Peru,"Fish, Seafood",Domestic supply,1532.0,694.0,540.0,595.0,617.0,565.0,628.0,701.0,691.0,722.0,723.0,855.0,855.0,855.0,745.0,782.0,775.0,796.0
8006,Peru,"Fish, Seafood",Feed,980.0,103.0,55.0,57.0,74.0,51.0,53.0,72.0,60.0,79.0,77.0,183.0,183.0,183.0,16.0,19.0,16.0,9.0
8007,Peru,"Fish, Seafood",Other uses (non-food),0.0,0.0,0.0,0.0,0.0,0.0,0.0,0.0,0.0,0.0,0.0,0.0,0.0,0.0,0.0,0.0,0.0,0.0
8008,Peru,Animal fats,Seed,0.0,0.0,0.0,0.0,0.0,0.0,0.0,0.0,0.0,0.0,0.0,0.0,0.0,0.0,0.0,0.0,0.0,0.0
8009,Peru,Animal fats,Losses,0.0,0.0,0.0,0.0,0.0,0.0,0.0,0.0,0.0,0.0,0.0,0.0,0.0,0.0,5.0,5.0,5.0,5.0
8010,Peru,Eggs,Export,1.0,1.0,1.0,1.0,2.0,2.0,2.0,3.0,4.0,4.0,4.0,4.0,5.0,7.0,7.0,4.0,4.0,2.0
8011,Peru,Animal fats,Other uses (non-food),34.0,42.0,58.0,43.0,37.0,41.0,43.0,42.0,52.0,46.0,38.0,54.0,47.0,37.0,11.0,11.0,10.0,9.0
8012,Peru,Miscellaneous,Feed,0.0,0.0,0.0,0.0,0.0,0.0,0.0,0.0,0.0,0.0,0.0,0.0,0.0,0.0,0.0,0.0,0.0,0.0
8013,Peru,Miscellaneous,Seed,0.0,0.0,0.0,0.0,0.0,0.0,0.0,0.0,0.0,0.0,0.0,0.0,0.0,0.0,0.0,0.0,0.0,0.0
8014,Peru,Miscellaneous,Losses,0.0,0.0,0.0,0.0,0.0,0.0,0.0,0.0,0.0,0.0,0.0,0.0,0.0,0.0,0.0,0.0,0.0,0.0
8015,Peru,Miscellaneous,Processing,0.0,0.0,0.0,0.0,0.0,0.0,0.0,0.0,0.0,0.0,0.0,0.0,0.0,0.0,0.0,0.0,0.0,0.0
8016,Peru,Miscellaneous,Other uses (non-food),0.0,0.0,0.0,0.0,0.0,0.0,0.0,0.0,0.0,0.0,0.0,0.0,0.0,0.0,0.0,0.0,0.0,0.0
8017,Peru,Miscellaneous,Human Consumption,1.0,1.0,2.0,2.0,2.0,2.0,2.0,3.0,3.0,4.0,5.0,6.0,7.0,7.0,25.0,32.0,32.0,32.0
8018,Peru,Alcoholic Beverages,Production,717.0,664.0,732.0,749.0,759.0,846.0,940.0,1060.0,1243.0,1265.0,1277.0,1317.0,1490.0,1611.0,1554.0,1528.0,1585.0,1694.0
8019,Peru,Alcoholic Beverages,Import,18.0,17.0,18.0,18.0,20.0,29.0,24.0,25.0,30.0,27.0,33.0,56.0,124.0,121.0,75.0,128.0,164.0,181.0
8020,Peru,Alcoholic Beverages,Stock Variation,0.0,0.0,0.0,0.0,0.0,0.0,0.0,0.0,0.0,0.0,0.0,0.0,-2.0,2.0,0.0,2.0,2.0,4.0
8021,Peru,Alcoholic Beverages,Export,8.0,5.0,8.0,12.0,9.0,5.0,8.0,21.0,26.0,53.0,57.0,52.0,119.0,138.0,92.0,80.0,124.0,88.0
8022,Peru,Alcoholic Beverages,Domestic supply,727.0,676.0,742.0,756.0,770.0,870.0,956.0,1064.0,1247.0,1239.0,1253.0,1321.0,1493.0,1596.0,1537.0,1574.0,1622.0,1783.0
8023,Peru,Miscellaneous,Domestic supply,1.0,1.0,2.0,2.0,2.0,2.0,2.0,3.0,3.0,4.0,5.0,6.0,7.0,7.0,25.0,32.0,32.0,32.0
8024,Peru,Alcoholic Beverages,Feed,0.0,0.0,0.0,0.0,0.0,0.0,0.0,0.0,0.0,0.0,0.0,0.0,0.0,0.0,0.0,0.0,0.0,0.0
8025,Peru,Alcoholic Beverages,Losses,0.0,0.0,0.0,0.0,0.0,0.0,0.0,0.0,0.0,0.0,0.0,0.0,0.0,0.0,0.0,0.0,0.0,0.0
8026,Peru,Alcoholic Beverages,Processing,0.0,0.0,0.0,0.0,0.0,0.0,0.0,0.0,0.0,0.0,0.0,0.0,0.0,0.0,0.0,0.0,0.0,0.0
8027,Peru,Alcoholic Beverages,Other uses (non-food),10.0,14.0,10.0,1.0,10.0,14.0,11.0,1.0,12.0,8.0,2.0,12.0,19.0,0.0,0.0,56.0,45.0,93.0
8028,Peru,Alcoholic Beverages,Human Consumption,717.0,662.0,732.0,755.0,759.0,856.0,945.0,1063.0,1235.0,1232.0,1251.0,1309.0,1475.0,1596.0,1537.0,1518.0,1576.0,1690.0
8029,Peru,Spices,Production,64.0,67.0,76.0,99.0,117.0,171.0,171.0,176.0,161.0,177.0,147.0,178.0,169.0,171.0,51.0,36.0,49.0,55.0
8030,Peru,Spices,Import,2.0,3.0,2.0,3.0,2.0,3.0,3.0,4.0,3.0,3.0,4.0,3.0,5.0,6.0,5.0,6.0,4.0,7.0
8031,Peru,Spices,Stock Variation,-5.0,0.0,0.0,0.0,0.0,0.0,0.0,-10.0,10.0,-5.0,13.0,-8.0,0.0,0.0,-5.0,-18.0,-9.0,-8.0
8032,Peru,Spices,Export,4.0,11.0,16.0,16.0,29.0,55.0,51.0,45.0,60.0,57.0,47.0,52.0,52.0,46.0,51.0,50.0,54.0,60.0
8033,Peru,Spices,Domestic supply,57.0,59.0,63.0,87.0,90.0,118.0,123.0,125.0,114.0,118.0,117.0,121.0,121.0,131.0,9.0,9.0,8.0,10.0
8034,Peru,Spices,Feed,0.0,0.0,0.0,0.0,0.0,0.0,0.0,0.0,0.0,0.0,0.0,0.0,0.0,0.0,0.0,0.0,0.0,0.0
8035,Peru,Animal fats,Processing,0.0,0.0,0.0,0.0,0.0,0.0,0.0,0.0,0.0,0.0,0.0,0.0,0.0,0.0,2.0,2.0,2.0,3.0
8036,Peru,Alcoholic Beverages,Seed,0.0,0.0,0.0,0.0,0.0,0.0,0.0,0.0,0.0,0.0,0.0,0.0,0.0,0.0,0.0,0.0,0.0,0.0
8037,Peru,Miscellaneous,Export,0.0,0.0,0.0,0.0,0.0,0.0,0.0,0.0,0.0,0.0,0.0,0.0,0.0,0.0,17.0,17.0,18.0,19.0
8038,Peru,Spices,Seed,0.0,0.0,0.0,0.0,0.0,0.0,0.0,0.0,0.0,0.0,0.0,0.0,0.0,0.0,0.0,0.0,0.0,0.0
8039,Peru,Miscellaneous,Import,1.0,2.0,2.0,2.0,2.0,2.0,2.0,3.0,3.0,4.0,5.0,6.0,7.0,7.0,42.0,49.0,50.0,51.0
8040,Peru,Miscellaneous,Stock Variation,0.0,0.0,0.0,0.0,0.0,0.0,0.0,0.0,0.0,0.0,0.0,0.0,0.0,0.0,0.0,0.0,0.0,0.0
8041,Peru,Animal fats,Human Consumption,99.0,88.0,99.0,29.0,40.0,22.0,24.0,23.0,25.0,29.0,24.0,17.0,20.0,26.0,12.0,13.0,13.0,14.0
8042,Peru,Offals,Import,14.0,11.0,13.0,14.0,12.0,14.0,12.0,14.0,15.0,15.0,17.0,16.0,16.0,15.0,14.0,15.0,15.0,19.0
8043,Peru,Offals,Stock Variation,0.0,0.0,0.0,0.0,0.0,0.0,0.0,0.0,0.0,0.0,0.0,0.0,0.0,0.0,0.0,0.0,0.0,0.0
8044,Peru,Offals,Export,0.0,0.0,0.0,0.0,0.0,0.0,0.0,0.0,0.0,0.0,0.0,0.0,0.0,0.0,0.0,0.0,0.0,0.0
8045,Peru,Offals,Domestic supply,126.0,127.0,131.0,133.0,137.0,142.0,145.0,149.0,151.0,153.0,159.0,162.0,166.0,166.0,161.0,152.0,144.0,173.0
8046,Peru,Offals,Feed,0.0,0.0,0.0,0.0,0.0,0.0,0.0,0.0,0.0,0.0,0.0,0.0,0.0,0.0,10.0,12.0,12.0,0.0
8047,Peru,Offals,Seed,0.0,0.0,0.0,0.0,0.0,0.0,0.0,0.0,0.0,0.0,0.0,0.0,0.0,0.0,0.0,0.0,0.0,0.0
8048,Peru,Offals,Losses,1.0,1.0,1.0,1.0,1.0,1.0,1.0,1.0,1.0,1.0,1.0,1.0,1.0,1.0,14.0,14.0,14.0,14.0
8049,Peru,Offals,Processing,0.0,0.0,0.0,0.0,0.0,0.0,0.0,0.0,0.0,0.0,0.0,0.0,0.0,0.0,0.0,0.0,0.0,0.0
8050,Peru,Offals,Other uses (non-food),0.0,0.0,0.0,0.0,0.0,0.0,0.0,0.0,0.0,0.0,0.0,0.0,0.0,0.0,0.0,0.0,0.0,0.0
8051,Peru,Offals,Human Consumption,125.0,126.0,130.0,132.0,136.0,141.0,144.0,148.0,150.0,152.0,158.0,161.0,165.0,165.0,137.0,127.0,118.0,159.0
8052,Peru,Meat,Production,833.0,814.0,854.0,881.0,898.0,988.0,1058.0,1125.0,1234.0,1322.0,1386.0,1461.0,1560.0,1603.0,1734.0,1754.0,1835.0,1895.0
8053,Peru,Offals,Production,112.0,116.0,117.0,120.0,125.0,128.0,133.0,135.0,136.0,138.0,142.0,146.0,151.0,151.0,147.0,137.0,129.0,154.0
8054,Peru,Meat,Import,16.0,12.0,17.0,15.0,13.0,16.0,16.0,18.0,20.0,25.0,34.0,29.0,38.0,45.0,42.0,49.0,66.0,76.0
8055,Peru,Meat,Human Consumption,428.0,432.0,452.0,468.0,477.0,516.0,550.0,582.0,590.0,597.0,620.0,629.0,657.0,684.0,710.0,714.0,735.0,768.0
8056,Peru,Meat,Other uses (non-food),211.0,189.0,203.0,211.0,210.0,241.0,260.0,281.0,370.0,447.0,489.0,540.0,617.0,645.0,689.0,713.0,749.0,783.0
8057,Peru,Meat,Processing,0.0,0.0,0.0,0.0,0.0,0.0,0.0,0.0,0.0,0.0,0.0,0.0,0.0,0.0,0.0,0.0,0.0,0.0
8058,Peru,Meat,Losses,210.0,205.0,215.0,217.0,223.0,245.0,262.0,278.0,291.0,301.0,309.0,317.0,321.0,316.0,372.0,371.0,409.0,417.0
8059,Peru,Miscellaneous,Production,0.0,0.0,0.0,0.0,0.0,0.0,0.0,0.0,0.0,0.0,0.0,0.0,0.0,0.0,0.0,0.0,0.0,0.0
8060,Peru,Meat,Feed,0.0,0.0,0.0,0.0,0.0,0.0,0.0,0.0,0.0,0.0,0.0,0.0,0.0,0.0,0.0,0.0,0.0,0.0
8061,Peru,Meat,Domestic supply,849.0,826.0,870.0,896.0,910.0,1002.0,1072.0,1141.0,1250.0,1345.0,1418.0,1487.0,1595.0,1645.0,1771.0,1797.0,1894.0,1968.0
8062,Peru,Meat,Export,0.0,0.0,1.0,0.0,1.0,1.0,2.0,2.0,4.0,2.0,3.0,3.0,3.0,3.0,5.0,6.0,7.0,3.0
8063,Peru,Meat,Stock Variation,0.0,0.0,0.0,0.0,0.0,0.0,0.0,0.0,1.0,0.0,0.0,0.0,0.0,0.0,0.0,0.0,0.0,0.0
8064,Peru,Meat,Seed,0.0,0.0,0.0,0.0,0.0,0.0,0.0,0.0,0.0,0.0,0.0,0.0,0.0,0.0,0.0,0.0,0.0,0.0
8065,Philippines,Sugar & Sweeteners,Processing,0.0,0.0,0.0,0.0,0.0,0.0,0.0,0.0,0.0,0.0,0.0,0.0,0.0,0.0,35.0,31.0,37.0,29.0
8066,Philippines,Vegetable Oils,Domestic supply,534.0,500.0,509.0,500.0,814.0,674.0,694.0,704.0,857.0,868.0,738.0,1046.0,739.0,573.0,578.0,637.0,547.0,550.0
8067,Philippines,Vegetable Oils,Export,1059.0,1448.0,992.0,1265.0,1011.0,1207.0,1125.0,942.0,885.0,861.0,1379.0,857.0,958.0,1229.0,976.0,935.0,791.0,1007.0
8068,Philippines,Vegetable Oils,Stock Variation,0.0,0.0,-2.0,0.0,-1.0,0.0,0.0,0.0,0.0,0.0,-140.0,-30.0,-60.0,230.0,-54.0,0.0,-58.0,69.0
8069,Philippines,Vegetable Oils,Import,119.0,79.0,84.0,86.0,153.0,264.0,286.0,197.0,212.0,177.0,207.0,556.0,348.0,226.0,227.0,295.0,267.0,489.0
8070,Philippines,Vegetables,Human Consumption,4831.0,4958.0,5100.0,5256.0,4980.0,5050.0,5147.0,5824.0,5884.0,5705.0,6169.0,6078.0,6208.0,6265.0,6342.0,6443.0,6538.0,6580.0
8071,Philippines,Vegetables,Other uses (non-food),0.0,0.0,0.0,0.0,0.0,0.0,0.0,0.0,0.0,0.0,0.0,0.0,0.0,0.0,0.0,0.0,0.0,0.0
8072,Philippines,Vegetables,Processing,0.0,0.0,0.0,0.0,0.0,0.0,0.0,0.0,0.0,0.0,0.0,0.0,0.0,0.0,0.0,0.0,0.0,0.0
8073,Philippines,Vegetable Oils,Feed,0.0,0.0,0.0,0.0,0.0,0.0,0.0,0.0,0.0,0.0,0.0,0.0,0.0,0.0,0.0,0.0,0.0,0.0
8074,Philippines,Vegetables,Losses,234.0,239.0,247.0,252.0,224.0,227.0,239.0,272.0,267.0,259.0,283.0,279.0,290.0,292.0,347.0,349.0,353.0,352.0
8075,Philippines,Vegetable Oils,Production,1473.0,1869.0,1418.0,1679.0,1674.0,1616.0,1533.0,1448.0,1530.0,1552.0,2050.0,1378.0,1409.0,1346.0,1273.0,1278.0,1014.0,1136.0
8076,Philippines,Vegetable Oils,Seed,0.0,0.0,0.0,0.0,0.0,0.0,0.0,0.0,0.0,0.0,0.0,0.0,0.0,0.0,0.0,0.0,0.0,0.0
8077,Philippines,Sugar & Sweeteners,Production,1775.0,1969.0,2049.0,2343.0,2525.0,2342.0,2332.0,2416.0,2584.0,2311.0,1796.0,2718.0,2550.0,2526.0,2641.0,2400.0,2764.0,3221.0
8078,Philippines,Vegetable Oils,Processing,0.0,0.0,0.0,0.0,0.0,0.0,0.0,0.0,0.0,0.0,0.0,0.0,0.0,0.0,4.0,4.0,2.0,4.0
8079,Philippines,Vegetable Oils,Other uses (non-food),123.0,160.0,192.0,185.0,494.0,387.0,380.0,327.0,481.0,437.0,289.0,531.0,259.0,133.0,84.0,81.0,78.0,48.0
8080,Philippines,Vegetable Oils,Human Consumption,421.0,355.0,354.0,360.0,357.0,329.0,362.0,413.0,395.0,449.0,469.0,515.0,505.0,476.0,492.0,554.0,468.0,498.0
8081,Philippines,Sugar & Sweeteners,Losses,0.0,0.0,0.0,0.0,0.0,0.0,0.0,0.0,0.0,0.0,0.0,0.0,0.0,0.0,0.0,0.0,0.0,0.0
8082,Philippines,Sugar & Sweeteners,Import,300.0,276.0,268.0,250.0,175.0,160.0,251.0,146.0,156.0,169.0,576.0,357.0,307.0,365.0,402.0,396.0,726.0,856.0
8083,Philippines,Sugar & Sweeteners,Stock Variation,339.0,-21.0,29.0,-88.0,-72.0,-14.0,-137.0,6.0,-81.0,-21.0,31.0,-8.0,-90.0,93.0,-25.0,1.0,146.0,-68.0
8084,Philippines,Sugar & Sweeteners,Export,151.0,69.0,102.0,160.0,249.0,247.0,252.0,286.0,257.0,288.0,112.0,634.0,234.0,495.0,316.0,132.0,270.0,820.0
8085,Philippines,Sugar & Sweeteners,Domestic supply,2263.0,2154.0,2243.0,2346.0,2379.0,2240.0,2194.0,2281.0,2402.0,2172.0,2291.0,2434.0,2534.0,2490.0,2752.0,2663.0,3075.0,3326.0
8086,Philippines,Sugar & Sweeteners,Feed,0.0,0.0,0.0,0.0,0.0,0.0,0.0,0.0,0.0,0.0,0.0,0.0,0.0,0.0,0.0,0.0,0.0,0.0
8087,Philippines,Sugar & Sweeteners,Seed,0.0,0.0,0.0,0.0,0.0,0.0,0.0,0.0,0.0,0.0,0.0,0.0,0.0,0.0,0.0,0.0,0.0,0.0
8088,Philippines,Vegetables,Seed,0.0,0.0,0.0,0.0,0.0,0.0,0.0,0.0,0.0,0.0,0.0,0.0,0.0,0.0,0.0,0.0,0.0,0.0
8089,Philippines,Vegetable Oils,Losses,0.0,0.0,0.0,0.0,0.0,0.0,0.0,0.0,0.0,0.0,0.0,0.0,0.0,0.0,0.0,0.0,0.0,0.0
8090,Philippines,Vegetables,Feed,0.0,0.0,0.0,0.0,0.0,0.0,0.0,0.0,0.0,0.0,0.0,0.0,0.0,0.0,0.0,1.0,0.0,0.0
8091,Philippines,Fruits - Excluding Wine,Export,2364.0,2992.0,2399.0,4064.0,2971.0,3726.0,4042.0,3479.0,3389.0,2861.0,2545.0,3269.0,4286.0,5071.0,6066.0,3631.0,5065.0,5971.0
8092,Philippines,Vegetables,Export,29.0,20.0,32.0,50.0,45.0,41.0,29.0,22.0,16.0,14.0,17.0,23.0,18.0,17.0,15.0,10.0,10.0,9.0
8093,Philippines,Sugar & Sweeteners,Other uses (non-food),35.0,40.0,41.0,46.0,45.0,43.0,43.0,70.0,74.0,68.0,131.0,155.0,130.0,172.0,210.0,185.0,214.0,426.0
8094,Philippines,Stimulants,Production,114.0,119.0,113.0,112.0,109.0,112.0,110.0,103.0,103.0,102.0,100.0,93.0,94.0,83.0,81.0,78.0,75.0,69.0
8095,Philippines,Stimulants,Import,59.0,71.0,98.0,46.0,69.0,94.0,76.0,96.0,121.0,119.0,145.0,164.0,277.0,255.0,243.0,255.0,489.0,603.0
8096,Philippines,Stimulants,Stock Variation,0.0,0.0,0.0,0.0,0.0,1.0,1.0,1.0,1.0,-2.0,3.0,-6.0,0.0,0.0,1.0,1.0,2.0,1.0
8097,Philippines,Stimulants,Export,3.0,6.0,5.0,5.0,4.0,5.0,5.0,6.0,5.0,7.0,8.0,7.0,4.0,6.0,8.0,8.0,11.0,11.0
8098,Philippines,Stimulants,Domestic supply,169.0,184.0,206.0,154.0,174.0,201.0,181.0,195.0,220.0,212.0,239.0,245.0,367.0,333.0,315.0,324.0,551.0,660.0
8099,Philippines,Stimulants,Feed,0.0,0.0,0.0,0.0,0.0,0.0,0.0,0.0,0.0,0.0,0.0,0.0,0.0,0.0,0.0,0.0,0.0,0.0
8100,Philippines,Stimulants,Seed,0.0,0.0,0.0,0.0,0.0,0.0,0.0,0.0,0.0,0.0,0.0,0.0,0.0,0.0,0.0,0.0,0.0,0.0
8101,Philippines,Stimulants,Losses,6.0,6.0,7.0,6.0,6.0,7.0,6.0,6.0,6.0,6.0,6.0,6.0,6.0,5.0,4.0,4.0,4.0,4.0
8102,Philippines,Stimulants,Processing,0.0,0.0,0.0,0.0,0.0,0.0,0.0,0.0,0.0,0.0,0.0,0.0,0.0,0.0,4.0,4.0,5.0,5.0
8103,Philippines,Stimulants,Other uses (non-food),0.0,0.0,0.0,0.0,0.0,0.0,0.0,0.0,0.0,0.0,0.0,0.0,0.0,0.0,0.0,0.0,0.0,0.0
8104,Philippines,Stimulants,Human Consumption,163.0,178.0,199.0,148.0,168.0,195.0,175.0,188.0,214.0,205.0,233.0,239.0,361.0,328.0,307.0,315.0,542.0,652.0
8105,Philippines,Fruits - Excluding Wine,Production,10796.0,11248.0,11710.0,11992.0,12374.0,13421.0,13172.0,14474.0,15691.0,15980.0,16182.0,16139.0,16371.0,15887.0,16235.0,16466.0,16167.0,16426.0
8106,Philippines,Fruits - Excluding Wine,Import,196.0,188.0,173.0,197.0,134.0,194.0,249.0,287.0,413.0,427.0,330.0,310.0,389.0,386.0,296.0,328.0,470.0,478.0
8107,Philippines,Fruits - Excluding Wine,Stock Variation,-333.0,-333.0,-333.0,1083.0,-104.0,132.0,151.0,19.0,-38.0,-75.0,-132.0,-68.0,165.0,191.0,0.0,0.0,0.0,0.0
8108,Philippines,Fruits - Excluding Wine,Domestic supply,8294.0,8110.0,9150.0,9209.0,9432.0,10021.0,9530.0,11301.0,12677.0,13471.0,13835.0,13112.0,12639.0,11393.0,10465.0,13163.0,11572.0,10933.0
8109,Philippines,Fruits - Excluding Wine,Feed,493.0,506.0,527.0,537.0,563.0,630.0,679.0,898.0,1303.0,1352.0,1365.0,917.0,830.0,346.0,506.0,721.0,784.0,590.0
8110,Philippines,Fruits - Excluding Wine,Seed,0.0,0.0,0.0,0.0,0.0,0.0,0.0,0.0,0.0,0.0,0.0,0.0,0.0,0.0,0.0,0.0,0.0,0.0
8111,Philippines,Fruits - Excluding Wine,Losses,724.0,748.0,778.0,797.0,824.0,905.0,935.0,1402.0,1586.0,1633.0,1650.0,1198.0,1123.0,642.0,1109.0,1331.0,1307.0,1336.0
8112,Philippines,Fruits - Excluding Wine,Processing,7.0,5.0,5.0,6.0,4.0,5.0,7.0,7.0,4.0,4.0,4.0,4.0,4.0,4.0,32.0,34.0,68.0,66.0
8113,Philippines,Fruits - Excluding Wine,Other uses (non-food),0.0,0.0,0.0,0.0,0.0,0.0,0.0,0.0,0.0,0.0,0.0,0.0,0.0,0.0,0.0,0.0,0.0,0.0
8114,Philippines,Fruits - Excluding Wine,Human Consumption,7070.0,6852.0,7840.0,7869.0,8040.0,8481.0,7908.0,8994.0,9784.0,10482.0,10816.0,10994.0,10682.0,10400.0,9985.0,11671.0,11470.0,10321.0
8115,Philippines,Vegetables,Production,4978.0,5088.0,5255.0,5443.0,5138.0,5163.0,5211.0,5970.0,5907.0,5818.0,6303.0,6208.0,6320.0,6372.0,6482.0,6523.0,6489.0,6603.0
8116,Philippines,Vegetables,Import,115.0,130.0,124.0,115.0,111.0,155.0,204.0,148.0,260.0,161.0,167.0,173.0,195.0,202.0,222.0,280.0,412.0,338.0
8117,Philippines,Vegetables,Stock Variation,0.0,0.0,0.0,0.0,0.0,0.0,0.0,0.0,0.0,0.0,0.0,0.0,0.0,0.0,0.0,0.0,0.0,0.0
8118,Philippines,Vegetables,Domestic supply,5065.0,5198.0,5347.0,5508.0,5204.0,5277.0,5386.0,6096.0,6151.0,5965.0,6453.0,6358.0,6498.0,6557.0,6688.0,6793.0,6891.0,6932.0
8119,Philippines,Sugar & Sweeteners,Human Consumption,2228.0,2114.0,2202.0,2300.0,2334.0,2197.0,2151.0,2211.0,2329.0,2104.0,2160.0,2279.0,2404.0,2319.0,2507.0,2585.0,2824.0,2871.0
8120,Philippines,Sugar Crops,Other uses (non-food),0.0,0.0,0.0,0.0,0.0,0.0,0.0,0.0,0.0,0.0,0.0,0.0,0.0,0.0,0.0,0.0,0.0,0.0
8121,Philippines,Pulses,Import,72.0,101.0,67.0,76.0,82.0,75.0,103.0,104.0,116.0,113.0,89.0,82.0,81.0,81.0,80.0,72.0,78.0,100.0
8122,Philippines,Oilcrops,Other uses (non-food),2670.0,2685.0,3503.0,2534.0,2230.0,2831.0,2700.0,2643.0,2780.0,3048.0,3055.0,3028.0,5858.0,5715.0,5602.0,5802.0,6003.0,6103.0
8123,Philippines,Oilcrops,Human Consumption,359.0,373.0,380.0,394.0,402.0,413.0,423.0,411.0,369.0,440.0,433.0,393.0,666.0,467.0,394.0,781.0,583.0,655.0
8124,Philippines,Starchy Roots,Production,2521.0,2401.0,2386.0,2380.0,2403.0,2478.0,2552.0,2723.0,2792.0,2878.0,2916.0,2990.0,3001.0,3146.0,3319.0,3506.0,3538.0,3601.0
8125,Philippines,Starchy Roots,Import,178.0,266.0,273.0,251.0,369.0,343.0,403.0,427.0,521.0,606.0,564.0,481.0,501.0,479.0,569.0,562.0,886.0,936.0
8126,Philippines,Starchy Roots,Stock Variation,0.0,0.0,0.0,0.0,0.0,0.0,0.0,0.0,0.0,0.0,0.0,0.0,0.0,0.0,-75.0,-125.0,-89.0,-94.0
8127,Philippines,Starchy Roots,Export,5.0,4.0,5.0,7.0,3.0,3.0,3.0,5.0,5.0,6.0,22.0,7.0,8.0,13.0,15.0,9.0,7.0,8.0
8128,Philippines,Starchy Roots,Domestic supply,2693.0,2662.0,2654.0,2624.0,2768.0,2817.0,2952.0,3145.0,3309.0,3479.0,3458.0,3464.0,3495.0,3612.0,3949.0,4184.0,4506.0,4624.0
8129,Philippines,Starchy Roots,Feed,140.0,132.0,131.0,131.0,132.0,136.0,141.0,148.0,152.0,158.0,160.0,165.0,166.0,174.0,195.0,210.0,208.0,210.0
8130,Philippines,Starchy Roots,Seed,22.0,22.0,23.0,23.0,23.0,24.0,26.0,26.0,26.0,26.0,24.0,23.0,23.0,23.0,4.0,4.0,14.0,18.0
8131,Philippines,Starchy Roots,Losses,38.0,38.0,38.0,38.0,38.0,41.0,40.0,43.0,43.0,42.0,41.0,39.0,39.0,39.0,248.0,262.0,265.0,269.0
8132,Philippines,Starchy Roots,Processing,0.0,0.0,0.0,0.0,0.0,0.0,0.0,0.0,0.0,0.0,0.0,0.0,0.0,0.0,0.0,0.0,0.0,0.0
8133,Philippines,Oilcrops,Processing,9139.0,11717.0,8755.0,10443.0,10392.0,10050.0,10611.0,10353.0,10120.0,10230.0,13693.0,9005.0,9147.0,8654.0,8349.0,8570.0,6741.0,6931.0
8134,Philippines,Starchy Roots,Other uses (non-food),104.0,162.0,205.0,142.0,228.0,249.0,290.0,310.0,363.0,430.0,295.0,281.0,313.0,274.0,384.0,424.0,670.0,651.0
8135,Philippines,Sugar Crops,Production,24491.0,27000.0,27500.0,31000.0,33500.0,31400.0,31550.0,32000.0,34000.0,32500.0,28000.0,30000.0,32000.0,31874.0,32000.0,30000.0,33000.0,33000.0
8136,Philippines,Sugar Crops,Import,0.0,0.0,0.0,0.0,0.0,0.0,0.0,0.0,0.0,0.0,0.0,0.0,0.0,0.0,0.0,0.0,0.0,0.0
8137,Philippines,Sugar Crops,Stock Variation,0.0,0.0,0.0,0.0,0.0,0.0,0.0,0.0,0.0,-2000.0,-3000.0,5000.0,0.0,0.0,455.0,1181.0,0.0,1952.0
8138,Philippines,Sugar Crops,Export,0.0,0.0,0.0,0.0,0.0,0.0,0.0,0.0,0.0,0.0,0.0,0.0,0.0,0.0,0.0,0.0,0.0,0.0
8139,Philippines,Sugar Crops,Domestic supply,24491.0,27000.0,27500.0,31000.0,33500.0,31400.0,31550.0,32000.0,34000.0,30500.0,25000.0,35000.0,32000.0,31874.0,31545.0,28819.0,33000.0,31048.0
8140,Philippines,Sugar Crops,Feed,1310.0,1498.0,1082.0,1160.0,1585.0,1525.0,1720.0,1175.0,1223.0,900.0,1030.0,702.0,122.0,60.0,243.0,223.0,191.0,284.0
8141,Philippines,Sugar Crops,Human Consumption,106.0,112.0,107.0,120.0,128.0,126.0,134.0,122.0,130.0,121.0,94.0,70.0,10.0,10.0,0.0,0.0,0.0,0.0
8142,Philippines,Sugar Crops,Seed,968.0,959.0,960.0,972.0,922.0,981.0,957.0,995.0,1010.0,887.0,1099.0,1083.0,1001.0,1045.0,1006.0,973.0,921.0,1021.0
8143,Philippines,Sugar Crops,Losses,980.0,1080.0,1100.0,1240.0,1340.0,1256.0,1262.0,1280.0,1360.0,1300.0,1120.0,1400.0,960.0,1116.0,932.0,853.0,1197.0,1567.0
8144,Philippines,Sugar Crops,Processing,21128.0,23351.0,24251.0,27508.0,29525.0,27512.0,27477.0,28428.0,30278.0,27292.0,21657.0,31744.0,29907.0,29643.0,29364.0,26770.0,30692.0,28176.0
8145,Philippines,Spices,Human Consumption,29.0,32.0,30.0,30.0,29.0,27.0,34.0,36.0,36.0,35.0,35.0,35.0,35.0,35.0,36.0,37.0,46.0,41.0
8146,Philippines,Starchy Roots,Human Consumption,2391.0,2308.0,2256.0,2290.0,2347.0,2367.0,2454.0,2618.0,2724.0,2823.0,2939.0,2956.0,2954.0,3101.0,3117.0,3283.0,3352.0,3475.0
8147,Philippines,Oilcrops,Losses,12.0,15.0,13.0,14.0,14.0,12.0,11.0,13.0,10.0,11.0,14.0,11.0,11.0,10.0,124.0,120.0,94.0,9.0
8148,Philippines,Oilcrops,Seed,131.0,153.0,142.0,144.0,145.0,149.0,151.0,150.0,154.0,158.0,176.0,153.0,160.0,154.0,147.0,147.0,138.0,141.0
8149,Philippines,Oilcrops,Feed,40.0,47.0,43.0,50.0,47.0,59.0,64.0,77.0,105.0,75.0,88.0,95.0,68.0,61.0,116.0,793.0,425.0,579.0
8150,Philippines,Pulses,Stock Variation,0.0,0.0,0.0,0.0,0.0,0.0,0.0,0.0,0.0,0.0,0.0,0.0,0.0,0.0,-1.0,-7.0,1.0,8.0
8151,Philippines,Pulses,Export,0.0,0.0,1.0,1.0,2.0,1.0,0.0,0.0,0.0,0.0,0.0,0.0,0.0,0.0,0.0,0.0,0.0,0.0
8152,Philippines,Pulses,Domestic supply,128.0,158.0,121.0,128.0,135.0,130.0,159.0,164.0,178.0,173.0,150.0,149.0,148.0,148.0,149.0,141.0,135.0,148.0
8153,Philippines,Pulses,Feed,0.0,0.0,0.0,0.0,0.0,0.0,0.0,0.0,0.0,0.0,0.0,0.0,0.0,0.0,10.0,16.0,10.0,9.0
8154,Philippines,Pulses,Seed,2.0,2.0,2.0,2.0,2.0,2.0,2.0,2.0,2.0,2.0,2.0,2.0,2.0,2.0,2.0,2.0,2.0,2.0
8155,Philippines,Pulses,Losses,2.0,2.0,2.0,2.0,2.0,2.0,2.0,2.0,3.0,2.0,2.0,2.0,2.0,2.0,4.0,3.0,3.0,3.0
8156,Philippines,Pulses,Processing,0.0,0.0,0.0,0.0,0.0,0.0,0.0,0.0,0.0,0.0,0.0,0.0,0.0,0.0,0.0,0.0,0.0,0.0
8157,Philippines,Pulses,Other uses (non-food),0.0,0.0,0.0,0.0,0.0,0.0,0.0,0.0,0.0,0.0,0.0,0.0,0.0,0.0,0.0,0.0,0.0,0.0
8158,Philippines,Pulses,Human Consumption,125.0,154.0,118.0,125.0,132.0,127.0,155.0,160.0,174.0,169.0,146.0,145.0,145.0,145.0,133.0,120.0,121.0,134.0
8159,Philippines,Treenuts,Production,115.0,115.0,116.0,116.0,122.0,122.0,118.0,118.0,118.0,118.0,141.0,140.0,140.0,155.0,178.0,213.0,225.0,231.0
8160,Philippines,Treenuts,Import,4.0,4.0,4.0,2.0,1.0,1.0,2.0,3.0,4.0,5.0,4.0,4.0,7.0,6.0,6.0,5.0,6.0,6.0
8161,Philippines,Treenuts,Stock Variation,0.0,0.0,0.0,0.0,0.0,0.0,0.0,0.0,0.0,0.0,0.0,0.0,0.0,0.0,-1.0,-1.0,-1.0,-1.0
8162,Philippines,Treenuts,Export,1.0,1.0,3.0,4.0,4.0,3.0,1.0,1.0,1.0,1.0,1.0,1.0,1.0,1.0,2.0,0.0,1.0,4.0
8163,Philippines,Treenuts,Domestic supply,117.0,117.0,117.0,114.0,120.0,121.0,119.0,120.0,121.0,122.0,144.0,143.0,147.0,160.0,183.0,219.0,232.0,234.0
8164,Philippines,Treenuts,Feed,0.0,0.0,0.0,0.0,0.0,0.0,0.0,0.0,0.0,0.0,0.0,0.0,0.0,0.0,0.0,0.0,0.0,0.0
8165,Philippines,Treenuts,Seed,0.0,0.0,0.0,0.0,0.0,0.0,0.0,0.0,0.0,0.0,0.0,0.0,0.0,0.0,0.0,0.0,0.0,0.0
8166,Philippines,Treenuts,Losses,0.0,0.0,0.0,0.0,0.0,0.0,0.0,0.0,0.0,0.0,0.0,0.0,0.0,0.0,10.0,11.0,12.0,12.0
8167,Philippines,Treenuts,Processing,0.0,0.0,0.0,0.0,0.0,0.0,0.0,0.0,0.0,0.0,0.0,0.0,0.0,0.0,0.0,0.0,0.0,0.0
8168,Philippines,Treenuts,Other uses (non-food),0.0,0.0,0.0,0.0,0.0,0.0,0.0,0.0,0.0,0.0,0.0,0.0,0.0,0.0,0.0,0.0,0.0,0.0
8169,Philippines,Treenuts,Human Consumption,117.0,117.0,117.0,114.0,120.0,121.0,119.0,120.0,120.0,122.0,143.0,143.0,147.0,159.0,173.0,207.0,220.0,222.0
8170,Philippines,Oilcrops,Production,13044.0,13194.0,14119.0,14343.0,14418.0,14879.0,15011.0,14908.0,15376.0,15726.0,15567.0,15303.0,15922.0,15412.0,15175.0,15209.0,14305.0,14566.0
8171,Philippines,Oilcrops,Import,296.0,367.0,422.0,412.0,468.0,417.0,300.0,554.0,593.0,444.0,570.0,576.0,425.0,234.0,470.0,506.0,698.0,831.0
8172,Philippines,Oilcrops,Stock Variation,-488.0,2000.0,-1000.0,-500.0,-1000.0,-1000.0,-500.0,-1000.0,-1500.0,-1500.0,2000.0,-2500.0,0.0,0.0,-8.0,-896.0,454.0,42.0
8173,Philippines,Oilcrops,Export,500.0,572.0,704.0,676.0,657.0,783.0,852.0,816.0,929.0,708.0,679.0,694.0,436.0,585.0,943.0,428.0,585.0,936.0
8174,Philippines,Oilcrops,Domestic supply,12351.0,14990.0,12837.0,13579.0,13229.0,13514.0,13959.0,13646.0,13539.0,13962.0,17458.0,12686.0,15911.0,15062.0,14710.0,16182.0,13963.0,14418.0
8175,Philippines,Pulses,Production,57.0,57.0,55.0,53.0,55.0,56.0,56.0,59.0,62.0,61.0,61.0,67.0,68.0,68.0,67.0,61.0,58.0,56.0
8176,Philippines,Spices,Other uses (non-food),0.0,0.0,0.0,0.0,0.0,0.0,0.0,0.0,0.0,0.0,0.0,0.0,0.0,0.0,0.0,0.0,0.0,0.0
8177,Philippines,Cereals - Excluding Beer,Domestic supply,16653.0,17423.0,18104.0,18375.0,19460.0,19604.0,20930.0,21143.0,21778.0,22879.0,22561.0,22852.0,24208.0,23848.0,30643.0,30710.0,30813.0,33921.0
8178,Philippines,Spices,Losses,0.0,0.0,0.0,0.0,0.0,0.0,0.0,0.0,0.0,0.0,0.0,0.0,0.0,0.0,0.0,0.0,0.0,0.0
8179,Philippines,Eggs,Export,0.0,1.0,0.0,0.0,0.0,0.0,0.0,0.0,0.0,0.0,0.0,0.0,0.0,0.0,0.0,0.0,0.0,0.0
8180,Philippines,Eggs,Domestic supply,299.0,303.0,319.0,330.0,355.0,376.0,382.0,385.0,396.0,412.0,428.0,444.0,463.0,471.0,460.0,489.0,509.0,542.0
8181,Philippines,Eggs,Feed,0.0,0.0,0.0,0.0,0.0,0.0,0.0,0.0,0.0,0.0,0.0,0.0,0.0,0.0,29.0,51.0,28.0,27.0
8182,Philippines,Eggs,Seed,37.0,40.0,43.0,43.0,45.0,44.0,44.0,44.0,51.0,52.0,54.0,57.0,60.0,62.0,57.0,58.0,64.0,70.0
8183,Philippines,Eggs,Losses,10.0,10.0,10.0,10.0,10.0,11.0,11.0,12.0,13.0,13.0,13.0,14.0,14.0,14.0,14.0,15.0,18.0,19.0
8184,Philippines,Eggs,Processing,0.0,0.0,0.0,0.0,0.0,0.0,0.0,0.0,0.0,0.0,0.0,0.0,0.0,0.0,0.0,0.0,0.0,0.0
8185,Philippines,Eggs,Other uses (non-food),0.0,0.0,0.0,0.0,0.0,0.0,0.0,0.0,0.0,0.0,0.0,0.0,0.0,0.0,0.0,0.0,0.0,0.0
8186,Philippines,Eggs,Human Consumption,252.0,253.0,266.0,277.0,301.0,322.0,328.0,329.0,332.0,347.0,360.0,374.0,389.0,395.0,360.0,365.0,400.0,425.0
8187,Philippines,Milk - Excluding Butter,Production,10.0,11.0,11.0,11.0,12.0,12.0,13.0,13.0,14.0,14.0,16.0,16.0,18.0,20.0,20.0,20.0,20.0,20.0
8188,Philippines,Milk - Excluding Butter,Import,1802.0,1637.0,1593.0,1785.0,1898.0,1417.0,1543.0,1479.0,1366.0,1429.0,1610.0,1604.0,1651.0,1641.0,171.0,189.0,305.0,339.0
8189,Philippines,Milk - Excluding Butter,Stock Variation,0.0,0.0,0.0,0.0,0.0,0.0,-15.0,15.0,-46.0,-54.0,8.0,77.0,0.0,0.0,0.0,0.0,0.0,0.0
8190,Philippines,Eggs,Stock Variation,0.0,0.0,0.0,0.0,0.0,0.0,0.0,0.0,0.0,0.0,0.0,0.0,0.0,0.0,0.0,0.0,0.0,0.0
8191,Philippines,Milk - Excluding Butter,Export,58.0,117.0,164.0,198.0,247.0,236.0,251.0,271.0,284.0,187.0,238.0,279.0,128.0,81.0,0.0,0.0,1.0,1.0
8192,Philippines,Milk - Excluding Butter,Feed,0.0,0.0,0.0,0.0,0.0,0.0,0.0,0.0,0.0,0.0,0.0,0.0,0.0,0.0,7.0,11.0,10.0,9.0
8193,Philippines,Milk - Excluding Butter,Seed,0.0,0.0,0.0,0.0,0.0,0.0,0.0,0.0,0.0,0.0,0.0,0.0,0.0,0.0,0.0,0.0,0.0,0.0
8194,Philippines,Milk - Excluding Butter,Losses,0.0,0.0,0.0,0.0,0.0,0.0,0.0,0.0,0.0,0.0,0.0,0.0,0.0,0.0,1.0,1.0,1.0,1.0
8195,Philippines,Milk - Excluding Butter,Processing,0.0,0.0,0.0,0.0,0.0,0.0,0.0,0.0,0.0,0.0,0.0,0.0,0.0,0.0,0.0,0.0,0.0,0.0
8196,Philippines,Milk - Excluding Butter,Other uses (non-food),44.0,47.0,54.0,65.0,70.0,82.0,33.0,52.0,33.0,49.0,29.0,39.0,73.0,38.0,76.0,93.0,167.0,222.0
8197,Philippines,Milk - Excluding Butter,Human Consumption,1710.0,1483.0,1386.0,1534.0,1593.0,1111.0,1256.0,1184.0,1016.0,1154.0,1366.0,1379.0,1468.0,1541.0,107.0,104.0,146.0,126.0
8198,Philippines,Animal fats,Production,178.0,185.0,195.0,202.0,199.0,206.0,227.0,235.0,234.0,237.0,238.0,239.0,240.0,242.0,241.0,260.0,261.0,266.0
8199,Philippines,Animal fats,Import,75.0,55.0,58.0,39.0,79.0,63.0,72.0,75.0,66.0,67.0,84.0,94.0,91.0,85.0,79.0,61.0,84.0,112.0
8200,Philippines,Animal fats,Stock Variation,-13.0,6.0,3.0,16.0,0.0,3.0,3.0,0.0,0.0,0.0,0.0,0.0,0.0,0.0,0.0,0.0,0.0,0.0
8201,Philippines,Animal fats,Export,0.0,0.0,0.0,0.0,0.0,0.0,0.0,1.0,1.0,1.0,1.0,1.0,0.0,1.0,1.0,1.0,1.0,6.0
8202,Philippines,Animal fats,Domestic supply,240.0,246.0,255.0,257.0,278.0,272.0,302.0,309.0,298.0,302.0,321.0,332.0,331.0,326.0,318.0,319.0,344.0,372.0
8203,Philippines,Milk - Excluding Butter,Domestic supply,1754.0,1531.0,1440.0,1599.0,1663.0,1193.0,1289.0,1237.0,1049.0,1203.0,1395.0,1418.0,1542.0,1579.0,191.0,209.0,324.0,358.0
8204,Philippines,Eggs,Import,3.0,3.0,4.0,2.0,2.0,3.0,2.0,3.0,3.0,4.0,4.0,3.0,2.0,3.0,3.0,2.0,3.0,4.0
8205,Philippines,Eggs,Production,297.0,301.0,314.0,329.0,353.0,374.0,380.0,382.0,393.0,408.0,424.0,441.0,461.0,469.0,457.0,487.0,506.0,538.0
8206,Philippines,"Fish, Seafood",Human Consumption,2239.0,2294.0,2439.0,2512.0,2600.0,2810.0,2897.0,3169.0,3201.0,3341.0,3259.0,3108.0,3108.0,3108.0,2981.0,3051.0,2959.0,2959.0
8207,Philippines,Cereals - Excluding Beer,Production,12775.0,13166.0,13171.0,13620.0,15083.0,14994.0,16305.0,17569.0,18144.0,17884.0,16897.0,18100.0,19435.0,19677.0,26739.0,25669.0,24847.0,27192.0
8208,Philippines,Cereals - Excluding Beer,Import,4162.0,4260.0,4959.0,4151.0,3693.0,4381.0,5085.0,4375.0,4749.0,5773.0,5055.0,4158.0,4877.0,3803.0,5741.0,6175.0,6912.0,8126.0
8209,Philippines,Cereals - Excluding Beer,Stock Variation,-267.0,22.0,-2.0,619.0,703.0,265.0,-416.0,-752.0,-1061.0,-728.0,668.0,665.0,-55.0,441.0,1694.0,1041.0,791.0,1230.0
8210,Philippines,Cereals - Excluding Beer,Export,17.0,25.0,23.0,15.0,19.0,35.0,44.0,50.0,55.0,49.0,59.0,71.0,50.0,73.0,143.0,94.0,154.0,167.0
8211,Philippines,Cereals - Excluding Beer,Feed,4282.0,4469.0,4961.0,4942.0,4994.0,4450.0,4987.0,5157.0,5506.0,5859.0,5474.0,5874.0,6644.0,5705.0,6941.0,6824.0,6984.0,7865.0
8212,Philippines,Cereals - Excluding Beer,Seed,242.0,243.0,241.0,251.0,255.0,256.0,261.0,193.0,200.0,198.0,193.0,200.0,205.0,206.0,284.0,279.0,273.0,287.0
8213,Philippines,Cereals - Excluding Beer,Losses,578.0,610.0,640.0,637.0,694.0,736.0,758.0,762.0,816.0,761.0,770.0,724.0,795.0,781.0,255.0,240.0,235.0,254.0
8214,Philippines,Cereals - Excluding Beer,Processing,172.0,177.0,180.0,178.0,188.0,191.0,198.0,204.0,206.0,215.0,223.0,220.0,222.0,221.0,96.0,116.0,200.0,212.0
8215,Philippines,Cereals - Excluding Beer,Other uses (non-food),543.0,547.0,532.0,552.0,610.0,633.0,756.0,851.0,879.0,878.0,773.0,846.0,902.0,891.0,1055.0,1097.0,1120.0,1095.0
8216,Philippines,Cereals - Excluding Beer,Human Consumption,10835.0,11376.0,11550.0,11815.0,12719.0,13339.0,13970.0,13975.0,14172.0,14969.0,15128.0,14988.0,15439.0,16044.0,22033.0,22154.0,22035.0,24214.0
8217,Philippines,Spices,Processing,0.0,0.0,0.0,0.0,0.0,0.0,0.0,0.0,0.0,0.0,0.0,0.0,0.0,0.0,0.0,0.0,0.0,0.0
8218,Philippines,"Aquatic Products, Other",Import,1.0,3.0,2.0,6.0,5.0,10.0,11.0,11.0,15.0,8.0,10.0,5.0,5.0,5.0,8.0,8.0,6.0,6.0
8219,Philippines,"Aquatic Products, Other",Stock Variation,0.0,0.0,0.0,0.0,0.0,0.0,0.0,0.0,0.0,0.0,0.0,0.0,0.0,0.0,0.0,0.0,0.0,0.0
8220,Philippines,"Aquatic Products, Other",Export,51.0,34.0,33.0,32.0,33.0,21.0,19.0,12.0,13.0,11.0,17.0,26.0,26.0,26.0,19.0,19.0,12.0,12.0
8221,Philippines,"Aquatic Products, Other",Domestic supply,660.0,757.0,867.0,964.0,1178.0,1328.0,1463.0,1505.0,1670.0,1738.0,1795.0,1822.0,1822.0,1822.0,1540.0,1557.0,1400.0,1400.0
8222,Philippines,"Aquatic Products, Other",Other uses (non-food),660.0,757.0,867.0,964.0,1178.0,1327.0,1462.0,1505.0,1669.0,1737.0,1794.0,1820.0,1820.0,1820.0,1540.0,1556.0,1400.0,1400.0
8223,Philippines,"Aquatic Products, Other",Human Consumption,0.0,0.0,0.0,0.0,0.0,1.0,1.0,1.0,1.0,1.0,1.0,1.0,1.0,1.0,0.0,0.0,0.0,0.0
8224,Philippines,"Fish, Seafood",Production,2288.0,2382.0,2472.0,2624.0,2722.0,2826.0,2942.0,3208.0,3302.0,3339.0,3355.0,3129.0,3129.0,3129.0,3033.0,2932.0,2820.0,2820.0
8225,Philippines,"Fish, Seafood",Import,587.0,529.0,520.0,337.0,321.0,364.0,305.0,294.0,301.0,394.0,277.0,274.0,274.0,274.0,434.0,541.0,541.0,541.0
8226,Philippines,"Fish, Seafood",Stock Variation,0.0,0.0,0.0,0.0,0.0,0.0,0.0,0.0,-2.0,3.0,-4.0,4.0,4.0,4.0,0.0,0.0,0.0,0.0
8227,Philippines,"Fish, Seafood",Export,228.0,193.0,206.0,227.0,218.0,162.0,203.0,239.0,304.0,284.0,311.0,267.0,267.0,267.0,402.0,330.0,369.0,369.0
8228,Philippines,"Fish, Seafood",Domestic supply,2647.0,2718.0,2786.0,2734.0,2826.0,3028.0,3043.0,3264.0,3296.0,3451.0,3318.0,3140.0,3140.0,3140.0,3066.0,3143.0,2993.0,2993.0
8229,Philippines,"Fish, Seafood",Feed,409.0,424.0,346.0,222.0,225.0,218.0,146.0,94.0,95.0,110.0,58.0,32.0,32.0,32.0,85.0,92.0,34.0,34.0
8230,Philippines,"Fish, Seafood",Seed,0.0,0.0,1.0,0.0,0.0,0.0,0.0,0.0,0.0,0.0,0.0,0.0,0.0,0.0,0.0,0.0,0.0,0.0
8231,Philippines,"Fish, Seafood",Other uses (non-food),0.0,0.0,0.0,0.0,0.0,0.0,0.0,0.0,0.0,0.0,0.0,0.0,0.0,0.0,0.0,0.0,0.0,0.0
8232,Philippines,Animal fats,Feed,0.0,0.0,0.0,0.0,0.0,0.0,0.0,0.0,0.0,0.0,0.0,0.0,0.0,0.0,0.0,0.0,0.0,0.0
8233,Philippines,Animal fats,Seed,0.0,0.0,0.0,0.0,0.0,0.0,0.0,0.0,0.0,0.0,0.0,0.0,0.0,0.0,0.0,0.0,0.0,0.0
8234,Philippines,"Aquatic Products, Other",Production,709.0,788.0,897.0,990.0,1206.0,1340.0,1470.0,1506.0,1668.0,1742.0,1803.0,1842.0,1842.0,1842.0,1551.0,1568.0,1406.0,1406.0
8235,Philippines,Animal fats,Processing,14.0,20.0,50.0,59.0,48.0,55.0,64.0,48.0,25.0,25.0,27.0,27.0,27.0,27.0,0.0,0.0,0.0,0.0
8236,Philippines,Miscellaneous,Feed,0.0,0.0,0.0,0.0,0.0,0.0,0.0,0.0,0.0,0.0,0.0,0.0,0.0,0.0,0.0,0.0,0.0,0.0
8237,Philippines,Miscellaneous,Seed,0.0,0.0,0.0,0.0,0.0,0.0,0.0,0.0,0.0,0.0,0.0,0.0,0.0,0.0,0.0,0.0,0.0,0.0
8238,Philippines,Miscellaneous,Losses,0.0,0.0,0.0,0.0,0.0,0.0,0.0,0.0,0.0,0.0,0.0,0.0,0.0,0.0,0.0,0.0,0.0,0.0
8239,Philippines,Miscellaneous,Processing,0.0,0.0,0.0,0.0,0.0,0.0,0.0,0.0,0.0,0.0,0.0,0.0,0.0,0.0,0.0,0.0,0.0,0.0
8240,Philippines,Miscellaneous,Other uses (non-food),0.0,0.0,0.0,0.0,0.0,0.0,0.0,0.0,0.0,0.0,0.0,0.0,0.0,0.0,0.0,0.0,0.0,0.0
8241,Philippines,Miscellaneous,Human Consumption,12.0,12.0,10.0,6.0,13.0,22.0,17.0,17.0,21.0,21.0,10.0,14.0,1.0,1.0,89.0,77.0,201.0,232.0
8242,Philippines,Alcoholic Beverages,Production,1218.0,1254.0,1281.0,1315.0,1339.0,1344.0,1376.0,1406.0,1427.0,1441.0,1460.0,1482.0,1494.0,1509.0,2013.0,1904.0,2220.0,2422.0
8243,Philippines,Alcoholic Beverages,Import,48.0,38.0,44.0,62.0,61.0,57.0,40.0,32.0,70.0,108.0,259.0,211.0,269.0,294.0,329.0,342.0,423.0,472.0
8244,Philippines,Alcoholic Beverages,Stock Variation,0.0,0.0,0.0,0.0,0.0,0.0,0.0,0.0,0.0,0.0,0.0,0.0,0.0,0.0,0.0,0.0,0.0,0.0
8245,Philippines,Alcoholic Beverages,Export,20.0,24.0,18.0,41.0,38.0,37.0,27.0,23.0,21.0,23.0,23.0,22.0,16.0,4.0,5.0,10.0,12.0,11.0
8246,Philippines,Alcoholic Beverages,Domestic supply,1246.0,1268.0,1307.0,1335.0,1361.0,1364.0,1390.0,1414.0,1476.0,1526.0,1696.0,1671.0,1747.0,1799.0,2337.0,2236.0,2631.0,2882.0
8247,Philippines,Miscellaneous,Domestic supply,12.0,12.0,10.0,6.0,13.0,22.0,17.0,17.0,21.0,21.0,10.0,14.0,1.0,1.0,89.0,77.0,201.0,232.0
8248,Philippines,Alcoholic Beverages,Feed,0.0,0.0,0.0,0.0,0.0,0.0,0.0,0.0,0.0,0.0,0.0,0.0,0.0,0.0,0.0,0.0,0.0,0.0
8249,Philippines,Alcoholic Beverages,Losses,0.0,0.0,0.0,0.0,0.0,0.0,0.0,0.0,0.0,0.0,0.0,0.0,0.0,0.0,0.0,0.0,0.0,0.0
8250,Philippines,Alcoholic Beverages,Processing,0.0,0.0,0.0,0.0,0.0,0.0,0.0,0.0,0.0,0.0,0.0,0.0,0.0,0.0,0.0,0.0,0.0,0.0
8251,Philippines,Alcoholic Beverages,Other uses (non-food),90.0,73.0,86.0,96.0,113.0,102.0,79.0,77.0,122.0,155.0,306.0,266.0,312.0,331.0,356.0,386.0,500.0,501.0
8252,Philippines,Alcoholic Beverages,Human Consumption,1156.0,1195.0,1221.0,1240.0,1248.0,1262.0,1310.0,1338.0,1355.0,1371.0,1390.0,1405.0,1435.0,1469.0,1981.0,1850.0,2131.0,2381.0
8253,Philippines,Spices,Production,27.0,28.0,28.0,27.0,29.0,29.0,31.0,31.0,31.0,31.0,30.0,31.0,31.0,31.0,30.0,28.0,28.0,29.0
8254,Philippines,Spices,Stock Variation,0.0,0.0,0.0,0.0,0.0,0.0,0.0,0.0,0.0,0.0,0.0,0.0,0.0,0.0,0.0,0.0,0.0,0.0
8255,Philippines,Spices,Export,0.0,0.0,0.0,0.0,3.0,6.0,1.0,0.0,0.0,0.0,0.0,0.0,0.0,0.0,1.0,0.0,0.0,0.0
8256,Philippines,Spices,Domestic supply,29.0,32.0,30.0,30.0,28.0,27.0,34.0,36.0,36.0,35.0,35.0,35.0,35.0,35.0,36.0,37.0,46.0,41.0
8257,Philippines,Spices,Feed,0.0,0.0,0.0,0.0,0.0,0.0,0.0,0.0,0.0,0.0,0.0,0.0,0.0,0.0,0.0,0.0,0.0,0.0
8258,Philippines,Spices,Seed,0.0,0.0,0.0,0.0,0.0,0.0,0.0,0.0,0.0,0.0,0.0,0.0,0.0,0.0,0.0,0.0,0.0,0.0
8259,Philippines,Animal fats,Losses,0.0,0.0,0.0,0.0,0.0,0.0,0.0,0.0,0.0,0.0,0.0,0.0,0.0,0.0,0.0,0.0,0.0,0.0
8260,Philippines,Alcoholic Beverages,Seed,0.0,0.0,0.0,0.0,0.0,0.0,0.0,0.0,0.0,0.0,0.0,0.0,0.0,0.0,0.0,0.0,0.0,0.0
8261,Philippines,Miscellaneous,Export,0.0,1.0,1.0,1.0,0.0,0.0,0.0,0.0,0.0,0.0,0.0,0.0,3.0,14.0,126.0,126.0,120.0,123.0
8262,Philippines,Spices,Import,2.0,4.0,3.0,3.0,3.0,4.0,3.0,5.0,5.0,5.0,5.0,5.0,5.0,5.0,7.0,9.0,18.0,12.0
8263,Philippines,Miscellaneous,Import,13.0,14.0,10.0,6.0,13.0,22.0,17.0,17.0,21.0,21.0,10.0,14.0,10.0,9.0,212.0,203.0,320.0,349.0
8264,Philippines,Animal fats,Other uses (non-food),5.0,3.0,2.0,1.0,4.0,4.0,4.0,13.0,11.0,9.0,13.0,17.0,16.0,13.0,0.0,0.0,0.0,0.0
8265,Philippines,Miscellaneous,Stock Variation,0.0,0.0,0.0,0.0,0.0,0.0,0.0,0.0,0.0,0.0,0.0,0.0,-6.0,6.0,0.0,0.0,0.0,0.0
8266,Philippines,Animal fats,Human Consumption,220.0,223.0,202.0,197.0,226.0,213.0,233.0,248.0,261.0,268.0,281.0,288.0,288.0,285.0,318.0,318.0,343.0,372.0
8267,Philippines,Offals,Production,100.0,103.0,107.0,109.0,109.0,111.0,118.0,125.0,124.0,126.0,127.0,128.0,128.0,131.0,131.0,136.0,137.0,141.0
8268,Philippines,Offals,Stock Variation,0.0,0.0,0.0,0.0,0.0,0.0,0.0,0.0,0.0,0.0,0.0,0.0,0.0,0.0,0.0,0.0,0.0,0.0
8269,Philippines,Offals,Export,0.0,0.0,0.0,0.0,0.0,0.0,0.0,0.0,0.0,0.0,0.0,0.0,0.0,3.0,0.0,0.0,0.0,2.0
8270,Philippines,Offals,Domestic supply,119.0,118.0,126.0,127.0,136.0,139.0,154.0,171.0,184.0,183.0,224.0,218.0,198.0,213.0,275.0,270.0,300.0,342.0
8271,Philippines,Offals,Feed,0.0,0.0,0.0,0.0,0.0,0.0,0.0,0.0,0.0,0.0,0.0,0.0,0.0,0.0,19.0,31.0,22.0,14.0
8272,Philippines,Offals,Seed,0.0,0.0,0.0,0.0,0.0,0.0,0.0,0.0,0.0,0.0,0.0,0.0,0.0,0.0,0.0,0.0,0.0,0.0
8273,Philippines,Offals,Losses,0.0,0.0,0.0,0.0,0.0,0.0,0.0,0.0,0.0,0.0,0.0,0.0,0.0,0.0,6.0,6.0,6.0,0.0
8274,Philippines,Offals,Processing,0.0,0.0,0.0,0.0,0.0,0.0,0.0,0.0,0.0,0.0,0.0,0.0,0.0,0.0,0.0,0.0,0.0,0.0
8275,Philippines,Offals,Other uses (non-food),0.0,0.0,0.0,0.0,0.0,0.0,0.0,0.0,0.0,0.0,0.0,0.0,0.0,0.0,0.0,0.0,0.0,0.0
8276,Philippines,Offals,Import,19.0,14.0,18.0,18.0,27.0,28.0,36.0,47.0,60.0,57.0,96.0,90.0,70.0,86.0,144.0,134.0,162.0,203.0
8277,Philippines,Meat,Production,2079.0,2181.0,2294.0,2351.0,2355.0,2388.0,2562.0,2749.0,2806.0,2847.0,2906.0,2965.0,3036.0,3128.0,3200.0,3360.0,3480.0,3482.0
8278,Philippines,Offals,Human Consumption,119.0,118.0,126.0,127.0,135.0,139.0,154.0,171.0,184.0,183.0,224.0,218.0,198.0,213.0,249.0,233.0,271.0,328.0
8279,Philippines,Meat,Other uses (non-food),0.0,0.0,0.0,0.0,0.0,0.0,0.0,0.0,0.0,0.0,0.0,0.0,0.0,0.0,0.0,48.0,27.0,0.0
8280,Philippines,Miscellaneous,Production,0.0,0.0,0.0,0.0,0.0,0.0,0.0,0.0,0.0,0.0,0.0,0.0,0.0,0.0,2.0,0.0,0.0,6.0
8281,Philippines,Meat,Losses,0.0,0.0,0.0,0.0,0.0,0.0,0.0,0.0,0.0,0.0,0.0,0.0,0.0,0.0,153.0,161.0,167.0,167.0
8282,Philippines,Meat,Seed,0.0,0.0,0.0,0.0,0.0,0.0,0.0,0.0,0.0,0.0,0.0,0.0,0.0,0.0,0.0,0.0,0.0,0.0
8283,Philippines,Meat,Processing,0.0,0.0,0.0,0.0,0.0,0.0,0.0,0.0,0.0,0.0,0.0,0.0,0.0,0.0,0.0,0.0,0.0,0.0
8284,Philippines,Meat,Feed,0.0,0.0,0.0,0.0,0.0,0.0,0.0,0.0,0.0,0.0,0.0,0.0,0.0,0.0,0.0,0.0,0.0,0.0
8285,Philippines,Meat,Domestic supply,2234.0,2326.0,2455.0,2534.0,2549.0,2547.0,2724.0,2938.0,3038.0,3073.0,3220.0,3278.0,3363.0,3454.0,3630.0,3770.0,4008.0,4063.0
8286,Philippines,Meat,Export,1.0,1.0,1.0,0.0,2.0,5.0,4.0,7.0,8.0,9.0,12.0,16.0,16.0,13.0,16.0,9.0,8.0,7.0
8287,Philippines,Meat,Stock Variation,0.0,0.0,0.0,0.0,0.0,0.0,0.0,0.0,0.0,0.0,0.0,0.0,0.0,0.0,-15.0,-16.0,-17.0,-17.0
8288,Philippines,Meat,Import,156.0,146.0,161.0,183.0,196.0,164.0,166.0,196.0,239.0,236.0,325.0,329.0,342.0,338.0,431.0,403.0,520.0,570.0
8289,Philippines,Meat,Human Consumption,2234.0,2326.0,2455.0,2534.0,2549.0,2547.0,2724.0,2938.0,3038.0,3073.0,3220.0,3278.0,3363.0,3454.0,3477.0,3609.0,3841.0,3895.0
8290,Poland,Sugar & Sweeteners,Production,2317.0,1738.0,2351.0,2012.0,2282.0,2114.0,1990.0,2181.0,1518.0,1897.0,1699.0,2159.0,2157.0,2053.0,2345.0,1715.0,2394.0,2660.0
8291,Poland,Vegetable Oils,Stock Variation,10.0,-10.0,0.0,25.0,0.0,-25.0,-70.0,-55.0,0.0,0.0,0.0,-28.0,-49.0,10.0,204.0,119.0,56.0,192.0
8292,Poland,Vegetable Oils,Export,58.0,49.0,39.0,34.0,74.0,156.0,248.0,325.0,259.0,321.0,370.0,349.0,411.0,589.0,545.0,561.0,514.0,229.0
8293,Poland,Vegetable Oils,Domestic supply,643.0,685.0,691.0,741.0,752.0,787.0,900.0,897.0,1128.0,1161.0,1192.0,1133.0,1308.0,1300.0,1226.0,1198.0,1422.0,1777.0
8294,Poland,Vegetable Oils,Processing,3.0,3.0,3.0,3.0,7.0,4.0,2.0,4.0,4.0,5.0,6.0,8.0,10.0,12.0,355.0,344.0,353.0,430.0
8295,Poland,Vegetable Oils,Other uses (non-food),175.0,211.0,216.0,289.0,282.0,305.0,444.0,465.0,670.0,666.0,740.0,633.0,791.0,743.0,609.0,597.0,816.0,1088.0
8296,Poland,Vegetable Oils,Human Consumption,466.0,472.0,473.0,448.0,463.0,477.0,455.0,429.0,454.0,495.0,449.0,495.0,511.0,550.0,263.0,262.0,261.0,275.0
8297,Poland,Vegetable Oils,Import,320.0,367.0,371.0,375.0,423.0,446.0,599.0,562.0,601.0,545.0,571.0,757.0,875.0,839.0,773.0,717.0,827.0,942.0
8298,Poland,Sugar & Sweeteners,Feed,16.0,16.0,16.0,16.0,16.0,15.0,15.0,15.0,15.0,15.0,15.0,15.0,20.0,20.0,20.0,14.0,21.0,22.0
8299,Poland,Sugar & Sweeteners,Stock Variation,-88.0,351.0,-361.0,243.0,-63.0,320.0,454.0,-84.0,516.0,-180.0,246.0,-414.0,6.0,116.0,233.0,-328.0,287.0,168.0
8300,Poland,Sugar & Sweeteners,Export,491.0,349.0,269.0,524.0,552.0,879.0,915.0,553.0,619.0,400.0,575.0,521.0,823.0,783.0,754.0,780.0,822.0,1196.0
8301,Poland,Sugar & Sweeteners,Domestic supply,1836.0,1856.0,1859.0,1863.0,1824.0,1780.0,1808.0,1826.0,1730.0,1808.0,1852.0,1917.0,1987.0,1954.0,1906.0,1708.0,1864.0,1806.0
8302,Poland,Sugar & Sweeteners,Losses,0.0,0.0,0.0,0.0,0.0,0.0,0.0,0.0,0.0,0.0,0.0,0.0,0.0,0.0,1.0,1.0,1.0,1.0
8303,Poland,Sugar & Sweeteners,Processing,8.0,11.0,12.0,13.0,13.0,12.0,15.0,15.0,15.0,17.0,17.0,19.0,16.0,21.0,17.0,23.0,23.0,22.0
8304,Poland,Sugar & Sweeteners,Other uses (non-food),67.0,69.0,73.0,73.0,79.0,87.0,124.0,132.0,94.0,113.0,158.0,216.0,249.0,217.0,199.0,179.0,177.0,155.0
8305,Poland,Sugar & Sweeteners,Human Consumption,1744.0,1761.0,1758.0,1761.0,1716.0,1666.0,1653.0,1664.0,1606.0,1663.0,1662.0,1668.0,1702.0,1696.0,1682.0,1564.0,1705.0,1720.0
8306,Poland,Vegetable Oils,Production,370.0,378.0,359.0,375.0,403.0,521.0,620.0,715.0,786.0,937.0,991.0,753.0,893.0,1040.0,1202.0,1161.0,1165.0,1256.0
8307,Poland,Sugar Crops,Other uses (non-food),0.0,0.0,0.0,0.0,0.0,0.0,0.0,0.0,0.0,0.0,0.0,0.0,0.0,0.0,0.0,0.0,0.0,0.0
8308,Poland,Sugar & Sweeteners,Import,98.0,116.0,138.0,132.0,157.0,224.0,279.0,282.0,315.0,491.0,482.0,693.0,646.0,569.0,549.0,444.0,579.0,511.0
8309,Poland,Vegetables,Human Consumption,5309.0,5104.0,4183.0,4697.0,4878.0,4391.0,4312.0,4858.0,4319.0,4817.0,4338.0,4943.0,4578.0,4117.0,4584.0,3965.0,4605.0,4765.0
8310,Poland,Fruits - Excluding Wine,Stock Variation,386.0,-395.0,17.0,-124.0,-118.0,222.0,78.0,753.0,-735.0,-97.0,499.0,-541.0,58.0,-36.0,45.0,50.0,37.0,53.0
8311,Poland,Vegetables,Feed,228.0,209.0,209.0,16.0,10.0,13.0,23.0,35.0,15.0,22.0,41.0,40.0,2.0,6.0,22.0,17.0,20.0,23.0
8312,Poland,Pulses,Production,264.0,211.0,229.0,239.0,246.0,234.0,236.0,271.0,231.0,273.0,356.0,335.0,481.0,376.0,544.0,718.0,537.0,624.0
8313,Poland,Stimulants,Import,282.0,299.0,280.0,291.0,316.0,331.0,341.0,316.0,315.0,377.0,390.0,416.0,411.0,400.0,318.0,353.0,359.0,373.0
8314,Poland,Stimulants,Stock Variation,3.0,5.0,0.0,0.0,0.0,0.0,0.0,0.0,0.0,0.0,0.0,0.0,0.0,0.0,-16.0,6.0,7.0,6.0
8315,Poland,Stimulants,Export,101.0,108.0,100.0,99.0,131.0,121.0,143.0,157.0,159.0,181.0,195.0,247.0,264.0,280.0,222.0,238.0,216.0,214.0
8316,Poland,Stimulants,Domestic supply,184.0,196.0,181.0,192.0,185.0,211.0,199.0,159.0,156.0,196.0,196.0,169.0,147.0,120.0,113.0,108.0,136.0,154.0
8317,Poland,Stimulants,Processing,8.0,8.0,7.0,8.0,19.0,10.0,4.0,11.0,11.0,13.0,17.0,22.0,27.0,31.0,50.0,54.0,53.0,57.0
8318,Poland,Stimulants,Human Consumption,177.0,192.0,180.0,193.0,178.0,201.0,194.0,148.0,145.0,183.0,181.0,149.0,121.0,89.0,67.0,60.0,91.0,105.0
8319,Poland,Fruits - Excluding Wine,Production,2247.0,3413.0,3010.0,3291.0,3505.0,2954.0,3252.0,1731.0,3881.0,3685.0,2781.0,3462.0,3891.0,4180.0,4264.0,4181.0,4730.0,3247.0
8320,Poland,Fruits - Excluding Wine,Import,1159.0,1224.0,1158.0,1203.0,1262.0,1552.0,1454.0,1748.0,1584.0,1537.0,1672.0,1741.0,1886.0,2087.0,1799.0,1886.0,1856.0,2218.0
8321,Poland,Fruits - Excluding Wine,Export,1222.0,1464.0,1648.0,1786.0,2009.0,2109.0,2137.0,1947.0,2053.0,2465.0,2405.0,2037.0,2898.0,3242.0,2680.0,2553.0,2863.0,2632.0
8322,Poland,Fruits - Excluding Wine,Domestic supply,2569.0,2777.0,2537.0,2584.0,2640.0,2620.0,2647.0,2285.0,2677.0,2661.0,2547.0,2625.0,2937.0,2989.0,3338.0,3463.0,3686.0,2781.0
8323,Poland,Fruits - Excluding Wine,Losses,293.0,365.0,326.0,384.0,406.0,329.0,336.0,221.0,235.0,236.0,208.0,231.0,244.0,255.0,278.0,280.0,303.0,275.0
8324,Poland,Fruits - Excluding Wine,Processing,470.0,346.0,338.0,333.0,335.0,336.0,336.0,336.0,336.0,336.0,336.0,336.0,491.0,434.0,932.0,1014.0,1066.0,748.0
8325,Poland,Fruits - Excluding Wine,Human Consumption,1807.0,2067.0,1874.0,1867.0,1899.0,1955.0,1975.0,1728.0,2106.0,2089.0,2003.0,2058.0,2202.0,2300.0,2246.0,2328.0,2549.0,2088.0
8326,Poland,Vegetables,Production,6028.0,5709.0,4846.0,5252.0,5771.0,5650.0,5426.0,5931.0,5425.0,5846.0,5153.0,5839.0,5731.0,5285.0,5913.0,5109.0,5932.0,6045.0
8327,Poland,Vegetables,Import,844.0,1145.0,1054.0,1206.0,1137.0,524.0,577.0,726.0,807.0,811.0,1022.0,1011.0,985.0,997.0,973.0,993.0,1041.0,1107.0
8328,Poland,Vegetables,Stock Variation,-5.0,-75.0,50.0,0.0,0.0,0.0,0.0,0.0,0.0,0.0,0.0,0.0,0.0,0.0,87.0,-2.0,134.0,13.0
8329,Poland,Vegetables,Export,631.0,799.0,1100.0,1240.0,1473.0,1225.0,1140.0,1198.0,1344.0,1245.0,1285.0,1288.0,1577.0,1632.0,1618.0,1677.0,1718.0,1827.0
8330,Poland,Vegetables,Domestic supply,6236.0,5980.0,4850.0,5218.0,5435.0,4948.0,4864.0,5459.0,4888.0,5411.0,4890.0,5562.0,5139.0,4650.0,5180.0,4427.0,5121.0,5311.0
8331,Poland,Vegetables,Losses,700.0,668.0,459.0,506.0,547.0,544.0,528.0,567.0,553.0,572.0,511.0,579.0,559.0,527.0,586.0,507.0,586.0,601.0
8332,Poland,Pulses,Import,13.0,20.0,17.0,18.0,19.0,16.0,20.0,22.0,20.0,26.0,21.0,20.0,21.0,21.0,24.0,16.0,17.0,20.0
8333,Poland,Starchy Roots,Stock Variation,-243.0,533.0,-270.0,-143.0,-99.0,-143.0,587.0,-391.0,-271.0,-169.0,-337.0,703.0,-146.0,124.0,74.0,-690.0,523.0,519.0
8334,Poland,Pulses,Export,12.0,13.0,14.0,11.0,7.0,9.0,4.0,3.0,4.0,5.0,6.0,6.0,11.0,8.0,14.0,23.0,58.0,44.0
8335,Poland,Starchy Roots,Production,24232.0,19379.0,15524.0,13732.0,13999.0,10369.0,8982.0,11791.0,10462.0,9703.0,8766.0,8197.0,9092.0,7290.0,7689.0,6314.0,8872.0,9172.0
8336,Poland,Starchy Roots,Import,182.0,55.0,80.0,33.0,63.0,187.0,319.0,341.0,225.0,286.0,370.0,456.0,280.0,276.0,379.0,366.0,429.0,459.0
8337,Poland,Starchy Roots,Export,322.0,780.0,520.0,631.0,680.0,657.0,527.0,351.0,454.0,586.0,657.0,549.0,880.0,808.0,772.0,946.0,1136.0,1453.0
8338,Poland,Starchy Roots,Domestic supply,23849.0,19187.0,14814.0,12991.0,13284.0,9756.0,9361.0,11390.0,9962.0,9234.0,8142.0,8807.0,8346.0,6882.0,7222.0,6425.0,7642.0,7658.0
8339,Poland,Starchy Roots,Feed,11690.0,8547.0,5360.0,3818.0,4908.0,2013.0,1646.0,3964.0,2887.0,2279.0,1835.0,2200.0,2108.0,1505.0,1767.0,1524.0,2308.0,2238.0
8340,Poland,Starchy Roots,Seed,2795.0,2050.0,1915.0,1775.0,1493.0,1480.0,1395.0,1360.0,1220.0,1355.0,1016.0,1030.0,1021.0,700.0,751.0,751.0,740.0,784.0
8341,Poland,Starchy Roots,Losses,3390.0,2930.0,1817.0,1605.0,1550.0,1050.0,800.0,1000.0,850.0,790.0,700.0,800.0,702.0,400.0,544.0,413.0,628.0,974.0
8342,Poland,Starchy Roots,Processing,725.0,242.0,243.0,249.0,233.0,280.0,277.0,123.0,193.0,96.0,115.0,176.0,75.0,100.0,58.0,20.0,48.0,43.0
8343,Poland,Starchy Roots,Other uses (non-food),99.0,396.0,464.0,582.0,158.0,110.0,219.0,323.0,257.0,236.0,169.0,214.0,185.0,201.0,177.0,53.0,38.0,1.0
8344,Poland,Starchy Roots,Human Consumption,5149.0,5022.0,5014.0,4962.0,4942.0,4823.0,5024.0,4620.0,4556.0,4477.0,4307.0,4387.0,4255.0,3976.0,3925.0,3663.0,3879.0,3861.0
8345,Poland,Sugar Crops,Production,13134.0,11364.0,13434.0,11740.0,12730.0,11912.0,11475.0,12682.0,8715.0,10849.0,9973.0,11674.0,12350.0,11234.0,13489.0,9364.0,13524.0,15733.0
8346,Poland,Sugar Crops,Import,0.0,0.0,0.0,0.0,0.0,0.0,0.0,1.0,1.0,1.0,0.0,0.0,0.0,0.0,0.0,0.0,0.0,0.0
8347,Poland,Sugar Crops,Stock Variation,0.0,0.0,0.0,0.0,0.0,0.0,0.0,0.0,0.0,0.0,0.0,0.0,0.0,0.0,0.0,-250.0,-1690.0,-306.0
8348,Poland,Sugar Crops,Export,0.0,0.0,0.0,0.0,0.0,5.0,0.0,0.0,0.0,0.0,0.0,0.0,0.0,0.0,0.0,0.0,0.0,0.0
8349,Poland,Sugar Crops,Domestic supply,13134.0,11364.0,13434.0,11740.0,12730.0,11908.0,11475.0,12682.0,8716.0,10850.0,9973.0,11674.0,12350.0,11234.0,13489.0,9614.0,15214.0,16039.0
8350,Poland,Sugar Crops,Feed,0.0,0.0,0.0,0.0,0.0,0.0,0.0,0.0,0.0,0.0,0.0,0.0,0.0,0.0,393.0,249.0,1871.0,1104.0
8351,Poland,Sugar Crops,Losses,34.0,64.0,19.0,40.0,30.0,28.0,11.0,10.0,164.0,11.0,1.0,0.0,1.0,0.0,14.0,1.0,14.0,0.0
8352,Poland,Sugar Crops,Processing,13100.0,11300.0,13415.0,11700.0,12700.0,11880.0,11464.0,12672.0,8552.0,10839.0,9972.0,11674.0,12349.0,11234.0,13082.0,9365.0,13329.0,14935.0
8353,Poland,Stimulants,Production,0.0,0.0,0.0,0.0,0.0,0.0,0.0,0.0,0.0,0.0,0.0,0.0,0.0,0.0,0.0,0.0,0.0,0.0
8354,Poland,Oilcrops,Human Consumption,56.0,65.0,60.0,66.0,62.0,72.0,68.0,77.0,66.0,67.0,73.0,66.0,72.0,61.0,51.0,51.0,50.0,56.0
8355,Poland,Pulses,Stock Variation,0.0,0.0,0.0,0.0,0.0,0.0,0.0,0.0,0.0,0.0,0.0,0.0,0.0,0.0,-25.0,16.0,17.0,1.0
8356,Poland,Oilcrops,Other uses (non-food),13.0,10.0,11.0,10.0,8.0,8.0,12.0,10.0,4.0,5.0,5.0,3.0,5.0,5.0,6.0,8.0,6.0,8.0
8357,Poland,Oilcrops,Losses,2.0,2.0,2.0,2.0,2.0,2.0,3.0,2.0,2.0,2.0,3.0,3.0,3.0,4.0,2.0,2.0,2.0,11.0
8358,Poland,Pulses,Domestic supply,265.0,218.0,232.0,245.0,257.0,241.0,252.0,290.0,247.0,294.0,370.0,349.0,490.0,389.0,579.0,695.0,479.0,599.0
8359,Poland,Pulses,Feed,162.0,124.0,134.0,169.0,163.0,160.0,165.0,186.0,165.0,199.0,264.0,243.0,382.0,285.0,438.0,559.0,367.0,472.0
8360,Poland,Pulses,Seed,11.0,9.0,9.0,9.0,11.0,12.0,14.0,11.0,11.0,18.0,15.0,17.0,16.0,21.0,63.0,61.0,43.0,34.0
8361,Poland,Pulses,Losses,8.0,7.0,7.0,8.0,8.0,7.0,8.0,9.0,7.0,9.0,11.0,11.0,15.0,12.0,13.0,15.0,14.0,25.0
8362,Poland,Pulses,Human Consumption,83.0,78.0,82.0,60.0,75.0,62.0,66.0,84.0,64.0,67.0,80.0,80.0,77.0,70.0,71.0,74.0,75.0,76.0
8363,Poland,Treenuts,Production,4.0,5.0,6.0,11.0,11.0,9.0,9.0,10.0,16.0,16.0,12.0,14.0,17.0,14.0,13.0,13.0,13.0,9.0
8364,Poland,Treenuts,Import,18.0,30.0,25.0,22.0,27.0,41.0,50.0,58.0,60.0,48.0,50.0,56.0,57.0,69.0,34.0,33.0,27.0,33.0
8365,Poland,Treenuts,Stock Variation,0.0,0.0,0.0,0.0,0.0,0.0,0.0,0.0,0.0,0.0,0.0,0.0,0.0,0.0,4.0,1.0,-6.0,0.0
8366,Poland,Treenuts,Export,0.0,8.0,2.0,2.0,3.0,3.0,6.0,6.0,7.0,6.0,6.0,6.0,8.0,8.0,6.0,7.0,8.0,7.0
8367,Poland,Treenuts,Domestic supply,22.0,27.0,29.0,31.0,34.0,47.0,53.0,62.0,68.0,58.0,56.0,65.0,66.0,75.0,37.0,37.0,39.0,34.0
8368,Poland,Treenuts,Losses,0.0,0.0,0.0,1.0,1.0,1.0,1.0,1.0,1.0,1.0,1.0,1.0,1.0,2.0,2.0,2.0,2.0,2.0
8369,Poland,Treenuts,Human Consumption,22.0,27.0,29.0,30.0,34.0,46.0,52.0,61.0,67.0,57.0,55.0,64.0,65.0,73.0,35.0,35.0,37.0,33.0
8370,Poland,Oilcrops,Production,971.0,1082.0,967.0,810.0,1655.0,1479.0,1681.0,2159.0,2134.0,2528.0,2273.0,1888.0,1896.0,2703.0,3326.0,2763.0,2280.0,2790.0
8371,Poland,Oilcrops,Import,139.0,160.0,133.0,147.0,142.0,199.0,294.0,226.0,493.0,543.0,436.0,613.0,706.0,496.0,449.0,545.0,864.0,943.0
8372,Poland,Oilcrops,Stock Variation,-79.0,112.0,-76.0,90.0,-407.0,-56.0,-136.0,73.0,-251.0,-247.0,257.0,-76.0,84.0,240.0,-113.0,-422.0,4.0,-26.0
8373,Poland,Oilcrops,Export,30.0,326.0,41.0,12.0,299.0,206.0,158.0,537.0,291.0,348.0,341.0,172.0,305.0,810.0,857.0,1041.0,353.0,565.0
8374,Poland,Oilcrops,Domestic supply,1000.0,1028.0,982.0,1035.0,1091.0,1416.0,1681.0,1921.0,2085.0,2476.0,2626.0,2254.0,2381.0,2628.0,3030.0,2689.0,2787.0,3195.0
8375,Poland,Oilcrops,Feed,1.0,1.0,1.0,1.0,2.0,10.0,7.0,6.0,3.0,2.0,5.0,4.0,4.0,4.0,35.0,49.0,37.0,44.0
8376,Poland,Oilcrops,Seed,44.0,44.0,43.0,54.0,55.0,62.0,80.0,77.0,81.0,95.0,83.0,72.0,92.0,95.0,135.0,91.0,75.0,83.0
8377,Poland,Oilcrops,Processing,884.0,907.0,866.0,903.0,963.0,1262.0,1511.0,1749.0,1928.0,2304.0,2457.0,2106.0,2205.0,2459.0,2801.0,2489.0,2617.0,2995.0
8378,Poland,Spices,Human Consumption,7.0,7.0,8.0,9.0,9.0,10.0,9.0,10.0,9.0,11.0,12.0,13.0,12.0,14.0,13.0,12.0,13.0,14.0
8379,Poland,Animal fats,Stock Variation,-3.0,6.0,0.0,-6.0,5.0,1.0,0.0,0.0,0.0,0.0,0.0,-23.0,-13.0,0.0,5.0,4.0,3.0,7.0
8380,Poland,Spices,Domestic supply,6.0,7.0,7.0,9.0,8.0,9.0,9.0,10.0,9.0,11.0,12.0,13.0,12.0,14.0,12.0,12.0,13.0,14.0
8381,Poland,"Fish, Seafood",Other uses (non-food),0.0,0.0,0.0,0.0,0.0,0.0,0.0,0.0,0.0,0.0,0.0,0.0,0.0,0.0,0.0,0.0,0.0,0.0
8382,Poland,"Fish, Seafood",Human Consumption,368.0,373.0,329.0,336.0,363.0,372.0,374.0,416.0,429.0,460.0,402.0,368.0,395.0,406.0,406.0,406.0,406.0,406.0
8383,Poland,Eggs,Production,424.0,449.0,496.0,510.0,514.0,536.0,537.0,547.0,582.0,605.0,637.0,577.0,530.0,558.0,571.0,582.0,590.0,596.0
8384,Poland,Eggs,Import,3.0,3.0,2.0,1.0,6.0,15.0,16.0,18.0,27.0,36.0,32.0,36.0,26.0,32.0,33.0,26.0,31.0,28.0
8385,Poland,Eggs,Stock Variation,3.0,8.0,3.0,-4.0,-5.0,-12.0,-14.0,17.0,3.0,-11.0,1.0,13.0,20.0,3.0,-1.0,0.0,0.0,0.0
8386,Poland,Eggs,Export,1.0,3.0,9.0,28.0,31.0,54.0,65.0,101.0,136.0,163.0,175.0,196.0,220.0,248.0,235.0,264.0,275.0,336.0
8387,Poland,Eggs,Domestic supply,429.0,457.0,492.0,480.0,484.0,486.0,474.0,481.0,476.0,467.0,495.0,429.0,355.0,345.0,370.0,344.0,346.0,288.0
8388,Poland,Eggs,Feed,1.0,1.0,1.0,1.0,1.0,1.0,1.0,1.0,1.0,1.0,1.0,1.0,1.0,1.0,1.0,1.0,1.0,1.0
8389,Poland,"Fish, Seafood",Feed,11.0,17.0,10.0,13.0,23.0,65.0,36.0,31.0,55.0,38.0,33.0,17.0,26.0,68.0,68.0,68.0,68.0,68.0
8390,Poland,Eggs,Seed,24.0,29.0,36.0,31.0,33.0,35.0,39.0,38.0,40.0,45.0,67.0,64.0,73.0,59.0,70.0,65.0,67.0,62.0
8391,Poland,Eggs,Human Consumption,403.0,425.0,454.0,447.0,448.0,449.0,433.0,440.0,435.0,421.0,425.0,362.0,283.0,288.0,299.0,277.0,282.0,257.0
8392,Poland,Milk - Excluding Butter,Production,11890.0,11885.0,11874.0,11927.0,11855.0,11946.0,12003.0,12117.0,12445.0,12467.0,12298.0,12434.0,12685.0,12735.0,13002.0,13253.0,13252.0,13702.0
8393,Poland,Milk - Excluding Butter,Import,795.0,974.0,825.0,626.0,1098.0,1023.0,1003.0,782.0,896.0,1108.0,1113.0,1326.0,1502.0,1622.0,1705.0,1795.0,2232.0,2215.0
8394,Poland,Milk - Excluding Butter,Stock Variation,-47.0,99.0,0.0,0.0,0.0,0.0,0.0,0.0,0.0,-377.0,0.0,0.0,0.0,0.0,209.0,141.0,217.0,254.0
8395,Poland,Milk - Excluding Butter,Export,1752.0,2313.0,2048.0,2116.0,2813.0,3385.0,3033.0,2683.0,3253.0,3138.0,3067.0,3096.0,3566.0,3517.0,4270.0,4406.0,4307.0,4604.0
8396,Poland,Milk - Excluding Butter,Domestic supply,10886.0,10645.0,10651.0,10437.0,10141.0,9584.0,9973.0,10216.0,10088.0,10059.0,10344.0,10664.0,10621.0,10840.0,10229.0,10501.0,10959.0,11060.0
8397,Poland,Milk - Excluding Butter,Feed,2774.0,2468.0,2265.0,2271.0,2200.0,2102.0,2850.0,3118.0,2974.0,2896.0,2396.0,2297.0,2124.0,2228.0,2057.0,2208.0,2682.0,2671.0
8398,Poland,Milk - Excluding Butter,Losses,312.0,245.0,242.0,198.0,212.0,196.0,219.0,192.0,222.0,173.0,194.0,352.0,292.0,322.0,264.0,269.0,269.0,277.0
8399,Poland,Eggs,Losses,1.0,1.0,2.0,1.0,2.0,1.0,1.0,1.0,1.0,1.0,2.0,2.0,2.0,1.0,2.0,2.0,2.0,2.0
8400,Poland,"Fish, Seafood",Export,252.0,272.0,279.0,262.0,317.0,345.0,362.0,377.0,385.0,422.0,520.0,588.0,504.0,530.0,530.0,530.0,530.0,530.0
8401,Poland,"Fish, Seafood",Stock Variation,7.0,-19.0,14.0,8.0,-29.0,29.0,0.0,0.0,0.0,-30.0,-10.0,39.0,0.0,0.0,0.0,0.0,0.0,0.0
8402,Poland,"Fish, Seafood",Import,372.0,420.0,347.0,387.0,505.0,560.0,591.0,636.0,689.0,690.0,744.0,706.0,693.0,755.0,755.0,755.0,755.0,755.0
8403,Poland,Spices,Losses,0.0,0.0,0.0,0.0,0.0,0.0,0.0,0.0,0.0,0.0,0.0,0.0,0.0,0.0,0.0,0.0,0.0,0.0
8404,Poland,Cereals - Excluding Beer,Production,22341.0,26960.0,26877.0,23391.0,29635.0,26928.0,21776.0,27143.0,27664.0,29571.0,26653.0,26508.0,28269.0,28455.0,31945.0,28003.0,29849.0,31925.0
8405,Poland,Cereals - Excluding Beer,Import,2200.0,1560.0,959.0,949.0,1321.0,1044.0,1596.0,3146.0,3107.0,1961.0,1978.0,2478.0,2412.0,1933.0,2057.0,2032.0,2421.0,2686.0
8406,Poland,Cereals - Excluding Beer,Stock Variation,1030.0,-1235.0,414.0,2342.0,-2135.0,27.0,2025.0,-1672.0,-2178.0,-424.0,948.0,309.0,-347.0,738.0,1304.0,-1789.0,124.0,2749.0
8407,Poland,Cereals - Excluding Beer,Export,111.0,112.0,697.0,735.0,582.0,1668.0,1508.0,1137.0,1125.0,3734.0,2519.0,2186.0,3638.0,4772.0,6267.0,6978.0,7427.0,6090.0
8408,Poland,Cereals - Excluding Beer,Domestic supply,25459.0,27173.0,27553.0,25947.0,28238.0,26330.0,23889.0,27481.0,27468.0,27375.0,27060.0,27108.0,26695.0,26354.0,26432.0,24846.0,24719.0,25772.0
8409,Poland,Cereals - Excluding Beer,Feed,15422.0,17035.0,17341.0,15851.0,17906.0,16038.0,13863.0,17112.0,17161.0,16882.0,16352.0,16546.0,16373.0,15607.0,15885.0,14982.0,15147.0,15994.0
8410,Poland,Cereals - Excluding Beer,Seed,1966.0,1856.0,1810.0,1830.0,1854.0,1833.0,1829.0,1795.0,1778.0,1735.0,1705.0,1735.0,1638.0,1628.0,1824.0,1721.0,1422.0,1480.0
8411,Poland,Cereals - Excluding Beer,Losses,1152.0,1377.0,1296.0,1089.0,1287.0,1161.0,879.0,1077.0,1040.0,1071.0,1250.0,1056.0,984.0,1156.0,1302.0,1039.0,1111.0,1147.0
8412,Poland,Cereals - Excluding Beer,Processing,861.0,853.0,965.0,909.0,1019.0,1054.0,1120.0,1201.0,1157.0,1092.0,1127.0,1170.0,1160.0,1134.0,946.0,1020.0,1097.0,985.0
8413,Poland,Cereals - Excluding Beer,Other uses (non-food),112.0,71.0,332.0,434.0,456.0,471.0,540.0,598.0,595.0,815.0,864.0,852.0,767.0,999.0,807.0,767.0,776.0,847.0
8414,Poland,Cereals - Excluding Beer,Human Consumption,5945.0,5981.0,5809.0,5833.0,5716.0,5774.0,5657.0,5697.0,5737.0,5780.0,5761.0,5749.0,5773.0,5829.0,5619.0,5414.0,5335.0,5486.0
8415,Poland,"Aquatic Products, Other",Import,0.0,0.0,0.0,0.0,1.0,0.0,0.0,1.0,1.0,1.0,1.0,1.0,1.0,2.0,2.0,2.0,2.0,2.0
8416,Poland,"Aquatic Products, Other",Stock Variation,0.0,0.0,0.0,0.0,0.0,0.0,0.0,0.0,0.0,0.0,0.0,0.0,0.0,0.0,0.0,0.0,0.0,0.0
8417,Poland,"Aquatic Products, Other",Export,0.0,0.0,0.0,0.0,0.0,0.0,0.0,0.0,0.0,0.0,0.0,0.0,0.0,0.0,0.0,0.0,0.0,0.0
8418,Poland,"Aquatic Products, Other",Domestic supply,0.0,0.0,0.0,0.0,0.0,0.0,0.0,1.0,1.0,1.0,1.0,1.0,1.0,2.0,2.0,2.0,2.0,2.0
8419,Poland,"Aquatic Products, Other",Other uses (non-food),0.0,0.0,0.0,0.0,0.0,0.0,0.0,0.0,1.0,1.0,1.0,1.0,1.0,2.0,2.0,2.0,2.0,2.0
8420,Poland,"Aquatic Products, Other",Human Consumption,0.0,0.0,0.0,0.0,0.0,0.0,0.0,0.0,1.0,0.0,0.0,0.0,0.0,0.0,0.0,0.0,0.0,0.0
8421,Poland,"Fish, Seafood",Production,253.0,261.0,256.0,216.0,227.0,193.0,181.0,187.0,179.0,260.0,220.0,227.0,231.0,249.0,249.0,249.0,249.0,249.0
8422,Poland,Milk - Excluding Butter,Processing,0.0,0.0,0.0,0.0,0.0,0.0,0.0,0.0,0.0,7.0,0.0,0.0,0.0,0.0,0.0,0.0,0.0,0.0
8423,Poland,Milk - Excluding Butter,Other uses (non-food),420.0,550.0,550.0,437.0,785.0,704.0,705.0,490.0,619.0,563.0,473.0,461.0,532.0,441.0,1396.0,1442.0,1481.0,1402.0
8424,Poland,"Fish, Seafood",Domestic supply,380.0,390.0,339.0,350.0,386.0,437.0,410.0,447.0,484.0,499.0,435.0,385.0,421.0,474.0,474.0,474.0,474.0,474.0
8425,Poland,Animal fats,Production,735.0,737.0,758.0,788.0,789.0,823.0,857.0,864.0,843.0,801.0,809.0,816.0,820.0,811.0,1004.0,1086.0,1090.0,1122.0
8426,Poland,Meat,Processing,0.0,0.0,0.0,4.0,1.0,0.0,1.0,1.0,3.0,1.0,2.0,6.0,8.0,10.0,35.0,39.0,42.0,38.0
8427,Poland,Meat,Other uses (non-food),25.0,24.0,25.0,27.0,169.0,160.0,56.0,138.0,111.0,150.0,118.0,101.0,36.0,27.0,60.0,63.0,65.0,68.0
8428,Poland,Meat,Human Consumption,2712.0,2711.0,2830.0,2873.0,2796.0,2784.0,2901.0,2881.0,2811.0,2847.0,2854.0,2915.0,2879.0,2908.0,3112.0,3233.0,3278.0,3366.0
8429,Poland,Miscellaneous,Import,2.0,2.0,1.0,2.0,4.0,5.0,8.0,14.0,9.0,9.0,10.0,10.0,10.0,11.0,256.0,290.0,295.0,346.0
8430,Poland,Miscellaneous,Stock Variation,-1.0,-1.0,0.0,-1.0,-1.0,3.0,3.0,-1.0,3.0,2.0,0.0,0.0,0.0,0.0,-4.0,0.0,0.0,0.0
8431,Poland,Miscellaneous,Export,1.0,1.0,1.0,1.0,3.0,8.0,11.0,13.0,12.0,11.0,13.0,15.0,16.0,18.0,461.0,528.0,508.0,577.0
8432,Poland,Miscellaneous,Domestic supply,0.0,0.0,0.0,0.0,0.0,0.0,0.0,0.0,0.0,0.0,-4.0,-5.0,-5.0,-7.0,-201.0,-238.0,-212.0,-231.0
8433,Poland,Alcoholic Beverages,Production,3239.0,3095.0,3299.0,3408.0,3620.0,3774.0,4009.0,4249.0,4270.0,4154.0,4221.0,4373.0,4517.0,4511.0,4740.0,4883.0,4997.0,4698.0
8434,Poland,Alcoholic Beverages,Import,117.0,110.0,120.0,102.0,95.0,110.0,134.0,195.0,218.0,269.0,269.0,312.0,322.0,316.0,351.0,382.0,434.0,468.0
8435,Poland,Alcoholic Beverages,Stock Variation,0.0,0.0,-20.0,20.0,0.0,0.0,0.0,0.0,0.0,0.0,0.0,0.0,0.0,0.0,-72.0,-121.0,-133.0,-400.0
8436,Poland,Alcoholic Beverages,Export,33.0,22.0,40.0,44.0,58.0,100.0,128.0,143.0,198.0,247.0,335.0,361.0,335.0,397.0,387.0,473.0,510.0,534.0
8437,Poland,Alcoholic Beverages,Domestic supply,3323.0,3183.0,3359.0,3486.0,3656.0,3784.0,4016.0,4300.0,4290.0,4176.0,4155.0,4324.0,4504.0,4430.0,4776.0,4912.0,5054.0,5032.0
8438,Poland,Alcoholic Beverages,Other uses (non-food),144.0,112.0,130.0,125.0,137.0,110.0,111.0,124.0,142.0,126.0,79.0,110.0,111.0,82.0,309.0,318.0,361.0,298.0
8439,Poland,Alcoholic Beverages,Human Consumption,3180.0,3071.0,3229.0,3361.0,3520.0,3673.0,3905.0,4176.0,4148.0,4050.0,4076.0,4214.0,4394.0,4348.0,4467.0,4594.0,4693.0,4734.0
8440,Poland,Spices,Production,0.0,0.0,0.0,0.0,0.0,0.0,0.0,0.0,0.0,0.0,0.0,0.0,0.0,0.0,0.0,0.0,0.0,0.0
8441,Poland,Spices,Import,7.0,9.0,9.0,11.0,12.0,13.0,13.0,15.0,15.0,16.0,18.0,20.0,20.0,22.0,21.0,22.0,24.0,30.0
8442,Poland,Spices,Stock Variation,0.0,0.0,0.0,0.0,0.0,0.0,0.0,0.0,0.0,0.0,0.0,-1.0,0.0,1.0,-1.0,1.0,1.0,5.0
8443,Poland,Spices,Export,1.0,2.0,2.0,1.0,3.0,4.0,5.0,5.0,6.0,5.0,6.0,6.0,8.0,9.0,10.0,9.0,9.0,11.0
8444,Poland,Milk - Excluding Butter,Human Consumption,7380.0,7382.0,7593.0,7531.0,6943.0,6581.0,6199.0,6415.0,6272.0,6421.0,7280.0,7553.0,7673.0,7849.0,6605.0,6638.0,6599.0,6771.0
8445,Poland,Meat,Losses,5.0,4.0,7.0,3.0,3.0,5.0,4.0,18.0,1.0,5.0,14.0,16.0,17.0,23.0,22.0,23.0,27.0,28.0
8446,Poland,Meat,Domestic supply,2742.0,2739.0,2861.0,2906.0,2968.0,2949.0,2962.0,3037.0,2926.0,3003.0,2987.0,3038.0,2940.0,2967.0,3099.0,3214.0,3250.0,3260.0
8447,Poland,Miscellaneous,Human Consumption,0.0,0.0,0.0,0.0,0.0,0.0,0.0,0.0,0.0,0.0,0.0,0.0,0.0,0.0,0.0,0.0,0.0,0.0
8448,Poland,Animal fats,Import,33.0,32.0,25.0,16.0,43.0,49.0,38.0,49.0,61.0,87.0,88.0,97.0,64.0,68.0,76.0,81.0,101.0,124.0
8449,Poland,Meat,Export,228.0,181.0,204.0,393.0,411.0,540.0,718.0,782.0,885.0,906.0,1174.0,1284.0,1486.0,1636.0,1650.0,1882.0,2058.0,2345.0
8450,Poland,Animal fats,Export,51.0,44.0,36.0,45.0,74.0,162.0,174.0,160.0,185.0,174.0,208.0,210.0,188.0,203.0,218.0,221.0,208.0,231.0
8451,Poland,Animal fats,Domestic supply,715.0,732.0,748.0,753.0,763.0,711.0,722.0,753.0,719.0,714.0,689.0,680.0,683.0,675.0,857.0,942.0,979.0,1008.0
8452,Poland,Animal fats,Feed,0.0,1.0,1.0,2.0,2.0,0.0,0.0,0.0,0.0,1.0,1.0,4.0,2.0,2.0,2.0,2.0,2.0,2.0
8453,Poland,Animal fats,Losses,0.0,0.0,0.0,0.0,0.0,1.0,1.0,1.0,1.0,1.0,1.0,1.0,1.0,1.0,3.0,3.0,3.0,3.0
8454,Poland,Animal fats,Processing,10.0,5.0,0.0,0.0,0.0,10.0,1.0,0.0,0.0,0.0,0.0,0.0,8.0,7.0,3.0,1.0,0.0,6.0
8455,Poland,Animal fats,Human Consumption,596.0,609.0,624.0,614.0,613.0,603.0,609.0,628.0,638.0,650.0,632.0,604.0,620.0,633.0,590.0,658.0,682.0,683.0
8456,Poland,Offals,Production,143.0,145.0,153.0,159.0,136.0,136.0,160.0,175.0,182.0,185.0,203.0,224.0,223.0,218.0,280.0,313.0,357.0,407.0
8457,Poland,Offals,Import,13.0,13.0,14.0,12.0,25.0,22.0,15.0,24.0,22.0,28.0,23.0,19.0,18.0,12.0,20.0,23.0,32.0,29.0
8458,Poland,Animal fats,Other uses (non-food),109.0,117.0,122.0,137.0,147.0,98.0,110.0,124.0,80.0,63.0,56.0,71.0,53.0,34.0,259.0,279.0,292.0,313.0
8459,Poland,Offals,Domestic supply,149.0,148.0,149.0,139.0,140.0,125.0,139.0,158.0,146.0,154.0,146.0,147.0,136.0,119.0,44.0,47.0,46.0,48.0
8460,Poland,Meat,Stock Variation,24.0,-19.0,-156.0,-15.0,106.0,44.0,9.0,-95.0,74.0,-61.0,-23.0,6.0,-72.0,63.0,171.0,161.0,274.0,239.0
8461,Poland,Offals,Export,7.0,9.0,18.0,31.0,21.0,33.0,36.0,41.0,58.0,58.0,80.0,97.0,105.0,112.0,256.0,289.0,343.0,388.0
8462,Poland,Meat,Production,2887.0,2890.0,3147.0,3242.0,3088.0,3183.0,3405.0,3584.0,3207.0,3359.0,3581.0,3650.0,3807.0,3842.0,4210.0,4487.0,4809.0,5004.0
8463,Poland,Offals,Human Consumption,106.0,111.0,103.0,92.0,112.0,105.0,109.0,123.0,109.0,116.0,114.0,118.0,113.0,102.0,15.0,15.0,14.0,12.0
8464,Poland,Meat,Import,59.0,50.0,74.0,72.0,186.0,262.0,265.0,330.0,530.0,611.0,603.0,665.0,690.0,698.0,709.0,771.0,774.0,839.0
8465,Poland,Offals,Processing,0.0,0.0,0.0,0.0,0.0,0.0,0.0,0.0,0.0,0.0,0.0,0.0,0.0,0.0,10.0,8.0,12.0,16.0
8466,Poland,Offals,Losses,6.0,6.0,6.0,7.0,6.0,6.0,6.0,7.0,8.0,8.0,9.0,9.0,9.0,8.0,7.0,7.0,7.0,8.0
8467,Poland,Offals,Other uses (non-food),37.0,32.0,40.0,41.0,21.0,14.0,24.0,28.0,29.0,30.0,23.0,19.0,14.0,9.0,34.0,36.0,37.0,42.0
8468,Portugal,Vegetable Oils,Export,114.0,155.0,151.0,148.0,147.0,148.0,133.0,144.0,161.0,168.0,182.0,224.0,242.0,288.0,253.0,236.0,257.0,297.0
8469,Portugal,Vegetables,Domestic supply,2115.0,2270.0,1903.0,1870.0,2576.0,2247.0,1858.0,2158.0,2016.0,2317.0,2431.0,2026.0,2170.0,1905.0,1771.0,2016.0,1861.0,1788.0
8470,Portugal,Vegetables,Feed,12.0,7.0,9.0,9.0,14.0,15.0,20.0,18.0,19.0,8.0,7.0,13.0,13.0,23.0,54.0,24.0,30.0,28.0
8471,Portugal,Vegetables,Losses,241.0,254.0,223.0,229.0,292.0,266.0,239.0,271.0,259.0,282.0,292.0,268.0,288.0,270.0,245.0,290.0,274.0,271.0
8472,Portugal,Vegetables,Human Consumption,1862.0,2009.0,1672.0,1633.0,2269.0,1967.0,1599.0,1870.0,1738.0,2028.0,2133.0,1746.0,1869.0,1613.0,1507.0,1752.0,1631.0,1572.0
8473,Portugal,Vegetable Oils,Production,245.0,283.0,302.0,288.0,284.0,294.0,304.0,314.0,381.0,356.0,373.0,370.0,346.0,398.0,396.0,456.0,412.0,494.0
8474,Portugal,Vegetable Oils,Import,154.0,171.0,174.0,187.0,198.0,210.0,222.0,217.0,235.0,283.0,384.0,507.0,466.0,462.0,354.0,354.0,270.0,290.0
8475,Portugal,Vegetable Oils,Stock Variation,7.0,-7.0,1.0,17.0,8.0,-13.0,-16.0,19.0,6.0,-25.0,-12.0,-56.0,14.0,2.0,-30.0,31.0,5.0,81.0
8476,Portugal,Vegetable Oils,Domestic supply,291.0,292.0,327.0,344.0,341.0,343.0,377.0,406.0,461.0,445.0,562.0,597.0,584.0,574.0,527.0,542.0,420.0,406.0
8477,Portugal,Sugar & Sweeteners,Losses,0.0,0.0,0.0,0.0,0.0,0.0,0.0,0.0,0.0,0.0,0.0,0.0,0.0,0.0,1.0,1.0,1.0,1.0
8478,Portugal,Vegetable Oils,Other uses (non-food),119.0,119.0,152.0,162.0,159.0,160.0,193.0,219.0,264.0,253.0,358.0,394.0,364.0,366.0,304.0,328.0,224.0,197.0
8479,Portugal,Vegetable Oils,Human Consumption,173.0,174.0,174.0,182.0,182.0,185.0,185.0,189.0,208.0,206.0,205.0,206.0,217.0,208.0,165.0,166.0,145.0,155.0
8480,Portugal,Sugar & Sweeteners,Production,65.0,90.0,71.0,90.0,91.0,90.0,61.0,45.0,27.0,9.0,13.0,14.0,12.0,14.0,19.0,20.0,21.0,19.0
8481,Portugal,Sugar & Sweeteners,Import,360.0,380.0,376.0,359.0,392.0,372.0,380.0,579.0,550.0,616.0,575.0,576.0,509.0,636.0,723.0,722.0,796.0,733.0
8482,Portugal,Sugar & Sweeteners,Stock Variation,43.0,-5.0,16.0,27.0,-22.0,0.0,49.0,-43.0,16.0,27.0,44.0,0.0,0.0,-43.0,-75.0,27.0,33.0,20.0
8483,Portugal,Sugar & Sweeteners,Export,105.0,103.0,109.0,114.0,118.0,119.0,155.0,255.0,253.0,326.0,301.0,272.0,205.0,285.0,414.0,301.0,347.0,341.0
8484,Portugal,Sugar & Sweeteners,Domestic supply,363.0,362.0,354.0,362.0,343.0,342.0,335.0,325.0,340.0,327.0,331.0,319.0,316.0,322.0,403.0,414.0,436.0,392.0
8485,Portugal,Sugar & Sweeteners,Feed,0.0,0.0,0.0,0.0,0.0,0.0,0.0,0.0,0.0,0.0,0.0,0.0,0.0,0.0,0.0,0.0,0.0,0.0
8486,Portugal,Vegetables,Export,498.0,483.0,526.0,622.0,593.0,659.0,822.0,855.0,879.0,844.0,845.0,966.0,1057.0,1152.0,1136.0,1302.0,1297.0,1363.0
8487,Portugal,Vegetable Oils,Processing,0.0,0.0,0.0,0.0,0.0,0.0,0.0,0.0,0.0,0.0,0.0,0.0,0.0,0.0,58.0,49.0,51.0,51.0
8488,Portugal,Vegetables,Stock Variation,0.0,0.0,0.0,0.0,0.0,0.0,0.0,0.0,0.0,0.0,0.0,0.0,0.0,0.0,3.0,19.0,-3.0,-3.0
8489,Portugal,Spices,Human Consumption,2.0,2.0,2.0,2.0,2.0,2.0,2.0,2.0,2.0,2.0,2.0,2.0,2.0,2.0,2.0,2.0,2.0,4.0
8490,Portugal,Vegetables,Production,2354.0,2461.0,2152.0,2203.0,2883.0,2600.0,2317.0,2634.0,2544.0,2771.0,2867.0,2623.0,2802.0,2568.0,2428.0,2846.0,2621.0,2600.0
8491,Portugal,Sugar & Sweeteners,Processing,0.0,0.0,0.0,0.0,0.0,0.0,0.0,0.0,0.0,0.0,0.0,0.0,0.0,0.0,0.0,0.0,0.0,0.0
8492,Portugal,Stimulants,Production,0.0,0.0,0.0,0.0,0.0,0.0,0.0,0.0,0.0,0.0,0.0,0.0,0.0,0.0,0.0,0.0,0.0,0.0
8493,Portugal,Stimulants,Import,74.0,75.0,74.0,74.0,74.0,76.0,80.0,88.0,87.0,86.0,90.0,95.0,101.0,106.0,73.0,75.0,80.0,80.0
8494,Portugal,Stimulants,Stock Variation,0.0,0.0,0.0,0.0,0.0,0.0,0.0,0.0,0.0,0.0,0.0,0.0,0.0,0.0,0.0,1.0,3.0,2.0
8495,Portugal,Stimulants,Export,12.0,12.0,11.0,12.0,10.0,11.0,13.0,17.0,16.0,17.0,19.0,20.0,21.0,21.0,17.0,17.0,20.0,18.0
8496,Portugal,Stimulants,Domestic supply,62.0,63.0,63.0,62.0,65.0,65.0,67.0,71.0,71.0,69.0,72.0,75.0,80.0,85.0,56.0,56.0,57.0,59.0
8497,Portugal,Stimulants,Losses,0.0,0.0,0.0,0.0,0.0,0.0,0.0,0.0,0.0,0.0,0.0,0.0,0.0,0.0,0.0,0.0,0.0,0.0
8498,Portugal,Stimulants,Processing,0.0,0.0,0.0,0.0,0.0,0.0,0.0,0.0,0.0,0.0,0.0,0.0,0.0,0.0,2.0,2.0,2.0,2.0
8499,Portugal,Stimulants,Human Consumption,62.0,63.0,63.0,62.0,65.0,65.0,67.0,71.0,71.0,69.0,72.0,75.0,80.0,85.0,54.0,55.0,55.0,58.0
8500,Portugal,Fruits - Excluding Wine,Production,1898.0,1709.0,1998.0,1789.0,1991.0,1828.0,1956.0,1632.0,1574.0,1674.0,1763.0,1688.0,1614.0,1773.0,1763.0,1892.0,1686.0,1987.0
8501,Portugal,Fruits - Excluding Wine,Import,545.0,605.0,566.0,583.0,621.0,642.0,617.0,718.0,737.0,743.0,739.0,735.0,871.0,894.0,811.0,783.0,925.0,1052.0
8502,Portugal,Fruits - Excluding Wine,Stock Variation,30.0,0.0,-54.0,54.0,0.0,0.0,0.0,0.0,0.0,0.0,0.0,-34.0,34.0,0.0,19.0,-3.0,8.0,56.0
8503,Portugal,Fruits - Excluding Wine,Export,113.0,125.0,155.0,272.0,168.0,207.0,208.0,220.0,234.0,274.0,314.0,349.0,435.0,385.0,487.0,514.0,458.0,571.0
8504,Portugal,Fruits - Excluding Wine,Domestic supply,2360.0,2189.0,2355.0,2154.0,2444.0,2263.0,2365.0,2130.0,2076.0,2143.0,2189.0,2041.0,2084.0,2282.0,2067.0,2165.0,2146.0,2412.0
8505,Portugal,Fruits - Excluding Wine,Feed,4.0,4.0,4.0,3.0,3.0,3.0,4.0,7.0,5.0,4.0,5.0,5.0,8.0,3.0,1.0,1.0,1.0,1.0
8506,Portugal,Fruits - Excluding Wine,Seed,0.0,0.0,0.0,0.0,0.0,0.0,0.0,0.0,0.0,0.0,0.0,0.0,0.0,0.0,0.0,0.0,0.0,0.0
8507,Portugal,Fruits - Excluding Wine,Losses,117.0,117.0,124.0,117.0,127.0,115.0,120.0,116.0,115.0,122.0,117.0,127.0,112.0,131.0,198.0,212.0,200.0,231.0
8508,Portugal,Fruits - Excluding Wine,Processing,1033.0,884.0,1026.0,911.0,981.0,952.0,992.0,787.0,740.0,770.0,933.0,733.0,833.0,820.0,821.0,931.0,937.0,868.0
8509,Portugal,Fruits - Excluding Wine,Human Consumption,1207.0,1185.0,1201.0,1123.0,1333.0,1194.0,1250.0,1220.0,1216.0,1247.0,1134.0,1176.0,1131.0,1329.0,1128.0,1096.0,1237.0,1395.0
8510,Portugal,Vegetables,Import,258.0,292.0,277.0,289.0,285.0,306.0,363.0,379.0,351.0,391.0,410.0,370.0,426.0,489.0,483.0,492.0,534.0,547.0
8511,Portugal,Sugar & Sweeteners,Other uses (non-food),26.0,26.0,19.0,20.0,20.0,19.0,21.0,21.0,22.0,20.0,20.0,18.0,16.0,19.0,21.0,20.0,19.0,20.0
8512,Portugal,Sugar Crops,Processing,466.0,285.0,648.0,489.0,631.0,609.0,325.0,259.0,142.0,12.0,13.0,13.0,14.0,15.0,18.0,10.0,15.0,21.0
8513,Portugal,Pulses,Production,22.0,21.0,23.0,24.0,27.0,20.0,22.0,23.0,22.0,22.0,24.0,20.0,21.0,22.0,6.0,6.0,6.0,6.0
8514,Portugal,Oilcrops,Losses,58.0,29.0,3.0,4.0,32.0,5.0,6.0,8.0,8.0,8.0,7.0,12.0,26.0,31.0,39.0,50.0,41.0,58.0
8515,Portugal,Oilcrops,Processing,1091.0,1390.0,1555.0,1361.0,1295.0,1351.0,1544.0,1552.0,1800.0,1614.0,1664.0,1492.0,1366.0,1765.0,1641.0,1960.0,1745.0,2208.0
8516,Portugal,Oilcrops,Human Consumption,26.0,23.0,28.0,29.0,28.0,25.0,28.0,26.0,32.0,32.0,30.0,28.0,26.0,25.0,19.0,19.0,20.0,21.0
8517,Portugal,Starchy Roots,Production,756.0,707.0,796.0,749.0,784.0,587.0,639.0,668.0,596.0,458.0,404.0,410.0,468.0,512.0,575.0,514.0,476.0,540.0
8518,Portugal,Starchy Roots,Import,1146.0,1063.0,688.0,787.0,952.0,585.0,482.0,591.0,509.0,405.0,452.0,415.0,545.0,550.0,447.0,482.0,520.0,444.0
8519,Portugal,Starchy Roots,Stock Variation,0.0,0.0,-17.0,75.0,-50.0,90.0,0.0,-80.0,-90.0,0.0,70.0,100.0,0.0,-40.0,91.0,97.0,102.0,71.0
8520,Portugal,Starchy Roots,Export,31.0,20.0,38.0,28.0,57.0,31.0,31.0,40.0,33.0,41.0,42.0,44.0,67.0,64.0,56.0,49.0,60.0,75.0
8521,Portugal,Starchy Roots,Domestic supply,1871.0,1749.0,1429.0,1584.0,1629.0,1230.0,1090.0,1138.0,982.0,822.0,884.0,882.0,946.0,958.0,876.0,851.0,834.0,838.0
8522,Portugal,Starchy Roots,Feed,923.0,764.0,442.0,541.0,641.0,274.0,136.0,217.0,140.0,47.0,47.0,43.0,53.0,54.0,56.0,50.0,47.0,45.0
8523,Portugal,Starchy Roots,Seed,72.0,76.0,69.0,69.0,65.0,65.0,65.0,65.0,62.0,57.0,60.0,58.0,74.0,78.0,86.0,77.0,71.0,82.0
8524,Portugal,Starchy Roots,Losses,31.0,26.0,31.0,26.0,31.0,21.0,25.0,25.0,23.0,24.0,25.0,23.0,28.0,29.0,21.0,19.0,18.0,20.0
8525,Portugal,Starchy Roots,Processing,23.0,0.0,0.0,0.0,0.0,0.0,0.0,0.0,0.0,0.0,0.0,0.0,0.0,0.0,0.0,0.0,0.0,0.0
8526,Portugal,Starchy Roots,Other uses (non-food),43.0,43.0,44.0,42.0,43.0,39.0,39.0,41.0,40.0,34.0,38.0,39.0,44.0,52.0,29.0,30.0,29.0,27.0
8527,Portugal,Starchy Roots,Human Consumption,791.0,840.0,842.0,908.0,856.0,831.0,829.0,791.0,717.0,660.0,713.0,719.0,747.0,745.0,683.0,675.0,670.0,665.0
8528,Portugal,Sugar Crops,Production,466.0,285.0,648.0,488.0,631.0,609.0,325.0,259.0,142.0,12.0,13.0,13.0,13.0,15.0,19.0,11.0,16.0,22.0
8529,Portugal,Sugar Crops,Import,0.0,0.0,0.0,1.0,0.0,0.0,0.0,0.0,0.0,0.0,0.0,0.0,0.0,0.0,0.0,0.0,0.0,0.0
8530,Portugal,Sugar Crops,Domestic supply,466.0,285.0,648.0,489.0,631.0,609.0,325.0,259.0,142.0,12.0,13.0,13.0,14.0,15.0,19.0,11.0,16.0,22.0
8531,Portugal,Sugar Crops,Losses,0.0,0.0,0.0,0.0,0.0,0.0,0.0,0.0,0.0,0.0,0.0,0.0,0.0,0.0,1.0,1.0,1.0,1.0
8532,Portugal,Spices,Losses,0.0,0.0,0.0,0.0,0.0,0.0,0.0,0.0,0.0,0.0,0.0,0.0,0.0,0.0,0.0,0.0,0.0,0.0
8533,Portugal,Oilcrops,Seed,1.0,1.0,1.0,1.0,0.0,0.0,0.0,1.0,1.0,1.0,1.0,1.0,1.0,1.0,0.0,2.0,0.0,0.0
8534,Portugal,Sugar & Sweeteners,Human Consumption,337.0,336.0,335.0,342.0,323.0,323.0,314.0,304.0,319.0,307.0,311.0,301.0,300.0,302.0,382.0,394.0,416.0,371.0
8535,Portugal,Oilcrops,Feed,73.0,100.0,41.0,48.0,74.0,84.0,77.0,66.0,37.0,51.0,48.0,33.0,34.0,43.0,40.0,48.0,55.0,61.0
8536,Portugal,Oilcrops,Export,19.0,33.0,31.0,58.0,53.0,43.0,49.0,68.0,77.0,48.0,93.0,114.0,127.0,130.0,181.0,131.0,104.0,166.0
8537,Portugal,Pulses,Import,52.0,57.0,60.0,64.0,73.0,58.0,69.0,66.0,62.0,62.0,67.0,57.0,59.0,66.0,73.0,56.0,65.0,72.0
8538,Portugal,Pulses,Stock Variation,0.0,0.0,0.0,0.0,0.0,0.0,0.0,0.0,0.0,0.0,-2.0,0.0,0.0,0.0,12.0,-3.0,0.0,1.0
8539,Portugal,Pulses,Export,7.0,10.0,13.0,12.0,13.0,13.0,14.0,17.0,19.0,19.0,23.0,17.0,15.0,18.0,15.0,16.0,23.0,28.0
8540,Portugal,Pulses,Domestic supply,66.0,68.0,70.0,75.0,87.0,65.0,77.0,72.0,66.0,65.0,66.0,61.0,66.0,70.0,52.0,49.0,48.0,49.0
8541,Portugal,Pulses,Feed,21.0,23.0,24.0,28.0,39.0,20.0,30.0,25.0,24.0,23.0,24.0,21.0,23.0,24.0,15.0,13.0,12.0,13.0
8542,Portugal,Pulses,Seed,2.0,2.0,2.0,2.0,2.0,2.0,2.0,2.0,2.0,1.0,1.0,1.0,1.0,1.0,1.0,0.0,0.0,0.0
8543,Portugal,Pulses,Losses,4.0,4.0,4.0,4.0,5.0,4.0,5.0,4.0,4.0,4.0,5.0,4.0,4.0,4.0,1.0,1.0,1.0,1.0
8544,Portugal,Pulses,Human Consumption,40.0,39.0,40.0,41.0,41.0,39.0,41.0,42.0,37.0,36.0,36.0,34.0,38.0,40.0,36.0,35.0,35.0,35.0
8545,Portugal,Treenuts,Production,76.0,63.0,74.0,77.0,71.0,44.0,51.0,40.0,38.0,41.0,36.0,32.0,34.0,37.0,32.0,42.0,40.0,55.0
8546,Portugal,Treenuts,Import,13.0,14.0,14.0,16.0,18.0,18.0,18.0,20.0,19.0,18.0,21.0,25.0,25.0,24.0,20.0,17.0,21.0,25.0
8547,Portugal,Treenuts,Stock Variation,0.0,0.0,0.0,0.0,0.0,0.0,0.0,0.0,0.0,0.0,0.0,0.0,0.0,0.0,-4.0,0.0,0.0,7.0
8548,Portugal,Treenuts,Export,22.0,24.0,16.0,27.0,27.0,8.0,12.0,12.0,9.0,9.0,11.0,11.0,20.0,21.0,24.0,25.0,25.0,25.0
8549,Portugal,Treenuts,Domestic supply,67.0,52.0,72.0,66.0,62.0,53.0,56.0,48.0,48.0,50.0,47.0,46.0,38.0,41.0,32.0,34.0,37.0,48.0
8550,Portugal,Treenuts,Seed,0.0,0.0,0.0,0.0,0.0,0.0,0.0,0.0,0.0,0.0,0.0,0.0,0.0,0.0,0.0,0.0,0.0,0.0
8551,Portugal,Treenuts,Losses,3.0,2.0,2.0,3.0,3.0,2.0,2.0,2.0,2.0,2.0,2.0,1.0,2.0,2.0,2.0,2.0,2.0,3.0
8552,Portugal,Treenuts,Human Consumption,64.0,50.0,70.0,63.0,59.0,51.0,54.0,46.0,46.0,49.0,45.0,44.0,37.0,39.0,30.0,33.0,36.0,50.0
8553,Portugal,Oilcrops,Production,305.0,335.0,281.0,286.0,356.0,234.0,399.0,248.0,380.0,448.0,467.0,472.0,421.0,683.0,496.0,771.0,526.0,921.0
8554,Portugal,Oilcrops,Import,962.0,1235.0,1388.0,1219.0,1120.0,1288.0,1274.0,1511.0,1562.0,1309.0,1370.0,1206.0,1180.0,1343.0,1398.0,1467.0,1347.0,1544.0
8555,Portugal,Oilcrops,Stock Variation,1.0,5.0,-11.0,-6.0,8.0,-15.0,30.0,-40.0,11.0,-4.0,4.0,3.0,-22.0,-32.0,-28.0,49.0,-55.0,85.0
8556,Portugal,Oilcrops,Domestic supply,1249.0,1542.0,1628.0,1442.0,1431.0,1464.0,1655.0,1652.0,1877.0,1705.0,1749.0,1567.0,1452.0,1865.0,1741.0,2058.0,1823.0,2214.0
8557,Portugal,Spices,Domestic supply,2.0,2.0,2.0,2.0,2.0,2.0,2.0,2.0,2.0,2.0,2.0,2.0,2.0,2.0,2.0,2.0,2.0,4.0
8558,Portugal,Sugar Crops,Export,0.0,0.0,0.0,0.0,0.0,1.0,0.0,1.0,0.0,0.0,0.0,0.0,0.0,0.0,0.0,0.0,0.0,0.0
8559,Portugal,Spices,Stock Variation,0.0,0.0,0.0,0.0,0.0,0.0,0.0,0.0,0.0,0.0,0.0,0.0,-1.0,1.0,1.0,2.0,3.0,2.0
8560,Portugal,"Fish, Seafood",Feed,89.0,73.0,67.0,95.0,83.0,72.0,60.0,60.0,46.0,47.0,51.0,52.0,41.0,22.0,5.0,6.0,16.0,27.0
8561,Portugal,"Fish, Seafood",Other uses (non-food),0.0,0.0,0.0,0.0,0.0,0.0,0.0,0.0,0.0,0.0,0.0,0.0,0.0,0.0,0.0,0.0,0.0,0.0
8562,Portugal,"Fish, Seafood",Human Consumption,551.0,570.0,571.0,551.0,564.0,573.0,595.0,631.0,595.0,602.0,594.0,591.0,558.0,570.0,554.0,546.0,592.0,585.0
8563,Portugal,Eggs,Production,118.0,125.0,125.0,126.0,132.0,119.0,120.0,122.0,124.0,125.0,132.0,123.0,121.0,126.0,134.0,153.0,143.0,142.0
8564,Portugal,Eggs,Import,7.0,10.0,9.0,8.0,9.0,10.0,13.0,19.0,15.0,17.0,18.0,19.0,21.0,21.0,16.0,19.0,17.0,19.0
8565,Portugal,Eggs,Stock Variation,0.0,0.0,0.0,0.0,0.0,0.0,0.0,0.0,0.0,0.0,0.0,0.0,0.0,0.0,0.0,0.0,0.0,0.0
8566,Portugal,Eggs,Export,8.0,8.0,12.0,15.0,16.0,9.0,15.0,15.0,14.0,19.0,20.0,24.0,25.0,31.0,37.0,42.0,40.0,38.0
8567,Portugal,Eggs,Domestic supply,117.0,127.0,122.0,119.0,125.0,120.0,118.0,126.0,125.0,123.0,130.0,119.0,117.0,115.0,113.0,131.0,120.0,123.0
8568,Portugal,Eggs,Feed,0.0,0.0,0.0,0.0,0.0,0.0,0.0,0.0,0.0,0.0,0.0,0.0,0.0,0.0,3.0,23.0,13.0,16.0
8569,Portugal,Eggs,Seed,17.0,18.0,17.0,16.0,18.0,18.0,18.0,20.0,21.0,22.0,23.0,21.0,21.0,20.0,17.0,19.0,18.0,18.0
8570,Portugal,Eggs,Losses,2.0,3.0,3.0,3.0,3.0,2.0,3.0,3.0,3.0,3.0,3.0,3.0,3.0,3.0,7.0,7.0,7.0,7.0
8571,Portugal,Eggs,Other uses (non-food),0.0,0.0,0.0,0.0,0.0,0.0,0.0,0.0,0.0,0.0,0.0,0.0,0.0,0.0,0.0,0.0,0.0,0.0
8572,Portugal,Eggs,Human Consumption,98.0,107.0,103.0,100.0,105.0,99.0,97.0,103.0,102.0,99.0,106.0,97.0,94.0,96.0,89.0,84.0,84.0,87.0
8573,Portugal,Milk - Excluding Butter,Production,2136.0,2054.0,2167.0,2020.0,2077.0,2120.0,2049.0,2029.0,2077.0,2048.0,2003.0,2007.0,1964.0,1877.0,2044.0,2150.0,2061.0,2058.0
8574,Portugal,Milk - Excluding Butter,Import,489.0,647.0,531.0,550.0,565.0,621.0,730.0,884.0,929.0,808.0,812.0,861.0,969.0,891.0,820.0,784.0,809.0,784.0
8575,Portugal,Milk - Excluding Butter,Stock Variation,0.0,0.0,0.0,0.0,0.0,0.0,0.0,0.0,0.0,0.0,0.0,0.0,0.0,0.0,17.0,-11.0,5.0,-13.0
8576,Portugal,Milk - Excluding Butter,Export,354.0,270.0,327.0,287.0,303.0,304.0,318.0,359.0,367.0,445.0,463.0,461.0,513.0,423.0,420.0,507.0,432.0,460.0
8577,Portugal,Milk - Excluding Butter,Domestic supply,2271.0,2431.0,2370.0,2283.0,2339.0,2437.0,2461.0,2553.0,2639.0,2410.0,2352.0,2407.0,2419.0,2345.0,2426.0,2438.0,2432.0,2395.0
8578,Portugal,Milk - Excluding Butter,Feed,48.0,47.0,59.0,59.0,59.0,83.0,83.0,82.0,152.0,83.0,35.0,35.0,47.0,35.0,90.0,67.0,66.0,49.0
8579,Portugal,"Fish, Seafood",Domestic supply,640.0,643.0,638.0,646.0,646.0,645.0,656.0,691.0,641.0,650.0,645.0,643.0,599.0,592.0,559.0,552.0,608.0,612.0
8580,Portugal,Milk - Excluding Butter,Losses,3.0,3.0,3.0,3.0,3.0,3.0,2.0,2.0,2.0,2.0,2.0,2.0,2.0,2.0,5.0,5.0,5.0,5.0
8581,Portugal,"Fish, Seafood",Export,126.0,134.0,143.0,151.0,169.0,168.0,194.0,200.0,191.0,191.0,228.0,245.0,310.0,371.0,395.0,388.0,369.0,378.0
8582,Portugal,"Fish, Seafood",Import,568.0,576.0,569.0,576.0,586.0,586.0,612.0,656.0,613.0,627.0,624.0,646.0,701.0,760.0,768.0,734.0,781.0,789.0
8583,Portugal,Spices,Export,0.0,0.0,0.0,0.0,0.0,0.0,0.0,0.0,1.0,1.0,1.0,1.0,1.0,3.0,1.0,1.0,1.0,1.0
8584,Portugal,Cereals - Excluding Beer,Production,1561.0,1249.0,1448.0,1136.0,1313.0,749.0,1118.0,1041.0,1261.0,1064.0,963.0,1092.0,1144.0,1277.0,1333.0,1240.0,1138.0,1119.0
8585,Portugal,Cereals - Excluding Beer,Stock Variation,100.0,65.0,-106.0,86.0,-31.0,-177.0,-92.0,163.0,-116.0,-235.0,-127.0,115.0,86.0,231.0,-89.0,33.0,58.0,196.0
8586,Portugal,Cereals - Excluding Beer,Export,151.0,183.0,343.0,176.0,308.0,382.0,350.0,351.0,296.0,319.0,322.0,346.0,346.0,305.0,536.0,449.0,618.0,687.0
8587,Portugal,Cereals - Excluding Beer,Domestic supply,4394.0,4490.0,4485.0,4277.0,4248.0,4024.0,4175.0,4536.0,4656.0,4387.0,4357.0,4647.0,4866.0,4840.0,4831.0,4836.0,4879.0,4931.0
8588,Portugal,Cereals - Excluding Beer,Feed,2664.0,2777.0,2768.0,2539.0,2521.0,2310.0,2446.0,2795.0,2944.0,2670.0,2583.0,2835.0,3056.0,3018.0,3033.0,3104.0,3200.0,3248.0
8589,Portugal,Cereals - Excluding Beer,Seed,61.0,68.0,56.0,60.0,54.0,47.0,32.0,43.0,37.0,38.0,36.0,34.0,38.0,36.0,51.0,46.0,49.0,40.0
8590,Portugal,Cereals - Excluding Beer,Losses,29.0,30.0,33.0,28.0,34.0,28.0,30.0,29.0,33.0,36.0,34.0,32.0,31.0,30.0,47.0,35.0,42.0,40.0
8591,Portugal,Cereals - Excluding Beer,Processing,269.0,268.0,276.0,285.0,284.0,281.0,300.0,295.0,288.0,271.0,298.0,299.0,283.0,262.0,262.0,237.0,235.0,248.0
8592,Portugal,Cereals - Excluding Beer,Other uses (non-food),19.0,19.0,22.0,21.0,21.0,22.0,20.0,16.0,15.0,16.0,35.0,47.0,57.0,69.0,109.0,98.0,75.0,87.0
8593,Portugal,Cereals - Excluding Beer,Human Consumption,1352.0,1328.0,1331.0,1344.0,1333.0,1336.0,1346.0,1358.0,1340.0,1357.0,1370.0,1399.0,1401.0,1424.0,1391.0,1362.0,1333.0,1349.0
8594,Portugal,"Aquatic Products, Other",Production,1.0,1.0,1.0,0.0,0.0,1.0,1.0,0.0,0.0,0.0,1.0,0.0,1.0,1.0,1.0,2.0,3.0,3.0
8595,Portugal,"Aquatic Products, Other",Import,2.0,2.0,1.0,2.0,3.0,4.0,5.0,6.0,5.0,5.0,6.0,8.0,1.0,1.0,0.0,0.0,0.0,1.0
8596,Portugal,"Aquatic Products, Other",Stock Variation,0.0,0.0,0.0,0.0,0.0,0.0,0.0,0.0,0.0,0.0,0.0,-1.0,1.0,0.0,0.0,0.0,0.0,0.0
8597,Portugal,"Aquatic Products, Other",Export,1.0,1.0,0.0,0.0,0.0,1.0,1.0,1.0,2.0,1.0,2.0,5.0,2.0,2.0,0.0,1.0,2.0,2.0
8598,Portugal,"Aquatic Products, Other",Domestic supply,2.0,2.0,2.0,2.0,3.0,4.0,5.0,5.0,4.0,4.0,4.0,2.0,1.0,1.0,1.0,1.0,1.0,2.0
8599,Portugal,"Aquatic Products, Other",Other uses (non-food),2.0,1.0,1.0,1.0,1.0,2.0,2.0,1.0,1.0,1.0,1.0,1.0,1.0,1.0,1.0,1.0,1.0,2.0
8600,Portugal,"Aquatic Products, Other",Human Consumption,1.0,1.0,1.0,1.0,1.0,2.0,3.0,4.0,3.0,3.0,4.0,2.0,0.0,0.0,0.0,0.0,0.0,0.0
8601,Portugal,"Fish, Seafood",Production,198.0,201.0,211.0,220.0,229.0,227.0,237.0,264.0,232.0,206.0,231.0,225.0,208.0,203.0,194.0,198.0,193.0,189.0
8602,Portugal,"Fish, Seafood",Stock Variation,0.0,0.0,0.0,0.0,0.0,0.0,0.0,-29.0,-12.0,7.0,17.0,17.0,0.0,0.0,-8.0,8.0,3.0,13.0
8603,Portugal,Milk - Excluding Butter,Processing,2.0,6.0,9.0,9.0,7.0,2.0,9.0,9.0,13.0,12.0,15.0,14.0,20.0,16.0,0.0,0.0,0.0,0.0
8604,Portugal,Cereals - Excluding Beer,Import,2885.0,3359.0,3485.0,3231.0,3273.0,3833.0,3499.0,3684.0,3808.0,3878.0,3843.0,3787.0,3982.0,3637.0,3945.0,4078.0,4417.0,4695.0
8605,Portugal,Milk - Excluding Butter,Human Consumption,2117.0,2273.0,2195.0,2113.0,2172.0,2253.0,2266.0,2354.0,2361.0,2209.0,2187.0,2266.0,2238.0,2175.0,2217.0,2257.0,2248.0,2227.0
8606,Portugal,Meat,Processing,2.0,2.0,2.0,2.0,2.0,2.0,3.0,3.0,3.0,3.0,3.0,3.0,3.0,3.0,1.0,1.0,1.0,1.0
8607,Portugal,Meat,Other uses (non-food),23.0,23.0,23.0,22.0,23.0,23.0,24.0,26.0,26.0,27.0,27.0,26.0,25.0,25.0,27.0,28.0,27.0,28.0
8608,Portugal,Meat,Human Consumption,900.0,900.0,885.0,866.0,882.0,893.0,922.0,993.0,981.0,990.0,988.0,957.0,936.0,937.0,965.0,970.0,959.0,968.0
8609,Portugal,Miscellaneous,Import,11.0,15.0,7.0,11.0,13.0,16.0,15.0,10.0,18.0,14.0,13.0,15.0,13.0,13.0,109.0,110.0,121.0,134.0
8610,Portugal,Miscellaneous,Stock Variation,0.0,0.0,0.0,0.0,0.0,0.0,0.0,0.0,0.0,0.0,0.0,0.0,0.0,0.0,0.0,0.0,0.0,0.0
8611,Portugal,Miscellaneous,Export,1.0,2.0,2.0,2.0,3.0,3.0,6.0,9.0,10.0,10.0,10.0,13.0,13.0,21.0,111.0,106.0,106.0,108.0
8612,Portugal,Miscellaneous,Domestic supply,10.0,13.0,6.0,9.0,10.0,14.0,9.0,1.0,8.0,4.0,3.0,2.0,0.0,-8.0,-1.0,4.0,15.0,26.0
8613,Portugal,Miscellaneous,Human Consumption,10.0,13.0,6.0,9.0,10.0,14.0,9.0,1.0,8.0,4.0,3.0,2.0,0.0,0.0,6.0,9.0,21.0,30.0
8614,Portugal,Alcoholic Beverages,Production,1579.0,1439.0,1564.0,1538.0,1568.0,1547.0,1638.0,1469.0,1430.0,1385.0,1596.0,1444.0,1497.0,1416.0,1422.0,1419.0,1423.0,1423.0
8615,Portugal,Alcoholic Beverages,Import,284.0,261.0,222.0,213.0,256.0,243.0,200.0,238.0,238.0,232.0,234.0,229.0,212.0,248.0,319.0,327.0,311.0,353.0
8616,Portugal,Alcoholic Beverages,Stock Variation,-262.0,-139.0,-77.0,82.0,19.0,12.0,51.0,144.0,72.0,42.0,-30.0,125.0,146.0,20.0,58.0,141.0,143.0,156.0
8617,Portugal,Alcoholic Beverages,Export,266.0,247.0,333.0,468.0,468.0,431.0,507.0,557.0,503.0,438.0,490.0,607.0,666.0,577.0,580.0,488.0,467.0,513.0
8618,Portugal,Alcoholic Beverages,Domestic supply,1334.0,1313.0,1377.0,1365.0,1375.0,1371.0,1382.0,1295.0,1238.0,1220.0,1309.0,1192.0,1190.0,1107.0,1103.0,1117.0,1125.0,1107.0
8619,Portugal,Alcoholic Beverages,Losses,9.0,10.0,9.0,9.0,9.0,9.0,9.0,8.0,7.0,7.0,8.0,7.0,7.0,7.0,8.0,9.0,8.0,8.0
8620,Portugal,Alcoholic Beverages,Processing,45.0,90.0,55.0,50.0,27.0,46.0,25.0,28.0,28.0,63.0,60.0,25.0,47.0,46.0,41.0,47.0,46.0,44.0
8621,Portugal,Alcoholic Beverages,Other uses (non-food),44.0,40.0,43.0,33.0,40.0,33.0,67.0,70.0,59.0,34.0,45.0,40.0,40.0,34.0,35.0,46.0,56.0,45.0
8622,Portugal,Alcoholic Beverages,Human Consumption,1236.0,1173.0,1270.0,1273.0,1299.0,1283.0,1281.0,1189.0,1144.0,1116.0,1197.0,1120.0,1096.0,1020.0,1019.0,1016.0,1013.0,1010.0
8623,Portugal,Spices,Production,0.0,0.0,0.0,0.0,0.0,0.0,0.0,0.0,0.0,0.0,0.0,0.0,0.0,0.0,0.0,0.0,0.0,0.0
8624,Portugal,Milk - Excluding Butter,Other uses (non-food),102.0,102.0,105.0,99.0,98.0,97.0,101.0,105.0,110.0,104.0,112.0,91.0,112.0,117.0,114.0,112.0,114.0,114.0
8625,Portugal,Meat,Domestic supply,926.0,926.0,911.0,891.0,907.0,918.0,948.0,1022.0,1010.0,1020.0,1018.0,986.0,965.0,966.0,992.0,998.0,987.0,996.0
8626,Portugal,Meat,Export,20.0,24.0,26.0,26.0,33.0,40.0,46.0,64.0,72.0,74.0,78.0,98.0,112.0,119.0,134.0,141.0,147.0,133.0
8627,Portugal,Spices,Import,2.0,2.0,3.0,3.0,2.0,2.0,3.0,3.0,2.0,3.0,3.0,4.0,4.0,4.0,4.0,5.0,6.0,6.0
8628,Portugal,Meat,Import,218.0,224.0,220.0,238.0,247.0,250.0,290.0,337.0,290.0,312.0,308.0,298.0,314.0,352.0,366.0,353.0,343.0,353.0
8629,Portugal,Animal fats,Import,34.0,26.0,28.0,25.0,25.0,30.0,28.0,27.0,33.0,34.0,39.0,41.0,44.0,44.0,37.0,52.0,45.0,46.0
8630,Portugal,Animal fats,Production,138.0,137.0,144.0,143.0,143.0,146.0,152.0,159.0,162.0,160.0,161.0,158.0,158.0,152.0,98.0,107.0,105.0,102.0
8631,Portugal,Animal fats,Stock Variation,-3.0,0.0,-4.0,5.0,3.0,0.0,0.0,-10.0,0.0,0.0,0.0,-3.0,3.0,0.0,1.0,1.0,2.0,0.0
8632,Portugal,Animal fats,Export,21.0,20.0,19.0,28.0,35.0,33.0,28.0,32.0,52.0,35.0,52.0,46.0,50.0,42.0,47.0,47.0,53.0,50.0
8633,Portugal,Animal fats,Domestic supply,148.0,143.0,149.0,146.0,135.0,143.0,152.0,144.0,144.0,160.0,148.0,151.0,154.0,153.0,89.0,110.0,94.0,97.0
8634,Portugal,Animal fats,Feed,0.0,0.0,0.0,0.0,0.0,0.0,0.0,0.0,0.0,0.0,0.0,0.0,0.0,0.0,0.0,0.0,0.0,0.0
8635,Portugal,Meat,Stock Variation,0.0,0.0,0.0,0.0,0.0,0.0,0.0,0.0,0.0,0.0,0.0,0.0,0.0,-3.0,31.0,55.0,65.0,76.0
8636,Portugal,Animal fats,Processing,0.0,0.0,0.0,0.0,0.0,0.0,0.0,0.0,0.0,0.0,0.0,0.0,0.0,0.0,0.0,0.0,0.0,0.0
8637,Portugal,Animal fats,Other uses (non-food),17.0,12.0,12.0,11.0,8.0,7.0,13.0,12.0,11.0,17.0,11.0,9.0,10.0,11.0,8.0,19.0,12.0,10.0
8638,Portugal,Animal fats,Human Consumption,131.0,135.0,142.0,142.0,131.0,139.0,140.0,135.0,138.0,146.0,141.0,144.0,144.0,144.0,82.0,92.0,82.0,87.0
8639,Portugal,Animal fats,Losses,0.0,0.0,0.0,0.0,0.0,0.0,0.0,0.0,0.0,0.0,0.0,0.0,0.0,0.0,0.0,0.0,0.0,0.0
8640,Portugal,Offals,Import,8.0,9.0,8.0,9.0,8.0,8.0,8.0,9.0,9.0,8.0,8.0,7.0,7.0,7.0,6.0,7.0,6.0,6.0
8641,Portugal,Meat,Production,728.0,726.0,717.0,679.0,692.0,708.0,704.0,749.0,792.0,782.0,788.0,786.0,763.0,737.0,791.0,842.0,856.0,852.0
8642,Portugal,Offals,Production,55.0,52.0,55.0,56.0,55.0,57.0,58.0,59.0,62.0,62.0,61.0,61.0,58.0,54.0,53.0,57.0,57.0,55.0
8643,Portugal,Offals,Other uses (non-food),0.0,0.0,0.0,0.0,0.0,0.0,0.0,0.0,0.0,0.0,0.0,0.0,0.0,0.0,0.0,0.0,0.0,0.0
8644,Portugal,Offals,Processing,0.0,0.0,0.0,0.0,0.0,0.0,0.0,0.0,0.0,0.0,0.0,0.0,0.0,0.0,0.0,0.0,0.0,0.0
8645,Portugal,Offals,Human Consumption,61.0,59.0,61.0,64.0,60.0,62.0,63.0,65.0,64.0,62.0,61.0,59.0,52.0,49.0,42.0,49.0,47.0,45.0
8646,Portugal,Offals,Domestic supply,61.0,59.0,62.0,64.0,60.0,62.0,63.0,65.0,64.0,62.0,61.0,59.0,52.0,49.0,45.0,52.0,50.0,47.0
8647,Portugal,Offals,Export,1.0,2.0,2.0,2.0,3.0,3.0,3.0,4.0,8.0,8.0,8.0,9.0,12.0,12.0,15.0,12.0,13.0,14.0
8648,Portugal,Offals,Stock Variation,0.0,0.0,0.0,0.0,0.0,0.0,0.0,0.0,0.0,0.0,0.0,0.0,0.0,0.0,0.0,0.0,0.0,0.0
8649,Portugal,Offals,Losses,0.0,0.0,0.0,0.0,0.0,0.0,0.0,0.0,0.0,0.0,0.0,0.0,0.0,0.0,3.0,3.0,3.0,3.0
8650,Republic of Korea,Vegetables,Other uses (non-food),0.0,0.0,0.0,0.0,0.0,0.0,0.0,0.0,0.0,0.0,0.0,0.0,0.0,0.0,0.0,0.0,0.0,0.0
8651,Republic of Korea,Vegetables,Human Consumption,10836.0,10940.0,9665.0,10084.0,10843.0,10148.0,10598.0,10235.0,10667.0,10491.0,9520.0,10803.0,9691.0,10143.0,10933.0,9967.0,9641.0,10072.0
8652,Republic of Korea,Vegetable Oils,Production,275.0,294.0,295.0,274.0,259.0,237.0,262.0,255.0,242.0,244.0,243.0,249.0,242.0,265.0,289.0,316.0,320.0,315.0
8653,Republic of Korea,Vegetable Oils,Import,532.0,614.0,646.0,605.0,695.0,774.0,764.0,829.0,844.0,968.0,1107.0,1159.0,1260.0,1215.0,1396.0,1364.0,1468.0,1608.0
8654,Republic of Korea,Vegetable Oils,Stock Variation,18.0,-45.0,-68.0,-15.0,-15.0,-54.0,-75.0,-108.0,-60.0,-4.0,4.0,4.0,8.0,7.0,8.0,-3.0,21.0,92.0
8655,Republic of Korea,Vegetable Oils,Export,19.0,20.0,27.0,26.0,20.0,18.0,23.0,21.0,27.0,21.0,39.0,49.0,58.0,35.0,50.0,40.0,47.0,61.0
8656,Republic of Korea,Vegetable Oils,Domestic supply,806.0,843.0,846.0,838.0,919.0,940.0,928.0,955.0,999.0,1187.0,1316.0,1362.0,1452.0,1452.0,1627.0,1642.0,1720.0,1770.0
8657,Republic of Korea,Vegetable Oils,Processing,0.0,0.0,0.0,0.0,0.0,0.0,0.0,0.0,0.0,0.0,0.0,0.0,0.0,0.0,0.0,0.0,0.0,0.0
8658,Republic of Korea,Sugar & Sweeteners,Processing,7.0,2.0,14.0,20.0,0.0,0.0,0.0,0.0,0.0,0.0,0.0,0.0,0.0,0.0,110.0,110.0,110.0,110.0
8659,Republic of Korea,Vegetable Oils,Human Consumption,595.0,573.0,577.0,644.0,714.0,708.0,711.0,749.0,767.0,845.0,896.0,905.0,941.0,885.0,945.0,948.0,937.0,952.0
8660,Republic of Korea,Sugar & Sweeteners,Production,796.0,842.0,853.0,873.0,836.0,836.0,860.0,800.0,646.0,620.0,831.0,879.0,882.0,874.0,1523.0,1570.0,1619.0,1721.0
8661,Republic of Korea,Sugar & Sweeteners,Import,1527.0,1588.0,1611.0,1661.0,1722.0,1762.0,1630.0,1680.0,1850.0,1845.0,1823.0,1848.0,1951.0,2076.0,2115.0,2044.0,2175.0,2136.0
8662,Republic of Korea,Sugar & Sweeteners,Stock Variation,-114.0,-92.0,-46.0,-82.0,-100.0,-90.0,-11.0,-18.0,-44.0,-76.0,79.0,-74.0,116.0,88.0,246.0,190.0,296.0,325.0
8663,Republic of Korea,Sugar & Sweeteners,Export,424.0,437.0,451.0,451.0,466.0,476.0,453.0,492.0,442.0,461.0,616.0,626.0,665.0,680.0,895.0,911.0,990.0,939.0
8664,Republic of Korea,Sugar & Sweeteners,Domestic supply,1785.0,1901.0,1968.0,2001.0,1993.0,2032.0,2026.0,1969.0,2010.0,1929.0,2117.0,2027.0,2284.0,2358.0,2497.0,2512.0,2509.0,2592.0
8665,Republic of Korea,Sugar & Sweeteners,Feed,0.0,0.0,0.0,0.0,0.0,0.0,0.0,0.0,0.0,0.0,0.0,0.0,0.0,0.0,0.0,0.0,0.0,0.0
8666,Republic of Korea,Sugar & Sweeteners,Losses,0.0,0.0,0.0,0.0,0.0,0.0,0.0,0.0,0.0,0.0,0.0,0.0,0.0,0.0,1.0,1.0,1.0,1.0
8667,Republic of Korea,Sugar & Sweeteners,Other uses (non-food),162.0,214.0,201.0,229.0,239.0,245.0,238.0,232.0,264.0,257.0,271.0,248.0,437.0,466.0,442.0,461.0,449.0,453.0
8668,Republic of Korea,Vegetable Oils,Other uses (non-food),211.0,269.0,269.0,194.0,205.0,232.0,218.0,206.0,231.0,342.0,420.0,457.0,510.0,566.0,681.0,694.0,783.0,818.0
8669,Republic of Korea,Vegetables,Processing,0.0,0.0,0.0,0.0,0.0,0.0,0.0,0.0,0.0,0.0,0.0,0.0,0.0,0.0,0.0,0.0,0.0,0.0
8670,Republic of Korea,Fruits - Excluding Wine,Processing,5.0,4.0,4.0,37.0,36.0,37.0,41.0,65.0,94.0,161.0,289.0,342.0,346.0,403.0,445.0,521.0,511.0,485.0
8671,Republic of Korea,Vegetables,Feed,0.0,0.0,0.0,0.0,0.0,0.0,0.0,0.0,0.0,0.0,0.0,0.0,0.0,0.0,0.0,0.0,0.0,0.0
8672,Republic of Korea,Stimulants,Domestic supply,110.0,80.0,99.0,102.0,108.0,109.0,111.0,105.0,112.0,96.0,106.0,110.0,85.0,92.0,81.0,82.0,90.0,95.0
8673,Republic of Korea,Sugar & Sweeteners,Human Consumption,1616.0,1686.0,1752.0,1753.0,1754.0,1787.0,1788.0,1737.0,1746.0,1672.0,1846.0,1780.0,1847.0,1892.0,1944.0,1940.0,1948.0,2028.0
8674,Republic of Korea,Stimulants,Losses,0.0,0.0,0.0,0.0,0.0,0.0,0.0,0.0,0.0,0.0,0.0,0.0,0.0,0.0,0.0,0.0,0.0,0.0
8675,Republic of Korea,Stimulants,Processing,1.0,1.0,0.0,1.0,0.0,0.0,0.0,0.0,0.0,0.0,0.0,0.0,0.0,0.0,14.0,14.0,16.0,18.0
8676,Republic of Korea,Stimulants,Human Consumption,109.0,78.0,98.0,101.0,107.0,109.0,111.0,105.0,112.0,96.0,106.0,110.0,86.0,92.0,66.0,68.0,74.0,77.0
8677,Republic of Korea,Fruits - Excluding Wine,Production,2626.0,2707.0,2726.0,2495.0,2626.0,2808.0,2722.0,2967.0,2903.0,3099.0,2734.0,2642.0,2579.0,2752.0,2918.0,2902.0,2858.0,2896.0
8678,Republic of Korea,Fruits - Excluding Wine,Import,868.0,932.0,758.0,871.0,894.0,1177.0,1030.0,1277.0,1148.0,1010.0,1238.0,1338.0,1418.0,1334.0,876.0,907.0,959.0,1047.0
8679,Republic of Korea,Fruits - Excluding Wine,Stock Variation,1.0,-1.0,0.0,0.0,0.0,0.0,0.0,0.0,0.0,0.0,0.0,0.0,0.0,0.0,27.0,48.0,59.0,61.0
8680,Republic of Korea,Fruits - Excluding Wine,Export,34.0,45.0,54.0,48.0,56.0,85.0,84.0,83.0,127.0,135.0,123.0,84.0,88.0,91.0,64.0,60.0,65.0,67.0
8681,Republic of Korea,Fruits - Excluding Wine,Domestic supply,3460.0,3593.0,3430.0,3318.0,3463.0,3899.0,3668.0,4160.0,3925.0,3974.0,3849.0,3896.0,3909.0,3995.0,3703.0,3701.0,3692.0,3815.0
8682,Republic of Korea,Fruits - Excluding Wine,Feed,0.0,0.0,0.0,0.0,0.0,0.0,0.0,0.0,0.0,0.0,0.0,0.0,0.0,0.0,0.0,0.0,0.0,0.0
8683,Republic of Korea,Fruits - Excluding Wine,Losses,254.0,258.0,261.0,245.0,262.0,277.0,272.0,287.0,288.0,297.0,277.0,270.0,268.0,283.0,289.0,292.0,294.0,297.0
8684,Republic of Korea,Fruits - Excluding Wine,Other uses (non-food),3.0,4.0,4.0,4.0,4.0,5.0,6.0,5.0,5.0,10.0,11.0,11.0,9.0,11.0,13.0,13.0,13.0,13.0
8685,Republic of Korea,Fruits - Excluding Wine,Human Consumption,3198.0,3327.0,3161.0,3032.0,3162.0,3580.0,3349.0,3802.0,3549.0,3509.0,3273.0,3271.0,3290.0,3294.0,2956.0,2875.0,2875.0,3021.0
8686,Republic of Korea,Vegetables,Production,12236.0,12394.0,10853.0,11077.0,11842.0,10968.0,11308.0,10718.0,11268.0,11269.0,9870.0,11176.0,9927.0,10435.0,11279.0,10043.0,9763.0,10139.0
8687,Republic of Korea,Vegetables,Import,382.0,366.0,405.0,656.0,772.0,795.0,952.0,1077.0,1066.0,884.0,1115.0,1290.0,1257.0,1271.0,956.0,1178.0,1172.0,1346.0
8688,Republic of Korea,Vegetables,Stock Variation,0.0,0.0,0.0,0.0,0.0,0.0,0.0,0.0,0.0,0.0,0.0,0.0,0.0,0.0,-38.0,29.0,93.0,169.0
8689,Republic of Korea,Vegetables,Export,65.0,84.0,74.0,73.0,93.0,84.0,63.0,65.0,88.0,107.0,98.0,97.0,99.0,97.0,138.0,120.0,126.0,134.0
8690,Republic of Korea,Vegetables,Domestic supply,12553.0,12675.0,11185.0,11661.0,12521.0,11680.0,12197.0,11730.0,12245.0,12045.0,10887.0,12369.0,11084.0,11609.0,12135.0,11073.0,10716.0,11182.0
8691,Republic of Korea,Vegetables,Losses,1717.0,1736.0,1520.0,1577.0,1678.0,1532.0,1599.0,1495.0,1578.0,1555.0,1367.0,1566.0,1393.0,1466.0,1202.0,1106.0,1075.0,1110.0
8692,Republic of Korea,Pulses,Production,21.0,22.0,20.0,16.0,17.0,15.0,13.0,14.0,14.0,16.0,14.0,12.0,14.0,19.0,19.0,16.0,15.0,16.0
8693,Republic of Korea,Oilcrops,Feed,28.0,27.0,30.0,31.0,30.0,30.0,28.0,28.0,28.0,28.0,30.0,28.0,28.0,30.0,213.0,173.0,162.0,179.0
8694,Republic of Korea,Pulses,Stock Variation,0.0,0.0,0.0,0.0,0.0,0.0,0.0,0.0,0.0,0.0,0.0,0.0,0.0,0.0,15.0,-9.0,3.0,1.0
8695,Republic of Korea,Oilcrops,Human Consumption,457.0,467.0,548.0,631.0,492.0,501.0,519.0,548.0,538.0,514.0,503.0,569.0,593.0,591.0,491.0,477.0,447.0,460.0
8696,Republic of Korea,Starchy Roots,Production,1050.0,877.0,983.0,767.0,988.0,1177.0,917.0,927.0,934.0,942.0,916.0,878.0,950.0,1057.0,913.0,832.0,897.0,946.0
8697,Republic of Korea,Starchy Roots,Import,1371.0,1846.0,977.0,1246.0,1992.0,1204.0,1421.0,1380.0,3293.0,2264.0,1461.0,1676.0,2517.0,2582.0,741.0,574.0,612.0,554.0
8698,Republic of Korea,Starchy Roots,Stock Variation,0.0,0.0,0.0,0.0,0.0,0.0,0.0,0.0,0.0,0.0,0.0,0.0,0.0,0.0,-105.0,-33.0,32.0,14.0
8699,Republic of Korea,Starchy Roots,Export,0.0,0.0,0.0,2.0,2.0,1.0,1.0,2.0,2.0,2.0,2.0,1.0,3.0,3.0,3.0,1.0,2.0,2.0
8700,Republic of Korea,Starchy Roots,Domestic supply,2420.0,2722.0,1959.0,2012.0,2978.0,2380.0,2337.0,2305.0,4225.0,3204.0,2375.0,2552.0,3464.0,3636.0,1756.0,1438.0,1476.0,1484.0
8701,Republic of Korea,Starchy Roots,Feed,168.0,127.0,143.0,96.0,183.0,122.0,113.0,150.0,141.0,159.0,135.0,96.0,167.0,173.0,196.0,169.0,166.0,161.0
8702,Republic of Korea,Starchy Roots,Seed,37.0,38.0,33.0,39.0,47.0,38.0,34.0,38.0,37.0,42.0,42.0,40.0,47.0,41.0,41.0,34.0,36.0,45.0
8703,Republic of Korea,Starchy Roots,Losses,106.0,88.0,99.0,79.0,101.0,120.0,93.0,95.0,95.0,95.0,94.0,91.0,98.0,109.0,106.0,98.0,106.0,111.0
8704,Republic of Korea,Starchy Roots,Processing,1238.0,1728.0,831.0,1126.0,1846.0,1059.0,1238.0,1130.0,3015.0,1969.0,1241.0,1373.0,2101.0,2159.0,572.0,375.0,397.0,344.0
8705,Republic of Korea,Starchy Roots,Other uses (non-food),16.0,15.0,36.0,29.0,40.0,45.0,72.0,139.0,82.0,139.0,37.0,82.0,178.0,123.0,28.0,27.0,30.0,22.0
8706,Republic of Korea,Starchy Roots,Human Consumption,856.0,726.0,816.0,643.0,762.0,997.0,785.0,753.0,855.0,799.0,826.0,871.0,873.0,1031.0,813.0,734.0,740.0,800.0
8707,Republic of Korea,Sugar Crops,Import,0.0,0.0,0.0,0.0,0.0,0.0,0.0,0.0,0.0,0.0,0.0,0.0,0.0,1.0,0.0,1.0,1.0,1.0
8708,Republic of Korea,Sugar Crops,Stock Variation,0.0,0.0,0.0,0.0,0.0,0.0,0.0,0.0,0.0,0.0,0.0,0.0,0.0,0.0,0.0,0.0,0.0,0.0
8709,Republic of Korea,Sugar Crops,Export,0.0,0.0,0.0,0.0,0.0,0.0,0.0,0.0,0.0,0.0,0.0,0.0,0.0,0.0,0.0,0.0,0.0,0.0
8710,Republic of Korea,Sugar Crops,Domestic supply,0.0,0.0,0.0,0.0,0.0,0.0,0.0,0.0,0.0,0.0,0.0,0.0,0.0,1.0,0.0,1.0,1.0,1.0
8711,Republic of Korea,Sugar Crops,Feed,0.0,0.0,0.0,0.0,0.0,0.0,0.0,0.0,0.0,0.0,0.0,0.0,0.0,0.0,0.0,0.0,0.0,0.0
8712,Republic of Korea,Stimulants,Export,20.0,26.0,34.0,33.0,31.0,37.0,39.0,44.0,51.0,62.0,69.0,93.0,103.0,103.0,96.0,95.0,94.0,85.0
8713,Republic of Korea,Sugar Crops,Human Consumption,0.0,0.0,0.0,0.0,0.0,0.0,0.0,0.0,0.0,0.0,0.0,0.0,0.0,1.0,0.0,0.0,1.0,0.0
8714,Republic of Korea,Oilcrops,Other uses (non-food),0.0,0.0,0.0,0.0,0.0,0.0,0.0,0.0,0.0,0.0,0.0,0.0,0.0,0.0,0.0,0.0,0.0,0.0
8715,Republic of Korea,Pulses,Import,55.0,56.0,56.0,60.0,63.0,60.0,51.0,57.0,51.0,50.0,58.0,57.0,53.0,51.0,70.0,49.0,58.0,54.0
8716,Republic of Korea,Oilcrops,Processing,1284.0,1406.0,1432.0,1294.0,1227.0,1089.0,1212.0,1126.0,1101.0,1136.0,1183.0,1098.0,1089.0,1143.0,1236.0,1276.0,1283.0,1275.0
8717,Republic of Korea,Oilcrops,Seed,5.0,5.0,5.0,5.0,6.0,5.0,5.0,5.0,4.0,5.0,5.0,5.0,5.0,5.0,3.0,3.0,3.0,3.0
8718,Republic of Korea,Pulses,Export,0.0,0.0,0.0,0.0,0.0,0.0,0.0,0.0,0.0,0.0,0.0,0.0,0.0,0.0,1.0,0.0,0.0,0.0
8719,Republic of Korea,Pulses,Domestic supply,76.0,78.0,76.0,76.0,80.0,76.0,64.0,70.0,66.0,66.0,72.0,70.0,67.0,70.0,74.0,74.0,71.0,69.0
8720,Republic of Korea,Pulses,Feed,0.0,0.0,0.0,0.0,0.0,0.0,0.0,0.0,0.0,0.0,0.0,0.0,0.0,0.0,7.0,6.0,7.0,8.0
8721,Republic of Korea,Pulses,Seed,1.0,1.0,1.0,1.0,1.0,1.0,1.0,1.0,1.0,1.0,1.0,1.0,1.0,1.0,2.0,1.0,1.0,1.0
8722,Republic of Korea,Pulses,Losses,2.0,2.0,2.0,2.0,2.0,2.0,2.0,2.0,2.0,2.0,2.0,2.0,2.0,2.0,1.0,1.0,1.0,1.0
8723,Republic of Korea,Pulses,Human Consumption,73.0,75.0,73.0,73.0,77.0,73.0,62.0,68.0,63.0,64.0,69.0,67.0,61.0,63.0,65.0,66.0,62.0,59.0
8724,Republic of Korea,Treenuts,Production,107.0,109.0,86.0,74.0,88.0,92.0,97.0,95.0,92.0,96.0,91.0,83.0,77.0,82.0,82.0,79.0,74.0,73.0
8725,Republic of Korea,Treenuts,Import,22.0,21.0,34.0,43.0,46.0,47.0,63.0,67.0,61.0,74.0,81.0,96.0,127.0,141.0,88.0,85.0,99.0,101.0
8726,Republic of Korea,Treenuts,Stock Variation,0.0,0.0,0.0,0.0,0.0,0.0,0.0,0.0,0.0,0.0,0.0,0.0,0.0,0.0,14.0,10.0,23.0,23.0
8727,Republic of Korea,Treenuts,Export,16.0,18.0,15.0,14.0,17.0,17.0,16.0,13.0,13.0,14.0,14.0,12.0,13.0,14.0,11.0,10.0,10.0,12.0
8728,Republic of Korea,Treenuts,Domestic supply,113.0,112.0,104.0,103.0,117.0,122.0,144.0,149.0,140.0,156.0,157.0,167.0,192.0,208.0,145.0,144.0,139.0,140.0
8729,Republic of Korea,Treenuts,Losses,5.0,5.0,4.0,3.0,4.0,4.0,5.0,4.0,4.0,4.0,4.0,4.0,4.0,4.0,4.0,4.0,4.0,4.0
8730,Republic of Korea,Treenuts,Other uses (non-food),0.0,0.0,0.0,0.0,0.0,0.0,0.0,0.0,0.0,0.0,0.0,0.0,0.0,0.0,0.0,0.0,0.0,0.0
8731,Republic of Korea,Treenuts,Human Consumption,108.0,107.0,100.0,100.0,113.0,118.0,140.0,144.0,135.0,152.0,153.0,163.0,188.0,205.0,140.0,140.0,135.0,136.0
8732,Republic of Korea,Oilcrops,Production,177.0,180.0,168.0,144.0,185.0,231.0,201.0,166.0,183.0,189.0,163.0,179.0,170.0,209.0,208.0,179.0,158.0,167.0
8733,Republic of Korea,Oilcrops,Import,1744.0,1640.0,1843.0,1877.0,1608.0,1655.0,1508.0,1555.0,1653.0,1408.0,1575.0,1538.0,1561.0,1581.0,1721.0,1757.0,1795.0,1741.0
8734,Republic of Korea,Oilcrops,Stock Variation,-130.0,100.0,20.0,-43.0,-22.0,-245.0,70.0,0.0,-150.0,100.0,0.0,0.0,0.0,0.0,-31.0,-8.0,44.0,-21.0
8735,Republic of Korea,Oilcrops,Export,3.0,2.0,2.0,3.0,3.0,3.0,3.0,2.0,2.0,3.0,4.0,4.0,4.0,6.0,5.0,4.0,5.0,4.0
8736,Republic of Korea,Oilcrops,Domestic supply,1788.0,1918.0,2029.0,1975.0,1768.0,1638.0,1776.0,1719.0,1683.0,1695.0,1734.0,1714.0,1727.0,1784.0,1955.0,1940.0,1904.0,1926.0
8737,Republic of Korea,Oilcrops,Losses,13.0,13.0,13.0,13.0,13.0,13.0,13.0,12.0,12.0,13.0,13.0,13.0,13.0,14.0,13.0,11.0,9.0,9.0
8738,Republic of Korea,Stimulants,Stock Variation,0.0,0.0,0.0,0.0,0.0,0.0,0.0,0.0,0.0,0.0,0.0,0.0,0.0,0.0,1.0,8.0,21.0,32.0
8739,Republic of Korea,Spices,Domestic supply,22.0,38.0,36.0,33.0,36.0,34.0,27.0,32.0,25.0,28.0,29.0,32.0,31.0,25.0,25.0,25.0,23.0,23.0
8740,Republic of Korea,Stimulants,Production,1.0,1.0,1.0,2.0,2.0,1.0,1.0,1.0,2.0,2.0,3.0,3.0,3.0,3.0,2.0,2.0,2.0,3.0
8741,Republic of Korea,"Fish, Seafood",Domestic supply,2481.0,3154.0,2943.0,3050.0,3124.0,3203.0,3568.0,3569.0,3123.0,3010.0,2996.0,3164.0,3070.0,2833.0,3256.0,3219.0,3193.0,3193.0
8742,Republic of Korea,"Fish, Seafood",Feed,254.0,476.0,321.0,307.0,308.0,350.0,318.0,257.0,258.0,211.0,230.0,260.0,265.0,203.0,443.0,360.0,334.0,334.0
8743,Republic of Korea,"Fish, Seafood",Other uses (non-food),74.0,160.0,200.0,290.0,320.0,320.0,500.0,560.0,100.0,30.0,20.0,50.0,30.0,30.0,60.0,40.0,50.0,50.0
8744,Republic of Korea,"Fish, Seafood",Human Consumption,2154.0,2518.0,2422.0,2453.0,2496.0,2532.0,2750.0,2752.0,2765.0,2769.0,2746.0,2855.0,2775.0,2600.0,2753.0,2819.0,2809.0,2809.0
8745,Republic of Korea,Eggs,Production,500.0,553.0,562.0,563.0,534.0,543.0,566.0,574.0,597.0,634.0,621.0,627.0,632.0,647.0,657.0,754.0,713.0,747.0
8746,Republic of Korea,Eggs,Import,2.0,3.0,3.0,3.0,3.0,5.0,4.0,4.0,3.0,3.0,3.0,4.0,5.0,4.0,2.0,1.0,1.0,16.0
8747,Republic of Korea,Eggs,Stock Variation,0.0,0.0,0.0,0.0,0.0,0.0,0.0,0.0,0.0,0.0,0.0,0.0,0.0,0.0,0.0,0.0,0.0,1.0
8748,Republic of Korea,Eggs,Export,0.0,0.0,0.0,0.0,0.0,0.0,0.0,0.0,0.0,0.0,0.0,0.0,0.0,1.0,0.0,0.0,0.0,0.0
8749,Republic of Korea,"Fish, Seafood",Export,690.0,583.0,585.0,600.0,534.0,543.0,515.0,715.0,754.0,777.0,957.0,813.0,844.0,802.0,808.0,786.0,718.0,718.0
8750,Republic of Korea,Eggs,Domestic supply,502.0,556.0,565.0,566.0,537.0,548.0,570.0,578.0,600.0,636.0,623.0,631.0,636.0,650.0,659.0,755.0,714.0,762.0
8751,Republic of Korea,Eggs,Seed,32.0,36.0,41.0,40.0,42.0,47.0,49.0,52.0,51.0,55.0,59.0,61.0,64.0,64.0,42.0,68.0,62.0,53.0
8752,Republic of Korea,Eggs,Losses,25.0,28.0,28.0,28.0,27.0,27.0,28.0,29.0,30.0,32.0,31.0,31.0,32.0,32.0,33.0,38.0,37.0,37.0
8753,Republic of Korea,Eggs,Other uses (non-food),0.0,0.0,0.0,0.0,0.0,0.0,0.0,0.0,0.0,0.0,0.0,0.0,0.0,0.0,0.0,0.0,0.0,0.0
8754,Republic of Korea,Eggs,Human Consumption,445.0,492.0,496.0,497.0,469.0,474.0,493.0,497.0,519.0,549.0,534.0,539.0,540.0,554.0,502.0,506.0,509.0,524.0
8755,Republic of Korea,Milk - Excluding Butter,Production,2257.0,2343.0,2542.0,2371.0,2260.0,2234.0,2189.0,2193.0,2204.0,2226.0,2077.0,1893.0,2115.0,2097.0,2222.0,2177.0,2079.0,2069.0
8756,Republic of Korea,Milk - Excluding Butter,Import,312.0,367.0,345.0,369.0,407.0,456.0,466.0,515.0,471.0,509.0,558.0,1003.0,938.0,1014.0,387.0,407.0,411.0,465.0
8757,Republic of Korea,Milk - Excluding Butter,Stock Variation,0.0,0.0,0.0,0.0,0.0,0.0,0.0,0.0,0.0,0.0,0.0,0.0,0.0,0.0,-28.0,-53.0,-62.0,13.0
8758,Republic of Korea,Milk - Excluding Butter,Export,12.0,9.0,11.0,13.0,12.0,14.0,14.0,10.0,11.0,17.0,21.0,11.0,16.0,23.0,26.0,22.0,24.0,26.0
8759,Republic of Korea,Eggs,Feed,0.0,0.0,0.0,0.0,0.0,0.0,0.0,0.0,0.0,0.0,0.0,0.0,0.0,0.0,83.0,143.0,137.0,148.0
8760,Republic of Korea,"Fish, Seafood",Stock Variation,9.0,0.0,0.0,0.0,0.0,0.0,0.0,-22.0,-33.0,-56.0,111.0,0.0,0.0,0.0,-22.0,-22.0,44.0,44.0
8761,Republic of Korea,"Fish, Seafood",Import,1079.0,1487.0,1564.0,1621.0,1686.0,1684.0,1828.0,1848.0,1496.0,1534.0,1655.0,1748.0,1780.0,1659.0,1897.0,1936.0,2018.0,2018.0
8762,Republic of Korea,"Fish, Seafood",Production,2083.0,2250.0,1963.0,2030.0,1972.0,2062.0,2255.0,2459.0,2415.0,2308.0,2186.0,2230.0,2134.0,1977.0,2189.0,2091.0,1848.0,1848.0
8763,Republic of Korea,Stimulants,Import,128.0,104.0,131.0,133.0,137.0,146.0,148.0,148.0,161.0,156.0,173.0,200.0,186.0,192.0,176.0,183.0,201.0,210.0
8764,Republic of Korea,Cereals - Excluding Beer,Import,12978.0,12640.0,13709.0,13243.0,12437.0,12860.0,12935.0,12659.0,12600.0,11978.0,13829.0,13553.0,14761.0,14562.0,15722.0,16218.0,15977.0,15585.0
8765,Republic of Korea,Cereals - Excluding Beer,Stock Variation,-727.0,-383.0,-225.0,-719.0,-457.0,-171.0,-505.0,-329.0,4.0,625.0,169.0,825.0,-2.0,-108.0,-426.0,-395.0,-884.0,-1065.0
8766,Republic of Korea,Cereals - Excluding Beer,Export,192.0,219.0,191.0,177.0,135.0,161.0,185.0,180.0,125.0,185.0,258.0,198.0,204.0,206.0,239.0,268.0,263.0,258.0
8767,Republic of Korea,Cereals - Excluding Beer,Domestic supply,17164.0,17432.0,18149.0,16790.0,16717.0,17201.0,16686.0,16400.0,17078.0,17010.0,17825.0,18134.0,18361.0,18182.0,21761.0,22322.0,22429.0,21897.0
8768,Republic of Korea,Cereals - Excluding Beer,Feed,7409.0,7430.0,8331.0,7206.0,6941.0,7573.0,7178.0,6940.0,7963.0,7567.0,8061.0,8083.0,8521.0,8215.0,9331.0,9737.0,9774.0,9123.0
8769,Republic of Korea,Cereals - Excluding Beer,Seed,42.0,41.0,39.0,39.0,38.0,36.0,36.0,36.0,35.0,35.0,33.0,28.0,28.0,28.0,42.0,42.0,41.0,38.0
8770,Republic of Korea,Cereals - Excluding Beer,Losses,537.0,736.0,668.0,706.0,689.0,692.0,594.0,640.0,581.0,590.0,501.0,476.0,446.0,544.0,573.0,584.0,565.0,629.0
8771,Republic of Korea,Cereals - Excluding Beer,Processing,1745.0,1845.0,1879.0,1898.0,1893.0,1869.0,1905.0,1850.0,1686.0,1638.0,1891.0,1978.0,1964.0,1979.0,2045.0,2076.0,2117.0,2260.0
8772,Republic of Korea,Cereals - Excluding Beer,Other uses (non-food),58.0,61.0,103.0,99.0,203.0,158.0,180.0,127.0,62.0,61.0,119.0,231.0,204.0,75.0,186.0,200.0,223.0,270.0
8773,Republic of Korea,Cereals - Excluding Beer,Human Consumption,7372.0,7320.0,7128.0,6842.0,6954.0,6873.0,6793.0,6806.0,6749.0,7121.0,7221.0,7338.0,7198.0,7340.0,9583.0,9682.0,9709.0,9578.0
8774,Republic of Korea,"Aquatic Products, Other",Production,423.0,427.0,535.0,472.0,571.0,658.0,797.0,828.0,951.0,893.0,938.0,1033.0,1056.0,1163.0,1124.0,1243.0,1407.0,1407.0
8775,Republic of Korea,"Aquatic Products, Other",Import,28.0,31.0,48.0,57.0,71.0,64.0,74.0,71.0,72.0,67.0,69.0,83.0,32.0,26.0,30.0,36.0,30.0,30.0
8776,Republic of Korea,"Aquatic Products, Other",Stock Variation,0.0,0.0,0.0,0.0,0.0,0.0,0.0,0.0,0.0,0.0,0.0,0.0,0.0,0.0,0.0,0.0,0.0,0.0
8777,Republic of Korea,"Aquatic Products, Other",Export,38.0,38.0,33.0,34.0,41.0,41.0,34.0,24.0,29.0,29.0,36.0,44.0,52.0,50.0,46.0,51.0,66.0,66.0
8778,Republic of Korea,"Aquatic Products, Other",Domestic supply,413.0,420.0,551.0,495.0,601.0,680.0,837.0,875.0,994.0,931.0,971.0,1072.0,1036.0,1138.0,1108.0,1228.0,1371.0,1371.0
8779,Republic of Korea,"Aquatic Products, Other",Seed,0.0,0.0,0.0,0.0,0.0,0.0,0.0,0.0,0.0,0.0,0.0,0.0,0.0,0.0,0.0,0.0,0.0,0.0
8780,Republic of Korea,"Aquatic Products, Other",Other uses (non-food),0.0,0.0,0.0,0.0,0.0,0.0,0.0,0.0,0.0,0.0,0.0,0.0,0.0,0.0,0.0,0.0,0.0,0.0
8781,Republic of Korea,"Aquatic Products, Other",Human Consumption,413.0,420.0,551.0,495.0,601.0,680.0,837.0,875.0,994.0,931.0,971.0,1072.0,1036.0,1138.0,1108.0,1228.0,1371.0,1371.0
8782,Republic of Korea,Milk - Excluding Butter,Domestic supply,2557.0,2702.0,2875.0,2728.0,2656.0,2676.0,2641.0,2697.0,2664.0,2718.0,2615.0,2886.0,3036.0,3088.0,2611.0,2614.0,2527.0,2496.0
8783,Republic of Korea,Milk - Excluding Butter,Feed,1150.0,1228.0,1181.0,1373.0,1365.0,1280.0,1332.0,1238.0,1238.0,1342.0,1412.0,1442.0,1370.0,1393.0,1634.0,1615.0,1611.0,1500.0
8784,Republic of Korea,Cereals - Excluding Beer,Production,5104.0,5394.0,4856.0,4442.0,4872.0,4673.0,4441.0,4250.0,4599.0,4592.0,4085.0,3955.0,3807.0,3935.0,5853.0,5976.0,5831.0,5505.0
8785,Republic of Korea,Milk - Excluding Butter,Processing,0.0,0.0,0.0,0.0,0.0,0.0,0.0,0.0,0.0,0.0,0.0,0.0,0.0,0.0,0.0,3.0,12.0,0.0
8786,Republic of Korea,Meat,Processing,0.0,0.0,0.0,0.0,0.0,0.0,0.0,0.0,0.0,0.0,0.0,0.0,0.0,0.0,0.0,0.0,0.0,0.0
8787,Republic of Korea,Meat,Human Consumption,2188.0,2017.0,2336.0,2475.0,2111.0,2342.0,2585.0,2678.0,2677.0,2716.0,2865.0,3032.0,3117.0,3134.0,3225.0,3393.0,3515.0,3612.0
8788,Republic of Korea,Miscellaneous,Import,2.0,3.0,3.0,3.0,3.0,3.0,3.0,2.0,2.0,2.0,3.0,3.0,3.0,3.0,229.0,237.0,246.0,254.0
8789,Republic of Korea,Miscellaneous,Stock Variation,0.0,0.0,0.0,0.0,0.0,0.0,0.0,0.0,0.0,0.0,0.0,0.0,0.0,0.0,0.0,0.0,0.0,0.0
8790,Republic of Korea,Miscellaneous,Export,3.0,7.0,5.0,10.0,11.0,11.0,9.0,8.0,10.0,8.0,9.0,10.0,12.0,12.0,346.0,353.0,392.0,445.0
8791,Republic of Korea,Miscellaneous,Domestic supply,-1.0,-4.0,-3.0,-7.0,-8.0,-8.0,-7.0,-6.0,-8.0,-6.0,-6.0,-7.0,-9.0,-8.0,-116.0,-116.0,-145.0,-191.0
8792,Republic of Korea,Alcoholic Beverages,Production,3053.0,3325.0,3372.0,3414.0,3493.0,3441.0,3530.0,3649.0,3759.0,3636.0,3853.0,3928.0,3971.0,4033.0,4047.0,4222.0,4186.0,4095.0
8793,Republic of Korea,Alcoholic Beverages,Import,204.0,226.0,252.0,252.0,255.0,264.0,280.0,302.0,346.0,293.0,320.0,347.0,380.0,390.0,447.0,523.0,580.0,729.0
8794,Republic of Korea,Meat,Domestic supply,2188.0,2017.0,2336.0,2475.0,2111.0,2342.0,2585.0,2678.0,2677.0,2716.0,2865.0,3032.0,3117.0,3134.0,3222.0,3392.0,3514.0,3611.0
8795,Republic of Korea,Alcoholic Beverages,Stock Variation,0.0,0.0,0.0,0.0,0.0,0.0,0.0,0.0,0.0,-5.0,-18.0,20.0,10.0,-7.0,46.0,199.0,177.0,91.0
8796,Republic of Korea,Alcoholic Beverages,Domestic supply,3120.0,3404.0,3466.0,3501.0,3567.0,3526.0,3626.0,3766.0,3877.0,3673.0,3837.0,3892.0,3940.0,3993.0,4011.0,4075.0,4159.0,4280.0
8797,Republic of Korea,Alcoholic Beverages,Other uses (non-food),175.0,182.0,199.0,197.0,205.0,204.0,214.0,213.0,250.0,207.0,224.0,242.0,243.0,239.0,266.0,246.0,272.0,306.0
8798,Republic of Korea,Alcoholic Beverages,Human Consumption,2945.0,3222.0,3267.0,3304.0,3362.0,3323.0,3412.0,3553.0,3627.0,3466.0,3613.0,3650.0,3697.0,3755.0,3744.0,3829.0,3887.0,3974.0
8799,Republic of Korea,Spices,Production,3.0,4.0,6.0,4.0,4.0,6.0,5.0,6.0,4.0,3.0,5.0,5.0,4.0,5.0,6.0,4.0,4.0,5.0
8800,Republic of Korea,Spices,Import,21.0,36.0,32.0,31.0,34.0,30.0,24.0,28.0,23.0,27.0,26.0,29.0,29.0,23.0,24.0,25.0,27.0,19.0
8801,Republic of Korea,Spices,Stock Variation,0.0,0.0,0.0,0.0,0.0,0.0,0.0,0.0,0.0,0.0,0.0,0.0,0.0,0.0,3.0,1.0,5.0,-2.0
8802,Republic of Korea,Spices,Export,2.0,2.0,2.0,2.0,2.0,2.0,2.0,2.0,2.0,2.0,2.0,2.0,3.0,2.0,2.0,3.0,3.0,3.0
8803,Republic of Korea,Milk - Excluding Butter,Losses,45.0,47.0,51.0,48.0,45.0,45.0,44.0,44.0,44.0,45.0,42.0,38.0,42.0,42.0,45.0,44.0,42.0,42.0
8804,Republic of Korea,Alcoholic Beverages,Export,137.0,147.0,159.0,165.0,181.0,178.0,185.0,185.0,228.0,252.0,318.0,403.0,421.0,423.0,438.0,472.0,430.0,453.0
8805,Republic of Korea,Meat,Export,47.0,56.0,37.0,54.0,33.0,36.0,36.0,33.0,34.0,36.0,35.0,43.0,47.0,56.0,47.0,59.0,58.0,30.0
8806,Republic of Korea,Spices,Human Consumption,22.0,38.0,36.0,33.0,36.0,34.0,27.0,32.0,25.0,28.0,29.0,32.0,31.0,25.0,25.0,25.0,23.0,23.0
8807,Republic of Korea,Meat,Import,585.0,481.0,717.0,746.0,562.0,738.0,849.0,871.0,837.0,787.0,883.0,1266.0,1064.0,948.0,1043.0,1170.0,1275.0,1341.0
8808,Republic of Korea,Milk - Excluding Butter,Other uses (non-food),73.0,71.0,79.0,69.0,72.0,83.0,86.0,125.0,95.0,71.0,62.0,91.0,207.0,222.0,22.0,24.0,24.0,24.0
8809,Republic of Korea,Milk - Excluding Butter,Human Consumption,1288.0,1356.0,1564.0,1238.0,1173.0,1269.0,1179.0,1290.0,1287.0,1260.0,1099.0,1315.0,1417.0,1431.0,918.0,927.0,838.0,931.0
8810,Republic of Korea,Animal fats,Production,229.0,231.0,248.0,269.0,243.0,229.0,239.0,247.0,250.0,253.0,265.0,212.0,262.0,287.0,169.0,172.0,173.0,175.0
8811,Republic of Korea,Animal fats,Import,110.0,110.0,122.0,89.0,117.0,132.0,180.0,181.0,149.0,184.0,151.0,157.0,100.0,67.0,54.0,74.0,66.0,67.0
8812,Republic of Korea,Animal fats,Stock Variation,-1.0,0.0,0.0,-2.0,-1.0,0.0,1.0,2.0,1.0,0.0,-1.0,0.0,0.0,0.0,2.0,13.0,12.0,4.0
8813,Republic of Korea,Meat,Stock Variation,0.0,0.0,-6.0,6.0,-6.0,0.0,0.0,0.0,0.0,0.0,0.0,0.0,0.0,0.0,105.0,133.0,137.0,102.0
8814,Republic of Korea,Animal fats,Domestic supply,333.0,333.0,364.0,349.0,352.0,355.0,415.0,421.0,391.0,431.0,411.0,364.0,356.0,332.0,213.0,223.0,218.0,229.0
8815,Republic of Korea,Animal fats,Feed,20.0,21.0,30.0,16.0,14.0,21.0,20.0,18.0,21.0,37.0,27.0,22.0,24.0,11.0,14.0,12.0,11.0,11.0
8816,Republic of Korea,Animal fats,Losses,0.0,0.0,0.0,0.0,0.0,0.0,0.0,0.0,0.0,0.0,0.0,0.0,0.0,0.0,1.0,1.0,1.0,1.0
8817,Republic of Korea,Animal fats,Export,5.0,8.0,6.0,7.0,8.0,7.0,6.0,9.0,8.0,6.0,4.0,5.0,6.0,22.0,7.0,10.0,9.0,8.0
8818,Republic of Korea,Animal fats,Human Consumption,131.0,129.0,133.0,145.0,149.0,141.0,135.0,139.0,143.0,157.0,163.0,174.0,167.0,171.0,189.0,197.0,201.0,208.0
8819,Republic of Korea,Animal fats,Other uses (non-food),182.0,182.0,201.0,188.0,189.0,192.0,259.0,264.0,227.0,237.0,220.0,168.0,165.0,152.0,12.0,14.0,6.0,10.0
8820,Republic of Korea,Offals,Human Consumption,160.0,149.0,173.0,178.0,154.0,153.0,161.0,164.0,162.0,162.0,179.0,172.0,193.0,219.0,202.0,204.0,201.0,194.0
8821,Republic of Korea,Offals,Losses,0.0,0.0,0.0,0.0,0.0,0.0,0.0,0.0,0.0,0.0,0.0,0.0,0.0,0.0,10.0,10.0,10.0,10.0
8822,Republic of Korea,Offals,Feed,0.0,0.0,0.0,0.0,0.0,0.0,0.0,0.0,0.0,0.0,0.0,0.0,0.0,0.0,41.0,43.0,45.0,54.0
8823,Republic of Korea,Meat,Production,1649.0,1592.0,1662.0,1776.0,1588.0,1640.0,1772.0,1840.0,1874.0,1965.0,2017.0,1808.0,2101.0,2242.0,2330.0,2414.0,2434.0,2402.0
8824,Republic of Korea,Offals,Export,3.0,5.0,2.0,1.0,2.0,2.0,1.0,2.0,2.0,5.0,0.0,0.0,0.0,0.0,0.0,0.0,1.0,0.0
8825,Republic of Korea,Offals,Import,30.0,31.0,47.0,42.0,23.0,30.0,40.0,36.0,29.0,26.0,40.0,54.0,46.0,53.0,55.0,57.0,55.0,55.0
8826,Republic of Korea,Offals,Production,133.0,123.0,127.0,137.0,133.0,125.0,122.0,130.0,135.0,140.0,140.0,118.0,146.0,166.0,199.0,200.0,202.0,204.0
8827,Republic of Korea,Offals,Domestic supply,160.0,149.0,173.0,178.0,154.0,153.0,161.0,164.0,162.0,162.0,179.0,172.0,193.0,219.0,254.0,258.0,256.0,259.0
8828,Republic of Moldova,Vegetable Oils,Import,3.0,4.0,11.0,7.0,9.0,8.0,8.0,9.0,8.0,8.0,8.0,8.0,11.0,14.0,12.0,10.0,12.0,16.0
8829,Republic of Moldova,Vegetable Oils,Stock Variation,-1.0,-4.0,-9.0,6.0,2.0,2.0,-39.0,-12.0,3.0,28.0,-1.0,8.0,1.0,9.0,-1.0,-9.0,2.0,14.0
8830,Republic of Moldova,Vegetable Oils,Export,8.0,23.0,33.0,57.0,71.0,59.0,57.0,71.0,49.0,66.0,50.0,67.0,74.0,45.0,93.0,99.0,63.0,70.0
8831,Republic of Moldova,Vegetable Oils,Domestic supply,17.0,14.0,21.0,28.0,26.0,28.0,34.0,46.0,55.0,53.0,45.0,46.0,49.0,50.0,38.0,38.0,51.0,46.0
8832,Republic of Moldova,Vegetable Oils,Processing,0.0,0.0,0.0,0.0,0.0,0.0,0.0,0.0,0.0,0.0,0.0,0.0,0.0,0.0,1.0,0.0,1.0,1.0
8833,Republic of Moldova,Vegetable Oils,Other uses (non-food),3.0,4.0,9.0,11.0,8.0,8.0,8.0,9.0,7.0,4.0,5.0,4.0,5.0,6.0,5.0,4.0,5.0,6.0
8834,Republic of Moldova,Vegetable Oils,Human Consumption,14.0,11.0,13.0,18.0,18.0,21.0,28.0,39.0,50.0,51.0,42.0,43.0,46.0,44.0,33.0,34.0,47.0,39.0
8835,Republic of Moldova,Sugar & Sweeteners,Production,121.0,150.0,197.0,132.0,138.0,161.0,179.0,100.0,163.0,51.0,117.0,104.0,99.0,157.0,259.0,156.0,111.0,141.0
8836,Republic of Moldova,Pulses,Import,0.0,0.0,1.0,2.0,5.0,2.0,2.0,3.0,2.0,2.0,1.0,0.0,1.0,1.0,1.0,1.0,1.0,2.0
8837,Republic of Moldova,Sugar & Sweeteners,Stock Variation,-17.0,-39.0,-120.0,-67.0,-27.0,-52.0,-41.0,72.0,-58.0,74.0,-15.0,-31.0,-17.0,-88.0,34.0,-53.0,1.0,53.0
8838,Republic of Moldova,Sugar & Sweeteners,Export,10.0,31.0,51.0,31.0,7.0,15.0,34.0,49.0,19.0,59.0,37.0,15.0,42.0,36.0,96.0,85.0,82.0,51.0
8839,Republic of Moldova,Sugar & Sweeteners,Domestic supply,106.0,116.0,114.0,118.0,108.0,109.0,112.0,139.0,115.0,93.0,85.0,88.0,83.0,84.0,169.0,160.0,113.0,140.0
8840,Republic of Moldova,Sugar & Sweeteners,Feed,0.0,0.0,0.0,0.0,0.0,0.0,0.0,0.0,0.0,0.0,0.0,0.0,0.0,0.0,0.0,0.0,0.0,0.0
8841,Republic of Moldova,Sugar & Sweeteners,Losses,0.0,0.0,0.0,0.0,0.0,0.0,0.0,0.0,0.0,0.0,0.0,0.0,0.0,0.0,0.0,0.0,0.0,0.0
8842,Republic of Moldova,Sugar & Sweeteners,Processing,3.0,1.0,8.0,1.0,1.0,1.0,1.0,1.0,1.0,1.0,1.0,1.0,1.0,1.0,16.0,11.0,16.0,14.0
8843,Republic of Moldova,Sugar & Sweeteners,Human Consumption,103.0,115.0,106.0,116.0,107.0,108.0,111.0,138.0,114.0,91.0,84.0,87.0,82.0,82.0,152.0,148.0,96.0,126.0
8844,Republic of Moldova,Pulses,Production,29.0,78.0,48.0,30.0,51.0,65.0,65.0,14.0,36.0,27.0,36.0,32.0,17.0,25.0,33.0,25.0,41.0,42.0
8845,Republic of Moldova,Sugar & Sweeteners,Import,12.0,35.0,88.0,84.0,5.0,16.0,9.0,15.0,30.0,27.0,20.0,29.0,43.0,51.0,40.0,35.0,84.0,103.0
8846,Republic of Moldova,Vegetable Oils,Production,22.0,38.0,52.0,73.0,85.0,77.0,122.0,120.0,93.0,84.0,88.0,97.0,112.0,73.0,118.0,118.0,104.0,114.0
8847,Republic of Moldova,Fruits - Excluding Wine,Human Consumption,221.0,225.0,218.0,196.0,164.0,160.0,171.0,171.0,196.0,138.0,146.0,155.0,218.0,194.0,228.0,262.0,290.0,163.0
8848,Republic of Moldova,Vegetables,Processing,0.0,0.0,0.0,0.0,0.0,0.0,0.0,0.0,0.0,0.0,0.0,0.0,0.0,0.0,10.0,7.0,10.0,8.0
8849,Republic of Moldova,Pulses,Stock Variation,0.0,0.0,0.0,0.0,0.0,0.0,0.0,0.0,0.0,0.0,0.0,0.0,0.0,0.0,1.0,-1.0,2.0,-4.0
8850,Republic of Moldova,Stimulants,Human Consumption,1.0,3.0,3.0,4.0,6.0,7.0,8.0,8.0,10.0,9.0,10.0,11.0,10.0,11.0,4.0,4.0,4.0,4.0
8851,Republic of Moldova,Fruits - Excluding Wine,Production,953.0,814.0,954.0,1276.0,1098.0,891.0,784.0,865.0,992.0,983.0,792.0,959.0,877.0,1019.0,1079.0,1074.0,1198.0,1009.0
8852,Republic of Moldova,Fruits - Excluding Wine,Import,9.0,12.0,28.0,32.0,41.0,83.0,63.0,60.0,54.0,55.0,66.0,72.0,72.0,67.0,57.0,59.0,44.0,43.0
8853,Republic of Moldova,Fruits - Excluding Wine,Stock Variation,-26.0,-5.0,1.0,-220.0,-29.0,197.0,-43.0,-4.0,-102.0,56.0,63.0,10.0,15.0,10.0,40.0,71.0,32.0,-5.0
8854,Republic of Moldova,Fruits - Excluding Wine,Export,137.0,224.0,223.0,367.0,378.0,371.0,261.0,289.0,212.0,326.0,348.0,375.0,320.0,450.0,377.0,353.0,387.0,543.0
8855,Republic of Moldova,Fruits - Excluding Wine,Domestic supply,799.0,597.0,760.0,721.0,732.0,801.0,544.0,632.0,734.0,768.0,573.0,667.0,644.0,646.0,719.0,708.0,823.0,514.0
8856,Republic of Moldova,Fruits - Excluding Wine,Feed,38.0,25.0,57.0,100.0,18.0,54.0,14.0,17.0,21.0,12.0,15.0,2.0,0.0,0.0,3.0,20.0,7.0,0.0
8857,Republic of Moldova,Vegetables,Human Consumption,321.0,418.0,362.0,385.0,328.0,392.0,513.0,244.0,421.0,390.0,388.0,387.0,254.0,313.0,326.0,249.0,319.0,305.0
8858,Republic of Moldova,Fruits - Excluding Wine,Losses,34.0,35.0,38.0,71.0,46.0,47.0,42.0,35.0,33.0,39.0,34.0,33.0,74.0,82.0,72.0,75.0,81.0,68.0
8859,Republic of Moldova,Fruits - Excluding Wine,Other uses (non-food),351.0,92.0,234.0,85.0,45.0,37.0,52.0,236.0,260.0,403.0,205.0,303.0,134.0,198.0,198.0,219.0,214.0,131.0
8860,Republic of Moldova,Vegetables,Production,396.0,488.0,427.0,434.0,374.0,440.0,569.0,265.0,448.0,415.0,449.0,448.0,288.0,349.0,375.0,271.0,357.0,357.0
8861,Republic of Moldova,Sugar Crops,Human Consumption,0.0,0.0,0.0,0.0,0.0,0.0,0.0,0.0,0.0,0.0,0.0,0.0,0.0,0.0,0.0,0.0,0.0,0.0
8862,Republic of Moldova,Vegetables,Stock Variation,-1.0,-1.0,-1.0,-2.0,1.0,-6.0,-6.0,8.0,-9.0,13.0,0.0,0.0,0.0,0.0,7.0,3.0,5.0,8.0
8863,Republic of Moldova,Vegetables,Export,45.0,50.0,49.0,32.0,43.0,43.0,50.0,49.0,50.0,51.0,48.0,63.0,54.0,49.0,42.0,32.0,30.0,30.0
8864,Republic of Moldova,Vegetables,Domestic supply,354.0,450.0,392.0,422.0,360.0,428.0,557.0,272.0,462.0,423.0,446.0,444.0,283.0,341.0,375.0,286.0,367.0,350.0
8865,Republic of Moldova,Vegetables,Feed,5.0,6.0,5.0,7.0,5.0,7.0,6.0,6.0,7.0,5.0,23.0,23.0,7.0,5.0,9.0,7.0,9.0,7.0
8866,Republic of Moldova,Vegetables,Losses,28.0,26.0,25.0,30.0,27.0,30.0,38.0,22.0,34.0,28.0,35.0,34.0,23.0,24.0,32.0,24.0,31.0,31.0
8867,Republic of Moldova,Fruits - Excluding Wine,Processing,155.0,220.0,213.0,269.0,458.0,503.0,265.0,173.0,223.0,175.0,183.0,187.0,217.0,214.0,218.0,200.0,231.0,255.0
8868,Republic of Moldova,Pulses,Export,2.0,4.0,15.0,2.0,3.0,17.0,15.0,2.0,1.0,1.0,2.0,6.0,1.0,1.0,3.0,3.0,12.0,24.0
8869,Republic of Moldova,Oilcrops,Other uses (non-food),0.0,0.0,0.0,0.0,0.0,0.0,0.0,0.0,0.0,0.0,0.0,0.0,0.0,0.0,0.0,0.0,0.0,0.0
8870,Republic of Moldova,Pulses,Feed,23.0,67.0,28.0,26.0,47.0,43.0,45.0,5.0,27.0,20.0,26.0,20.0,13.0,20.0,24.0,18.0,21.0,17.0
8871,Republic of Moldova,Starchy Roots,Stock Variation,0.0,0.0,0.0,0.0,0.0,0.0,-30.0,30.0,0.0,0.0,0.0,-80.0,80.0,0.0,20.0,-54.0,-14.0,-11.0
8872,Republic of Moldova,Starchy Roots,Export,0.0,0.0,0.0,0.0,0.0,0.0,1.0,0.0,0.0,0.0,16.0,25.0,8.0,1.0,8.0,8.0,0.0,1.0
8873,Republic of Moldova,Starchy Roots,Domestic supply,364.0,408.0,359.0,364.0,349.0,395.0,365.0,255.0,303.0,302.0,307.0,267.0,277.0,270.0,268.0,240.0,266.0,252.0
8874,Republic of Moldova,Starchy Roots,Feed,131.0,128.0,74.0,80.0,92.0,95.0,21.0,24.0,79.0,77.0,90.0,43.0,81.0,72.0,70.0,45.0,61.0,55.0
8875,Republic of Moldova,Starchy Roots,Seed,9.0,10.0,8.0,7.0,8.0,7.0,8.0,7.0,6.0,6.0,6.0,5.0,5.0,5.0,6.0,3.0,5.0,4.0
8876,Republic of Moldova,Starchy Roots,Losses,2.0,2.0,2.0,2.0,2.0,2.0,2.0,1.0,2.0,2.0,2.0,2.0,1.0,1.0,2.0,1.0,7.0,7.0
8877,Republic of Moldova,Starchy Roots,Processing,0.0,0.0,0.0,0.0,0.0,0.0,0.0,0.0,0.0,0.0,0.0,0.0,0.0,0.0,0.0,0.0,0.0,0.0
8878,Republic of Moldova,Starchy Roots,Other uses (non-food),1.0,2.0,4.0,3.0,4.0,5.0,5.0,5.0,5.0,5.0,4.0,3.0,4.0,3.0,0.0,1.0,1.0,0.0
8879,Republic of Moldova,Starchy Roots,Import,34.0,24.0,34.0,61.0,31.0,17.0,19.0,26.0,32.0,42.0,44.0,21.0,23.0,31.0,28.0,35.0,38.0,45.0
8880,Republic of Moldova,Starchy Roots,Human Consumption,221.0,267.0,271.0,272.0,243.0,285.0,330.0,217.0,212.0,213.0,205.0,214.0,187.0,188.0,191.0,190.0,193.0,185.0
8881,Republic of Moldova,Sugar Crops,Import,0.0,0.0,0.0,0.0,0.0,0.0,0.0,0.0,0.0,0.0,0.0,0.0,0.0,0.0,0.0,0.0,0.0,0.0
8882,Republic of Moldova,Sugar Crops,Stock Variation,-137.0,-83.0,97.0,123.0,-59.0,14.0,-42.0,-43.0,40.0,-57.0,-96.0,21.0,-5.0,-27.0,0.0,0.0,0.0,0.0
8883,Republic of Moldova,Sugar Crops,Export,0.0,0.0,0.0,0.0,0.0,0.0,0.0,0.0,0.0,0.0,0.0,0.0,0.0,0.0,0.0,0.0,0.0,0.0
8884,Republic of Moldova,Sugar Crops,Domestic supply,807.0,1002.0,1226.0,779.0,852.0,1005.0,1135.0,569.0,1001.0,280.0,742.0,610.0,582.0,982.0,1356.0,538.0,665.0,876.0
8885,Republic of Moldova,Sugar Crops,Feed,189.0,217.0,226.0,131.0,182.0,198.0,235.0,122.0,192.0,67.0,168.0,118.0,117.0,202.0,301.0,93.0,114.0,147.0
8886,Republic of Moldova,Sugar Crops,Losses,0.0,0.0,0.0,0.0,0.0,0.0,0.0,0.0,0.0,0.0,0.0,0.0,0.0,0.0,68.0,27.0,33.0,44.0
8887,Republic of Moldova,Sugar Crops,Processing,618.0,785.0,1000.0,648.0,670.0,807.0,900.0,447.0,809.0,213.0,574.0,492.0,465.0,780.0,988.0,418.0,518.0,685.0
8888,Republic of Moldova,Stimulants,Domestic supply,1.0,3.0,3.0,4.0,6.0,7.0,8.0,8.0,10.0,9.0,10.0,11.0,10.0,11.0,4.0,4.0,4.0,4.0
8889,Republic of Moldova,Sugar Crops,Production,943.0,1085.0,1129.0,657.0,911.0,991.0,1177.0,612.0,961.0,337.0,838.0,589.0,587.0,1009.0,1356.0,538.0,665.0,876.0
8890,Republic of Moldova,Pulses,Domestic supply,27.0,74.0,34.0,30.0,53.0,50.0,51.0,15.0,36.0,27.0,35.0,27.0,17.0,25.0,29.0,23.0,27.0,24.0
8891,Republic of Moldova,Starchy Roots,Production,330.0,385.0,325.0,303.0,318.0,378.0,377.0,199.0,271.0,261.0,280.0,351.0,182.0,239.0,268.0,158.0,214.0,197.0
8892,Republic of Moldova,Oilcrops,Processing,41.0,77.0,114.0,150.0,187.0,182.0,289.0,274.0,224.0,192.0,212.0,233.0,268.0,158.0,258.0,260.0,229.0,249.0
8893,Republic of Moldova,Pulses,Seed,2.0,3.0,2.0,2.0,2.0,2.0,2.0,6.0,4.0,2.0,2.0,1.0,1.0,1.0,1.0,1.0,2.0,2.0
8894,Republic of Moldova,Pulses,Losses,1.0,4.0,2.0,2.0,3.0,3.0,3.0,1.0,2.0,1.0,2.0,2.0,1.0,1.0,1.0,1.0,2.0,2.0
8895,Republic of Moldova,Pulses,Human Consumption,1.0,1.0,1.0,1.0,1.0,1.0,1.0,3.0,4.0,4.0,6.0,4.0,3.0,3.0,3.0,3.0,3.0,3.0
8896,Republic of Moldova,Treenuts,Production,8.0,10.0,16.0,20.0,20.0,15.0,13.0,12.0,16.0,11.0,13.0,15.0,11.0,14.0,15.0,12.0,15.0,15.0
8897,Republic of Moldova,Treenuts,Import,1.0,2.0,3.0,3.0,5.0,6.0,6.0,7.0,5.0,4.0,6.0,6.0,5.0,5.0,6.0,6.0,6.0,6.0
8898,Republic of Moldova,Treenuts,Stock Variation,2.0,0.0,0.0,0.0,0.0,-3.0,-3.0,-2.0,-5.0,3.0,-1.0,-3.0,11.0,3.0,0.0,0.0,0.0,0.0
8899,Republic of Moldova,Treenuts,Export,9.0,10.0,15.0,13.0,18.0,15.0,13.0,14.0,11.0,15.0,14.0,14.0,23.0,19.0,20.0,22.0,22.0,22.0
8900,Republic of Moldova,Treenuts,Domestic supply,3.0,3.0,5.0,10.0,7.0,3.0,3.0,3.0,3.0,3.0,4.0,4.0,4.0,4.0,1.0,-3.0,-1.0,-1.0
8901,Republic of Moldova,Oilcrops,Human Consumption,1.0,1.0,2.0,2.0,2.0,3.0,3.0,4.0,4.0,3.0,3.0,4.0,5.0,3.0,4.0,3.0,3.0,3.0
8902,Republic of Moldova,Treenuts,Losses,0.0,0.0,0.0,0.0,0.0,0.0,0.0,0.0,0.0,0.0,0.0,0.0,0.0,0.0,1.0,1.0,1.0,1.0
8903,Republic of Moldova,Oilcrops,Production,281.0,265.0,331.0,411.0,376.0,400.0,467.0,229.0,525.0,403.0,530.0,559.0,403.0,613.0,725.0,549.0,762.0,922.0
8904,Republic of Moldova,Oilcrops,Import,2.0,31.0,35.0,6.0,5.0,6.0,4.0,36.0,12.0,17.0,27.0,7.0,7.0,6.0,8.0,14.0,10.0,9.0
8905,Republic of Moldova,Oilcrops,Stock Variation,11.0,14.0,-102.0,-119.0,-27.0,-103.0,-45.0,192.0,-116.0,19.0,-109.0,49.0,72.0,8.0,19.0,-55.0,-35.0,30.0
8906,Republic of Moldova,Oilcrops,Export,125.0,150.0,70.0,62.0,80.0,67.0,87.0,145.0,145.0,193.0,183.0,325.0,161.0,333.0,361.0,457.0,505.0,626.0
8907,Republic of Moldova,Oilcrops,Domestic supply,169.0,160.0,194.0,236.0,275.0,236.0,338.0,313.0,277.0,245.0,265.0,290.0,321.0,294.0,352.0,161.0,302.0,275.0
8908,Republic of Moldova,Oilcrops,Feed,117.0,76.0,70.0,75.0,77.0,41.0,33.0,31.0,36.0,39.0,38.0,38.0,37.0,119.0,77.0,23.0,57.0,23.0
8909,Republic of Moldova,Oilcrops,Seed,6.0,3.0,2.0,3.0,3.0,4.0,7.0,2.0,7.0,7.0,7.0,7.0,6.0,6.0,7.0,8.0,4.0,4.0
8910,Republic of Moldova,Oilcrops,Losses,4.0,4.0,5.0,6.0,5.0,5.0,6.0,3.0,6.0,5.0,6.0,7.0,5.0,7.0,10.0,8.0,12.0,14.0
8911,Republic of Moldova,Treenuts,Human Consumption,3.0,3.0,5.0,10.0,7.0,3.0,3.0,3.0,3.0,3.0,4.0,4.0,4.0,4.0,2.0,2.0,1.0,1.0
8912,Republic of Moldova,Stimulants,Export,0.0,0.0,0.0,0.0,0.0,0.0,0.0,1.0,1.0,1.0,1.0,0.0,1.0,1.0,0.0,0.0,0.0,0.0
8913,Republic of Moldova,Vegetables,Import,4.0,12.0,15.0,22.0,28.0,38.0,43.0,48.0,73.0,46.0,45.0,59.0,50.0,41.0,50.0,50.0,45.0,30.0
8914,Republic of Moldova,Stimulants,Import,2.0,3.0,4.0,5.0,6.0,7.0,9.0,9.0,10.0,9.0,11.0,11.0,11.0,12.0,4.0,4.0,4.0,5.0
8915,Republic of Moldova,"Fish, Seafood",Other uses (non-food),0.0,0.0,0.0,0.0,0.0,0.0,0.0,0.0,0.0,0.0,0.0,0.0,0.0,0.0,0.0,0.0,0.0,0.0
8916,Republic of Moldova,"Fish, Seafood",Human Consumption,18.0,28.0,29.0,30.0,39.0,46.0,44.0,44.0,57.0,49.0,47.0,45.0,45.0,45.0,49.0,41.0,46.0,47.0
8917,Republic of Moldova,Eggs,Production,32.0,35.0,38.0,35.0,37.0,43.0,43.0,39.0,32.0,36.0,40.0,39.0,36.0,36.0,36.0,35.0,35.0,36.0
8918,Republic of Moldova,Eggs,Import,0.0,0.0,0.0,0.0,0.0,0.0,0.0,0.0,0.0,1.0,0.0,1.0,1.0,1.0,1.0,0.0,0.0,0.0
8919,Republic of Moldova,Eggs,Stock Variation,0.0,0.0,0.0,0.0,0.0,0.0,0.0,0.0,0.0,-2.0,0.0,0.0,0.0,0.0,0.0,0.0,0.0,0.0
8920,Republic of Moldova,Eggs,Export,4.0,5.0,2.0,1.0,3.0,4.0,6.0,1.0,0.0,0.0,0.0,0.0,0.0,0.0,0.0,0.0,0.0,0.0
8921,Republic of Moldova,Eggs,Domestic supply,28.0,30.0,36.0,34.0,35.0,39.0,37.0,39.0,32.0,35.0,40.0,39.0,37.0,36.0,37.0,35.0,35.0,36.0
8922,Republic of Moldova,Eggs,Seed,1.0,1.0,1.0,1.0,1.0,1.0,2.0,1.0,1.0,1.0,2.0,2.0,2.0,2.0,2.0,2.0,2.0,2.0
8923,Republic of Moldova,"Fish, Seafood",Feed,1.0,3.0,4.0,2.0,3.0,5.0,4.0,5.0,5.0,8.0,8.0,5.0,5.0,5.0,12.0,10.0,9.0,6.0
8924,Republic of Moldova,Eggs,Losses,0.0,0.0,0.0,0.0,0.0,0.0,0.0,0.0,0.0,1.0,1.0,1.0,0.0,0.0,2.0,2.0,2.0,2.0
8925,Republic of Moldova,Eggs,Human Consumption,27.0,29.0,35.0,33.0,34.0,38.0,36.0,37.0,30.0,33.0,38.0,37.0,35.0,34.0,33.0,32.0,32.0,32.0
8926,Republic of Moldova,Milk - Excluding Butter,Production,573.0,579.0,604.0,593.0,628.0,659.0,627.0,604.0,543.0,575.0,591.0,560.0,525.0,527.0,525.0,520.0,504.0,485.0
8927,Republic of Moldova,Milk - Excluding Butter,Import,4.0,4.0,8.0,10.0,18.0,26.0,36.0,36.0,31.0,40.0,43.0,51.0,58.0,65.0,61.0,55.0,71.0,78.0
8928,Republic of Moldova,Milk - Excluding Butter,Stock Variation,30.0,25.0,28.0,2.0,0.0,-40.0,-10.0,-30.0,80.0,0.0,0.0,0.0,0.0,0.0,40.0,43.0,-6.0,-17.0
8929,Republic of Moldova,Milk - Excluding Butter,Export,34.0,44.0,34.0,27.0,39.0,39.0,25.0,18.0,12.0,13.0,6.0,9.0,8.0,8.0,11.0,13.0,21.0,24.0
8930,Republic of Moldova,Milk - Excluding Butter,Domestic supply,573.0,565.0,606.0,578.0,607.0,605.0,628.0,592.0,642.0,601.0,629.0,603.0,574.0,584.0,535.0,520.0,561.0,556.0
8931,Republic of Moldova,Milk - Excluding Butter,Feed,6.0,12.0,9.0,10.0,76.0,22.0,55.0,35.0,75.0,59.0,62.0,56.0,52.0,43.0,50.0,37.0,38.0,33.0
8932,Republic of Moldova,Milk - Excluding Butter,Losses,0.0,1.0,1.0,1.0,1.0,1.0,1.0,1.0,1.0,0.0,1.0,0.0,1.0,1.0,1.0,1.0,1.0,1.0
8933,Republic of Moldova,Eggs,Other uses (non-food),0.0,0.0,0.0,0.0,0.0,0.0,0.0,0.0,0.0,0.0,0.0,0.0,0.0,0.0,0.0,0.0,0.0,0.0
8934,Republic of Moldova,Milk - Excluding Butter,Processing,0.0,0.0,0.0,0.0,0.0,0.0,0.0,0.0,0.0,0.0,0.0,0.0,0.0,0.0,0.0,0.0,0.0,0.0
8935,Republic of Moldova,"Fish, Seafood",Export,0.0,0.0,0.0,0.0,0.0,0.0,0.0,0.0,0.0,0.0,0.0,0.0,0.0,0.0,0.0,0.0,0.0,0.0
8936,Republic of Moldova,"Fish, Seafood",Import,17.0,30.0,31.0,28.0,36.0,44.0,42.0,42.0,55.0,49.0,46.0,41.0,41.0,41.0,51.0,40.0,42.0,41.0
8937,Republic of Moldova,Stimulants,Stock Variation,0.0,0.0,0.0,0.0,0.0,0.0,0.0,0.0,0.0,0.0,0.0,0.0,0.0,0.0,0.0,0.0,0.0,0.0
8938,Republic of Moldova,Cereals - Excluding Beer,Production,1905.0,2550.0,2539.0,1583.0,2943.0,2772.0,2222.0,887.0,3132.0,2149.0,2386.0,2466.0,1192.0,2654.0,2888.0,2185.0,2951.0,3284.0
8939,Republic of Moldova,Cereals - Excluding Beer,Import,62.0,57.0,103.0,285.0,172.0,84.0,91.0,197.0,187.0,140.0,130.0,154.0,172.0,143.0,110.0,105.0,105.0,120.0
8940,Republic of Moldova,Cereals - Excluding Beer,Stock Variation,201.0,199.0,-99.0,21.0,-913.0,-422.0,-21.0,843.0,-1136.0,144.0,-350.0,-450.0,500.0,-100.0,237.0,-219.0,118.0,175.0
8941,Republic of Moldova,Cereals - Excluding Beer,Export,63.0,185.0,578.0,112.0,186.0,418.0,352.0,87.0,245.0,562.0,354.0,286.0,145.0,592.0,973.0,678.0,1051.0,1140.0
8942,Republic of Moldova,Cereals - Excluding Beer,Domestic supply,2104.0,2622.0,1965.0,1776.0,2015.0,2016.0,1940.0,1840.0,1939.0,1872.0,1812.0,1884.0,1719.0,2105.0,1788.0,1831.0,1887.0,2089.0
8943,Republic of Moldova,Cereals - Excluding Beer,Feed,976.0,1491.0,914.0,765.0,892.0,951.0,987.0,911.0,979.0,1016.0,957.0,1048.0,859.0,1186.0,868.0,972.0,926.0,1156.0
8944,Republic of Moldova,Cereals - Excluding Beer,Seed,140.0,145.0,78.0,115.0,135.0,105.0,113.0,137.0,125.0,117.0,107.0,108.0,122.0,116.0,155.0,117.0,168.0,160.0
8945,Republic of Moldova,"Fish, Seafood",Stock Variation,0.0,0.0,0.0,0.0,0.0,0.0,0.0,0.0,0.0,0.0,0.0,0.0,0.0,0.0,0.0,0.0,0.0,0.0
8946,Republic of Moldova,Cereals - Excluding Beer,Losses,141.0,184.0,169.0,116.0,170.0,184.0,149.0,107.0,190.0,141.0,145.0,129.0,114.0,171.0,133.0,103.0,140.0,152.0
8947,Republic of Moldova,Cereals - Excluding Beer,Other uses (non-food),2.0,1.0,1.0,1.0,1.0,1.0,1.0,0.0,1.0,1.0,1.0,1.0,1.0,1.0,1.0,1.0,1.0,1.0
8948,Republic of Moldova,Cereals - Excluding Beer,Human Consumption,812.0,757.0,748.0,695.0,701.0,642.0,586.0,580.0,560.0,533.0,531.0,521.0,528.0,516.0,560.0,576.0,572.0,552.0
8949,Republic of Moldova,"Aquatic Products, Other",Import,0.0,0.0,0.0,0.0,0.0,0.0,0.0,0.0,0.0,0.0,0.0,0.0,0.0,0.0,0.0,0.0,0.0,0.0
8950,Republic of Moldova,"Aquatic Products, Other",Export,0.0,0.0,0.0,0.0,0.0,0.0,0.0,0.0,0.0,0.0,0.0,0.0,0.0,0.0,0.0,0.0,0.0,0.0
8951,Republic of Moldova,"Aquatic Products, Other",Domestic supply,0.0,0.0,0.0,0.0,0.0,0.0,0.0,0.0,0.0,0.0,0.0,0.0,0.0,0.0,0.0,0.0,0.0,0.0
8952,Republic of Moldova,"Aquatic Products, Other",Other uses (non-food),0.0,0.0,0.0,0.0,0.0,0.0,0.0,0.0,0.0,0.0,0.0,0.0,0.0,0.0,0.0,0.0,0.0,0.0
8953,Republic of Moldova,"Aquatic Products, Other",Human Consumption,0.0,0.0,0.0,0.0,0.0,0.0,0.0,0.0,0.0,0.0,0.0,0.0,0.0,0.0,0.0,0.0,0.0,0.0
8954,Republic of Moldova,"Fish, Seafood",Production,2.0,2.0,2.0,3.0,6.0,6.0,7.0,8.0,8.0,8.0,9.0,9.0,9.0,9.0,11.0,11.0,12.0,12.0
8955,Republic of Moldova,Cereals - Excluding Beer,Processing,33.0,44.0,56.0,85.0,117.0,132.0,104.0,104.0,84.0,62.0,72.0,77.0,96.0,115.0,73.0,64.0,80.0,69.0
8956,Republic of Moldova,Milk - Excluding Butter,Human Consumption,567.0,552.0,596.0,567.0,530.0,582.0,573.0,556.0,567.0,542.0,566.0,547.0,522.0,541.0,514.0,515.0,523.0,522.0
8957,Republic of Moldova,"Fish, Seafood",Domestic supply,19.0,31.0,33.0,32.0,41.0,50.0,48.0,49.0,62.0,57.0,55.0,50.0,50.0,50.0,62.0,51.0,54.0,53.0
8958,Republic of Moldova,Animal fats,Import,1.0,1.0,2.0,3.0,2.0,4.0,8.0,4.0,6.0,5.0,7.0,7.0,8.0,10.0,11.0,8.0,10.0,8.0
8959,Republic of Moldova,Miscellaneous,Import,0.0,0.0,0.0,0.0,0.0,0.0,0.0,0.0,1.0,1.0,1.0,1.0,1.0,1.0,24.0,22.0,24.0,26.0
8960,Republic of Moldova,Miscellaneous,Stock Variation,0.0,0.0,0.0,0.0,0.0,0.0,0.0,0.0,0.0,0.0,0.0,0.0,0.0,0.0,0.0,0.0,0.0,0.0
8961,Republic of Moldova,Miscellaneous,Export,0.0,0.0,0.0,0.0,0.0,0.0,0.0,0.0,0.0,0.0,0.0,0.0,0.0,0.0,1.0,1.0,1.0,2.0
8962,Republic of Moldova,Miscellaneous,Domestic supply,0.0,0.0,0.0,0.0,0.0,0.0,0.0,0.0,1.0,1.0,1.0,1.0,1.0,1.0,23.0,21.0,23.0,24.0
8963,Republic of Moldova,Miscellaneous,Human Consumption,0.0,0.0,0.0,0.0,0.0,0.0,0.0,0.0,1.0,1.0,1.0,1.0,1.0,1.0,23.0,21.0,23.0,24.0
8964,Republic of Moldova,Alcoholic Beverages,Production,146.0,205.0,212.0,275.0,434.0,480.0,300.0,240.0,268.0,216.0,235.0,246.0,277.0,285.0,269.0,254.0,277.0,301.0
8965,Republic of Moldova,Alcoholic Beverages,Import,7.0,22.0,41.0,34.0,36.0,52.0,44.0,45.0,63.0,44.0,33.0,35.0,41.0,41.0,31.0,27.0,32.0,37.0
8966,Republic of Moldova,Alcoholic Beverages,Export,108.0,146.0,164.0,213.0,239.0,266.0,156.0,75.0,100.0,104.0,137.0,133.0,143.0,152.0,130.0,144.0,174.0,187.0
8967,Republic of Moldova,Meat,Human Consumption,80.0,93.0,91.0,91.0,111.0,140.0,141.0,131.0,118.0,105.0,128.0,132.0,137.0,139.0,138.0,146.0,148.0,155.0
8968,Republic of Moldova,Alcoholic Beverages,Domestic supply,108.0,101.0,117.0,121.0,142.0,161.0,173.0,192.0,211.0,178.0,175.0,191.0,175.0,175.0,198.0,160.0,156.0,153.0
8969,Republic of Moldova,Alcoholic Beverages,Human Consumption,106.0,92.0,109.0,117.0,139.0,159.0,173.0,192.0,211.0,178.0,175.0,190.0,174.0,174.0,200.0,168.0,178.0,182.0
8970,Republic of Moldova,Spices,Import,0.0,0.0,0.0,0.0,0.0,0.0,0.0,0.0,0.0,0.0,0.0,0.0,0.0,0.0,0.0,0.0,0.0,0.0
8971,Republic of Moldova,Spices,Stock Variation,0.0,0.0,0.0,0.0,0.0,0.0,0.0,0.0,0.0,0.0,0.0,0.0,0.0,0.0,0.0,0.0,0.0,0.0
8972,Republic of Moldova,Spices,Export,0.0,0.0,0.0,0.0,0.0,0.0,0.0,0.0,0.0,0.0,0.0,0.0,0.0,0.0,0.0,0.0,0.0,0.0
8973,Republic of Moldova,Spices,Domestic supply,0.0,0.0,0.0,0.0,0.0,0.0,0.0,0.0,0.0,0.0,0.0,0.0,0.0,0.0,0.0,0.0,0.0,0.0
8974,Republic of Moldova,Spices,Human Consumption,0.0,0.0,0.0,0.0,0.0,0.0,0.0,0.0,0.0,0.0,0.0,0.0,0.0,0.0,0.0,0.0,0.0,0.0
8975,Republic of Moldova,Stimulants,Production,0.0,0.0,0.0,0.0,0.0,0.0,0.0,0.0,0.0,0.0,0.0,0.0,0.0,0.0,0.0,0.0,0.0,0.0
8976,Republic of Moldova,Animal fats,Production,14.0,13.0,13.0,14.0,16.0,15.0,17.0,19.0,15.0,16.0,20.0,21.0,21.0,21.0,24.0,25.0,23.0,22.0
8977,Republic of Moldova,Alcoholic Beverages,Other uses (non-food),2.0,10.0,8.0,3.0,4.0,3.0,0.0,0.0,0.0,0.0,0.0,1.0,1.0,0.0,0.0,0.0,0.0,0.0
8978,Republic of Moldova,Meat,Processing,0.0,0.0,0.0,0.0,0.0,0.0,0.0,0.0,0.0,0.0,0.0,0.0,0.0,0.0,0.0,0.0,0.0,0.0
8979,Republic of Moldova,Alcoholic Beverages,Stock Variation,63.0,21.0,27.0,25.0,-89.0,-105.0,-16.0,-19.0,-20.0,23.0,44.0,43.0,0.0,1.0,-29.0,-24.0,-21.0,-3.0
8980,Republic of Moldova,Animal fats,Stock Variation,0.0,0.0,-2.0,2.0,0.0,0.0,-5.0,-5.0,-1.0,9.0,2.0,0.0,0.0,0.0,0.0,0.0,0.0,0.0
8981,Republic of Moldova,Meat,Domestic supply,80.0,93.0,91.0,91.0,111.0,139.0,140.0,131.0,118.0,105.0,128.0,132.0,137.0,139.0,138.0,146.0,148.0,155.0
8982,Republic of Moldova,Animal fats,Export,1.0,0.0,0.0,0.0,0.0,1.0,0.0,0.0,1.0,0.0,0.0,0.0,0.0,0.0,1.0,1.0,2.0,1.0
8983,Republic of Moldova,Animal fats,Domestic supply,14.0,14.0,13.0,18.0,18.0,18.0,19.0,19.0,19.0,30.0,28.0,28.0,29.0,30.0,34.0,32.0,32.0,29.0
8984,Republic of Moldova,Animal fats,Feed,0.0,0.0,0.0,0.0,0.0,0.0,0.0,0.0,0.0,0.0,0.0,0.0,0.0,0.0,0.0,0.0,0.0,0.0
8985,Republic of Moldova,Animal fats,Losses,0.0,0.0,0.0,0.0,0.0,0.0,0.0,0.0,0.0,0.0,0.0,0.0,0.0,0.0,0.0,0.0,0.0,0.0
8986,Republic of Moldova,Animal fats,Other uses (non-food),7.0,7.0,7.0,7.0,5.0,6.0,7.0,6.0,6.0,7.0,8.0,9.0,10.0,11.0,9.0,10.0,12.0,9.0
8987,Republic of Moldova,Offals,Production,12.0,11.0,11.0,11.0,10.0,10.0,10.0,11.0,7.0,8.0,10.0,10.0,10.0,10.0,6.0,7.0,7.0,7.0
8988,Republic of Moldova,Offals,Import,1.0,2.0,3.0,1.0,2.0,2.0,3.0,2.0,2.0,1.0,1.0,1.0,1.0,2.0,3.0,2.0,2.0,2.0
8989,Republic of Moldova,Offals,Stock Variation,0.0,-1.0,1.0,0.0,0.0,0.0,0.0,0.0,0.0,0.0,0.0,0.0,0.0,0.0,0.0,0.0,0.0,0.0
8990,Republic of Moldova,Animal fats,Human Consumption,7.0,8.0,6.0,11.0,13.0,12.0,12.0,13.0,13.0,23.0,20.0,20.0,19.0,19.0,24.0,22.0,19.0,21.0
8991,Republic of Moldova,Meat,Stock Variation,0.0,0.0,-5.0,5.0,0.0,-10.0,6.0,3.0,0.0,0.0,0.0,0.0,0.0,0.0,4.0,5.0,8.0,6.0
8992,Republic of Moldova,Offals,Domestic supply,13.0,12.0,14.0,11.0,11.0,12.0,13.0,13.0,8.0,9.0,10.0,11.0,12.0,12.0,9.0,8.0,8.0,9.0
8993,Republic of Moldova,Offals,Losses,0.0,0.0,0.0,0.0,0.0,0.0,0.0,0.0,0.0,0.0,0.0,0.0,0.0,0.0,0.0,0.0,0.0,0.0
8994,Republic of Moldova,Offals,Other uses (non-food),0.0,0.0,0.0,0.0,0.0,0.0,0.0,0.0,0.0,0.0,0.0,0.0,0.0,1.0,0.0,0.0,0.0,0.0
8995,Republic of Moldova,Offals,Human Consumption,12.0,12.0,14.0,11.0,11.0,11.0,12.0,12.0,8.0,9.0,10.0,11.0,11.0,11.0,8.0,8.0,8.0,8.0
8996,Republic of Moldova,Meat,Production,88.0,82.0,86.0,84.0,85.0,87.0,97.0,109.0,78.0,91.0,111.0,118.0,116.0,115.0,119.0,131.0,138.0,140.0
8997,Republic of Moldova,Meat,Import,8.0,22.0,21.0,24.0,35.0,65.0,39.0,23.0,40.0,15.0,20.0,19.0,26.0,28.0,31.0,23.0,22.0,24.0
8998,Republic of Moldova,Offals,Export,0.0,0.0,0.0,1.0,1.0,0.0,0.0,0.0,0.0,0.0,0.0,0.0,0.0,0.0,0.0,0.0,0.0,0.0
8999,Republic of Moldova,Meat,Export,16.0,11.0,10.0,23.0,9.0,3.0,3.0,4.0,1.0,1.0,3.0,5.0,5.0,5.0,8.0,4.0,4.0,4.0
9000,Romania,Vegetable Oils,Domestic supply,332.0,351.0,399.0,401.0,358.0,384.0,379.0,379.0,386.0,335.0,387.0,402.0,380.0,421.0,559.0,570.0,555.0,526.0
9001,Romania,Vegetable Oils,Export,53.0,55.0,15.0,55.0,120.0,111.0,101.0,103.0,106.0,146.0,208.0,236.0,178.0,267.0,283.0,287.0,241.0,266.0
9002,Romania,Vegetable Oils,Stock Variation,10.0,14.0,-26.0,-20.0,-45.0,-23.0,-16.0,-21.0,20.0,6.0,-32.0,-16.0,-16.0,65.0,52.0,49.0,44.0,37.0
9003,Romania,Vegetables,Processing,0.0,0.0,0.0,0.0,0.0,0.0,0.0,0.0,0.0,0.0,0.0,0.0,0.0,0.0,0.0,0.0,0.0,0.0
9004,Romania,Vegetable Oils,Production,325.0,340.0,324.0,390.0,448.0,432.0,392.0,336.0,280.0,292.0,413.0,461.0,394.0,453.0,755.0,746.0,691.0,696.0
9005,Romania,Vegetables,Human Consumption,3317.0,3633.0,3577.0,4263.0,4364.0,4037.0,4136.0,3294.0,3908.0,3827.0,3863.0,4052.0,3553.0,3888.0,3822.0,3757.0,3542.0,3857.0
9006,Romania,Vegetable Oils,Processing,0.0,0.0,0.0,0.0,0.0,0.0,0.0,0.0,0.0,0.0,0.0,0.0,0.0,0.0,64.0,68.0,65.0,60.0
9007,Romania,Vegetable Oils,Import,50.0,53.0,117.0,85.0,74.0,85.0,105.0,166.0,192.0,183.0,213.0,194.0,181.0,170.0,140.0,159.0,149.0,133.0
9008,Romania,Vegetable Oils,Other uses (non-food),48.0,56.0,120.0,117.0,100.0,95.0,89.0,94.0,113.0,58.0,98.0,125.0,97.0,144.0,216.0,218.0,203.0,170.0
9009,Romania,Sugar & Sweeteners,Other uses (non-food),17.0,28.0,26.0,28.0,29.0,29.0,29.0,29.0,45.0,40.0,29.0,20.0,18.0,24.0,12.0,25.0,32.0,35.0
9010,Romania,Sugar & Sweeteners,Production,95.0,130.0,121.0,116.0,130.0,136.0,178.0,135.0,193.0,156.0,163.0,146.0,150.0,209.0,257.0,211.0,204.0,250.0
9011,Romania,Sugar & Sweeteners,Import,522.0,583.0,467.0,554.0,622.0,569.0,706.0,456.0,619.0,572.0,568.0,619.0,606.0,526.0,562.0,718.0,681.0,613.0
9012,Romania,Sugar & Sweeteners,Stock Variation,-6.0,-68.0,40.0,-20.0,-72.0,-15.0,-73.0,88.0,-165.0,-40.0,90.0,40.0,-22.0,-4.0,-12.0,111.0,21.0,20.0
9013,Romania,Sugar & Sweeteners,Export,16.0,15.0,17.0,15.0,17.0,22.0,82.0,39.0,51.0,82.0,229.0,231.0,155.0,140.0,269.0,228.0,246.0,269.0
9014,Romania,Sugar & Sweeteners,Domestic supply,595.0,630.0,611.0,635.0,662.0,668.0,728.0,640.0,596.0,606.0,591.0,575.0,579.0,591.0,563.0,590.0,617.0,574.0
9015,Romania,Sugar & Sweeteners,Feed,0.0,0.0,0.0,0.0,0.0,0.0,0.0,0.0,0.0,0.0,0.0,0.0,0.0,0.0,0.0,0.0,0.0,0.0
9016,Romania,Sugar & Sweeteners,Losses,10.0,12.0,10.0,10.0,12.0,11.0,13.0,8.0,11.0,8.0,8.0,10.0,10.0,10.0,10.0,13.0,10.0,10.0
9017,Romania,Sugar & Sweeteners,Processing,0.0,0.0,0.0,0.0,1.0,2.0,2.0,2.0,2.0,2.0,2.0,2.0,3.0,3.0,2.0,3.0,3.0,2.0
9018,Romania,Vegetables,Losses,173.0,207.0,192.0,234.0,225.0,188.0,203.0,151.0,192.0,200.0,202.0,220.0,178.0,197.0,191.0,197.0,182.0,203.0
9019,Romania,Vegetable Oils,Human Consumption,285.0,296.0,279.0,283.0,258.0,289.0,292.0,289.0,277.0,280.0,289.0,278.0,285.0,283.0,290.0,289.0,290.0,301.0
9020,Romania,Vegetables,Seed,0.0,0.0,0.0,0.0,0.0,0.0,0.0,0.0,0.0,0.0,0.0,0.0,0.0,0.0,0.0,0.0,0.0,0.0
9021,Romania,Stimulants,Stock Variation,0.0,0.0,-1.0,-1.0,0.0,2.0,0.0,0.0,0.0,0.0,0.0,0.0,0.0,0.0,2.0,4.0,6.0,7.0
9022,Romania,Vegetables,Domestic supply,3676.0,4038.0,4045.0,4871.0,4789.0,4339.0,4489.0,3531.0,4197.0,4226.0,4254.0,4536.0,3895.0,4285.0,4195.0,4121.0,3876.0,4227.0
9023,Romania,Sugar & Sweeteners,Human Consumption,567.0,590.0,575.0,598.0,621.0,626.0,684.0,601.0,538.0,556.0,552.0,543.0,548.0,555.0,543.0,557.0,578.0,582.0
9024,Romania,Stimulants,Export,0.0,0.0,1.0,1.0,2.0,5.0,15.0,5.0,9.0,12.0,14.0,14.0,17.0,18.0,6.0,4.0,8.0,6.0
9025,Romania,Stimulants,Domestic supply,53.0,58.0,65.0,66.0,72.0,75.0,69.0,82.0,80.0,77.0,76.0,78.0,79.0,86.0,51.0,53.0,56.0,59.0
9026,Romania,Stimulants,Processing,0.0,0.0,0.0,0.0,0.0,0.0,0.0,0.0,0.0,0.0,0.0,0.0,0.0,0.0,1.0,1.0,1.0,1.0
9027,Romania,Stimulants,Human Consumption,53.0,58.0,65.0,66.0,72.0,75.0,78.0,82.0,80.0,77.0,76.0,78.0,79.0,86.0,50.0,52.0,54.0,58.0
9028,Romania,Fruits - Excluding Wine,Production,2596.0,2474.0,2029.0,3167.0,2975.0,2145.0,2398.0,1957.0,2192.0,2321.0,2175.0,2373.0,1897.0,2314.0,2075.0,2006.0,1958.0,2051.0
9029,Romania,Fruits - Excluding Wine,Import,217.0,220.0,261.0,320.0,374.0,529.0,622.0,617.0,559.0,439.0,487.0,503.0,592.0,601.0,644.0,791.0,943.0,965.0
9030,Romania,Fruits - Excluding Wine,Stock Variation,-100.0,0.0,100.0,-120.0,-100.0,220.0,0.0,0.0,0.0,0.0,-7.0,-27.0,23.0,0.0,16.0,37.0,94.0,69.0
9031,Romania,Fruits - Excluding Wine,Export,48.0,55.0,84.0,136.0,131.0,168.0,79.0,123.0,101.0,93.0,114.0,117.0,112.0,103.0,64.0,107.0,100.0,108.0
9032,Romania,Fruits - Excluding Wine,Domestic supply,2666.0,2640.0,2306.0,3231.0,3118.0,2725.0,2941.0,2450.0,2650.0,2667.0,2541.0,2732.0,2401.0,2812.0,2639.0,2653.0,2707.0,2839.0
9033,Romania,Fruits - Excluding Wine,Feed,26.0,58.0,10.0,119.0,108.0,99.0,65.0,100.0,150.0,110.0,168.0,143.0,49.0,73.0,85.0,80.0,85.0,49.0
9034,Romania,Fruits - Excluding Wine,Losses,58.0,57.0,53.0,67.0,54.0,70.0,68.0,64.0,52.0,60.0,62.0,55.0,55.0,65.0,61.0,59.0,61.0,69.0
9035,Romania,Fruits - Excluding Wine,Processing,1165.0,1230.0,1061.0,1430.0,1378.0,911.0,1297.0,999.0,1185.0,1082.0,789.0,933.0,736.0,1021.0,824.0,807.0,748.0,367.0
9036,Romania,Fruits - Excluding Wine,Other uses (non-food),264.0,131.0,79.0,95.0,28.0,1.0,1.0,0.0,1.0,1.0,0.0,0.0,12.0,0.0,10.0,45.0,60.0,663.0
9037,Romania,Fruits - Excluding Wine,Human Consumption,1154.0,1163.0,1103.0,1520.0,1550.0,1644.0,1511.0,1288.0,1261.0,1414.0,1521.0,1601.0,1549.0,1653.0,1659.0,1685.0,1782.0,1735.0
9038,Romania,Vegetables,Production,3395.0,3833.0,3902.0,4685.0,4775.0,3625.0,4143.0,3118.0,3824.0,3913.0,3877.0,4192.0,3541.0,3964.0,3820.0,3692.0,3377.0,3746.0
9039,Romania,Vegetables,Import,203.0,240.0,204.0,309.0,337.0,334.0,371.0,429.0,397.0,359.0,438.0,409.0,412.0,394.0,450.0,514.0,597.0,605.0
9040,Romania,Vegetables,Stock Variation,100.0,0.0,-4.0,-97.0,-303.0,403.0,-2.0,2.0,0.0,0.0,0.0,0.0,-1.0,1.0,14.0,26.0,57.0,67.0
9041,Romania,Vegetables,Export,22.0,35.0,57.0,27.0,19.0,23.0,24.0,18.0,23.0,46.0,60.0,65.0,56.0,74.0,61.0,59.0,42.0,57.0
9042,Romania,Vegetables,Feed,185.0,198.0,276.0,375.0,200.0,115.0,150.0,87.0,97.0,198.0,190.0,264.0,164.0,200.0,182.0,167.0,151.0,168.0
9043,Romania,Pulses,Production,37.0,61.0,55.0,64.0,112.0,81.0,72.0,36.0,62.0,53.0,61.0,77.0,63.0,74.0,71.0,76.0,99.0,299.0
9044,Romania,Sugar Crops,Losses,0.0,0.0,0.0,0.0,0.0,0.0,0.0,0.0,0.0,0.0,0.0,0.0,4.0,5.0,12.0,4.0,11.0,4.0
9045,Romania,Pulses,Stock Variation,4.0,0.0,0.0,0.0,-27.0,-6.0,-1.0,9.0,0.0,0.0,-5.0,-8.0,6.0,5.0,-3.0,-7.0,1.0,1.0
9046,Romania,Starchy Roots,Production,3470.0,3997.0,4078.0,3947.0,4230.0,3739.0,4016.0,3712.0,3649.0,4004.0,3284.0,4077.0,2465.0,3290.0,3519.0,2700.0,2690.0,3117.0
9047,Romania,Starchy Roots,Import,34.0,36.0,58.0,102.0,85.0,147.0,212.0,109.0,130.0,140.0,149.0,190.0,198.0,255.0,185.0,181.0,254.0,225.0
9048,Romania,Starchy Roots,Stock Variation,300.0,1.0,1.0,0.0,-200.0,200.0,0.0,0.0,0.0,-400.0,300.0,-500.0,487.0,-309.0,262.0,-245.0,-155.0,93.0
9049,Romania,Starchy Roots,Export,18.0,11.0,17.0,2.0,0.0,1.0,5.0,8.0,7.0,6.0,22.0,17.0,9.0,15.0,10.0,5.0,4.0,22.0
9050,Romania,Starchy Roots,Domestic supply,3786.0,4022.0,4120.0,4047.0,4115.0,4084.0,4223.0,3813.0,3772.0,3738.0,3711.0,3750.0,3141.0,3222.0,3433.0,3120.0,3094.0,3227.0
9051,Romania,Starchy Roots,Feed,866.0,1060.0,1084.0,908.0,1018.0,910.0,1055.0,440.0,362.0,485.0,434.0,453.0,159.0,216.0,231.0,168.0,173.0,201.0
9052,Romania,Starchy Roots,Seed,838.0,826.0,848.0,842.0,788.0,862.0,862.0,1101.0,1042.0,1042.0,989.0,993.0,694.0,730.0,712.0,668.0,655.0,686.0
9053,Romania,Starchy Roots,Losses,52.0,55.0,55.0,50.0,60.0,60.0,65.0,60.0,60.0,60.0,50.0,60.0,40.0,50.0,304.0,182.0,226.0,281.0
9054,Romania,Starchy Roots,Other uses (non-food),72.0,98.0,103.0,100.0,105.0,111.0,108.0,109.0,113.0,87.0,70.0,77.0,54.0,67.0,130.0,105.0,109.0,118.0
9055,Romania,Starchy Roots,Human Consumption,1958.0,1983.0,2030.0,2146.0,2145.0,2141.0,2133.0,2103.0,2194.0,2064.0,2168.0,2166.0,2193.0,2159.0,2056.0,1997.0,1931.0,1941.0
9056,Romania,Sugar Crops,Production,667.0,876.0,955.0,764.0,673.0,730.0,1152.0,749.0,707.0,817.0,838.0,660.0,720.0,1029.0,1399.0,1041.0,1012.0,1175.0
9057,Romania,Sugar Crops,Import,0.0,0.0,0.0,0.0,3.0,44.0,0.0,3.0,0.0,0.0,0.0,0.0,0.0,0.0,0.0,0.0,0.0,2.0
9058,Romania,Sugar Crops,Stock Variation,0.0,0.0,0.0,0.0,0.0,0.0,0.0,0.0,0.0,0.0,0.0,0.0,0.0,0.0,-167.0,-35.0,-4.0,0.0
9059,Romania,Sugar Crops,Export,0.0,0.0,0.0,0.0,0.0,0.0,0.0,0.0,0.0,0.0,0.0,0.0,0.0,0.0,0.0,0.0,0.0,0.0
9060,Romania,Sugar Crops,Domestic supply,667.0,876.0,955.0,765.0,676.0,774.0,1152.0,752.0,707.0,817.0,838.0,661.0,720.0,1029.0,1566.0,1076.0,1016.0,1177.0
9061,Romania,Sugar Crops,Feed,217.0,236.0,415.0,275.0,176.0,174.0,225.0,40.0,7.0,7.0,32.0,6.0,1.0,1.0,1.0,1.0,41.0,1.0
9062,Romania,Stimulants,Production,0.0,0.0,0.0,0.0,0.0,0.0,0.0,0.0,0.0,0.0,0.0,0.0,0.0,0.0,0.0,0.0,0.0,0.0
9063,Romania,Sugar Crops,Processing,450.0,640.0,540.0,490.0,500.0,600.0,927.0,712.0,700.0,810.0,806.0,655.0,715.0,1024.0,1553.0,1072.0,1071.0,1363.0
9064,Romania,Sugar Crops,Human Consumption,0.0,0.0,0.0,0.0,0.0,0.0,0.0,0.0,0.0,0.0,0.0,0.0,0.0,0.0,0.0,0.0,0.0,0.0
9065,Romania,Oilcrops,Human Consumption,25.0,27.0,34.0,42.0,38.0,39.0,47.0,50.0,51.0,36.0,43.0,40.0,43.0,46.0,38.0,40.0,40.0,40.0
9066,Romania,Oilcrops,Other uses (non-food),1.0,2.0,2.0,2.0,2.0,2.0,2.0,2.0,2.0,2.0,2.0,2.0,3.0,3.0,2.0,2.0,2.0,2.0
9067,Romania,Oilcrops,Processing,889.0,928.0,917.0,1069.0,1230.0,1220.0,1105.0,985.0,785.0,771.0,1054.0,1198.0,1021.0,1195.0,1778.0,1772.0,1684.0,1679.0
9068,Romania,Oilcrops,Losses,18.0,20.0,21.0,31.0,33.0,30.0,33.0,25.0,33.0,34.0,42.0,52.0,33.0,54.0,101.0,119.0,113.0,6.0
9069,Romania,Pulses,Export,2.0,2.0,1.0,2.0,0.0,10.0,4.0,0.0,5.0,1.0,4.0,1.0,4.0,1.0,5.0,3.0,63.0,267.0
9070,Romania,Pulses,Domestic supply,44.0,71.0,70.0,90.0,110.0,89.0,81.0,68.0,91.0,90.0,80.0,93.0,96.0,104.0,101.0,105.0,64.0,95.0
9071,Romania,Pulses,Feed,17.0,28.0,27.0,34.0,49.0,31.0,21.0,14.0,22.0,20.0,22.0,35.0,36.0,46.0,42.0,46.0,13.0,22.0
9072,Romania,Pulses,Seed,2.0,2.0,3.0,3.0,2.0,3.0,3.0,11.0,9.0,10.0,10.0,11.0,11.0,12.0,10.0,12.0,5.0,22.0
9073,Romania,Pulses,Losses,2.0,3.0,3.0,4.0,5.0,4.0,3.0,2.0,4.0,4.0,3.0,3.0,3.0,3.0,2.0,2.0,4.0,8.0
9074,Romania,Pulses,Human Consumption,24.0,38.0,38.0,48.0,54.0,51.0,54.0,40.0,56.0,57.0,45.0,43.0,46.0,43.0,47.0,46.0,41.0,43.0
9075,Romania,Treenuts,Production,32.0,34.0,38.0,51.0,16.0,48.0,39.0,26.0,32.0,38.0,34.0,35.0,31.0,32.0,32.0,34.0,35.0,44.0
9076,Romania,Treenuts,Import,7.0,8.0,10.0,13.0,15.0,16.0,20.0,21.0,23.0,20.0,19.0,20.0,17.0,21.0,17.0,17.0,11.0,17.0
9077,Romania,Treenuts,Stock Variation,0.0,0.0,-6.0,-20.0,26.0,0.0,0.0,0.0,0.0,0.0,0.0,0.0,0.0,0.0,-1.0,-2.0,-1.0,-1.0
9078,Romania,Pulses,Import,5.0,12.0,16.0,28.0,25.0,24.0,14.0,23.0,33.0,38.0,28.0,25.0,30.0,26.0,31.0,26.0,28.0,65.0
9079,Romania,Treenuts,Export,19.0,20.0,20.0,25.0,42.0,27.0,17.0,15.0,10.0,19.0,22.0,16.0,23.0,22.0,28.0,22.0,15.0,15.0
9080,Romania,Treenuts,Losses,0.0,0.0,0.0,0.0,0.0,0.0,0.0,0.0,0.0,0.0,0.0,0.0,0.0,0.0,2.0,2.0,2.0,2.0
9081,Romania,Treenuts,Human Consumption,20.0,22.0,22.0,19.0,15.0,36.0,42.0,31.0,45.0,39.0,31.0,39.0,25.0,30.0,20.0,29.0,31.0,45.0
9082,Romania,Oilcrops,Production,869.0,1006.0,1194.0,1758.0,1973.0,1804.0,2052.0,1048.0,1944.0,1771.0,2372.0,2690.0,1681.0,2981.0,3462.0,2977.0,3598.0,5013.0
9083,Romania,Oilcrops,Import,87.0,141.0,196.0,117.0,113.0,96.0,97.0,201.0,315.0,274.0,516.0,390.0,307.0,293.0,319.0,461.0,417.0,556.0
9084,Romania,Oilcrops,Stock Variation,199.0,1.0,-90.0,-300.0,-381.0,-216.0,-105.0,531.0,-280.0,199.0,-62.0,82.0,-17.0,17.0,-204.0,-242.0,1.0,811.0
9085,Romania,Oilcrops,Export,208.0,152.0,146.0,399.0,367.0,354.0,826.0,687.0,1080.0,1364.0,1658.0,1843.0,822.0,1942.0,2363.0,1979.0,2765.0,3143.0
9086,Romania,Oilcrops,Domestic supply,947.0,995.0,1154.0,1175.0,1338.0,1330.0,1217.0,1093.0,900.0,879.0,1168.0,1319.0,1148.0,1349.0,1622.0,1701.0,1249.0,1616.0
9087,Romania,Oilcrops,Feed,1.0,0.0,151.0,6.0,5.0,1.0,3.0,12.0,15.0,21.0,10.0,12.0,26.0,27.0,48.0,61.0,28.0,13.0
9088,Romania,Oilcrops,Seed,14.0,19.0,30.0,26.0,30.0,38.0,27.0,19.0,13.0,15.0,16.0,14.0,22.0,25.0,43.0,34.0,24.0,22.0
9089,Romania,Treenuts,Domestic supply,20.0,22.0,22.0,19.0,15.0,36.0,42.0,31.0,45.0,39.0,31.0,39.0,25.0,30.0,22.0,31.0,33.0,46.0
9090,Romania,Spices,Human Consumption,33.0,51.0,51.0,42.0,48.0,45.0,40.0,38.0,38.0,42.0,64.0,61.0,54.0,55.0,56.0,55.0,52.0,53.0
9091,Romania,Stimulants,Import,53.0,59.0,67.0,67.0,74.0,77.0,84.0,87.0,89.0,89.0,90.0,92.0,96.0,103.0,59.0,61.0,70.0,72.0
9092,Romania,Spices,Domestic supply,33.0,51.0,51.0,42.0,48.0,45.0,40.0,38.0,38.0,42.0,64.0,61.0,54.0,55.0,58.0,57.0,55.0,55.0
9093,Romania,"Fish, Seafood",Other uses (non-food),3.0,3.0,2.0,3.0,2.0,2.0,2.0,2.0,3.0,2.0,2.0,2.0,2.0,2.0,2.0,2.0,2.0,2.0
9094,Romania,"Fish, Seafood",Human Consumption,58.0,71.0,75.0,86.0,92.0,113.0,122.0,117.0,139.0,140.0,135.0,135.0,135.0,135.0,117.0,117.0,117.0,117.0
9095,Romania,Eggs,Production,286.0,324.0,355.0,363.0,369.0,366.0,371.0,326.0,345.0,311.0,310.0,316.0,320.0,319.0,332.0,328.0,309.0,323.0
9096,Romania,Eggs,Import,5.0,15.0,3.0,1.0,6.0,7.0,9.0,13.0,24.0,26.0,21.0,25.0,16.0,18.0,16.0,20.0,21.0,20.0
9097,Romania,Eggs,Stock Variation,0.0,0.0,0.0,0.0,0.0,0.0,0.0,0.0,0.0,0.0,0.0,0.0,0.0,0.0,-1.0,0.0,0.0,0.0
9098,Romania,Eggs,Export,0.0,0.0,0.0,1.0,1.0,0.0,0.0,3.0,6.0,6.0,10.0,8.0,18.0,21.0,12.0,18.0,10.0,16.0
9099,Romania,Eggs,Domestic supply,291.0,339.0,358.0,363.0,374.0,372.0,380.0,336.0,362.0,330.0,320.0,334.0,317.0,317.0,337.0,329.0,320.0,327.0
9100,Romania,Eggs,Seed,20.0,20.0,22.0,24.0,16.0,15.0,14.0,16.0,15.0,16.0,15.0,15.0,14.0,11.0,13.0,13.0,11.0,11.0
9101,Romania,Eggs,Losses,8.0,10.0,10.0,11.0,11.0,11.0,11.0,10.0,11.0,10.0,10.0,10.0,10.0,10.0,16.0,16.0,15.0,16.0
9102,Romania,Eggs,Processing,0.0,0.0,0.0,0.0,0.0,0.0,0.0,0.0,0.0,0.0,0.0,0.0,0.0,0.0,0.0,0.0,0.0,0.0
9103,Romania,Eggs,Other uses (non-food),27.0,31.0,30.0,33.0,35.0,35.0,35.0,1.0,29.0,20.0,23.0,25.0,20.0,15.0,21.0,20.0,18.0,18.0
9104,Romania,Eggs,Human Consumption,236.0,278.0,296.0,295.0,312.0,311.0,320.0,310.0,308.0,284.0,273.0,284.0,274.0,281.0,287.0,281.0,276.0,282.0
9105,Romania,Milk - Excluding Butter,Production,4622.0,4780.0,4982.0,5217.0,5504.0,5552.0,6662.0,6290.0,6125.0,5809.0,5062.0,5159.0,4981.0,5017.0,4803.0,4677.0,4586.0,4325.0
9106,Romania,Milk - Excluding Butter,Import,75.0,68.0,78.0,73.0,51.0,58.0,72.0,251.0,303.0,373.0,387.0,439.0,486.0,514.0,518.0,549.0,679.0,796.0
9107,Romania,Milk - Excluding Butter,Stock Variation,0.0,0.0,0.0,0.0,0.0,0.0,0.0,0.0,0.0,0.0,0.0,0.0,0.0,0.0,26.0,-1.0,17.0,44.0
9108,Romania,Milk - Excluding Butter,Export,22.0,25.0,21.0,19.0,31.0,39.0,32.0,38.0,45.0,56.0,77.0,92.0,127.0,141.0,169.0,165.0,165.0,203.0
9109,Romania,Milk - Excluding Butter,Domestic supply,4675.0,4823.0,5039.0,5271.0,5523.0,5572.0,6702.0,6503.0,6383.0,6127.0,5373.0,5506.0,5339.0,5390.0,5126.0,5061.0,5083.0,4875.0
9110,Romania,Milk - Excluding Butter,Feed,239.0,311.0,149.0,226.0,134.0,156.0,1001.0,481.0,279.0,486.0,217.0,156.0,165.0,187.0,250.0,172.0,169.0,166.0
9111,Romania,Milk - Excluding Butter,Losses,26.0,27.0,28.0,29.0,31.0,32.0,38.0,38.0,37.0,36.0,32.0,33.0,32.0,32.0,28.0,27.0,27.0,25.0
9112,Romania,"Fish, Seafood",Feed,100.0,104.0,132.0,70.0,86.0,86.0,95.0,55.0,71.0,64.0,30.0,30.0,30.0,30.0,13.0,13.0,13.0,13.0
9113,Romania,"Fish, Seafood",Domestic supply,161.0,178.0,209.0,159.0,180.0,201.0,219.0,174.0,213.0,206.0,167.0,167.0,167.0,167.0,133.0,133.0,133.0,133.0
9114,Romania,"Fish, Seafood",Export,0.0,0.0,0.0,0.0,1.0,0.0,1.0,1.0,1.0,4.0,5.0,5.0,5.0,5.0,7.0,7.0,7.0,7.0
9115,Romania,"Fish, Seafood",Stock Variation,0.0,0.0,0.0,0.0,0.0,0.0,0.0,0.0,0.0,0.0,0.0,0.0,0.0,0.0,0.0,0.0,0.0,0.0
9116,Romania,Spices,Losses,0.0,0.0,0.0,0.0,0.0,0.0,0.0,0.0,0.0,0.0,0.0,0.0,0.0,0.0,2.0,2.0,3.0,3.0
9117,Romania,Cereals - Excluding Beer,Import,631.0,1068.0,431.0,2467.0,1591.0,447.0,448.0,1733.0,1653.0,1936.0,1657.0,1718.0,1885.0,1751.0,1812.0,2493.0,3824.0,2926.0
9118,Romania,Cereals - Excluding Beer,Stock Variation,3352.0,-3346.0,1512.0,1358.0,-7434.0,-1844.0,879.0,6406.0,-411.0,847.0,776.0,-1647.0,1406.0,641.0,62.0,-1167.0,-206.0,5581.0
9119,Romania,Cereals - Excluding Beer,Export,362.0,695.0,835.0,159.0,430.0,1038.0,1306.0,706.0,3381.0,4660.0,5485.0,4833.0,5485.0,9322.0,10245.0,10645.0,11990.0,11172.0
9120,Romania,Cereals - Excluding Beer,Domestic supply,14119.0,15927.0,15466.0,16632.0,18127.0,16910.0,15775.0,15239.0,14672.0,12972.0,13641.0,16065.0,10620.0,13955.0,13577.0,12349.0,13807.0,13313.0
9121,Romania,Cereals - Excluding Beer,Feed,7907.0,9339.0,9056.0,10518.0,11560.0,10537.0,9835.0,9310.0,8541.0,6929.0,7666.0,9862.0,4728.0,7819.0,8175.0,7358.0,7930.0,7719.0
9122,Romania,Cereals - Excluding Beer,Seed,759.0,921.0,743.0,669.0,866.0,875.0,753.0,749.0,797.0,835.0,828.0,757.0,777.0,816.0,824.0,811.0,820.0,784.0
9123,Romania,Cereals - Excluding Beer,Losses,228.0,267.0,251.0,219.0,306.0,266.0,216.0,143.0,203.0,190.0,244.0,325.0,169.0,279.0,104.0,88.0,90.0,104.0
9124,Romania,Cereals - Excluding Beer,Processing,304.0,339.0,314.0,351.0,376.0,376.0,419.0,451.0,438.0,426.0,399.0,402.0,412.0,423.0,377.0,427.0,764.0,430.0
9125,Romania,Milk - Excluding Butter,Processing,0.0,0.0,0.0,0.0,0.0,0.0,0.0,0.0,0.0,0.0,0.0,0.0,0.0,0.0,0.0,0.0,0.0,0.0
9126,Romania,Cereals - Excluding Beer,Other uses (non-food),723.0,853.0,840.0,823.0,889.0,852.0,657.0,724.0,819.0,704.0,642.0,822.0,612.0,675.0,957.0,1012.0,965.0,1022.0
9127,Romania,"Aquatic Products, Other",Production,0.0,0.0,0.0,0.0,0.0,0.0,0.0,0.0,0.0,0.0,0.0,0.0,0.0,0.0,0.0,0.0,0.0,0.0
9128,Romania,"Aquatic Products, Other",Import,0.0,0.0,0.0,0.0,0.0,0.0,0.0,1.0,0.0,0.0,1.0,1.0,1.0,1.0,0.0,0.0,0.0,0.0
9129,Romania,"Aquatic Products, Other",Stock Variation,0.0,0.0,0.0,0.0,0.0,0.0,0.0,0.0,0.0,0.0,0.0,0.0,0.0,0.0,0.0,0.0,0.0,0.0
9130,Romania,"Aquatic Products, Other",Export,0.0,0.0,0.0,0.0,0.0,0.0,0.0,0.0,0.0,0.0,0.0,0.0,0.0,0.0,0.0,0.0,0.0,0.0
9131,Romania,"Aquatic Products, Other",Domestic supply,0.0,0.0,0.0,0.0,0.0,0.0,0.0,1.0,0.0,0.0,0.0,0.0,0.0,0.0,0.0,0.0,0.0,0.0
9132,Romania,"Aquatic Products, Other",Other uses (non-food),0.0,0.0,0.0,0.0,0.0,0.0,0.0,0.0,0.0,0.0,0.0,0.0,0.0,0.0,0.0,0.0,0.0,0.0
9133,Romania,"Aquatic Products, Other",Human Consumption,0.0,0.0,0.0,0.0,0.0,0.0,0.0,0.0,0.0,0.0,0.0,0.0,0.0,0.0,0.0,0.0,0.0,0.0
9134,Romania,"Fish, Seafood",Production,17.0,18.0,16.0,19.0,13.0,13.0,15.0,16.0,18.0,17.0,12.0,12.0,12.0,12.0,15.0,15.0,15.0,15.0
9135,Romania,"Fish, Seafood",Import,145.0,160.0,194.0,140.0,168.0,188.0,205.0,158.0,196.0,193.0,160.0,160.0,160.0,160.0,124.0,124.0,124.0,124.0
9136,Romania,Cereals - Excluding Beer,Human Consumption,4199.0,4208.0,4261.0,4051.0,4130.0,4003.0,3893.0,3863.0,3874.0,3887.0,3872.0,3901.0,3921.0,3943.0,3167.0,3249.0,3267.0,3312.0
9137,Romania,Milk - Excluding Butter,Human Consumption,4410.0,4485.0,4861.0,5016.0,5358.0,5383.0,5663.0,5984.0,6067.0,5606.0,5124.0,5318.0,5143.0,5171.0,4874.0,4874.0,4891.0,4696.0
9138,Romania,Cereals - Excluding Beer,Production,10498.0,18899.0,14357.0,12966.0,24400.0,19346.0,15754.0,7807.0,16811.0,14850.0,16693.0,20827.0,12814.0,20885.0,22072.0,19334.0,21766.0,27141.0
9139,Romania,Animal fats,Import,13.0,23.0,27.0,22.0,25.0,39.0,42.0,39.0,48.0,56.0,49.0,39.0,49.0,47.0,42.0,44.0,55.0,60.0
9140,Romania,Meat,Other uses (non-food),0.0,0.0,0.0,0.0,0.0,0.0,0.0,0.0,0.0,0.0,0.0,0.0,0.0,0.0,0.0,0.0,0.0,0.0
9141,Romania,Meat,Human Consumption,1062.0,1077.0,1207.0,1320.0,1180.0,1382.0,1359.0,1356.0,1355.0,1437.0,1263.0,1164.0,1162.0,1072.0,1204.0,1265.0,1304.0,1256.0
9142,Romania,Miscellaneous,Import,1.0,1.0,0.0,1.0,2.0,3.0,3.0,3.0,4.0,4.0,4.0,4.0,4.0,5.0,113.0,120.0,133.0,146.0
9143,Romania,Miscellaneous,Stock Variation,0.0,0.0,0.0,0.0,0.0,0.0,0.0,0.0,0.0,0.0,0.0,0.0,0.0,0.0,0.0,0.0,0.0,0.0
9144,Romania,Miscellaneous,Export,0.0,0.0,0.0,0.0,0.0,0.0,0.0,0.0,0.0,0.0,0.0,0.0,0.0,0.0,29.0,32.0,41.0,40.0
9145,Romania,Miscellaneous,Domestic supply,1.0,1.0,0.0,1.0,2.0,3.0,3.0,3.0,4.0,4.0,4.0,4.0,4.0,5.0,85.0,88.0,92.0,106.0
9146,Romania,Miscellaneous,Human Consumption,1.0,1.0,0.0,1.0,2.0,3.0,3.0,3.0,4.0,4.0,4.0,4.0,4.0,5.0,85.0,88.0,92.0,106.0
9147,Romania,Alcoholic Beverages,Production,1851.0,1947.0,1788.0,2090.0,2264.0,1954.0,2415.0,2534.0,2656.0,2382.0,2073.0,2213.0,2236.0,2346.0,2119.0,2252.0,2215.0,1988.0
9148,Romania,Alcoholic Beverages,Import,5.0,5.0,5.0,6.0,12.0,13.0,84.0,68.0,114.0,55.0,77.0,182.0,159.0,164.0,160.0,193.0,215.0,230.0
9149,Romania,Alcoholic Beverages,Stock Variation,-8.0,-46.0,117.0,-42.0,-98.0,200.0,-44.0,-16.0,-120.0,-46.0,136.0,-30.0,81.0,-80.0,-165.0,-19.0,21.0,13.0
9150,Romania,Alcoholic Beverages,Export,27.0,41.0,55.0,44.0,41.0,34.0,35.0,20.0,24.0,31.0,64.0,46.0,77.0,74.0,58.0,84.0,69.0,65.0
9151,Romania,Alcoholic Beverages,Domestic supply,1821.0,1865.0,1855.0,2010.0,2138.0,2133.0,2420.0,2566.0,2626.0,2361.0,2221.0,2319.0,2399.0,2356.0,2386.0,2379.0,2340.0,2139.0
9152,Romania,Alcoholic Beverages,Losses,11.0,11.0,11.0,11.0,14.0,9.0,11.0,11.0,12.0,10.0,10.0,10.0,9.0,11.0,9.0,9.0,8.0,3.0
9153,Romania,Alcoholic Beverages,Other uses (non-food),23.0,44.0,24.0,103.0,61.0,152.0,143.0,62.0,126.0,68.0,66.0,110.0,83.0,110.0,128.0,145.0,162.0,172.0
9154,Romania,Alcoholic Beverages,Human Consumption,1787.0,1809.0,1820.0,1896.0,2062.0,1972.0,2266.0,2492.0,2489.0,2282.0,2145.0,2200.0,2306.0,2236.0,2249.0,2225.0,2169.0,1964.0
9155,Romania,Spices,Production,38.0,51.0,51.0,39.0,45.0,41.0,40.0,36.0,36.0,42.0,63.0,59.0,53.0,52.0,49.0,50.0,52.0,53.0
9156,Romania,Spices,Import,3.0,4.0,4.0,5.0,6.0,6.0,7.0,5.0,6.0,6.0,5.0,6.0,5.0,5.0,6.0,7.0,7.0,8.0
9157,Romania,Spices,Stock Variation,0.0,0.0,0.0,0.0,0.0,0.0,0.0,0.0,0.0,0.0,0.0,0.0,0.0,0.0,-6.0,-4.0,0.0,1.0
9158,Romania,Animal fats,Production,87.0,84.0,85.0,94.0,73.0,89.0,89.0,90.0,88.0,93.0,85.0,85.0,86.0,79.0,208.0,176.0,185.0,169.0
9159,Romania,Meat,Processing,0.0,0.0,0.0,0.0,0.0,0.0,0.0,0.0,0.0,0.0,0.0,0.0,0.0,0.0,1.0,0.0,1.0,1.0
9160,Romania,Meat,Losses,14.0,17.0,20.0,20.0,25.0,26.0,26.0,29.0,33.0,26.0,26.0,27.0,16.0,13.0,12.0,13.0,14.0,12.0
9161,Romania,Spices,Export,8.0,4.0,4.0,3.0,3.0,3.0,7.0,3.0,3.0,6.0,5.0,4.0,4.0,2.0,3.0,3.0,4.0,4.0
9162,Romania,Meat,Export,7.0,8.0,7.0,9.0,12.0,13.0,23.0,22.0,29.0,51.0,96.0,125.0,151.0,139.0,133.0,154.0,176.0,182.0
9163,Romania,Animal fats,Stock Variation,0.0,0.0,0.0,0.0,-1.0,0.0,1.0,0.0,0.0,0.0,0.0,0.0,0.0,0.0,3.0,6.0,15.0,14.0
9164,Romania,Animal fats,Export,5.0,4.0,4.0,8.0,7.0,9.0,11.0,9.0,8.0,7.0,14.0,12.0,9.0,7.0,9.0,8.0,10.0,9.0
9165,Romania,Animal fats,Domestic supply,95.0,103.0,108.0,108.0,90.0,119.0,121.0,119.0,128.0,141.0,121.0,113.0,125.0,119.0,239.0,205.0,215.0,205.0
9166,Romania,Animal fats,Feed,0.0,0.0,0.0,0.0,0.0,0.0,0.0,1.0,1.0,1.0,1.0,1.0,1.0,1.0,1.0,1.0,1.0,1.0
9167,Romania,Animal fats,Losses,0.0,0.0,0.0,0.0,0.0,0.0,0.0,0.0,0.0,0.0,0.0,0.0,0.0,0.0,0.0,0.0,0.0,0.0
9168,Romania,Animal fats,Processing,0.0,0.0,0.0,0.0,0.0,0.0,0.0,0.0,0.0,0.0,0.0,0.0,0.0,0.0,6.0,5.0,4.0,5.0
9169,Romania,Meat,Domestic supply,1076.0,1094.0,1227.0,1339.0,1205.0,1408.0,1385.0,1385.0,1388.0,1462.0,1288.0,1192.0,1178.0,1085.0,1217.0,1278.0,1316.0,1265.0
9170,Romania,Animal fats,Human Consumption,72.0,73.0,86.0,83.0,64.0,78.0,81.0,77.0,82.0,96.0,90.0,88.0,89.0,91.0,173.0,140.0,148.0,143.0
9171,Romania,Offals,Production,79.0,77.0,71.0,73.0,62.0,73.0,70.0,73.0,67.0,67.0,65.0,64.0,58.0,52.0,72.0,76.0,78.0,70.0
9172,Romania,Offals,Import,14.0,19.0,27.0,23.0,23.0,45.0,48.0,42.0,39.0,39.0,37.0,32.0,33.0,34.0,34.0,30.0,25.0,26.0
9173,Romania,Animal fats,Other uses (non-food),24.0,30.0,22.0,25.0,27.0,41.0,41.0,41.0,45.0,44.0,31.0,24.0,36.0,27.0,59.0,59.0,61.0,55.0
9174,Romania,Offals,Export,1.0,0.0,0.0,0.0,0.0,0.0,0.0,0.0,1.0,2.0,5.0,4.0,4.0,8.0,8.0,8.0,6.0,11.0
9175,Romania,Offals,Stock Variation,0.0,0.0,0.0,0.0,0.0,0.0,0.0,0.0,0.0,0.0,0.0,0.0,0.0,0.0,0.0,0.0,0.0,0.0
9176,Romania,Meat,Import,81.0,147.0,192.0,202.0,290.0,419.0,464.0,391.0,448.0,436.0,369.0,310.0,331.0,319.0,377.0,439.0,464.0,504.0
9177,Romania,Meat,Production,992.0,956.0,1042.0,1146.0,927.0,1001.0,944.0,1016.0,969.0,1082.0,1016.0,1007.0,997.0,903.0,1053.0,1091.0,1134.0,1035.0
9178,Romania,Offals,Human Consumption,84.0,90.0,93.0,88.0,76.0,105.0,99.0,106.0,97.0,94.0,86.0,82.0,77.0,68.0,79.0,78.0,77.0,66.0
9179,Romania,Meat,Stock Variation,10.0,0.0,0.0,0.0,0.0,0.0,0.0,0.0,0.0,-4.0,-2.0,0.0,1.0,2.0,81.0,97.0,106.0,92.0
9180,Romania,Offals,Losses,0.0,0.0,0.0,0.0,0.0,0.0,0.0,0.0,0.0,0.0,0.0,0.0,0.0,0.0,3.0,3.0,3.0,3.0
9181,Romania,Offals,Feed,1.0,1.0,1.0,1.0,1.0,1.0,1.0,1.0,1.0,1.0,1.0,1.0,0.0,0.0,0.0,0.0,0.0,0.0
9182,Romania,Offals,Domestic supply,92.0,96.0,99.0,96.0,85.0,118.0,118.0,114.0,105.0,104.0,96.0,92.0,87.0,78.0,98.0,97.0,97.0,84.0
9183,Romania,Offals,Other uses (non-food),7.0,5.0,5.0,8.0,8.0,13.0,18.0,8.0,8.0,9.0,10.0,9.0,9.0,10.0,15.0,16.0,17.0,16.0
9184,Russian Federation,Vegetable Oils,Production,1422.0,1303.0,1228.0,1603.0,1895.0,2190.0,2758.0,2733.0,2480.0,3196.0,3012.0,3024.0,4150.0,3926.0,5488.0,5172.0,5681.0,6248.0
9185,Russian Federation,Vegetable Oils,Import,820.0,1093.0,1182.0,985.0,901.0,1104.0,954.0,1079.0,1254.0,867.0,1101.0,1015.0,939.0,1044.0,1006.0,1147.0,1146.0,1171.0
9186,Russian Federation,Vegetable Oils,Stock Variation,0.0,0.0,-150.0,0.0,80.0,70.0,0.0,0.0,-110.0,40.0,20.0,-21.0,-2.0,72.0,102.0,140.0,-84.0,-101.0
9187,Russian Federation,Vegetable Oils,Export,210.0,132.0,94.0,100.0,171.0,341.0,760.0,674.0,630.0,1019.0,713.0,806.0,1885.0,1946.0,2518.0,2267.0,2678.0,3368.0
9188,Russian Federation,Vegetable Oils,Domestic supply,2032.0,2264.0,2167.0,2489.0,2706.0,3023.0,2952.0,3138.0,2994.0,3083.0,3420.0,3213.0,3203.0,3097.0,3874.0,3911.0,4234.0,4152.0
9189,Russian Federation,Vegetable Oils,Processing,0.0,0.0,0.0,0.0,0.0,0.0,0.0,0.0,0.0,0.0,0.0,0.0,0.0,0.0,426.0,439.0,411.0,444.0
9190,Russian Federation,Vegetable Oils,Other uses (non-food),616.0,814.0,719.0,974.0,1105.0,1348.0,1213.0,1411.0,1264.0,1307.0,1565.0,1343.0,1317.0,1150.0,1331.0,1503.0,1634.0,1528.0
9191,Russian Federation,Vegetable Oils,Human Consumption,1417.0,1450.0,1448.0,1515.0,1595.0,1679.0,1741.0,1732.0,1734.0,1784.0,1868.0,1884.0,1911.0,1964.0,2174.0,1996.0,2230.0,2237.0
9192,Russian Federation,Pulses,Production,1178.0,1804.0,1808.0,1666.0,1887.0,1645.0,1769.0,1315.0,1824.0,1569.0,1428.0,2513.0,2344.0,2227.0,2196.0,2357.0,2943.0,4265.0
9193,Russian Federation,Sugar & Sweeteners,Import,4980.0,5679.0,4685.0,4375.0,2896.0,3161.0,2871.0,3737.0,2659.0,1496.0,2380.0,2571.0,787.0,846.0,1473.0,1367.0,937.0,700.0
9194,Russian Federation,Sugar & Sweeteners,Stock Variation,-603.0,-1299.0,-67.0,-278.0,1073.0,687.0,691.0,-166.0,402.0,1516.0,1012.0,-902.0,316.0,582.0,906.0,1331.0,1095.0,370.0
9195,Russian Federation,Sugar & Sweeteners,Export,195.0,172.0,257.0,103.0,163.0,185.0,219.0,367.0,95.0,183.0,77.0,125.0,145.0,85.0,253.0,531.0,451.0,952.0
9196,Russian Federation,Sugar & Sweeteners,Domestic supply,6018.0,6104.0,6404.0,6455.0,6711.0,6989.0,7272.0,7343.0,7314.0,6944.0,6793.0,7027.0,7011.0,7013.0,12067.0,11924.0,12019.0,12636.0
9197,Russian Federation,Sugar & Sweeteners,Feed,0.0,0.0,0.0,0.0,0.0,0.0,0.0,0.0,0.0,0.0,0.0,0.0,0.0,0.0,0.0,0.0,0.0,0.0
9198,Russian Federation,Sugar & Sweeteners,Losses,0.0,0.0,0.0,0.0,0.0,0.0,0.0,0.0,0.0,0.0,0.0,0.0,0.0,0.0,4.0,3.0,3.0,3.0
9199,Russian Federation,Sugar & Sweeteners,Processing,3.0,4.0,11.0,13.0,16.0,22.0,20.0,13.0,13.0,14.0,7.0,0.0,0.0,0.0,546.0,498.0,584.0,543.0
9200,Russian Federation,Sugar & Sweeteners,Other uses (non-food),1.0,2.0,2.0,3.0,4.0,5.0,6.0,6.0,8.0,7.0,8.0,10.0,13.0,12.0,13.0,9.0,10.0,175.0
9201,Russian Federation,Sugar & Sweeteners,Human Consumption,6014.0,6097.0,6392.0,6439.0,6691.0,6961.0,7246.0,7323.0,7293.0,6922.0,6778.0,7018.0,6998.0,7001.0,11505.0,11423.0,11431.0,11915.0
9202,Russian Federation,Sugar & Sweeteners,Production,1836.0,1896.0,2044.0,2461.0,2904.0,3326.0,3929.0,4138.0,4347.0,4115.0,3478.0,5483.0,6052.0,5672.0,11753.0,12419.0,12629.0,13258.0
9203,Russian Federation,Vegetables,Human Consumption,12954.0,13188.0,13409.0,13966.0,14676.0,15303.0,15757.0,14894.0,14906.0,15158.0,15007.0,15720.0,16073.0,16217.0,16436.0,16328.0,15941.0,16451.0
9204,Russian Federation,Fruits - Excluding Wine,Losses,44.0,41.0,46.0,61.0,65.0,71.0,69.0,78.0,56.0,58.0,46.0,57.0,143.0,255.0,158.0,145.0,150.0,139.0
9205,Russian Federation,Vegetables,Losses,365.0,425.0,346.0,363.0,331.0,323.0,349.0,288.0,330.0,347.0,305.0,317.0,309.0,446.0,518.0,546.0,533.0,535.0
9206,Russian Federation,Stimulants,Import,548.0,639.0,676.0,701.0,715.0,762.0,707.0,739.0,745.0,668.0,743.0,775.0,766.0,780.0,493.0,470.0,483.0,518.0
9207,Russian Federation,Pulses,Import,54.0,58.0,14.0,24.0,30.0,32.0,37.0,33.0,45.0,44.0,46.0,43.0,30.0,36.0,45.0,35.0,35.0,42.0
9208,Russian Federation,Stimulants,Stock Variation,0.0,0.0,0.0,0.0,0.0,0.0,0.0,0.0,0.0,0.0,0.0,0.0,0.0,0.0,-8.0,-9.0,-10.0,4.0
9209,Russian Federation,Stimulants,Export,18.0,20.0,29.0,36.0,49.0,64.0,68.0,77.0,81.0,72.0,71.0,71.0,119.0,151.0,37.0,40.0,41.0,48.0
9210,Russian Federation,Stimulants,Domestic supply,531.0,620.0,649.0,667.0,667.0,700.0,640.0,662.0,665.0,597.0,672.0,704.0,647.0,630.0,464.0,439.0,452.0,467.0
9211,Russian Federation,Stimulants,Losses,0.0,0.0,0.0,0.0,0.0,0.0,0.0,0.0,0.0,0.0,0.0,0.0,0.0,0.0,0.0,0.0,0.0,0.0
9212,Russian Federation,Stimulants,Human Consumption,531.0,620.0,649.0,667.0,667.0,700.0,640.0,662.0,665.0,597.0,672.0,704.0,647.0,630.0,464.0,439.0,452.0,467.0
9213,Russian Federation,Fruits - Excluding Wine,Production,3401.0,3075.0,3562.0,3463.0,3926.0,3710.0,3192.0,4358.0,2658.0,3055.0,2464.0,2917.0,2920.0,3368.0,3530.0,3364.0,3853.0,3463.0
9214,Russian Federation,Fruits - Excluding Wine,Import,2415.0,3152.0,3831.0,4704.0,5380.0,6274.0,7452.0,8422.0,7918.0,7301.0,8268.0,8223.0,8288.0,8367.0,6323.0,5576.0,5364.0,6088.0
9215,Russian Federation,Vegetables,Processing,165.0,100.0,214.0,360.0,388.0,400.0,400.0,450.0,671.0,600.0,300.0,340.0,360.0,160.0,126.0,112.0,113.0,117.0
9216,Russian Federation,Fruits - Excluding Wine,Stock Variation,96.0,33.0,0.0,0.0,-170.0,-175.0,220.0,-764.0,535.0,83.0,181.0,0.0,0.0,0.0,49.0,-52.0,23.0,4.0
9217,Russian Federation,Fruits - Excluding Wine,Domestic supply,5867.0,6200.0,7318.0,8070.0,9021.0,9698.0,10718.0,11892.0,11001.0,10347.0,10853.0,11070.0,11030.0,11569.0,9690.0,8856.0,9047.0,9364.0
9218,Russian Federation,Fruits - Excluding Wine,Processing,490.0,448.0,673.0,1168.0,1253.0,1010.0,1331.0,1778.0,1380.0,1366.0,1313.0,1208.0,1053.0,1081.0,635.0,701.0,670.0,1064.0
9219,Russian Federation,Fruits - Excluding Wine,Human Consumption,5333.0,5711.0,6599.0,6840.0,7703.0,8617.0,9318.0,10036.0,9565.0,8923.0,9495.0,9805.0,9838.0,10233.0,8897.0,8012.0,8231.0,8164.0
9220,Russian Federation,Vegetables,Production,12453.0,13259.0,13032.0,14777.0,14809.0,16126.0,16629.0,12368.0,14349.0,14827.0,13283.0,15907.0,16086.0,16120.0,16894.0,17786.0,18049.0,18105.0
9221,Russian Federation,Vegetables,Import,1681.0,1519.0,1765.0,2304.0,2510.0,2899.0,3214.0,3441.0,3665.0,3347.0,3643.0,3719.0,3301.0,3538.0,3228.0,2418.0,1887.0,2281.0
9222,Russian Federation,Vegetables,Stock Variation,-2.0,2.0,0.0,0.0,0.0,-1.0,-679.0,680.0,-149.0,1.0,150.0,0.0,0.0,0.0,27.0,-76.0,-1.0,17.0
9223,Russian Federation,Vegetables,Export,47.0,48.0,28.0,52.0,64.0,80.0,66.0,55.0,78.0,87.0,42.0,37.0,59.0,79.0,64.0,186.0,240.0,221.0
9224,Russian Federation,Vegetables,Domestic supply,14085.0,14731.0,14769.0,17029.0,17254.0,18943.0,19099.0,16434.0,17787.0,18088.0,17034.0,19589.0,19328.0,19580.0,20031.0,20095.0,19697.0,20148.0
9225,Russian Federation,Vegetables,Feed,602.0,1017.0,800.0,2340.0,1860.0,2918.0,2593.0,802.0,1880.0,1984.0,1423.0,3212.0,2586.0,2756.0,2951.0,3109.0,3109.0,3045.0
9226,Russian Federation,Fruits - Excluding Wine,Export,46.0,60.0,76.0,97.0,115.0,112.0,145.0,124.0,110.0,93.0,60.0,70.0,178.0,166.0,114.0,136.0,147.0,182.0
9227,Russian Federation,Pulses,Stock Variation,0.0,0.0,0.0,0.0,0.0,0.0,-3.0,-9.0,1.0,10.0,-43.0,44.0,-5.0,5.0,108.0,-66.0,109.0,508.0
9228,Russian Federation,Oilcrops,Processing,3328.0,3077.0,2920.0,3666.0,4282.0,4944.0,6296.0,6290.0,6059.0,7914.0,7573.0,7728.0,10388.0,9939.0,12922.0,12255.0,13722.0,15028.0
9229,Russian Federation,Pulses,Domestic supply,1218.0,1832.0,1674.0,1620.0,1816.0,1558.0,1692.0,1293.0,1796.0,1315.0,1266.0,2030.0,1594.0,1740.0,1499.0,1532.0,1908.0,2545.0
9230,Russian Federation,Starchy Roots,Stock Variation,0.0,0.0,0.0,0.0,0.0,0.0,-1000.0,-3000.0,0.0,-3300.0,7200.0,0.0,0.0,0.0,281.0,1224.0,868.0,-319.0
9231,Russian Federation,Starchy Roots,Export,18.0,28.0,11.0,23.0,23.0,28.0,69.0,118.0,45.0,77.0,73.0,43.0,35.0,52.0,40.0,168.0,230.0,194.0
9232,Russian Federation,Starchy Roots,Domestic supply,34517.0,35177.0,33243.0,37478.0,36379.0,38041.0,38316.0,34352.0,29779.0,28488.0,29257.0,34444.0,30230.0,30892.0,32015.0,32928.0,30421.0,30423.0
9233,Russian Federation,Starchy Roots,Feed,7332.0,7808.0,6737.0,10417.0,9363.0,11343.0,11608.0,10580.0,5627.0,3741.0,5360.0,9963.0,5122.0,5655.0,6887.0,7056.0,5895.0,5889.0
9234,Russian Federation,Starchy Roots,Seed,9121.0,9127.0,8973.0,8807.0,8908.0,8363.0,8000.0,5613.0,5902.0,6411.0,6940.0,6496.0,6736.0,6579.0,6773.0,7038.0,5594.0,5722.0
9235,Russian Federation,Starchy Roots,Losses,1065.0,1161.0,1169.0,1257.0,1395.0,1436.0,1659.0,1826.0,1396.0,1494.0,1299.0,1469.0,1752.0,1984.0,2066.0,2334.0,2353.0,2301.0
9236,Russian Federation,Sugar Crops,Human Consumption,0.0,0.0,0.0,0.0,0.0,0.0,0.0,0.0,0.0,0.0,0.0,0.0,0.0,0.0,0.0,0.0,0.0,0.0
9237,Russian Federation,Starchy Roots,Processing,719.0,1008.0,750.0,961.0,800.0,800.0,800.0,386.0,469.0,395.0,400.0,400.0,400.0,400.0,176.0,165.0,188.0,175.0
9238,Russian Federation,Starchy Roots,Other uses (non-food),131.0,80.0,102.0,124.0,200.0,248.0,251.0,221.0,246.0,207.0,164.0,130.0,90.0,96.0,22.0,19.0,17.0,20.0
9239,Russian Federation,Starchy Roots,Human Consumption,16150.0,15993.0,15512.0,15912.0,15713.0,15852.0,15998.0,15726.0,16139.0,16241.0,15094.0,15986.0,16130.0,16178.0,16090.0,16317.0,16374.0,16316.0
9240,Russian Federation,Sugar Crops,Production,14053.0,14556.0,15665.0,19384.0,21848.0,21420.0,30673.0,28836.0,28995.0,24892.0,22256.0,47643.0,45057.0,39321.0,33513.0,39031.0,51367.0,51934.0
9241,Russian Federation,Sugar Crops,Import,0.0,0.0,0.0,0.0,0.0,0.0,0.0,0.0,1.0,0.0,0.0,0.0,0.0,0.0,1.0,1.0,1.0,1.0
9242,Russian Federation,Sugar Crops,Stock Variation,0.0,0.0,0.0,-2500.0,0.0,2500.0,0.0,0.0,-1300.0,1300.0,0.0,-5000.0,0.0,2000.0,-2500.0,-500.0,3700.0,2377.0
9243,Russian Federation,Sugar Crops,Export,0.0,0.0,0.0,0.0,0.0,0.0,0.0,0.0,0.0,0.0,0.0,0.0,0.0,0.0,0.0,0.0,0.0,0.0
9244,Russian Federation,Sugar Crops,Domestic supply,14054.0,14556.0,15665.0,16884.0,21848.0,23920.0,30673.0,28836.0,27697.0,26192.0,22256.0,42643.0,45057.0,41321.0,36014.0,39531.0,47668.0,49558.0
9245,Russian Federation,Sugar Crops,Feed,353.0,303.0,331.0,1816.0,1930.0,1581.0,4866.0,2698.0,1452.0,1735.0,1425.0,7773.0,5782.0,4938.0,2817.0,3228.0,9342.0,7345.0
9246,Russian Federation,Sugar Crops,Losses,141.0,146.0,157.0,194.0,218.0,239.0,307.0,288.0,290.0,262.0,223.0,476.0,451.0,413.0,341.0,397.0,522.0,528.0
9247,Russian Federation,Sugar Crops,Processing,13560.0,14107.0,15177.0,14874.0,19700.0,22100.0,25500.0,25850.0,25955.0,24195.0,20608.0,34394.0,38824.0,35970.0,32856.0,35906.0,37803.0,41684.0
9248,Russian Federation,Stimulants,Production,2.0,1.0,1.0,1.0,1.0,1.0,1.0,1.0,1.0,1.0,0.0,0.0,0.0,0.0,0.0,0.0,0.0,1.0
9249,Russian Federation,Starchy Roots,Import,556.0,240.0,383.0,754.0,488.0,789.0,812.0,686.0,978.0,731.0,989.0,1805.0,732.0,745.0,835.0,674.0,410.0,709.0
9250,Russian Federation,Starchy Roots,Production,33979.0,34965.0,32871.0,36747.0,35914.0,37280.0,38573.0,36784.0,28846.0,31134.0,21141.0,32681.0,29533.0,30199.0,31501.0,33646.0,31108.0,29590.0
9251,Russian Federation,Oilcrops,Human Consumption,133.0,159.0,190.0,193.0,210.0,238.0,230.0,316.0,287.0,237.0,280.0,316.0,291.0,312.0,321.0,311.0,304.0,341.0
9252,Russian Federation,Oilcrops,Other uses (non-food),6.0,8.0,8.0,13.0,14.0,16.0,16.0,15.0,9.0,5.0,6.0,8.0,8.0,7.0,7.0,7.0,9.0,8.0
9253,Russian Federation,Pulses,Feed,827.0,1387.0,1218.0,1109.0,1285.0,1030.0,1158.0,828.0,1253.0,718.0,588.0,1259.0,843.0,1007.0,804.0,847.0,1062.0,1484.0
9254,Russian Federation,Pulses,Seed,161.0,186.0,194.0,193.0,182.0,190.0,186.0,175.0,197.0,236.0,327.0,354.0,350.0,341.0,237.0,242.0,346.0,500.0
9255,Russian Federation,Pulses,Losses,70.0,108.0,92.0,86.0,98.0,86.0,86.0,68.0,95.0,99.0,90.0,156.0,140.0,131.0,95.0,98.0,129.0,186.0
9256,Russian Federation,Pulses,Processing,0.0,0.0,0.0,0.0,0.0,0.0,0.0,0.0,0.0,0.0,0.0,0.0,0.0,0.0,36.0,64.0,16.0,6.0
9257,Russian Federation,Pulses,Human Consumption,161.0,151.0,171.0,231.0,251.0,251.0,261.0,221.0,251.0,261.0,261.0,261.0,261.0,261.0,329.0,281.0,355.0,369.0
9258,Russian Federation,Treenuts,Production,15.0,19.0,12.0,13.0,25.0,11.0,5.0,12.0,8.0,9.0,9.0,10.0,11.0,13.0,15.0,16.0,19.0,16.0
9259,Russian Federation,Treenuts,Import,24.0,48.0,47.0,73.0,92.0,89.0,91.0,127.0,159.0,124.0,145.0,154.0,161.0,138.0,57.0,26.0,26.0,35.0
9260,Russian Federation,Treenuts,Stock Variation,0.0,0.0,-3.0,-1.0,0.0,0.0,4.0,-5.0,-4.0,9.0,-1.0,-8.0,9.0,0.0,-2.0,0.0,3.0,-1.0
9261,Russian Federation,Treenuts,Export,15.0,18.0,9.0,12.0,25.0,12.0,11.0,14.0,8.0,18.0,12.0,6.0,25.0,21.0,35.0,40.0,42.0,41.0
9262,Russian Federation,Pulses,Export,14.0,31.0,147.0,70.0,101.0,120.0,112.0,46.0,74.0,308.0,164.0,570.0,774.0,528.0,633.0,925.0,962.0,1254.0
9263,Russian Federation,Treenuts,Domestic supply,24.0,49.0,47.0,72.0,91.0,89.0,89.0,119.0,155.0,125.0,141.0,149.0,156.0,130.0,39.0,3.0,0.0,10.0
9264,Russian Federation,Treenuts,Human Consumption,24.0,49.0,47.0,72.0,91.0,89.0,89.0,119.0,155.0,125.0,141.0,149.0,156.0,137.0,55.0,23.0,23.0,31.0
9265,Russian Federation,Oilcrops,Production,4508.0,3238.0,4299.0,5601.0,5750.0,7559.0,8223.0,7044.0,8979.0,8195.0,7462.0,13109.0,11310.0,14137.0,12855.0,13835.0,16256.0,16486.0
9266,Russian Federation,Oilcrops,Import,198.0,214.0,303.0,241.0,250.0,319.0,274.0,482.0,893.0,1228.0,1397.0,1261.0,1034.0,1517.0,2416.0,2609.0,2732.0,2738.0
9267,Russian Federation,Oilcrops,Stock Variation,717.0,853.0,-99.0,-70.0,-30.0,-820.0,10.0,810.0,-1723.0,673.0,1029.0,-2631.0,1890.0,-1253.0,-1201.0,267.0,378.0,-1395.0
9268,Russian Federation,Oilcrops,Export,1302.0,305.0,122.0,373.0,227.0,394.0,398.0,251.0,201.0,337.0,175.0,444.0,878.0,703.0,849.0,1029.0,1470.0,1738.0
9269,Russian Federation,Oilcrops,Domestic supply,4121.0,3999.0,4381.0,5400.0,5743.0,6664.0,8109.0,8085.0,7947.0,9758.0,9712.0,11296.0,13357.0,13698.0,15623.0,15148.0,17139.0,18881.0
9270,Russian Federation,Oilcrops,Feed,148.0,266.0,704.0,898.0,586.0,684.0,795.0,676.0,742.0,672.0,911.0,2152.0,1530.0,2266.0,1495.0,1582.0,1930.0,2337.0
9271,Russian Federation,Oilcrops,Seed,270.0,308.0,366.0,377.0,401.0,448.0,421.0,452.0,464.0,550.0,590.0,557.0,604.0,598.0,529.0,606.0,707.0,729.0
9272,Russian Federation,Oilcrops,Losses,235.0,181.0,192.0,252.0,250.0,334.0,351.0,336.0,386.0,381.0,352.0,535.0,537.0,577.0,348.0,386.0,468.0,439.0
9273,Russian Federation,Treenuts,Losses,0.0,0.0,0.0,0.0,0.0,0.0,0.0,0.0,0.0,0.0,0.0,0.0,0.0,0.0,1.0,1.0,1.0,1.0
9274,Russian Federation,Spices,Human Consumption,14.0,16.0,23.0,21.0,28.0,24.0,24.0,22.0,30.0,32.0,31.0,35.0,32.0,29.0,32.0,29.0,52.0,31.0
9275,Russian Federation,"Aquatic Products, Other",Production,58.0,13.0,14.0,12.0,14.0,14.0,17.0,15.0,19.0,18.0,18.0,20.0,21.0,19.0,22.0,23.0,32.0,29.0
9276,Russian Federation,Spices,Domestic supply,14.0,16.0,23.0,21.0,28.0,24.0,24.0,22.0,30.0,32.0,31.0,35.0,32.0,29.0,34.0,34.0,57.0,33.0
9277,Russian Federation,"Fish, Seafood",Human Consumption,2624.0,2590.0,2453.0,2507.0,2405.0,2680.0,2668.0,3212.0,3117.0,3262.0,3208.0,3191.0,3401.0,3275.0,3254.0,2917.0,2989.0,2921.0
9278,Russian Federation,Eggs,Production,1903.0,1971.0,2033.0,2045.0,2005.0,2065.0,2118.0,2143.0,2135.0,2210.0,2274.0,2305.0,2365.0,2317.0,2349.0,2388.0,2444.0,2519.0
9279,Russian Federation,Eggs,Import,5.0,11.0,9.0,9.0,11.0,17.0,21.0,22.0,21.0,18.0,23.0,27.0,65.0,71.0,96.0,99.0,98.0,92.0
9280,Russian Federation,Eggs,Stock Variation,15.0,0.0,0.0,0.0,0.0,0.0,0.0,-5.0,5.0,0.0,0.0,0.0,0.0,0.0,-1.0,0.0,0.0,3.0
9281,Russian Federation,Eggs,Export,11.0,7.0,7.0,9.0,9.0,6.0,15.0,15.0,12.0,17.0,13.0,13.0,19.0,19.0,15.0,15.0,18.0,30.0
9282,Russian Federation,Eggs,Domestic supply,1912.0,1975.0,2034.0,2045.0,2007.0,2076.0,2124.0,2145.0,2149.0,2212.0,2284.0,2320.0,2411.0,2368.0,2431.0,2472.0,2524.0,2578.0
9283,Russian Federation,Eggs,Feed,0.0,0.0,0.0,0.0,0.0,0.0,0.0,0.0,0.0,0.0,0.0,0.0,0.0,0.0,150.0,177.0,188.0,179.0
9284,Russian Federation,Eggs,Seed,47.0,50.0,51.0,57.0,64.0,71.0,80.0,93.0,99.0,113.0,124.0,137.0,153.0,159.0,57.0,58.0,59.0,61.0
9285,Russian Federation,Eggs,Losses,2.0,2.0,2.0,2.0,2.0,3.0,3.0,4.0,4.0,4.0,6.0,6.0,5.0,5.0,4.0,5.0,4.0,6.0
9286,Russian Federation,Eggs,Other uses (non-food),2.0,0.0,0.0,0.0,0.0,0.0,0.0,1.0,9.0,1.0,0.0,0.0,1.0,1.0,0.0,0.0,1.0,1.0
9287,Russian Federation,Eggs,Human Consumption,1862.0,1923.0,1981.0,1986.0,1942.0,2002.0,2041.0,2046.0,2038.0,2094.0,2153.0,2177.0,2252.0,2204.0,2220.0,2232.0,2271.0,2332.0
9288,Russian Federation,Milk - Excluding Butter,Production,32276.0,32905.0,33504.0,33373.0,32173.0,31147.0,31436.0,32175.0,32357.0,32565.0,31841.0,31640.0,31750.0,30523.0,30785.0,30791.0,30753.0,31178.0
9289,Russian Federation,Milk - Excluding Butter,Import,845.0,1179.0,1122.0,1637.0,2013.0,2420.0,2026.0,2258.0,2460.0,2415.0,3588.0,3044.0,4151.0,5004.0,4189.0,3542.0,4074.0,4211.0
9290,Russian Federation,Milk - Excluding Butter,Stock Variation,21.0,0.0,0.0,0.0,-10.0,9.0,0.0,0.0,0.0,0.0,0.0,0.0,0.0,0.0,59.0,74.0,208.0,247.0
9291,Russian Federation,Milk - Excluding Butter,Export,1590.0,939.0,876.0,547.0,486.0,425.0,415.0,409.0,401.0,352.0,261.0,232.0,337.0,345.0,322.0,319.0,335.0,364.0
9292,Russian Federation,Milk - Excluding Butter,Domestic supply,31553.0,33145.0,33750.0,34463.0,33690.0,33151.0,33048.0,34024.0,34417.0,34628.0,35168.0,34452.0,35564.0,35182.0,34593.0,33940.0,34284.0,34778.0
9293,Russian Federation,Milk - Excluding Butter,Feed,9783.0,12058.0,12003.0,12786.0,10521.0,9059.0,9421.0,9301.0,9324.0,8803.0,9122.0,8629.0,10231.0,10663.0,8140.0,8786.0,9246.0,8923.0
9294,Russian Federation,Milk - Excluding Butter,Losses,209.0,208.0,213.0,207.0,202.0,183.0,192.0,196.0,194.0,176.0,173.0,179.0,176.0,182.0,31.0,31.0,31.0,31.0
9295,Russian Federation,Milk - Excluding Butter,Processing,0.0,0.0,0.0,0.0,0.0,0.0,0.0,0.0,0.0,0.0,0.0,0.0,0.0,0.0,311.0,0.0,0.0,353.0
9296,Russian Federation,"Fish, Seafood",Other uses (non-food),0.0,0.0,0.0,0.0,0.0,0.0,0.0,0.0,0.0,0.0,0.0,0.0,0.0,0.0,0.0,0.0,0.0,0.0
9297,Russian Federation,Milk - Excluding Butter,Other uses (non-food),133.0,526.0,488.0,742.0,839.0,832.0,753.0,810.0,832.0,836.0,846.0,881.0,963.0,974.0,1228.0,1307.0,1383.0,1393.0
9298,Russian Federation,"Fish, Seafood",Feed,849.0,1004.0,678.0,889.0,607.0,642.0,456.0,469.0,506.0,562.0,457.0,411.0,448.0,417.0,320.0,296.0,332.0,295.0
9299,Russian Federation,"Fish, Seafood",Export,1509.0,1480.0,1402.0,1387.0,1437.0,1668.0,1668.0,1628.0,1756.0,1679.0,2019.0,2155.0,2096.0,2330.0,2201.0,2318.0,2468.0,2713.0
9300,Russian Federation,Spices,Losses,0.0,0.0,0.0,0.0,0.0,0.0,0.0,0.0,0.0,0.0,0.0,0.0,0.0,0.0,1.0,5.0,5.0,2.0
9301,Russian Federation,Cereals - Excluding Beer,Production,64131.0,83233.0,84696.0,65412.0,76075.0,76372.0,76268.0,79973.0,106174.0,95315.0,59271.0,91449.0,68419.0,90072.0,103214.0,102513.0,117799.0,131244.0
9302,Russian Federation,Cereals - Excluding Beer,Import,5815.0,2863.0,2399.0,2718.0,4046.0,2239.0,2910.0,1690.0,1549.0,830.0,989.0,1456.0,1831.0,2297.0,1793.0,1360.0,1919.0,1613.0
9303,Russian Federation,Cereals - Excluding Beer,Stock Variation,-712.0,-1838.0,-4974.0,5902.0,-205.0,2069.0,34.0,-569.0,-6244.0,-1342.0,7924.0,-8209.0,8760.0,-4584.0,1762.0,-2016.0,5695.0,449.0
9304,Russian Federation,Cereals - Excluding Beer,Export,1341.0,3522.0,13620.0,11655.0,5962.0,12641.0,11565.0,17213.0,14330.0,22539.0,14177.0,19347.0,22937.0,19559.0,30750.0,31631.0,34750.0,44115.0
9305,Russian Federation,Cereals - Excluding Beer,Domestic supply,67893.0,80737.0,68501.0,62377.0,73954.0,68039.0,67647.0,63881.0,87150.0,72263.0,54007.0,65349.0,56073.0,68226.0,72496.0,74258.0,79273.0,88293.0
9306,Russian Federation,Cereals - Excluding Beer,Feed,30198.0,42175.0,31796.0,26318.0,37354.0,31033.0,29953.0,24559.0,48097.0,34596.0,17229.0,28050.0,18715.0,30806.0,34312.0,32493.0,37515.0,42082.0
9307,Russian Federation,Cereals - Excluding Beer,Seed,12032.0,12262.0,10769.0,11083.0,11186.0,10989.0,11312.0,11888.0,12135.0,10792.0,10740.0,10889.0,11146.0,11211.0,11125.0,13270.0,14086.0,19354.0
9308,Russian Federation,Cereals - Excluding Beer,Losses,933.0,906.0,828.0,642.0,781.0,707.0,726.0,787.0,994.0,929.0,620.0,901.0,714.0,974.0,886.0,1022.0,1049.0,1125.0
9309,Russian Federation,Cereals - Excluding Beer,Processing,3051.0,3207.0,2859.0,2437.0,3059.0,3410.0,3827.0,4922.0,4440.0,4662.0,3760.0,4068.0,4085.0,4077.0,4321.0,4919.0,4941.0,4776.0
9310,Russian Federation,Cereals - Excluding Beer,Other uses (non-food),3.0,4.0,5.0,5.0,6.0,6.0,2.0,4.0,9.0,5.0,5.0,5.0,5.0,18.0,12.0,15.0,16.0,15.0
9311,Russian Federation,Cereals - Excluding Beer,Human Consumption,21676.0,22183.0,22243.0,21892.0,21569.0,21894.0,21827.0,21721.0,21476.0,21280.0,21653.0,21436.0,21408.0,21140.0,21857.0,23134.0,22172.0,21380.0
9312,Russian Federation,"Aquatic Products, Other",Import,1.0,1.0,1.0,1.0,2.0,4.0,5.0,7.0,20.0,10.0,17.0,19.0,4.0,4.0,6.0,5.0,5.0,6.0
9313,Russian Federation,"Aquatic Products, Other",Export,0.0,0.0,0.0,0.0,0.0,2.0,1.0,1.0,2.0,3.0,2.0,3.0,10.0,12.0,10.0,10.0,12.0,13.0
9314,Russian Federation,"Aquatic Products, Other",Domestic supply,59.0,13.0,15.0,13.0,16.0,16.0,21.0,21.0,38.0,25.0,32.0,37.0,15.0,11.0,19.0,19.0,25.0,22.0
9315,Russian Federation,"Aquatic Products, Other",Other uses (non-food),58.0,11.0,13.0,11.0,14.0,13.0,17.0,14.0,18.0,10.0,11.0,13.0,11.0,10.0,15.0,13.0,19.0,17.0
9316,Russian Federation,"Aquatic Products, Other",Human Consumption,2.0,2.0,3.0,2.0,3.0,3.0,4.0,7.0,20.0,15.0,21.0,24.0,4.0,1.0,4.0,6.0,6.0,6.0
9317,Russian Federation,"Fish, Seafood",Production,4046.0,3717.0,3331.0,3388.0,3049.0,3309.0,3385.0,3575.0,3490.0,3932.0,4179.0,4371.0,4464.0,4487.0,4408.0,4595.0,4915.0,5036.0
9318,Russian Federation,"Fish, Seafood",Stock Variation,14.0,0.0,0.0,0.0,0.0,0.0,0.0,0.0,0.0,0.0,0.0,0.0,0.0,0.0,28.0,86.0,102.0,1.0
9319,Russian Federation,"Fish, Seafood",Domestic supply,3473.0,3593.0,3132.0,3396.0,3012.0,3323.0,3124.0,3681.0,3623.0,3824.0,3664.0,3602.0,3849.0,3693.0,3574.0,3213.0,3322.0,3216.0
9320,Russian Federation,Milk - Excluding Butter,Human Consumption,21428.0,20352.0,21046.0,20727.0,22127.0,23077.0,22680.0,23717.0,24067.0,24813.0,25026.0,24763.0,24194.0,23364.0,24883.0,23493.0,23296.0,24078.0
9321,Russian Federation,"Fish, Seafood",Import,921.0,1356.0,1203.0,1395.0,1400.0,1682.0,1406.0,1733.0,1888.0,1571.0,1504.0,1386.0,1481.0,1535.0,1339.0,850.0,772.0,892.0
9322,Russian Federation,Animal fats,Import,238.0,318.0,358.0,392.0,351.0,380.0,430.0,396.0,427.0,385.0,437.0,437.0,508.0,521.0,248.0,175.0,165.0,171.0
9323,Russian Federation,Meat,Processing,0.0,0.0,0.0,0.0,0.0,0.0,0.0,0.0,0.0,2.0,11.0,14.0,14.0,29.0,28.0,23.0,29.0,54.0
9324,Russian Federation,Meat,Other uses (non-food),0.0,0.0,0.0,0.0,0.0,0.0,0.0,0.0,0.0,0.0,0.0,0.0,0.0,0.0,0.0,0.0,0.0,0.0
9325,Russian Federation,Meat,Human Consumption,5850.0,6663.0,7282.0,7498.0,7217.0,7501.0,8012.0,8637.0,9320.0,9159.0,9387.0,9503.0,10418.0,10687.0,10622.0,10599.0,10703.0,11149.0
9326,Russian Federation,Miscellaneous,Import,15.0,12.0,13.0,16.0,17.0,19.0,20.0,25.0,30.0,29.0,32.0,33.0,42.0,46.0,386.0,272.0,261.0,289.0
9327,Russian Federation,Miscellaneous,Stock Variation,0.0,0.0,0.0,0.0,0.0,0.0,0.0,0.0,0.0,0.0,0.0,0.0,0.0,0.0,6.0,-15.0,2.0,0.0
9328,Russian Federation,Miscellaneous,Export,1.0,1.0,1.0,3.0,4.0,4.0,6.0,7.0,7.0,6.0,6.0,5.0,9.0,14.0,320.0,349.0,374.0,411.0
9329,Russian Federation,Miscellaneous,Domestic supply,15.0,11.0,11.0,13.0,14.0,14.0,15.0,18.0,23.0,23.0,26.0,28.0,33.0,32.0,60.0,-62.0,-115.0,-123.0
9330,Russian Federation,Miscellaneous,Human Consumption,15.0,11.0,11.0,13.0,14.0,14.0,15.0,18.0,23.0,23.0,26.0,28.0,33.0,32.0,60.0,31.0,31.0,31.0
9331,Russian Federation,Alcoholic Beverages,Production,6766.0,8112.0,8823.0,9355.0,10209.0,10831.0,11793.0,13425.0,13270.0,12720.0,11686.0,11653.0,11513.0,10485.0,9410.0,8979.0,9102.0,8953.0
9332,Russian Federation,Alcoholic Beverages,Stock Variation,-1.0,1.0,0.0,0.0,0.0,0.0,0.0,0.0,0.0,0.0,0.0,0.0,0.0,0.0,-1088.0,-594.0,-522.0,-12.0
9333,Russian Federation,Alcoholic Beverages,Export,62.0,85.0,143.0,191.0,238.0,312.0,374.0,414.0,461.0,336.0,277.0,358.0,490.0,514.0,477.0,478.0,561.0,528.0
9334,Russian Federation,Alcoholic Beverages,Domestic supply,6980.0,8464.0,9188.0,9891.0,10891.0,11727.0,12384.0,14092.0,13914.0,13441.0,12723.0,12636.0,12464.0,11402.0,11294.0,10054.0,10036.0,9666.0
9335,Russian Federation,Alcoholic Beverages,Other uses (non-food),50.0,50.0,45.0,46.0,48.0,49.0,37.0,43.0,39.0,39.0,31.0,35.0,31.0,7.0,0.0,14.0,14.0,3.0
9336,Russian Federation,Alcoholic Beverages,Human Consumption,6931.0,8414.0,9143.0,9845.0,10843.0,11678.0,12348.0,14049.0,13875.0,13402.0,12691.0,12601.0,12433.0,11395.0,11294.0,10040.0,10022.0,9663.0
9337,Russian Federation,Spices,Production,5.0,6.0,8.0,5.0,11.0,4.0,4.0,3.0,8.0,11.0,8.0,12.0,6.0,6.0,29.0,100.0,91.0,50.0
9338,Russian Federation,Spices,Import,14.0,14.0,16.0,17.0,19.0,22.0,22.0,21.0,24.0,23.0,26.0,24.0,28.0,31.0,29.0,28.0,34.0,34.0
9339,Russian Federation,Spices,Stock Variation,0.0,0.0,0.0,0.0,0.0,0.0,0.0,0.0,0.0,0.0,0.0,0.0,0.0,0.0,14.0,61.0,6.0,0.0
9340,Russian Federation,Animal fats,Production,1036.0,1134.0,1258.0,1284.0,1217.0,1161.0,1158.0,1227.0,1265.0,1237.0,1188.0,1215.0,1242.0,1304.0,604.0,651.0,668.0,724.0
9341,Russian Federation,Spices,Export,5.0,3.0,1.0,1.0,2.0,1.0,2.0,3.0,2.0,3.0,3.0,1.0,2.0,7.0,10.0,33.0,62.0,51.0
9342,Russian Federation,Meat,Losses,4.0,7.0,7.0,7.0,8.0,9.0,5.0,5.0,11.0,11.0,8.0,11.0,15.0,11.0,4.0,4.0,2.0,2.0
9343,Russian Federation,Meat,Domestic supply,5854.0,6670.0,7289.0,7505.0,7225.0,7510.0,8016.0,8642.0,9331.0,9172.0,9406.0,9528.0,10446.0,10726.0,10654.0,10625.0,10729.0,11198.0
9344,Russian Federation,Alcoholic Beverages,Import,277.0,436.0,508.0,728.0,920.0,1208.0,966.0,1081.0,1105.0,1058.0,1314.0,1342.0,1441.0,1431.0,1273.0,959.0,973.0,1229.0
9345,Russian Federation,Meat,Stock Variation,138.0,-107.0,-63.0,170.0,0.0,-163.0,0.0,0.0,0.0,0.0,0.0,0.0,0.0,0.0,24.0,-26.0,15.0,28.0
9346,Russian Federation,Animal fats,Stock Variation,0.0,0.0,0.0,0.0,-15.0,-15.0,-15.0,0.0,0.0,0.0,0.0,0.0,0.0,0.0,9.0,-3.0,-5.0,9.0
9347,Russian Federation,Animal fats,Export,12.0,10.0,10.0,15.0,26.0,34.0,42.0,61.0,60.0,75.0,67.0,57.0,100.0,109.0,28.0,27.0,30.0,32.0
9348,Russian Federation,Meat,Export,25.0,24.0,21.0,28.0,31.0,53.0,51.0,57.0,77.0,66.0,39.0,66.0,73.0,104.0,104.0,127.0,176.0,213.0
9349,Russian Federation,Animal fats,Domestic supply,1263.0,1441.0,1606.0,1661.0,1526.0,1491.0,1531.0,1562.0,1632.0,1547.0,1558.0,1595.0,1650.0,1716.0,816.0,801.0,808.0,854.0
9350,Russian Federation,Animal fats,Feed,3.0,3.0,2.0,2.0,2.0,2.0,2.0,1.0,2.0,2.0,2.0,1.0,2.0,2.0,2.0,2.0,3.0,4.0
9351,Russian Federation,Animal fats,Losses,7.0,7.0,8.0,8.0,7.0,7.0,7.0,7.0,7.0,7.0,7.0,7.0,7.0,7.0,12.0,12.0,13.0,14.0
9352,Russian Federation,Animal fats,Processing,0.0,0.0,0.0,0.0,0.0,0.0,0.0,0.0,0.0,0.0,0.0,0.0,0.0,0.0,0.0,0.0,0.0,0.0
9353,Russian Federation,Animal fats,Human Consumption,944.0,987.0,1024.0,1060.0,1007.0,957.0,1001.0,998.0,1020.0,975.0,1003.0,1026.0,1091.0,1184.0,636.0,608.0,613.0,641.0
9354,Russian Federation,Offals,Production,544.0,456.0,453.0,540.0,520.0,474.0,452.0,470.0,440.0,454.0,521.0,510.0,519.0,556.0,549.0,552.0,571.0,608.0
9355,Russian Federation,Offals,Import,99.0,179.0,219.0,225.0,218.0,307.0,302.0,316.0,334.0,312.0,302.0,297.0,284.0,211.0,137.0,109.0,95.0,106.0
9356,Russian Federation,Animal fats,Other uses (non-food),309.0,444.0,572.0,591.0,510.0,525.0,521.0,556.0,604.0,563.0,545.0,561.0,551.0,523.0,166.0,178.0,179.0,196.0
9357,Russian Federation,Offals,Export,0.0,0.0,0.0,0.0,1.0,5.0,5.0,4.0,6.0,9.0,18.0,20.0,28.0,37.0,49.0,36.0,67.0,103.0
9358,Russian Federation,Offals,Domestic supply,976.0,634.0,594.0,709.0,869.0,776.0,749.0,781.0,768.0,756.0,806.0,787.0,775.0,729.0,638.0,625.0,599.0,611.0
9359,Russian Federation,Offals,Feed,0.0,0.0,0.0,0.0,0.0,0.0,0.0,0.0,0.0,0.0,0.0,0.0,0.0,0.0,0.0,1.0,1.0,1.0
9360,Russian Federation,Meat,Import,1301.0,2349.0,2669.0,2412.0,2262.0,2812.0,2831.0,2944.0,3139.0,2518.0,2278.0,2075.0,2429.0,2286.0,1707.0,1157.0,1016.0,1049.0
9361,Russian Federation,Offals,Losses,10.0,13.0,7.0,5.0,7.0,7.0,7.0,8.0,7.0,9.0,11.0,9.0,9.0,12.0,1.0,1.0,1.0,1.0
9362,Russian Federation,Offals,Processing,0.0,0.0,0.0,0.0,0.0,0.0,0.0,0.0,0.0,0.0,0.0,0.0,0.0,0.0,8.0,9.0,9.0,8.0
9363,Russian Federation,Offals,Other uses (non-food),3.0,8.0,9.0,8.0,6.0,4.0,3.0,4.0,12.0,14.0,14.0,15.0,14.0,14.0,19.0,19.0,20.0,21.0
9364,Russian Federation,Offals,Human Consumption,963.0,613.0,578.0,696.0,856.0,765.0,739.0,770.0,748.0,734.0,781.0,763.0,751.0,703.0,608.0,595.0,570.0,580.0
9365,Russian Federation,Offals,Stock Variation,333.0,0.0,-77.0,-55.0,132.0,0.0,0.0,0.0,0.0,0.0,0.0,0.0,0.0,0.0,0.0,0.0,0.0,0.0
9366,Russian Federation,Meat,Production,4440.0,4451.0,4704.0,4950.0,4994.0,4914.0,5236.0,5756.0,6268.0,6719.0,7167.0,7519.0,8090.0,8544.0,9074.0,9570.0,9904.0,10389.0
9367,Rwanda,Vegetables,Processing,0.0,0.0,0.0,0.0,0.0,0.0,0.0,0.0,0.0,0.0,0.0,0.0,0.0,0.0,0.0,0.0,0.0,0.0
9368,Rwanda,Vegetable Oils,Feed,0.0,0.0,0.0,0.0,0.0,0.0,0.0,0.0,0.0,0.0,0.0,0.0,0.0,0.0,0.0,0.0,0.0,0.0
9369,Rwanda,Vegetable Oils,Domestic supply,18.0,20.0,20.0,21.0,29.0,28.0,35.0,33.0,31.0,45.0,45.0,50.0,49.0,43.0,22.0,28.0,37.0,37.0
9370,Rwanda,Vegetable Oils,Export,0.0,0.0,0.0,0.0,0.0,0.0,0.0,0.0,0.0,0.0,0.0,0.0,1.0,4.0,2.0,0.0,0.0,0.0
9371,Rwanda,Vegetable Oils,Stock Variation,-5.0,3.0,-2.0,3.0,-1.0,3.0,2.0,2.0,0.0,0.0,-1.0,-1.0,0.0,1.0,0.0,0.0,0.0,0.0
9372,Rwanda,Vegetables,Human Consumption,255.0,271.0,255.0,306.0,338.0,342.0,386.0,366.0,352.0,604.0,634.0,605.0,633.0,656.0,462.0,452.0,431.0,473.0
9373,Rwanda,Vegetable Oils,Production,1.0,1.0,1.0,1.0,1.0,1.0,1.0,2.0,4.0,6.0,3.0,2.0,3.0,1.0,2.0,1.0,1.0,1.0
9374,Rwanda,Vegetables,Losses,26.0,27.0,24.0,27.0,28.0,26.0,29.0,24.0,21.0,26.0,29.0,30.0,30.0,31.0,178.0,169.0,155.0,148.0
9375,Rwanda,Vegetables,Other uses (non-food),0.0,0.0,0.0,0.0,0.0,0.0,0.0,0.0,0.0,0.0,0.0,0.0,0.0,0.0,0.0,0.0,0.0,0.0
9376,Rwanda,Vegetable Oils,Seed,0.0,0.0,0.0,0.0,0.0,0.0,0.0,0.0,0.0,0.0,0.0,0.0,0.0,0.0,0.0,0.0,0.0,0.0
9377,Rwanda,Vegetable Oils,Import,22.0,16.0,21.0,17.0,28.0,23.0,32.0,29.0,26.0,39.0,43.0,48.0,48.0,45.0,22.0,26.0,36.0,35.0
9378,Rwanda,Vegetable Oils,Losses,0.0,0.0,0.0,0.0,0.0,0.0,0.0,0.0,0.0,0.0,0.0,0.0,0.0,0.0,0.0,0.0,0.0,0.0
9379,Rwanda,Sugar & Sweeteners,Feed,0.0,0.0,0.0,0.0,0.0,0.0,0.0,0.0,0.0,0.0,0.0,0.0,0.0,0.0,0.0,0.0,0.0,0.0
9380,Rwanda,Vegetable Oils,Other uses (non-food),1.0,1.0,1.0,1.0,2.0,3.0,4.0,4.0,2.0,3.0,9.0,10.0,15.0,17.0,0.0,0.0,0.0,0.0
9381,Rwanda,Vegetable Oils,Human Consumption,17.0,18.0,19.0,20.0,26.0,25.0,31.0,29.0,29.0,42.0,37.0,40.0,34.0,27.0,22.0,27.0,37.0,37.0
9382,Rwanda,Sugar & Sweeteners,Production,4.0,6.0,7.0,7.0,8.0,7.0,12.0,12.0,16.0,14.0,10.0,8.0,10.0,11.0,31.0,24.0,29.0,29.0
9383,Rwanda,Sugar & Sweeteners,Import,8.0,18.0,13.0,11.0,4.0,11.0,17.0,25.0,26.0,33.0,50.0,51.0,72.0,63.0,98.0,90.0,79.0,68.0
9384,Rwanda,Sugar & Sweeteners,Stock Variation,0.0,0.0,0.0,0.0,0.0,0.0,0.0,0.0,0.0,0.0,0.0,0.0,0.0,0.0,19.0,16.0,7.0,-7.0
9385,Rwanda,Sugar & Sweeteners,Export,0.0,0.0,0.0,0.0,0.0,0.0,0.0,1.0,9.0,1.0,1.0,1.0,3.0,14.0,7.0,2.0,4.0,0.0
9386,Rwanda,Sugar & Sweeteners,Domestic supply,12.0,24.0,20.0,18.0,11.0,18.0,29.0,36.0,33.0,46.0,59.0,58.0,79.0,61.0,102.0,96.0,96.0,104.0
9387,Rwanda,Sugar & Sweeteners,Seed,0.0,0.0,0.0,0.0,0.0,0.0,0.0,0.0,0.0,0.0,0.0,0.0,0.0,0.0,0.0,0.0,0.0,0.0
9388,Rwanda,Sugar & Sweeteners,Losses,0.0,0.0,0.0,0.0,0.0,0.0,0.0,0.0,0.0,0.0,0.0,0.0,0.0,0.0,0.0,0.0,0.0,0.0
9389,Rwanda,Vegetables,Seed,0.0,0.0,0.0,0.0,0.0,0.0,0.0,0.0,0.0,0.0,0.0,0.0,0.0,0.0,0.0,0.0,0.0,0.0
9390,Rwanda,Sugar & Sweeteners,Processing,0.0,0.0,0.0,0.0,0.0,0.0,0.0,0.0,0.0,0.0,0.0,0.0,0.0,0.0,3.0,3.0,3.0,3.0
9391,Rwanda,Vegetable Oils,Processing,0.0,0.0,0.0,0.0,0.0,0.0,0.0,0.0,0.0,0.0,0.0,0.0,0.0,0.0,0.0,0.0,0.0,0.0
9392,Rwanda,Vegetables,Feed,0.0,0.0,0.0,0.0,0.0,0.0,0.0,0.0,0.0,0.0,0.0,0.0,0.0,0.0,0.0,0.0,0.0,0.0
9393,Rwanda,Stimulants,Seed,0.0,0.0,0.0,0.0,0.0,0.0,0.0,0.0,0.0,0.0,0.0,0.0,0.0,0.0,0.0,0.0,0.0,0.0
9394,Rwanda,Vegetables,Export,0.0,0.0,0.0,0.0,0.0,2.0,1.0,3.0,5.0,4.0,3.0,9.0,16.0,14.0,3.0,2.0,0.0,6.0
9395,Rwanda,Sugar & Sweeteners,Other uses (non-food),0.0,0.0,0.0,0.0,0.0,0.0,0.0,0.0,0.0,0.0,0.0,0.0,0.0,0.0,0.0,0.0,0.0,0.0
9396,Rwanda,Stimulants,Import,0.0,1.0,0.0,0.0,0.0,0.0,0.0,0.0,1.0,0.0,1.0,1.0,1.0,1.0,0.0,0.0,0.0,0.0
9397,Rwanda,Stimulants,Stock Variation,0.0,2.0,2.0,2.0,-1.0,2.0,8.0,4.0,7.0,0.0,2.0,-3.0,3.0,3.0,-2.0,-1.0,-1.0,-1.0
9398,Rwanda,Stimulants,Export,25.0,36.0,34.0,29.0,22.0,35.0,43.0,35.0,44.0,37.0,42.0,37.0,44.0,43.0,39.0,32.0,31.0,30.0
9399,Rwanda,Stimulants,Domestic supply,5.0,3.0,2.0,2.0,12.0,2.0,4.0,4.0,5.0,3.0,2.0,7.0,2.0,2.0,5.0,16.0,15.0,14.0
9400,Rwanda,Stimulants,Feed,0.0,0.0,0.0,0.0,0.0,0.0,0.0,0.0,0.0,0.0,0.0,0.0,0.0,0.0,0.0,0.0,0.0,0.0
9401,Rwanda,Stimulants,Losses,0.0,0.0,0.0,0.0,0.0,0.0,0.0,0.0,0.0,0.0,0.0,0.0,0.0,0.0,2.0,3.0,2.0,2.0
9402,Rwanda,Stimulants,Processing,0.0,0.0,0.0,0.0,0.0,0.0,0.0,0.0,0.0,0.0,0.0,0.0,0.0,0.0,1.0,4.0,4.0,2.0
9403,Rwanda,Stimulants,Other uses (non-food),4.0,1.0,1.0,1.0,10.0,1.0,1.0,1.0,1.0,1.0,0.0,0.0,0.0,0.0,0.0,7.0,7.0,8.0
9404,Rwanda,Stimulants,Human Consumption,1.0,1.0,2.0,1.0,2.0,1.0,3.0,3.0,4.0,3.0,2.0,7.0,2.0,2.0,1.0,2.0,2.0,2.0
9405,Rwanda,Fruits - Excluding Wine,Production,2304.0,1875.0,2899.0,2527.0,2604.0,2750.0,2825.0,2870.0,2800.0,3339.0,3081.0,3403.0,3591.0,3664.0,3185.0,3276.0,3321.0,2016.0
9406,Rwanda,Vegetables,Domestic supply,281.0,297.0,278.0,333.0,366.0,367.0,415.0,390.0,371.0,630.0,662.0,635.0,663.0,687.0,640.0,621.0,586.0,620.0
9407,Rwanda,Fruits - Excluding Wine,Import,0.0,0.0,0.0,0.0,0.0,0.0,1.0,0.0,1.0,13.0,14.0,14.0,20.0,22.0,8.0,13.0,15.0,5.0
9408,Rwanda,Fruits - Excluding Wine,Export,0.0,0.0,0.0,0.0,0.0,0.0,1.0,1.0,1.0,1.0,1.0,1.0,3.0,2.0,1.0,0.0,0.0,0.0
9409,Rwanda,Fruits - Excluding Wine,Domestic supply,2304.0,1875.0,2899.0,2527.0,2604.0,2750.0,2825.0,2870.0,2800.0,3351.0,3094.0,3416.0,3608.0,3684.0,3193.0,3289.0,3335.0,2021.0
9410,Rwanda,Fruits - Excluding Wine,Feed,0.0,0.0,0.0,0.0,0.0,0.0,0.0,0.0,0.0,0.0,0.0,0.0,0.0,0.0,0.0,0.0,0.0,0.0
9411,Rwanda,Fruits - Excluding Wine,Seed,0.0,0.0,0.0,0.0,0.0,0.0,0.0,0.0,0.0,0.0,0.0,0.0,0.0,0.0,0.0,0.0,0.0,0.0
9412,Rwanda,Fruits - Excluding Wine,Losses,3.0,2.0,3.0,3.0,3.0,3.0,3.0,3.0,3.0,4.0,4.0,4.0,4.0,4.0,387.0,393.0,391.0,248.0
9413,Rwanda,Fruits - Excluding Wine,Processing,0.0,0.0,0.0,0.0,0.0,0.0,0.0,0.0,0.0,0.0,0.0,0.0,0.0,0.0,0.0,0.0,0.0,0.0
9414,Rwanda,Fruits - Excluding Wine,Other uses (non-food),0.0,0.0,100.0,0.0,0.0,0.0,0.0,0.0,0.0,100.0,0.0,0.0,0.0,0.0,0.0,0.0,0.0,0.0
9415,Rwanda,Fruits - Excluding Wine,Human Consumption,2301.0,1873.0,2796.0,2525.0,2601.0,2747.0,2822.0,2866.0,2797.0,3248.0,3091.0,3412.0,3604.0,3680.0,2807.0,2896.0,2944.0,2734.0
9416,Rwanda,Vegetables,Production,281.0,294.0,276.0,331.0,365.0,367.0,412.0,388.0,373.0,624.0,658.0,637.0,657.0,678.0,633.0,616.0,578.0,617.0
9417,Rwanda,Vegetables,Import,0.0,5.0,2.0,2.0,1.0,2.0,4.0,4.0,2.0,10.0,9.0,8.0,18.0,24.0,9.0,7.0,9.0,9.0
9418,Rwanda,Vegetables,Stock Variation,0.0,-2.0,0.0,0.0,1.0,1.0,-1.0,1.0,0.0,0.0,-1.0,0.0,3.0,-2.0,0.0,0.0,0.0,0.0
9419,Rwanda,Fruits - Excluding Wine,Stock Variation,0.0,0.0,0.0,0.0,0.0,0.0,0.0,0.0,0.0,0.0,0.0,0.0,0.0,0.0,0.0,0.0,0.0,0.0
9420,Rwanda,Sugar & Sweeteners,Human Consumption,12.0,24.0,20.0,18.0,11.0,18.0,29.0,36.0,33.0,46.0,59.0,58.0,79.0,61.0,99.0,92.0,93.0,101.0
9421,Rwanda,Sugar Crops,Production,40.0,40.0,45.0,50.0,60.0,59.0,58.0,97.0,63.0,101.0,115.0,115.0,115.0,115.0,100.0,102.0,94.0,108.0
9422,Rwanda,Pulses,Import,9.0,21.0,15.0,16.0,23.0,9.0,6.0,3.0,2.0,7.0,3.0,5.0,3.0,4.0,4.0,1.0,0.0,1.0
9423,Rwanda,Oilcrops,Processing,2.0,3.0,3.0,3.0,4.0,3.0,3.0,5.0,11.0,14.0,8.0,6.0,7.0,3.0,6.0,5.0,4.0,5.0
9424,Rwanda,Oilcrops,Other uses (non-food),0.0,0.0,0.0,0.0,0.0,0.0,0.0,0.0,0.0,0.0,0.0,0.0,0.0,0.0,0.0,0.0,0.0,0.0
9425,Rwanda,Oilcrops,Human Consumption,14.0,17.0,19.0,21.0,20.0,25.0,27.0,39.0,50.0,57.0,60.0,45.0,25.0,29.0,32.0,34.0,35.0,39.0
9426,Rwanda,Starchy Roots,Production,2908.0,3077.0,3493.0,3119.0,2893.0,3129.0,2956.0,2725.0,3815.0,4265.0,5213.0,5802.0,6232.0,6442.0,2682.0,2748.0,2812.0,3232.0
9427,Rwanda,Starchy Roots,Import,0.0,0.0,0.0,0.0,0.0,0.0,1.0,15.0,1.0,13.0,27.0,10.0,26.0,96.0,77.0,85.0,105.0,110.0
9428,Rwanda,Starchy Roots,Stock Variation,-250.0,50.0,-200.0,100.0,150.0,0.0,0.0,150.0,-600.0,-1100.0,-1840.0,-2330.0,-2570.0,-2660.0,-896.0,-837.0,-812.0,-508.0
9429,Rwanda,Starchy Roots,Export,0.0,0.0,0.0,0.0,0.0,0.0,0.0,1.0,0.0,4.0,1.0,13.0,11.0,13.0,10.0,5.0,5.0,4.0
9430,Rwanda,Starchy Roots,Domestic supply,2658.0,3128.0,3293.0,3219.0,3043.0,3129.0,2957.0,2890.0,3215.0,3174.0,3399.0,3469.0,3677.0,3866.0,3644.0,3664.0,3724.0,3846.0
9431,Rwanda,Starchy Roots,Feed,0.0,0.0,0.0,0.0,0.0,0.0,0.0,0.0,0.0,0.0,0.0,0.0,0.0,0.0,29.0,30.0,31.0,0.0
9432,Rwanda,Starchy Roots,Seed,94.0,100.0,107.0,107.0,108.0,111.0,100.0,102.0,101.0,121.0,136.0,132.0,132.0,132.0,42.0,44.0,0.0,50.0
9433,Rwanda,Starchy Roots,Losses,135.0,147.0,163.0,151.0,141.0,145.0,136.0,132.0,161.0,176.0,214.0,236.0,253.0,260.0,201.0,206.0,197.0,242.0
9434,Rwanda,Oilcrops,Losses,1.0,1.0,1.0,1.0,1.0,2.0,2.0,2.0,3.0,3.0,3.0,3.0,2.0,2.0,2.0,2.0,2.0,3.0
9435,Rwanda,Starchy Roots,Processing,0.0,0.0,0.0,0.0,0.0,0.0,0.0,0.0,0.0,0.0,0.0,0.0,0.0,0.0,0.0,0.0,0.0,0.0
9436,Rwanda,Starchy Roots,Human Consumption,2430.0,2881.0,3023.0,2961.0,2794.0,2873.0,2721.0,2656.0,2953.0,2877.0,3050.0,3102.0,3293.0,3474.0,3373.0,3384.0,3496.0,3554.0
9437,Rwanda,Sugar Crops,Import,0.0,0.0,0.0,0.0,0.0,0.0,0.0,0.0,0.0,0.0,0.0,0.0,0.0,0.0,0.0,0.0,0.0,0.0
9438,Rwanda,Sugar Crops,Stock Variation,0.0,0.0,0.0,0.0,0.0,0.0,0.0,0.0,0.0,0.0,0.0,0.0,0.0,0.0,-10.0,0.0,0.0,0.0
9439,Rwanda,Sugar Crops,Export,0.0,0.0,0.0,0.0,0.0,0.0,0.0,0.0,0.0,0.0,0.0,0.0,0.0,0.0,0.0,0.0,0.0,0.0
9440,Rwanda,Sugar Crops,Domestic supply,40.0,40.0,45.0,50.0,60.0,59.0,58.0,97.0,63.0,101.0,115.0,115.0,115.0,115.0,110.0,102.0,94.0,108.0
9441,Rwanda,Sugar Crops,Feed,0.0,0.0,0.0,0.0,0.0,0.0,0.0,0.0,0.0,0.0,0.0,0.0,0.0,0.0,0.0,44.0,4.0,2.0
9442,Rwanda,Sugar Crops,Seed,0.0,0.0,0.0,0.0,0.0,0.0,0.0,0.0,0.0,0.0,0.0,0.0,0.0,0.0,0.0,0.0,0.0,0.0
9443,Rwanda,Sugar Crops,Processing,40.0,40.0,45.0,50.0,60.0,59.0,58.0,97.0,63.0,101.0,115.0,115.0,115.0,115.0,104.0,52.0,85.0,101.0
9444,Rwanda,Sugar Crops,Other uses (non-food),0.0,0.0,0.0,0.0,0.0,0.0,0.0,0.0,0.0,0.0,0.0,0.0,0.0,0.0,0.0,0.0,0.0,0.0
9445,Rwanda,Sugar Crops,Human Consumption,0.0,0.0,0.0,0.0,0.0,0.0,0.0,0.0,0.0,0.0,0.0,0.0,0.0,0.0,0.0,0.0,0.0,0.0
9446,Rwanda,Stimulants,Production,31.0,36.0,34.0,29.0,35.0,35.0,39.0,35.0,41.0,40.0,42.0,46.0,42.0,41.0,41.0,47.0,45.0,44.0
9447,Rwanda,Starchy Roots,Other uses (non-food),0.0,0.0,0.0,0.0,0.0,0.0,0.0,0.0,0.0,0.0,0.0,0.0,0.0,0.0,0.0,0.0,0.0,0.0
9448,Rwanda,Pulses,Production,231.0,258.0,263.0,257.0,215.0,219.0,301.0,349.0,330.0,360.0,365.0,365.0,459.0,466.0,436.0,451.0,454.0,468.0
9449,Rwanda,Oilcrops,Seed,2.0,2.0,2.0,2.0,2.0,2.0,2.0,3.0,3.0,3.0,2.0,2.0,2.0,2.0,2.0,1.0,1.0,1.0
9450,Rwanda,Oilcrops,Domestic supply,19.0,23.0,25.0,27.0,27.0,31.0,30.0,49.0,67.0,80.0,75.0,60.0,37.0,37.0,42.0,42.0,42.0,48.0
9451,Rwanda,Pulses,Stock Variation,0.0,-15.0,0.0,0.0,40.0,50.0,0.0,1.0,11.0,0.0,0.0,0.0,0.0,0.0,-10.0,-6.0,-7.0,-10.0
9452,Rwanda,Pulses,Export,0.0,0.0,0.0,0.0,0.0,2.0,3.0,0.0,7.0,5.0,2.0,2.0,3.0,6.0,2.0,3.0,1.0,2.0
9453,Rwanda,Pulses,Domestic supply,240.0,265.0,277.0,273.0,278.0,276.0,304.0,352.0,336.0,362.0,366.0,368.0,459.0,465.0,447.0,455.0,460.0,477.0
9454,Rwanda,Pulses,Feed,0.0,0.0,0.0,0.0,0.0,0.0,0.0,0.0,0.0,0.0,0.0,0.0,0.0,0.0,1.0,0.0,1.0,3.0
9455,Rwanda,Pulses,Seed,11.0,11.0,12.0,10.0,10.0,11.0,12.0,11.0,11.0,11.0,11.0,15.0,15.0,15.0,15.0,15.0,23.0,15.0
9456,Rwanda,Pulses,Losses,12.0,14.0,14.0,14.0,14.0,14.0,15.0,18.0,17.0,18.0,18.0,18.0,23.0,24.0,22.0,22.0,1.0,23.0
9457,Rwanda,Pulses,Processing,0.0,0.0,0.0,0.0,0.0,0.0,0.0,0.0,0.0,0.0,0.0,0.0,0.0,0.0,0.0,0.0,0.0,0.0
9458,Rwanda,Pulses,Other uses (non-food),0.0,0.0,0.0,0.0,0.0,0.0,0.0,0.0,0.0,0.0,0.0,0.0,0.0,0.0,0.0,0.0,0.0,0.0
9459,Rwanda,Pulses,Human Consumption,217.0,239.0,252.0,249.0,254.0,250.0,277.0,324.0,308.0,333.0,337.0,334.0,421.0,427.0,410.0,417.0,435.0,435.0
9460,Rwanda,Treenuts,Production,0.0,0.0,0.0,0.0,0.0,0.0,0.0,0.0,0.0,0.0,0.0,0.0,0.0,0.0,0.0,0.0,0.0,0.0
9461,Rwanda,Treenuts,Import,0.0,0.0,0.0,0.0,0.0,0.0,0.0,0.0,0.0,0.0,0.0,0.0,1.0,0.0,0.0,0.0,0.0,0.0
9462,Rwanda,Oilcrops,Feed,0.0,0.0,0.0,0.0,0.0,0.0,0.0,0.0,0.0,2.0,1.0,4.0,1.0,0.0,0.0,0.0,0.0,0.0
9463,Rwanda,Treenuts,Stock Variation,0.0,0.0,0.0,0.0,0.0,0.0,0.0,0.0,0.0,0.0,0.0,0.0,0.0,0.0,0.0,0.0,0.0,0.0
9464,Rwanda,Treenuts,Domestic supply,0.0,0.0,0.0,0.0,0.0,0.0,0.0,0.0,0.0,0.0,0.0,0.0,1.0,0.0,0.0,0.0,0.0,0.0
9465,Rwanda,Treenuts,Feed,0.0,0.0,0.0,0.0,0.0,0.0,0.0,0.0,0.0,0.0,0.0,0.0,0.0,0.0,0.0,0.0,0.0,0.0
9466,Rwanda,Treenuts,Seed,0.0,0.0,0.0,0.0,0.0,0.0,0.0,0.0,0.0,0.0,0.0,0.0,0.0,0.0,0.0,0.0,0.0,0.0
9467,Rwanda,Treenuts,Losses,0.0,0.0,0.0,0.0,0.0,0.0,0.0,0.0,0.0,0.0,0.0,0.0,0.0,0.0,0.0,0.0,0.0,0.0
9468,Rwanda,Treenuts,Processing,0.0,0.0,0.0,0.0,0.0,0.0,0.0,0.0,0.0,0.0,0.0,0.0,0.0,0.0,0.0,0.0,0.0,0.0
9469,Rwanda,Treenuts,Other uses (non-food),0.0,0.0,0.0,0.0,0.0,0.0,0.0,0.0,0.0,0.0,0.0,0.0,0.0,0.0,0.0,0.0,0.0,0.0
9470,Rwanda,Treenuts,Human Consumption,0.0,0.0,0.0,0.0,0.0,0.0,0.0,0.0,0.0,0.0,0.0,0.0,1.0,0.0,0.0,0.0,0.0,0.0
9471,Rwanda,Oilcrops,Production,19.0,23.0,24.0,27.0,26.0,31.0,33.0,47.0,59.0,65.0,67.0,48.0,27.0,35.0,28.0,33.0,33.0,45.0
9472,Rwanda,Oilcrops,Import,0.0,0.0,0.0,0.0,1.0,1.0,1.0,2.0,8.0,15.0,8.0,12.0,10.0,2.0,17.0,8.0,8.0,3.0
9473,Rwanda,Oilcrops,Stock Variation,0.0,0.0,0.0,0.0,0.0,0.0,0.0,0.0,0.0,0.0,0.0,0.0,0.0,0.0,3.0,-1.0,0.0,0.0
9474,Rwanda,Oilcrops,Export,0.0,0.0,0.0,0.0,0.0,0.0,5.0,0.0,0.0,0.0,0.0,0.0,0.0,0.0,0.0,0.0,0.0,0.0
9475,Rwanda,Treenuts,Export,0.0,0.0,0.0,0.0,0.0,0.0,0.0,0.0,0.0,0.0,0.0,0.0,0.0,0.0,0.0,0.0,0.0,0.0
9476,Rwanda,Spices,Human Consumption,1.0,1.0,1.0,2.0,2.0,2.0,2.0,3.0,3.0,1.0,3.0,3.0,3.0,3.0,3.0,3.0,3.0,3.0
9477,Rwanda,Sugar Crops,Losses,0.0,0.0,0.0,0.0,0.0,0.0,0.0,0.0,0.0,0.0,0.0,0.0,0.0,0.0,5.0,5.0,5.0,6.0
9478,Rwanda,Spices,Processing,0.0,0.0,0.0,0.0,0.0,0.0,0.0,0.0,0.0,0.0,0.0,0.0,0.0,0.0,0.0,0.0,0.0,0.0
9479,Rwanda,Eggs,Feed,0.0,0.0,0.0,0.0,0.0,0.0,0.0,0.0,0.0,0.0,0.0,0.0,0.0,0.0,2.0,1.0,1.0,1.0
9480,Rwanda,Eggs,Seed,0.0,0.0,0.0,0.0,0.0,0.0,0.0,0.0,0.0,0.0,1.0,1.0,1.0,1.0,2.0,2.0,2.0,2.0
9481,Rwanda,Eggs,Losses,0.0,0.0,0.0,0.0,0.0,0.0,0.0,0.0,0.0,0.0,0.0,0.0,0.0,0.0,0.0,0.0,0.0,0.0
9482,Rwanda,Eggs,Processing,0.0,0.0,0.0,0.0,0.0,0.0,0.0,0.0,0.0,0.0,0.0,0.0,0.0,0.0,0.0,0.0,0.0,0.0
9483,Rwanda,Eggs,Other uses (non-food),0.0,0.0,0.0,0.0,0.0,0.0,0.0,0.0,0.0,0.0,0.0,0.0,0.0,0.0,0.0,0.0,0.0,0.0
9484,Rwanda,Eggs,Human Consumption,2.0,2.0,2.0,2.0,2.0,2.0,2.0,2.0,2.0,3.0,3.0,3.0,2.0,2.0,4.0,4.0,5.0,5.0
9485,Rwanda,Milk - Excluding Butter,Production,122.0,139.0,130.0,132.0,148.0,148.0,174.0,196.0,175.0,177.0,216.0,217.0,219.0,221.0,227.0,255.0,244.0,246.0
9486,Rwanda,Milk - Excluding Butter,Import,4.0,11.0,0.0,4.0,4.0,4.0,5.0,5.0,4.0,6.0,5.0,5.0,4.0,5.0,2.0,2.0,2.0,3.0
9487,Rwanda,Milk - Excluding Butter,Stock Variation,0.0,0.0,0.0,0.0,0.0,0.0,0.0,0.0,0.0,0.0,0.0,0.0,0.0,0.0,0.0,0.0,0.0,0.0
9488,Rwanda,Milk - Excluding Butter,Export,0.0,0.0,0.0,0.0,0.0,2.0,1.0,0.0,0.0,0.0,0.0,1.0,0.0,130.0,3.0,0.0,0.0,3.0
9489,Rwanda,Milk - Excluding Butter,Domestic supply,127.0,150.0,130.0,136.0,152.0,150.0,178.0,200.0,179.0,183.0,221.0,221.0,223.0,96.0,225.0,257.0,246.0,246.0
9490,Rwanda,Eggs,Domestic supply,2.0,2.0,2.0,3.0,3.0,3.0,3.0,3.0,3.0,3.0,4.0,4.0,4.0,3.0,8.0,7.0,8.0,8.0
9491,Rwanda,Milk - Excluding Butter,Feed,0.0,0.0,0.0,0.0,0.0,0.0,0.0,0.0,0.0,0.0,0.0,0.0,0.0,0.0,0.0,0.0,0.0,0.0
9492,Rwanda,Milk - Excluding Butter,Losses,6.0,7.0,6.0,7.0,7.0,7.0,9.0,10.0,9.0,9.0,11.0,11.0,11.0,11.0,11.0,13.0,12.0,12.0
9493,Rwanda,Milk - Excluding Butter,Processing,0.0,0.0,0.0,0.0,0.0,0.0,0.0,0.0,0.0,0.0,0.0,0.0,0.0,0.0,0.0,0.0,0.0,0.0
9494,Rwanda,Milk - Excluding Butter,Other uses (non-food),0.0,0.0,0.0,0.0,0.0,0.0,0.0,0.0,0.0,0.0,0.0,0.0,0.0,0.0,0.0,0.0,0.0,0.0
9495,Rwanda,Milk - Excluding Butter,Human Consumption,121.0,143.0,123.0,129.0,144.0,143.0,169.0,191.0,170.0,174.0,211.0,210.0,212.0,85.0,215.0,245.0,235.0,235.0
9496,Rwanda,Animal fats,Production,1.0,1.0,1.0,2.0,2.0,2.0,2.0,2.0,2.0,2.0,3.0,3.0,3.0,3.0,3.0,3.0,3.0,3.0
9497,Rwanda,Animal fats,Import,0.0,2.0,4.0,2.0,0.0,0.0,1.0,0.0,1.0,2.0,0.0,1.0,0.0,0.0,0.0,0.0,0.0,1.0
9498,Rwanda,Animal fats,Stock Variation,0.0,0.0,0.0,0.0,0.0,0.0,0.0,0.0,0.0,0.0,0.0,0.0,0.0,0.0,0.0,0.0,0.0,0.0
9499,Rwanda,Animal fats,Export,0.0,0.0,0.0,0.0,0.0,0.0,0.0,0.0,0.0,0.0,0.0,0.0,0.0,0.0,0.0,0.0,0.0,0.0
9500,Rwanda,Animal fats,Domestic supply,1.0,3.0,6.0,4.0,2.0,2.0,3.0,2.0,3.0,4.0,3.0,3.0,3.0,4.0,3.0,4.0,3.0,4.0
9501,Rwanda,Animal fats,Feed,0.0,0.0,0.0,0.0,0.0,0.0,0.0,0.0,0.0,0.0,0.0,0.0,0.0,0.0,0.0,0.0,0.0,1.0
9502,Rwanda,Animal fats,Seed,0.0,0.0,0.0,0.0,0.0,0.0,0.0,0.0,0.0,0.0,0.0,0.0,0.0,0.0,0.0,0.0,0.0,0.0
9503,Rwanda,Milk - Excluding Butter,Seed,0.0,0.0,0.0,0.0,0.0,0.0,0.0,0.0,0.0,0.0,0.0,0.0,0.0,0.0,0.0,0.0,0.0,0.0
9504,Rwanda,Animal fats,Losses,0.0,0.0,0.0,0.0,0.0,0.0,0.0,0.0,0.0,0.0,0.0,0.0,0.0,0.0,0.0,0.0,0.0,0.0
9505,Rwanda,Eggs,Export,0.0,0.0,0.0,0.0,0.0,0.0,0.0,0.0,0.0,0.0,0.0,0.0,0.0,0.0,0.0,0.0,0.0,0.0
9506,Rwanda,Eggs,Import,0.0,0.0,0.0,0.0,0.0,0.0,0.0,0.0,0.0,0.0,1.0,1.0,1.0,0.0,1.0,0.0,0.0,0.0
9507,Rwanda,Cereals - Excluding Beer,Production,236.0,280.0,301.0,288.0,304.0,393.0,350.0,336.0,439.0,595.0,723.0,830.0,853.0,967.0,809.0,614.0,664.0,635.0
9508,Rwanda,Cereals - Excluding Beer,Import,71.0,55.0,78.0,60.0,81.0,81.0,118.0,132.0,77.0,176.0,268.0,247.0,310.0,263.0,319.0,200.0,250.0,294.0
9509,Rwanda,Cereals - Excluding Beer,Stock Variation,0.0,15.0,-15.0,25.0,0.0,-25.0,-2.0,6.0,26.0,-195.0,-350.0,-380.0,-425.0,-470.0,-276.0,-520.0,-11.0,-173.0
9510,Rwanda,Spices,Other uses (non-food),0.0,0.0,0.0,0.0,0.0,0.0,0.0,0.0,0.0,0.0,0.0,0.0,0.0,0.0,0.0,0.0,0.0,0.0
9511,Rwanda,Cereals - Excluding Beer,Export,0.0,0.0,0.0,2.0,0.0,0.0,1.0,3.0,11.0,1.0,5.0,19.0,69.0,69.0,80.0,72.0,63.0,4.0
9512,Rwanda,Cereals - Excluding Beer,Domestic supply,307.0,350.0,364.0,372.0,384.0,449.0,465.0,471.0,531.0,575.0,636.0,679.0,668.0,690.0,1325.0,1262.0,861.0,1097.0
9513,Rwanda,Cereals - Excluding Beer,Feed,0.0,0.0,0.0,0.0,0.0,0.0,0.0,0.0,0.0,0.0,0.0,0.0,0.0,0.0,548.0,552.0,159.0,334.0
9514,Rwanda,Cereals - Excluding Beer,Seed,8.0,8.0,9.0,9.0,10.0,9.0,10.0,12.0,11.0,13.0,13.0,13.0,15.0,15.0,43.0,26.0,15.0,34.0
9515,Rwanda,Cereals - Excluding Beer,Losses,16.0,18.0,20.0,21.0,22.0,26.0,26.0,28.0,34.0,52.0,74.0,81.0,90.0,96.0,79.0,55.0,56.0,59.0
9516,Rwanda,Cereals - Excluding Beer,Processing,37.0,42.0,42.0,39.0,41.0,49.0,48.0,45.0,48.0,44.0,46.0,50.0,51.0,49.0,48.0,52.0,57.0,54.0
9517,Rwanda,Cereals - Excluding Beer,Other uses (non-food),0.0,0.0,0.0,0.0,0.0,0.0,0.0,0.0,0.0,0.0,0.0,1.0,0.0,0.0,0.0,0.0,0.0,1.0
9518,Rwanda,Eggs,Stock Variation,0.0,0.0,0.0,0.0,0.0,0.0,0.0,0.0,0.0,0.0,0.0,0.0,0.0,0.0,0.0,0.0,0.0,0.0
9519,Rwanda,Cereals - Excluding Beer,Human Consumption,246.0,282.0,294.0,303.0,312.0,364.0,381.0,385.0,440.0,466.0,503.0,534.0,514.0,531.0,606.0,577.0,575.0,615.0
9520,Rwanda,"Aquatic Products, Other",Domestic supply,0.0,0.0,0.0,0.0,0.0,0.0,0.0,0.0,0.0,0.0,0.0,0.0,0.0,0.0,0.0,0.0,0.0,0.0
9521,Rwanda,"Aquatic Products, Other",Other uses (non-food),0.0,0.0,0.0,0.0,0.0,0.0,0.0,0.0,0.0,0.0,0.0,0.0,0.0,0.0,0.0,0.0,0.0,0.0
9522,Rwanda,"Fish, Seafood",Production,7.0,7.0,8.0,8.0,8.0,7.0,8.0,9.0,12.0,12.0,13.0,17.0,17.0,17.0,27.0,31.0,27.0,27.0
9523,Rwanda,"Fish, Seafood",Import,0.0,0.0,0.0,0.0,0.0,0.0,3.0,7.0,9.0,12.0,16.0,29.0,29.0,29.0,36.0,57.0,70.0,70.0
9524,Rwanda,"Fish, Seafood",Stock Variation,0.0,0.0,0.0,0.0,0.0,0.0,0.0,0.0,0.0,0.0,0.0,0.0,0.0,0.0,0.0,0.0,0.0,0.0
9525,Rwanda,"Fish, Seafood",Export,0.0,0.0,0.0,0.0,0.0,0.0,0.0,0.0,1.0,1.0,1.0,0.0,0.0,0.0,4.0,6.0,5.0,5.0
9526,Rwanda,"Fish, Seafood",Domestic supply,7.0,7.0,8.0,9.0,8.0,7.0,11.0,16.0,20.0,22.0,28.0,46.0,46.0,46.0,59.0,81.0,92.0,92.0
9527,Rwanda,"Fish, Seafood",Feed,0.0,0.0,0.0,0.0,0.0,0.0,0.0,0.0,0.0,0.0,0.0,0.0,0.0,0.0,0.0,0.0,0.0,0.0
9528,Rwanda,"Fish, Seafood",Other uses (non-food),0.0,0.0,0.0,0.0,0.0,0.0,0.0,0.0,0.0,0.0,0.0,0.0,0.0,0.0,0.0,0.0,0.0,0.0
9529,Rwanda,"Fish, Seafood",Human Consumption,7.0,7.0,8.0,9.0,8.0,7.0,11.0,16.0,20.0,22.0,28.0,46.0,46.0,46.0,58.0,81.0,92.0,92.0
9530,Rwanda,Eggs,Production,2.0,2.0,2.0,3.0,3.0,3.0,3.0,3.0,3.0,3.0,3.0,3.0,3.0,3.0,7.0,7.0,7.0,8.0
9531,Rwanda,"Aquatic Products, Other",Import,0.0,0.0,0.0,0.0,0.0,0.0,0.0,0.0,0.0,0.0,0.0,0.0,0.0,0.0,0.0,0.0,0.0,0.0
9532,Rwanda,Animal fats,Processing,0.0,0.0,0.0,0.0,0.0,0.0,0.0,0.0,0.0,0.0,0.0,0.0,0.0,0.0,0.0,0.0,0.0,0.0
9533,Rwanda,"Aquatic Products, Other",Human Consumption,0.0,0.0,0.0,0.0,0.0,0.0,0.0,0.0,0.0,0.0,0.0,0.0,0.0,0.0,0.0,0.0,0.0,0.0
9534,Rwanda,Animal fats,Human Consumption,1.0,1.0,2.0,4.0,2.0,2.0,3.0,2.0,3.0,4.0,3.0,3.0,3.0,4.0,3.0,4.0,3.0,3.0
9535,Rwanda,Miscellaneous,Seed,0.0,0.0,0.0,0.0,0.0,0.0,0.0,0.0,0.0,0.0,0.0,0.0,0.0,0.0,0.0,0.0,0.0,0.0
9536,Rwanda,Miscellaneous,Losses,0.0,0.0,0.0,0.0,0.0,0.0,0.0,0.0,0.0,0.0,0.0,0.0,0.0,0.0,0.0,0.0,0.0,0.0
9537,Rwanda,Miscellaneous,Processing,0.0,0.0,0.0,0.0,0.0,0.0,0.0,0.0,0.0,0.0,0.0,0.0,0.0,0.0,0.0,0.0,0.0,0.0
9538,Rwanda,Miscellaneous,Other uses (non-food),0.0,0.0,0.0,0.0,0.0,0.0,0.0,0.0,0.0,0.0,0.0,0.0,0.0,0.0,0.0,0.0,0.0,0.0
9539,Rwanda,Miscellaneous,Human Consumption,0.0,0.0,0.0,0.0,0.0,0.0,0.0,0.0,1.0,1.0,1.0,0.0,1.0,0.0,7.0,1.0,1.0,5.0
9540,Rwanda,Alcoholic Beverages,Production,123.0,136.0,132.0,123.0,134.0,161.0,165.0,155.0,161.0,157.0,171.0,181.0,187.0,180.0,203.0,233.0,256.0,239.0
9541,Rwanda,Alcoholic Beverages,Import,1.0,1.0,1.0,1.0,1.0,2.0,2.0,2.0,4.0,2.0,3.0,5.0,8.0,9.0,14.0,13.0,10.0,10.0
9542,Rwanda,Alcoholic Beverages,Stock Variation,0.0,0.0,0.0,0.0,0.0,0.0,0.0,0.0,0.0,0.0,0.0,0.0,0.0,0.0,0.0,0.0,0.0,0.0
9543,Rwanda,Alcoholic Beverages,Export,1.0,0.0,0.0,0.0,0.0,0.0,0.0,2.0,5.0,2.0,3.0,5.0,8.0,37.0,2.0,1.0,4.0,1.0
9544,Rwanda,Alcoholic Beverages,Domestic supply,122.0,136.0,133.0,123.0,135.0,163.0,167.0,155.0,160.0,157.0,171.0,180.0,186.0,152.0,215.0,244.0,262.0,248.0
9545,Rwanda,Alcoholic Beverages,Feed,0.0,0.0,0.0,0.0,0.0,0.0,0.0,0.0,0.0,0.0,0.0,0.0,0.0,0.0,0.0,0.0,0.0,0.0
9546,Rwanda,Miscellaneous,Feed,0.0,0.0,0.0,0.0,0.0,0.0,0.0,0.0,0.0,0.0,0.0,0.0,0.0,0.0,0.0,0.0,0.0,0.0
9547,Rwanda,Alcoholic Beverages,Seed,0.0,0.0,0.0,0.0,0.0,0.0,0.0,0.0,0.0,0.0,0.0,0.0,0.0,0.0,0.0,0.0,0.0,0.0
9548,Rwanda,Alcoholic Beverages,Processing,0.0,0.0,0.0,0.0,0.0,0.0,0.0,0.0,0.0,0.0,0.0,0.0,0.0,0.0,0.0,0.0,0.0,0.0
9549,Rwanda,Alcoholic Beverages,Other uses (non-food),0.0,0.0,0.0,0.0,0.0,0.0,0.0,0.0,0.0,0.0,0.0,0.0,0.0,2.0,5.0,4.0,2.0,2.0
9550,Rwanda,Spices,Production,1.0,1.0,1.0,2.0,2.0,2.0,2.0,3.0,3.0,1.0,3.0,3.0,3.0,3.0,3.0,3.0,3.0,3.0
9551,Rwanda,Spices,Import,0.0,0.0,0.0,0.0,0.0,0.0,0.0,0.0,0.0,0.0,0.0,0.0,1.0,0.0,1.0,0.0,0.0,1.0
9552,Rwanda,Spices,Stock Variation,0.0,0.0,0.0,0.0,0.0,0.0,0.0,0.0,0.0,0.0,0.0,0.0,0.0,0.0,0.0,0.0,0.0,0.0
9553,Rwanda,Spices,Export,0.0,0.0,0.0,0.0,0.0,0.0,0.0,0.0,0.0,0.0,0.0,0.0,0.0,0.0,0.0,0.0,0.0,0.0
9554,Rwanda,Spices,Domestic supply,1.0,1.0,1.0,2.0,2.0,2.0,2.0,3.0,3.0,1.0,3.0,3.0,3.0,3.0,3.0,3.0,3.0,3.0
9555,Rwanda,Spices,Feed,0.0,0.0,0.0,0.0,0.0,0.0,0.0,0.0,0.0,0.0,0.0,0.0,0.0,0.0,0.0,0.0,0.0,0.0
9556,Rwanda,Spices,Seed,0.0,0.0,0.0,0.0,0.0,0.0,0.0,0.0,0.0,0.0,0.0,0.0,0.0,0.0,0.0,0.0,0.0,0.0
9557,Rwanda,Spices,Losses,0.0,0.0,0.0,0.0,0.0,0.0,0.0,0.0,0.0,0.0,0.0,0.0,0.0,0.0,0.0,0.0,0.0,0.0
9558,Rwanda,Animal fats,Other uses (non-food),0.0,1.0,4.0,0.0,0.0,0.0,0.0,0.0,0.0,0.0,0.0,0.0,0.0,0.0,0.0,0.0,0.0,0.0
9559,Rwanda,Alcoholic Beverages,Losses,8.0,9.0,9.0,9.0,8.0,10.0,10.0,9.0,9.0,8.0,9.0,9.0,8.0,8.0,8.0,8.0,8.0,9.0
9560,Rwanda,Miscellaneous,Domestic supply,0.0,0.0,0.0,0.0,0.0,0.0,0.0,0.0,1.0,1.0,1.0,0.0,1.0,0.0,7.0,1.0,1.0,5.0
9561,Rwanda,Alcoholic Beverages,Human Consumption,114.0,127.0,123.0,114.0,126.0,153.0,157.0,146.0,153.0,149.0,162.0,171.0,178.0,142.0,202.0,232.0,252.0,237.0
9562,Rwanda,Miscellaneous,Stock Variation,0.0,0.0,0.0,0.0,0.0,0.0,0.0,0.0,0.0,0.0,0.0,0.0,0.0,0.0,0.0,0.0,0.0,0.0
9563,Rwanda,Offals,Production,4.0,5.0,5.0,6.0,6.0,6.0,7.0,8.0,9.0,9.0,10.0,10.0,11.0,11.0,12.0,13.0,12.0,12.0
9564,Rwanda,Miscellaneous,Export,0.0,0.0,0.0,0.0,0.0,0.0,0.0,0.0,0.0,0.0,0.0,0.0,0.0,0.0,2.0,2.0,1.0,0.0
9565,Rwanda,Offals,Import,0.0,0.0,0.0,0.0,0.0,0.0,0.0,0.0,0.0,0.0,0.0,0.0,0.0,0.0,0.0,0.0,0.0,0.0
9566,Rwanda,Offals,Stock Variation,0.0,0.0,0.0,0.0,0.0,0.0,0.0,0.0,0.0,0.0,0.0,0.0,0.0,0.0,0.0,0.0,0.0,0.0
9567,Rwanda,Offals,Export,0.0,0.0,0.0,0.0,0.0,0.0,0.0,0.0,0.0,0.0,0.0,0.0,0.0,0.0,0.0,0.0,0.0,0.0
9568,Rwanda,Offals,Domestic supply,4.0,5.0,5.0,6.0,6.0,6.0,7.0,8.0,9.0,9.0,10.0,10.0,11.0,11.0,12.0,13.0,12.0,12.0
9569,Rwanda,Offals,Seed,0.0,0.0,0.0,0.0,0.0,0.0,0.0,0.0,0.0,0.0,0.0,0.0,0.0,0.0,0.0,0.0,0.0,0.0
9570,Rwanda,Offals,Losses,0.0,0.0,0.0,0.0,0.0,0.0,0.0,0.0,0.0,0.0,0.0,0.0,0.0,0.0,0.0,0.0,0.0,0.0
9571,Rwanda,Offals,Processing,0.0,0.0,0.0,0.0,0.0,0.0,0.0,0.0,0.0,0.0,0.0,0.0,0.0,0.0,0.0,0.0,0.0,0.0
9572,Rwanda,Offals,Other uses (non-food),0.0,0.0,0.0,0.0,0.0,0.0,0.0,0.0,0.0,0.0,0.0,0.0,0.0,0.0,0.0,0.0,0.0,0.0
9573,Rwanda,Offals,Human Consumption,4.0,5.0,5.0,6.0,6.0,6.0,7.0,8.0,9.0,9.0,10.0,10.0,11.0,11.0,11.0,13.0,11.0,15.0
9574,Rwanda,Meat,Production,37.0,40.0,43.0,47.0,51.0,53.0,57.0,61.0,65.0,67.0,84.0,87.0,90.0,94.0,101.0,112.0,110.0,113.0
9575,Rwanda,Offals,Feed,0.0,0.0,0.0,0.0,0.0,0.0,0.0,0.0,0.0,0.0,0.0,0.0,0.0,0.0,0.0,0.0,0.0,0.0
9576,Rwanda,Meat,Stock Variation,0.0,0.0,0.0,0.0,0.0,0.0,0.0,0.0,0.0,0.0,0.0,0.0,0.0,0.0,0.0,0.0,0.0,0.0
9577,Rwanda,Meat,Import,0.0,0.0,0.0,0.0,0.0,0.0,0.0,0.0,0.0,0.0,0.0,0.0,0.0,0.0,0.0,0.0,0.0,0.0
9578,Rwanda,Miscellaneous,Import,0.0,0.0,0.0,0.0,0.0,0.0,0.0,0.0,1.0,1.0,1.0,0.0,1.0,0.0,9.0,3.0,2.0,5.0
9579,Rwanda,Meat,Human Consumption,37.0,40.0,43.0,47.0,51.0,53.0,57.0,61.0,65.0,67.0,84.0,87.0,90.0,94.0,97.0,107.0,105.0,109.0
9580,Rwanda,Meat,Other uses (non-food),0.0,0.0,0.0,0.0,0.0,0.0,0.0,0.0,0.0,0.0,0.0,0.0,0.0,0.0,0.0,0.0,0.0,0.0
9581,Rwanda,Miscellaneous,Production,0.0,0.0,0.0,0.0,0.0,0.0,0.0,0.0,0.0,0.0,0.0,0.0,0.0,0.0,0.0,0.0,0.0,0.0
9582,Rwanda,Meat,Losses,0.0,0.0,0.0,0.0,0.0,0.0,0.0,0.0,0.0,0.0,0.0,0.0,0.0,0.0,4.0,5.0,4.0,5.0
9583,Rwanda,Meat,Processing,0.0,0.0,0.0,0.0,0.0,0.0,0.0,0.0,0.0,0.0,0.0,0.0,0.0,0.0,0.0,0.0,0.0,0.0
9584,Rwanda,Meat,Seed,0.0,0.0,0.0,0.0,0.0,0.0,0.0,0.0,0.0,0.0,0.0,0.0,0.0,0.0,0.0,0.0,0.0,0.0
9585,Rwanda,Meat,Feed,0.0,0.0,0.0,0.0,0.0,0.0,0.0,0.0,0.0,0.0,0.0,0.0,0.0,0.0,0.0,0.0,0.0,0.0
9586,Rwanda,Meat,Domestic supply,37.0,40.0,43.0,47.0,51.0,53.0,57.0,61.0,65.0,67.0,84.0,87.0,89.0,93.0,101.0,112.0,110.0,113.0
9587,Rwanda,Meat,Export,0.0,0.0,0.0,0.0,0.0,0.0,0.0,0.0,0.0,0.0,0.0,0.0,1.0,1.0,1.0,0.0,0.0,0.0
9588,Saint Kitts and Nevis,Vegetables,Human Consumption,3.0,3.0,3.0,2.0,3.0,2.0,3.0,3.0,2.0,2.0,1.0,1.0,1.0,1.0,1.0,1.0,1.0,2.0
9589,Saint Kitts and Nevis,Vegetables,Other uses (non-food),1.0,1.0,0.0,0.0,0.0,0.0,0.0,0.0,0.0,0.0,0.0,0.0,0.0,0.0,0.0,0.0,0.0,0.0
9590,Saint Kitts and Nevis,Vegetable Oils,Import,0.0,0.0,1.0,1.0,1.0,0.0,1.0,1.0,0.0,1.0,1.0,1.0,1.0,1.0,0.0,1.0,1.0,1.0
9591,Saint Kitts and Nevis,Vegetable Oils,Stock Variation,0.0,0.0,0.0,0.0,0.0,0.0,0.0,0.0,0.0,0.0,0.0,0.0,0.0,0.0,0.0,0.0,0.0,0.0
9592,Saint Kitts and Nevis,Vegetable Oils,Export,0.0,0.0,0.0,0.0,0.0,0.0,0.0,0.0,0.0,0.0,0.0,0.0,0.0,0.0,0.0,0.0,0.0,0.0
9593,Saint Kitts and Nevis,Vegetable Oils,Production,0.0,0.0,0.0,0.0,0.0,0.0,0.0,0.0,0.0,0.0,0.0,1.0,1.0,1.0,0.0,1.0,1.0,1.0
9594,Saint Kitts and Nevis,Vegetable Oils,Domestic supply,1.0,1.0,1.0,1.0,1.0,1.0,1.0,1.0,1.0,1.0,1.0,1.0,1.0,1.0,1.0,1.0,1.0,1.0
9595,Saint Kitts and Nevis,Sugar & Sweeteners,Stock Variation,0.0,0.0,0.0,-4.0,2.0,0.0,0.0,0.0,0.0,0.0,0.0,0.0,0.0,1.0,0.0,0.0,0.0,1.0
9596,Saint Kitts and Nevis,Vegetable Oils,Human Consumption,0.0,0.0,0.0,0.0,1.0,1.0,1.0,1.0,1.0,1.0,1.0,1.0,1.0,1.0,1.0,1.0,1.0,1.0
9597,Saint Kitts and Nevis,Sugar & Sweeteners,Production,18.0,21.0,22.0,22.0,29.0,11.0,0.0,0.0,0.0,0.0,0.0,0.0,0.0,0.0,0.0,0.0,0.0,0.0
9598,Saint Kitts and Nevis,Sugar & Sweeteners,Import,3.0,2.0,2.0,2.0,2.0,3.0,3.0,3.0,3.0,3.0,3.0,3.0,3.0,2.0,5.0,5.0,4.0,6.0
9599,Saint Kitts and Nevis,Sugar & Sweeteners,Export,13.0,14.0,17.0,14.0,26.0,12.0,0.0,0.0,0.0,0.0,0.0,0.0,0.0,0.0,0.0,1.0,0.0,0.0
9600,Saint Kitts and Nevis,Sugar & Sweeteners,Domestic supply,8.0,9.0,7.0,6.0,7.0,3.0,2.0,3.0,3.0,3.0,3.0,3.0,3.0,3.0,5.0,4.0,3.0,5.0
9601,Saint Kitts and Nevis,Vegetables,Losses,0.0,0.0,0.0,0.0,0.0,0.0,0.0,0.0,0.0,0.0,0.0,0.0,0.0,0.0,0.0,0.0,0.0,0.0
9602,Saint Kitts and Nevis,Sugar & Sweeteners,Feed,0.0,0.0,0.0,0.0,0.0,0.0,0.0,0.0,0.0,0.0,0.0,0.0,0.0,0.0,0.0,0.0,0.0,0.0
9603,Saint Kitts and Nevis,Sugar & Sweeteners,Other uses (non-food),6.0,7.0,5.0,3.0,5.0,0.0,0.0,1.0,0.0,1.0,0.0,1.0,0.0,0.0,0.0,0.0,0.0,0.0
9604,Saint Kitts and Nevis,Vegetable Oils,Other uses (non-food),0.0,0.0,0.0,0.0,0.0,0.0,0.0,0.0,0.0,0.0,0.0,0.0,0.0,0.0,0.0,0.0,0.0,0.0
9605,Saint Kitts and Nevis,Vegetables,Feed,0.0,0.0,0.0,0.0,0.0,0.0,0.0,0.0,0.0,0.0,0.0,0.0,0.0,0.0,0.0,0.0,0.0,0.0
9606,Saint Kitts and Nevis,Fruits - Excluding Wine,Import,4.0,4.0,3.0,4.0,4.0,3.0,4.0,5.0,3.0,3.0,4.0,3.0,2.0,3.0,1.0,2.0,3.0,3.0
9607,Saint Kitts and Nevis,Vegetables,Export,0.0,0.0,0.0,0.0,0.0,0.0,0.0,0.0,0.0,0.0,0.0,0.0,0.0,0.0,0.0,0.0,0.0,0.0
9608,Saint Kitts and Nevis,Stimulants,Stock Variation,0.0,0.0,0.0,0.0,0.0,0.0,0.0,0.0,0.0,0.0,0.0,0.0,0.0,0.0,0.0,0.0,0.0,0.0
9609,Saint Kitts and Nevis,Sugar & Sweeteners,Human Consumption,2.0,2.0,2.0,2.0,2.0,2.0,2.0,2.0,2.0,2.0,2.0,3.0,3.0,3.0,4.0,3.0,3.0,4.0
9610,Saint Kitts and Nevis,Stimulants,Export,0.0,0.0,0.0,0.0,0.0,0.0,0.0,0.0,0.0,0.0,0.0,0.0,0.0,0.0,0.0,0.0,0.0,0.0
9611,Saint Kitts and Nevis,Stimulants,Domestic supply,0.0,0.0,0.0,0.0,0.0,0.0,0.0,0.0,0.0,0.0,0.0,0.0,0.0,0.0,0.0,0.0,0.0,0.0
9612,Saint Kitts and Nevis,Stimulants,Other uses (non-food),0.0,0.0,0.0,0.0,0.0,0.0,0.0,0.0,0.0,0.0,0.0,0.0,0.0,0.0,0.0,0.0,0.0,0.0
9613,Saint Kitts and Nevis,Stimulants,Human Consumption,0.0,0.0,0.0,0.0,0.0,0.0,0.0,0.0,0.0,0.0,0.0,0.0,0.0,0.0,0.0,0.0,0.0,0.0
9614,Saint Kitts and Nevis,Fruits - Excluding Wine,Production,2.0,2.0,2.0,2.0,2.0,2.0,2.0,2.0,2.0,2.0,2.0,2.0,2.0,2.0,2.0,2.0,2.0,2.0
9615,Saint Kitts and Nevis,Vegetables,Domestic supply,3.0,4.0,3.0,3.0,3.0,3.0,3.0,3.0,2.0,2.0,2.0,2.0,2.0,2.0,1.0,1.0,1.0,3.0
9616,Saint Kitts and Nevis,Fruits - Excluding Wine,Stock Variation,0.0,0.0,0.0,0.0,0.0,0.0,0.0,0.0,0.0,0.0,0.0,0.0,0.0,0.0,0.0,1.0,0.0,1.0
9617,Saint Kitts and Nevis,Fruits - Excluding Wine,Domestic supply,6.0,6.0,5.0,6.0,5.0,5.0,6.0,6.0,5.0,5.0,5.0,5.0,4.0,5.0,3.0,4.0,5.0,5.0
9618,Saint Kitts and Nevis,Fruits - Excluding Wine,Losses,0.0,0.0,0.0,0.0,0.0,0.0,0.0,0.0,0.0,0.0,0.0,0.0,0.0,0.0,0.0,0.0,0.0,0.0
9619,Saint Kitts and Nevis,Fruits - Excluding Wine,Other uses (non-food),0.0,0.0,0.0,0.0,0.0,0.0,0.0,0.0,0.0,0.0,0.0,0.0,0.0,0.0,0.0,0.0,0.0,0.0
9620,Saint Kitts and Nevis,Fruits - Excluding Wine,Human Consumption,5.0,5.0,4.0,5.0,4.0,4.0,6.0,6.0,4.0,5.0,5.0,4.0,4.0,4.0,3.0,3.0,4.0,4.0
9621,Saint Kitts and Nevis,Vegetables,Production,1.0,1.0,1.0,1.0,1.0,1.0,1.0,1.0,1.0,1.0,1.0,1.0,1.0,1.0,1.0,1.0,1.0,1.0
9622,Saint Kitts and Nevis,Vegetables,Import,3.0,3.0,2.0,2.0,2.0,2.0,2.0,2.0,1.0,2.0,1.0,1.0,0.0,0.0,0.0,0.0,1.0,3.0
9623,Saint Kitts and Nevis,Vegetables,Stock Variation,0.0,0.0,0.0,0.0,0.0,0.0,0.0,0.0,0.0,0.0,0.0,0.0,0.0,0.0,0.0,0.0,0.0,1.0
9624,Saint Kitts and Nevis,Fruits - Excluding Wine,Export,0.0,0.0,0.0,0.0,1.0,0.0,0.0,0.0,0.0,0.0,0.0,0.0,0.0,0.0,0.0,0.0,0.0,0.0
9625,Saint Kitts and Nevis,Pulses,Production,0.0,0.0,0.0,0.0,0.0,0.0,0.0,0.0,0.0,0.0,0.0,0.0,0.0,0.0,0.0,0.0,0.0,0.0
9626,Saint Kitts and Nevis,Starchy Roots,Stock Variation,0.0,0.0,0.0,0.0,0.0,0.0,0.0,0.0,0.0,0.0,0.0,0.0,0.0,0.0,0.0,0.0,0.0,0.0
9627,Saint Kitts and Nevis,Pulses,Stock Variation,0.0,0.0,0.0,0.0,0.0,0.0,0.0,0.0,0.0,0.0,0.0,0.0,0.0,0.0,0.0,0.0,0.0,0.0
9628,Saint Kitts and Nevis,Oilcrops,Human Consumption,0.0,1.0,1.0,1.0,1.0,0.0,0.0,1.0,1.0,0.0,1.0,1.0,1.0,1.0,1.0,1.0,1.0,1.0
9629,Saint Kitts and Nevis,Starchy Roots,Production,1.0,1.0,1.0,1.0,1.0,1.0,1.0,1.0,1.0,1.0,1.0,1.0,1.0,1.0,1.0,1.0,1.0,1.0
9630,Saint Kitts and Nevis,Starchy Roots,Import,0.0,1.0,1.0,1.0,1.0,0.0,1.0,1.0,1.0,1.0,1.0,1.0,1.0,1.0,1.0,1.0,1.0,1.0
9631,Saint Kitts and Nevis,Starchy Roots,Export,0.0,0.0,0.0,0.0,0.0,0.0,0.0,0.0,0.0,0.0,0.0,0.0,0.0,0.0,0.0,0.0,0.0,0.0
9632,Saint Kitts and Nevis,Starchy Roots,Domestic supply,1.0,1.0,1.0,1.0,1.0,1.0,1.0,1.0,2.0,2.0,2.0,2.0,2.0,2.0,2.0,2.0,2.0,2.0
9633,Saint Kitts and Nevis,Starchy Roots,Seed,0.0,0.0,0.0,0.0,0.0,0.0,0.0,0.0,0.0,0.0,0.0,0.0,0.0,0.0,0.0,0.0,0.0,0.0
9634,Saint Kitts and Nevis,Starchy Roots,Losses,0.0,0.0,0.0,0.0,0.0,0.0,0.0,0.0,0.0,0.0,0.0,0.0,0.0,0.0,0.0,0.0,0.0,0.0
9635,Saint Kitts and Nevis,Oilcrops,Other uses (non-food),0.0,0.0,0.0,0.0,0.0,0.0,0.0,0.0,0.0,0.0,0.0,1.0,1.0,1.0,0.0,0.0,0.0,0.0
9636,Saint Kitts and Nevis,Starchy Roots,Other uses (non-food),0.0,0.0,0.0,0.0,0.0,0.0,0.0,0.0,0.0,0.0,0.0,0.0,0.0,0.0,0.0,0.0,0.0,0.0
9637,Saint Kitts and Nevis,Sugar Crops,Production,191.0,191.0,193.0,193.0,260.0,100.0,0.0,0.0,0.0,0.0,0.0,0.0,0.0,0.0,0.0,0.0,0.0,0.0
9638,Saint Kitts and Nevis,Sugar Crops,Export,0.0,0.0,0.0,0.0,0.0,0.0,0.0,0.0,0.0,0.0,0.0,0.0,0.0,0.0,0.0,0.0,0.0,0.0
9639,Saint Kitts and Nevis,Sugar Crops,Domestic supply,191.0,191.0,193.0,193.0,260.0,100.0,0.0,0.0,0.0,0.0,0.0,0.0,0.0,0.0,0.0,0.0,0.0,0.0
9640,Saint Kitts and Nevis,Sugar Crops,Seed,0.0,0.0,0.0,0.0,0.0,0.0,0.0,0.0,0.0,0.0,0.0,0.0,0.0,0.0,0.0,0.0,0.0,0.0
9641,Saint Kitts and Nevis,Sugar Crops,Losses,0.0,0.0,0.0,0.0,0.0,0.0,0.0,0.0,0.0,0.0,0.0,0.0,0.0,0.0,0.0,0.0,0.0,0.0
9642,Saint Kitts and Nevis,Sugar Crops,Processing,191.0,191.0,193.0,193.0,260.0,100.0,0.0,0.0,0.0,0.0,0.0,0.0,0.0,0.0,0.0,0.0,0.0,0.0
9643,Saint Kitts and Nevis,Stimulants,Import,0.0,0.0,0.0,0.0,0.0,0.0,0.0,0.0,0.0,0.0,0.0,0.0,0.0,0.0,0.0,0.0,0.0,0.0
9644,Saint Kitts and Nevis,Starchy Roots,Human Consumption,1.0,1.0,1.0,1.0,1.0,1.0,1.0,1.0,1.0,1.0,2.0,2.0,2.0,2.0,1.0,1.0,1.0,1.0
9645,Saint Kitts and Nevis,Oilcrops,Processing,1.0,1.0,1.0,1.0,1.0,1.0,1.0,1.0,1.0,1.0,1.0,2.0,2.0,2.0,1.0,2.0,2.0,2.0
9646,Saint Kitts and Nevis,Oilcrops,Losses,0.0,0.0,0.0,0.0,0.0,0.0,0.0,0.0,0.0,0.0,0.0,0.0,0.0,0.0,0.0,0.0,0.0,0.0
9647,Saint Kitts and Nevis,Oilcrops,Seed,0.0,0.0,0.0,0.0,0.0,0.0,0.0,0.0,0.0,0.0,0.0,0.0,0.0,0.0,0.0,0.0,0.0,0.0
9648,Saint Kitts and Nevis,Pulses,Domestic supply,0.0,0.0,0.0,0.0,0.0,0.0,0.0,0.0,0.0,0.0,0.0,0.0,0.0,0.0,0.0,0.0,0.0,0.0
9649,Saint Kitts and Nevis,Pulses,Feed,0.0,0.0,0.0,0.0,0.0,0.0,0.0,0.0,0.0,0.0,0.0,0.0,0.0,0.0,0.0,0.0,0.0,0.0
9650,Saint Kitts and Nevis,Pulses,Seed,0.0,0.0,0.0,0.0,0.0,0.0,0.0,0.0,0.0,0.0,0.0,0.0,0.0,0.0,0.0,0.0,0.0,0.0
9651,Saint Kitts and Nevis,Pulses,Losses,0.0,0.0,0.0,0.0,0.0,0.0,0.0,0.0,0.0,0.0,0.0,0.0,0.0,0.0,0.0,0.0,0.0,0.0
9652,Saint Kitts and Nevis,Pulses,Other uses (non-food),0.0,0.0,0.0,0.0,0.0,0.0,0.0,0.0,0.0,0.0,0.0,0.0,0.0,0.0,0.0,0.0,0.0,0.0
9653,Saint Kitts and Nevis,Pulses,Human Consumption,0.0,0.0,0.0,0.0,0.0,0.0,0.0,0.0,0.0,0.0,0.0,0.0,0.0,0.0,0.0,0.0,0.0,0.0
9654,Saint Kitts and Nevis,Treenuts,Import,0.0,0.0,0.0,0.0,0.0,0.0,0.0,0.0,0.0,0.0,0.0,0.0,0.0,0.0,0.0,0.0,0.0,0.0
9655,Saint Kitts and Nevis,Treenuts,Stock Variation,0.0,0.0,0.0,0.0,0.0,0.0,0.0,0.0,0.0,0.0,0.0,0.0,0.0,0.0,0.0,0.0,0.0,0.0
9656,Saint Kitts and Nevis,Treenuts,Export,0.0,0.0,0.0,0.0,0.0,0.0,0.0,0.0,0.0,0.0,0.0,0.0,0.0,0.0,0.0,0.0,0.0,0.0
9657,Saint Kitts and Nevis,Treenuts,Domestic supply,0.0,0.0,0.0,0.0,0.0,0.0,0.0,0.0,0.0,0.0,0.0,0.0,0.0,0.0,0.0,0.0,0.0,0.0
9658,Saint Kitts and Nevis,Treenuts,Human Consumption,0.0,0.0,0.0,0.0,0.0,0.0,0.0,0.0,0.0,0.0,0.0,0.0,0.0,0.0,0.0,0.0,0.0,0.0
9659,Saint Kitts and Nevis,Oilcrops,Production,1.0,1.0,1.0,1.0,1.0,1.0,1.0,1.0,1.0,1.0,1.0,3.0,3.0,3.0,3.0,3.0,3.0,3.0
9660,Saint Kitts and Nevis,Oilcrops,Import,0.0,0.0,0.0,0.0,0.0,0.0,0.0,0.0,0.0,0.0,0.0,0.0,0.0,0.0,0.0,0.0,0.0,0.0
9661,Saint Kitts and Nevis,Oilcrops,Stock Variation,0.0,0.0,0.0,0.0,0.0,0.0,0.0,0.0,0.0,0.0,0.0,0.0,0.0,0.0,0.0,0.0,0.0,0.0
9662,Saint Kitts and Nevis,Oilcrops,Export,0.0,0.0,0.0,0.0,0.0,0.0,0.0,0.0,0.0,0.0,0.0,0.0,0.0,0.0,0.0,0.0,0.0,0.0
9663,Saint Kitts and Nevis,Oilcrops,Domestic supply,1.0,1.0,1.0,1.0,1.0,1.0,1.0,1.0,1.0,1.0,1.0,4.0,3.0,3.0,3.0,3.0,3.0,3.0
9664,Saint Kitts and Nevis,Oilcrops,Feed,0.0,0.0,0.0,0.0,0.0,0.0,0.0,0.0,0.0,0.0,0.0,0.0,0.0,0.0,0.0,0.0,0.0,0.0
9665,Saint Kitts and Nevis,Pulses,Import,0.0,0.0,0.0,0.0,0.0,0.0,0.0,0.0,0.0,0.0,0.0,0.0,0.0,0.0,0.0,0.0,0.0,0.0
9666,Saint Kitts and Nevis,Stimulants,Production,0.0,0.0,0.0,0.0,0.0,0.0,0.0,0.0,0.0,0.0,0.0,0.0,0.0,0.0,0.0,0.0,0.0,0.0
9667,Saint Kitts and Nevis,Miscellaneous,Other uses (non-food),0.0,0.0,0.0,0.0,0.0,0.0,0.0,0.0,0.0,0.0,0.0,0.0,0.0,0.0,0.0,0.0,0.0,0.0
9668,Saint Kitts and Nevis,Spices,Domestic supply,0.0,0.0,0.0,0.0,0.0,0.0,0.0,0.0,0.0,0.0,0.0,0.0,0.0,0.0,0.0,0.0,0.0,0.0
9669,Saint Kitts and Nevis,"Fish, Seafood",Human Consumption,2.0,1.0,2.0,1.0,2.0,2.0,2.0,2.0,2.0,2.0,2.0,2.0,2.0,2.0,2.0,2.0,2.0,2.0
9670,Saint Kitts and Nevis,Eggs,Production,0.0,0.0,0.0,0.0,0.0,0.0,0.0,0.0,0.0,0.0,0.0,0.0,0.0,0.0,0.0,0.0,0.0,0.0
9671,Saint Kitts and Nevis,Eggs,Import,0.0,0.0,0.0,0.0,0.0,0.0,0.0,0.0,0.0,0.0,0.0,0.0,0.0,0.0,0.0,0.0,0.0,0.0
9672,Saint Kitts and Nevis,Eggs,Stock Variation,0.0,0.0,0.0,0.0,0.0,0.0,0.0,0.0,0.0,0.0,0.0,0.0,0.0,0.0,0.0,0.0,0.0,0.0
9673,Saint Kitts and Nevis,Eggs,Domestic supply,0.0,0.0,0.0,0.0,0.0,0.0,0.0,0.0,0.0,0.0,0.0,0.0,0.0,0.0,0.0,0.0,0.0,0.0
9674,Saint Kitts and Nevis,Eggs,Feed,0.0,0.0,0.0,0.0,0.0,0.0,0.0,0.0,0.0,0.0,0.0,0.0,0.0,0.0,0.0,0.0,0.0,0.0
9675,Saint Kitts and Nevis,Eggs,Seed,0.0,0.0,0.0,0.0,0.0,0.0,0.0,0.0,0.0,0.0,0.0,0.0,0.0,0.0,0.0,0.0,0.0,0.0
9676,Saint Kitts and Nevis,"Fish, Seafood",Other uses (non-food),0.0,0.0,0.0,0.0,0.0,1.0,1.0,1.0,1.0,1.0,21.0,30.0,30.0,30.0,17.0,17.0,17.0,17.0
9677,Saint Kitts and Nevis,Eggs,Losses,0.0,0.0,0.0,0.0,0.0,0.0,0.0,0.0,0.0,0.0,0.0,0.0,0.0,0.0,0.0,0.0,0.0,0.0
9678,Saint Kitts and Nevis,Eggs,Human Consumption,0.0,0.0,0.0,0.0,0.0,0.0,0.0,0.0,0.0,0.0,0.0,0.0,0.0,0.0,0.0,0.0,0.0,0.0
9679,Saint Kitts and Nevis,Milk - Excluding Butter,Import,5.0,7.0,5.0,5.0,5.0,6.0,6.0,5.0,6.0,6.0,6.0,6.0,5.0,5.0,1.0,1.0,2.0,2.0
9680,Saint Kitts and Nevis,Milk - Excluding Butter,Stock Variation,1.0,-1.0,0.0,0.0,0.0,0.0,0.0,0.0,0.0,0.0,0.0,0.0,0.0,1.0,0.0,0.0,0.0,0.0
9681,Saint Kitts and Nevis,Milk - Excluding Butter,Export,0.0,0.0,0.0,0.0,0.0,0.0,0.0,0.0,0.0,0.0,0.0,0.0,0.0,0.0,0.0,0.0,0.0,0.0
9682,Saint Kitts and Nevis,Milk - Excluding Butter,Domestic supply,6.0,6.0,6.0,6.0,5.0,5.0,5.0,5.0,6.0,6.0,6.0,6.0,5.0,5.0,1.0,1.0,2.0,2.0
9683,Saint Kitts and Nevis,Milk - Excluding Butter,Feed,0.0,0.0,0.0,0.0,0.0,0.0,0.0,0.0,0.0,0.0,0.0,0.0,0.0,0.0,0.0,0.0,0.0,0.0
9684,Saint Kitts and Nevis,Milk - Excluding Butter,Other uses (non-food),2.0,2.0,1.0,1.0,1.0,1.0,1.0,1.0,1.0,1.0,1.0,1.0,1.0,1.0,0.0,0.0,0.0,0.0
9685,Saint Kitts and Nevis,Eggs,Other uses (non-food),0.0,0.0,0.0,0.0,0.0,0.0,0.0,0.0,0.0,0.0,0.0,0.0,0.0,0.0,0.0,0.0,0.0,0.0
9686,Saint Kitts and Nevis,Milk - Excluding Butter,Human Consumption,4.0,5.0,4.0,4.0,4.0,4.0,4.0,4.0,5.0,5.0,5.0,4.0,5.0,5.0,1.0,1.0,1.0,1.0
9687,Saint Kitts and Nevis,"Fish, Seafood",Export,0.0,0.0,0.0,0.0,1.0,0.0,0.0,0.0,0.0,0.0,0.0,0.0,0.0,0.0,0.0,0.0,0.0,0.0
9688,Saint Kitts and Nevis,"Fish, Seafood",Import,1.0,1.0,1.0,1.0,1.0,1.0,1.0,1.0,1.0,2.0,2.0,1.0,1.0,1.0,1.0,1.0,1.0,1.0
9689,Saint Kitts and Nevis,Spices,Human Consumption,0.0,0.0,0.0,0.0,0.0,0.0,0.0,0.0,0.0,0.0,0.0,0.0,0.0,0.0,0.0,0.0,0.0,0.0
9690,Saint Kitts and Nevis,Cereals - Excluding Beer,Production,0.0,0.0,0.0,0.0,0.0,0.0,0.0,0.0,0.0,0.0,0.0,0.0,0.0,0.0,0.0,0.0,0.0,0.0
9691,Saint Kitts and Nevis,Cereals - Excluding Beer,Import,6.0,7.0,5.0,8.0,5.0,5.0,7.0,6.0,9.0,7.0,6.0,13.0,5.0,5.0,4.0,5.0,5.0,5.0
9692,Saint Kitts and Nevis,Cereals - Excluding Beer,Stock Variation,0.0,-1.0,1.0,-2.0,0.0,1.0,0.0,1.0,-2.0,0.0,1.0,-4.0,3.0,3.0,0.0,-1.0,0.0,0.0
9693,Saint Kitts and Nevis,Cereals - Excluding Beer,Export,0.0,0.0,0.0,0.0,0.0,0.0,0.0,0.0,0.0,0.0,0.0,0.0,0.0,0.0,0.0,0.0,0.0,0.0
9694,Saint Kitts and Nevis,Cereals - Excluding Beer,Domestic supply,6.0,6.0,6.0,6.0,6.0,6.0,6.0,7.0,7.0,7.0,7.0,9.0,8.0,7.0,5.0,5.0,5.0,5.0
9695,Saint Kitts and Nevis,Cereals - Excluding Beer,Feed,0.0,0.0,0.0,0.0,0.0,0.0,0.0,0.0,0.0,0.0,0.0,0.0,0.0,0.0,0.0,0.0,0.0,0.0
9696,Saint Kitts and Nevis,"Fish, Seafood",Stock Variation,0.0,0.0,0.0,0.0,0.0,0.0,0.0,0.0,0.0,0.0,0.0,0.0,0.0,0.0,0.0,0.0,0.0,0.0
9697,Saint Kitts and Nevis,Cereals - Excluding Beer,Losses,0.0,0.0,0.0,0.0,0.0,0.0,0.0,0.0,0.0,0.0,0.0,1.0,0.0,0.0,0.0,0.0,0.0,0.0
9698,Saint Kitts and Nevis,Cereals - Excluding Beer,Other uses (non-food),1.0,1.0,1.0,2.0,1.0,1.0,1.0,1.0,2.0,1.0,1.0,3.0,1.0,1.0,0.0,0.0,0.0,0.0
9699,Saint Kitts and Nevis,Cereals - Excluding Beer,Human Consumption,4.0,4.0,4.0,4.0,4.0,4.0,4.0,4.0,4.0,4.0,4.0,4.0,5.0,5.0,3.0,3.0,3.0,3.0
9700,Saint Kitts and Nevis,"Aquatic Products, Other",Import,0.0,0.0,0.0,0.0,0.0,0.0,0.0,0.0,0.0,0.0,0.0,0.0,0.0,0.0,0.0,0.0,0.0,0.0
9701,Saint Kitts and Nevis,"Aquatic Products, Other",Domestic supply,0.0,0.0,0.0,0.0,0.0,0.0,0.0,0.0,0.0,0.0,0.0,0.0,0.0,0.0,0.0,0.0,0.0,0.0
9702,Saint Kitts and Nevis,"Aquatic Products, Other",Other uses (non-food),0.0,0.0,0.0,0.0,0.0,0.0,0.0,0.0,0.0,0.0,0.0,0.0,0.0,0.0,0.0,0.0,0.0,0.0
9703,Saint Kitts and Nevis,"Aquatic Products, Other",Human Consumption,0.0,0.0,0.0,0.0,0.0,0.0,0.0,0.0,0.0,0.0,0.0,0.0,0.0,0.0,0.0,0.0,0.0,0.0
9704,Saint Kitts and Nevis,"Fish, Seafood",Production,1.0,1.0,1.0,1.0,1.0,1.0,1.0,1.0,1.0,2.0,22.0,31.0,31.0,31.0,18.0,18.0,18.0,18.0
9705,Saint Kitts and Nevis,Cereals - Excluding Beer,Processing,1.0,1.0,1.0,1.0,1.0,1.0,1.0,1.0,1.0,1.0,1.0,1.0,1.0,1.0,1.0,1.0,1.0,1.0
9706,Saint Kitts and Nevis,Animal fats,Production,0.0,0.0,0.0,0.0,0.0,0.0,0.0,0.0,0.0,0.0,0.0,0.0,0.0,0.0,0.0,0.0,0.0,0.0
9707,Saint Kitts and Nevis,"Fish, Seafood",Domestic supply,2.0,2.0,2.0,2.0,2.0,3.0,2.0,2.0,2.0,3.0,23.0,32.0,32.0,32.0,18.0,18.0,18.0,18.0
9708,Saint Kitts and Nevis,Animal fats,Stock Variation,0.0,0.0,0.0,0.0,0.0,0.0,0.0,0.0,0.0,0.0,0.0,0.0,0.0,0.0,0.0,0.0,0.0,0.0
9709,Saint Kitts and Nevis,Meat,Human Consumption,4.0,4.0,4.0,4.0,4.0,4.0,4.0,4.0,4.0,4.0,4.0,4.0,4.0,4.0,4.0,4.0,4.0,4.0
9710,Saint Kitts and Nevis,Miscellaneous,Import,0.0,0.0,0.0,0.0,0.0,0.0,0.0,0.0,0.0,0.0,0.0,0.0,0.0,0.0,1.0,1.0,1.0,3.0
9711,Saint Kitts and Nevis,Miscellaneous,Stock Variation,0.0,0.0,0.0,0.0,0.0,0.0,0.0,0.0,0.0,0.0,0.0,0.0,0.0,0.0,0.0,0.0,0.0,2.0
9712,Saint Kitts and Nevis,Miscellaneous,Export,0.0,0.0,0.0,0.0,0.0,0.0,0.0,0.0,0.0,0.0,0.0,0.0,0.0,0.0,0.0,0.0,0.0,0.0
9713,Saint Kitts and Nevis,Miscellaneous,Domestic supply,0.0,0.0,0.0,0.0,0.0,0.0,0.0,0.0,0.0,0.0,0.0,0.0,0.0,0.0,1.0,1.0,1.0,1.0
9714,Saint Kitts and Nevis,Alcoholic Beverages,Production,2.0,2.0,2.0,2.0,2.0,2.0,2.0,2.0,2.0,2.0,2.0,2.0,2.0,2.0,2.0,3.0,3.0,3.0
9715,Saint Kitts and Nevis,Alcoholic Beverages,Import,1.0,1.0,1.0,1.0,1.0,1.0,1.0,1.0,2.0,1.0,2.0,1.0,2.0,2.0,1.0,1.0,1.0,1.0
9716,Saint Kitts and Nevis,Meat,Other uses (non-food),1.0,1.0,1.0,1.0,1.0,1.0,1.0,1.0,1.0,1.0,2.0,1.0,1.0,1.0,0.0,0.0,0.0,0.0
9717,Saint Kitts and Nevis,Alcoholic Beverages,Stock Variation,0.0,-1.0,-1.0,-1.0,-1.0,0.0,1.0,1.0,0.0,-1.0,-1.0,0.0,0.0,0.0,0.0,0.0,0.0,-1.0
9718,Saint Kitts and Nevis,Alcoholic Beverages,Domestic supply,3.0,2.0,2.0,2.0,2.0,2.0,2.0,2.0,2.0,2.0,3.0,3.0,3.0,3.0,3.0,3.0,3.0,3.0
9719,Saint Kitts and Nevis,Alcoholic Beverages,Other uses (non-food),1.0,0.0,0.0,0.0,0.0,0.0,0.0,0.0,0.0,0.0,1.0,1.0,1.0,1.0,0.0,0.0,0.0,0.0
9720,Saint Kitts and Nevis,Alcoholic Beverages,Human Consumption,2.0,2.0,2.0,2.0,2.0,2.0,2.0,2.0,2.0,2.0,2.0,2.0,2.0,2.0,2.0,2.0,2.0,2.0
9721,Saint Kitts and Nevis,Spices,Import,0.0,0.0,0.0,0.0,0.0,0.0,0.0,0.0,0.0,0.0,0.0,0.0,0.0,0.0,0.0,0.0,0.0,0.0
9722,Saint Kitts and Nevis,Spices,Stock Variation,0.0,0.0,0.0,0.0,0.0,0.0,0.0,0.0,0.0,0.0,0.0,0.0,0.0,0.0,0.0,0.0,0.0,0.0
9723,Saint Kitts and Nevis,Animal fats,Import,1.0,0.0,0.0,0.0,0.0,0.0,0.0,0.0,0.0,0.0,0.0,0.0,0.0,0.0,0.0,0.0,0.0,0.0
9724,Saint Kitts and Nevis,Spices,Export,0.0,0.0,0.0,0.0,0.0,0.0,0.0,0.0,0.0,0.0,0.0,0.0,0.0,0.0,0.0,0.0,0.0,0.0
9725,Saint Kitts and Nevis,Alcoholic Beverages,Export,0.0,0.0,0.0,0.0,0.0,1.0,2.0,2.0,1.0,1.0,0.0,1.0,1.0,1.0,1.0,1.0,1.0,1.0
9726,Saint Kitts and Nevis,Meat,Domestic supply,5.0,5.0,5.0,5.0,5.0,5.0,5.0,5.0,5.0,5.0,6.0,6.0,5.0,6.0,5.0,5.0,5.0,5.0
9727,Saint Kitts and Nevis,Miscellaneous,Human Consumption,0.0,0.0,0.0,0.0,0.0,0.0,0.0,0.0,0.0,0.0,0.0,0.0,0.0,0.0,1.0,1.0,1.0,1.0
9728,Saint Kitts and Nevis,Meat,Export,0.0,0.0,0.0,0.0,0.0,0.0,0.0,0.0,0.0,0.0,0.0,0.0,0.0,0.0,0.0,0.0,0.0,0.0
9729,Saint Kitts and Nevis,Animal fats,Export,0.0,0.0,0.0,0.0,0.0,0.0,0.0,0.0,0.0,0.0,0.0,0.0,0.0,0.0,0.0,0.0,0.0,0.0
9730,Saint Kitts and Nevis,Animal fats,Domestic supply,0.0,0.0,0.0,0.0,0.0,0.0,0.0,0.0,0.0,0.0,0.0,0.0,0.0,0.0,0.0,0.0,0.0,0.0
9731,Saint Kitts and Nevis,Animal fats,Feed,0.0,0.0,0.0,0.0,0.0,0.0,0.0,0.0,0.0,0.0,0.0,0.0,0.0,0.0,0.0,0.0,0.0,0.0
9732,Saint Kitts and Nevis,Animal fats,Losses,0.0,0.0,0.0,0.0,0.0,0.0,0.0,0.0,0.0,0.0,0.0,0.0,0.0,0.0,0.0,0.0,0.0,0.0
9733,Saint Kitts and Nevis,Animal fats,Other uses (non-food),0.0,0.0,0.0,0.0,0.0,0.0,0.0,0.0,0.0,0.0,0.0,0.0,0.0,0.0,0.0,0.0,0.0,0.0
9734,Saint Kitts and Nevis,Animal fats,Human Consumption,0.0,0.0,0.0,0.0,0.0,0.0,0.0,0.0,0.0,0.0,0.0,0.0,0.0,0.0,0.0,0.0,0.0,0.0
9735,Saint Kitts and Nevis,Offals,Production,0.0,0.0,0.0,0.0,0.0,0.0,0.0,0.0,0.0,0.0,0.0,0.0,0.0,0.0,0.0,0.0,0.0,0.0
9736,Saint Kitts and Nevis,Offals,Stock Variation,0.0,0.0,0.0,0.0,0.0,0.0,0.0,0.0,0.0,0.0,0.0,0.0,0.0,0.0,0.0,0.0,0.0,0.0
9737,Saint Kitts and Nevis,Offals,Export,0.0,0.0,0.0,0.0,0.0,0.0,0.0,0.0,0.0,0.0,0.0,0.0,0.0,0.0,0.0,0.0,0.0,0.0
9738,Saint Kitts and Nevis,Offals,Import,0.0,0.0,0.0,0.0,0.0,0.0,0.0,0.0,0.0,0.0,0.0,0.0,0.0,0.0,0.0,0.0,0.0,0.0
9739,Saint Kitts and Nevis,Offals,Feed,0.0,0.0,0.0,0.0,0.0,0.0,0.0,0.0,0.0,0.0,0.0,0.0,0.0,0.0,0.0,0.0,0.0,0.0
9740,Saint Kitts and Nevis,Offals,Losses,0.0,0.0,0.0,0.0,0.0,0.0,0.0,0.0,0.0,0.0,0.0,0.0,0.0,0.0,0.0,0.0,0.0,0.0
9741,Saint Kitts and Nevis,Offals,Human Consumption,0.0,0.0,0.0,0.0,0.0,0.0,0.0,0.0,0.0,0.0,0.0,0.0,0.0,0.0,0.0,0.0,0.0,0.0
9742,Saint Kitts and Nevis,Meat,Production,1.0,1.0,1.0,1.0,1.0,0.0,0.0,0.0,0.0,0.0,0.0,0.0,0.0,0.0,0.0,0.0,0.0,0.0
9743,Saint Kitts and Nevis,Meat,Import,4.0,4.0,4.0,5.0,5.0,4.0,5.0,4.0,5.0,5.0,5.0,5.0,5.0,5.0,5.0,5.0,5.0,6.0
9744,Saint Kitts and Nevis,Meat,Stock Variation,0.0,0.0,0.0,0.0,0.0,0.0,0.0,0.0,0.0,0.0,0.0,0.0,0.0,0.0,0.0,0.0,0.0,1.0
9745,Saint Kitts and Nevis,Offals,Domestic supply,0.0,0.0,0.0,0.0,0.0,0.0,0.0,0.0,0.0,0.0,0.0,0.0,0.0,0.0,0.0,0.0,0.0,0.0
9746,Saint Lucia,Vegetables,Processing,0.0,0.0,0.0,0.0,0.0,0.0,0.0,0.0,0.0,0.0,0.0,0.0,0.0,0.0,0.0,0.0,0.0,0.0
9747,Saint Lucia,Vegetable Oils,Domestic supply,2.0,2.0,2.0,2.0,2.0,2.0,2.0,2.0,2.0,2.0,2.0,2.0,2.0,2.0,2.0,3.0,2.0,2.0
9748,Saint Lucia,Vegetables,Losses,0.0,0.0,0.0,0.0,0.0,0.0,0.0,0.0,0.0,0.0,0.0,0.0,0.0,0.0,0.0,0.0,0.0,0.0
9749,Saint Lucia,Vegetables,Human Consumption,5.0,4.0,5.0,5.0,7.0,7.0,8.0,7.0,6.0,6.0,5.0,5.0,5.0,6.0,7.0,5.0,7.0,8.0
9750,Saint Lucia,Vegetable Oils,Production,2.0,1.0,1.0,1.0,1.0,1.0,1.0,1.0,1.0,0.0,0.0,0.0,0.0,0.0,1.0,1.0,1.0,1.0
9751,Saint Lucia,Vegetable Oils,Stock Variation,0.0,0.0,0.0,0.0,0.0,0.0,0.0,0.0,0.0,0.0,0.0,0.0,0.0,0.0,0.0,0.0,0.0,0.0
9752,Saint Lucia,Vegetable Oils,Export,0.0,0.0,0.0,0.0,0.0,0.0,0.0,0.0,0.0,0.0,0.0,0.0,0.0,0.0,0.0,0.0,0.0,0.0
9753,Saint Lucia,Vegetable Oils,Processing,0.0,0.0,0.0,0.0,0.0,0.0,0.0,0.0,0.0,0.0,0.0,0.0,0.0,0.0,0.0,0.0,0.0,0.0
9754,Saint Lucia,Sugar & Sweeteners,Domestic supply,7.0,8.0,7.0,7.0,7.0,7.0,7.0,7.0,8.0,8.0,8.0,8.0,8.0,7.0,10.0,9.0,8.0,8.0
9755,Saint Lucia,Vegetable Oils,Human Consumption,1.0,1.0,1.0,1.0,1.0,1.0,1.0,1.0,1.0,1.0,1.0,1.0,1.0,1.0,1.0,1.0,1.0,1.0
9756,Saint Lucia,Sugar & Sweeteners,Production,0.0,0.0,0.0,0.0,0.0,0.0,0.0,0.0,0.0,0.0,0.0,0.0,0.0,0.0,3.0,3.0,3.0,3.0
9757,Saint Lucia,Sugar & Sweeteners,Import,10.0,9.0,7.0,12.0,8.0,7.0,14.0,9.0,5.0,6.0,7.0,7.0,8.0,7.0,12.0,13.0,9.0,11.0
9758,Saint Lucia,Sugar & Sweeteners,Stock Variation,-2.0,-1.0,1.0,-4.0,-1.0,0.0,-6.0,-1.0,4.0,3.0,2.0,1.0,0.0,1.0,-1.0,-1.0,-4.0,-5.0
9759,Saint Lucia,Sugar & Sweeteners,Export,1.0,0.0,0.0,1.0,0.0,1.0,1.0,1.0,1.0,1.0,1.0,0.0,0.0,0.0,6.0,7.0,8.0,10.0
9760,Saint Lucia,Sugar & Sweeteners,Processing,0.0,0.0,0.0,0.0,0.0,0.0,0.0,0.0,0.0,0.0,0.0,0.0,0.0,0.0,1.0,1.0,1.0,1.0
9761,Saint Lucia,Vegetables,Feed,0.0,0.0,0.0,0.0,0.0,0.0,0.0,0.0,0.0,0.0,0.0,0.0,0.0,0.0,0.0,0.0,0.0,0.0
9762,Saint Lucia,Sugar & Sweeteners,Feed,0.0,0.0,0.0,0.0,0.0,0.0,0.0,0.0,0.0,0.0,0.0,0.0,0.0,0.0,0.0,0.0,0.0,0.0
9763,Saint Lucia,Vegetable Oils,Other uses (non-food),1.0,1.0,1.0,1.0,1.0,1.0,1.0,1.0,1.0,1.0,1.0,1.0,1.0,1.0,0.0,0.0,0.0,0.0
9764,Saint Lucia,Vegetables,Domestic supply,5.0,4.0,5.0,5.0,7.0,8.0,9.0,7.0,7.0,6.0,5.0,5.0,5.0,6.0,8.0,6.0,8.0,9.0
9765,Saint Lucia,Stimulants,Stock Variation,0.0,0.0,0.0,0.0,0.0,0.0,0.0,0.0,0.0,0.0,0.0,0.0,0.0,0.0,0.0,0.0,0.0,0.0
9766,Saint Lucia,Vegetables,Stock Variation,0.0,0.0,0.0,0.0,0.0,0.0,0.0,0.0,0.0,0.0,0.0,0.0,0.0,0.0,1.0,1.0,1.0,0.0
9767,Saint Lucia,Sugar & Sweeteners,Other uses (non-food),1.0,1.0,1.0,1.0,1.0,1.0,0.0,0.0,0.0,0.0,0.0,0.0,0.0,0.0,0.0,0.0,0.0,0.0
9768,Saint Lucia,Stimulants,Production,0.0,0.0,0.0,0.0,0.0,0.0,0.0,0.0,0.0,0.0,0.0,0.0,0.0,0.0,0.0,0.0,0.0,0.0
9769,Saint Lucia,Stimulants,Import,0.0,0.0,0.0,0.0,1.0,0.0,1.0,1.0,0.0,0.0,0.0,0.0,0.0,0.0,0.0,0.0,0.0,0.0
9770,Saint Lucia,Stimulants,Export,0.0,0.0,0.0,0.0,0.0,0.0,0.0,0.0,0.0,0.0,0.0,0.0,0.0,0.0,0.0,0.0,0.0,0.0
9771,Saint Lucia,Stimulants,Domestic supply,0.0,0.0,0.0,0.0,1.0,1.0,1.0,1.0,1.0,0.0,0.0,0.0,0.0,0.0,0.0,0.0,0.0,0.0
9772,Saint Lucia,Stimulants,Losses,0.0,0.0,0.0,0.0,0.0,0.0,0.0,0.0,0.0,0.0,0.0,0.0,0.0,0.0,0.0,0.0,0.0,0.0
9773,Saint Lucia,Stimulants,Human Consumption,0.0,0.0,0.0,0.0,1.0,1.0,1.0,1.0,1.0,0.0,0.0,0.0,0.0,0.0,0.0,0.0,0.0,0.0
9774,Saint Lucia,Fruits - Excluding Wine,Production,78.0,60.0,74.0,59.0,54.0,40.0,46.0,42.0,54.0,49.0,32.0,25.0,24.0,25.0,20.0,19.0,20.0,19.0
9775,Saint Lucia,Vegetables,Export,0.0,0.0,0.0,0.0,0.0,0.0,0.0,0.0,0.0,0.0,0.0,0.0,0.0,0.0,0.0,0.0,0.0,0.0
9776,Saint Lucia,Fruits - Excluding Wine,Import,11.0,8.0,8.0,10.0,11.0,15.0,13.0,9.0,10.0,11.0,19.0,9.0,16.0,15.0,13.0,12.0,13.0,13.0
9777,Saint Lucia,Fruits - Excluding Wine,Export,51.0,35.0,49.0,35.0,43.0,31.0,36.0,26.0,42.0,37.0,27.0,8.0,15.0,14.0,12.0,15.0,16.0,16.0
9778,Saint Lucia,Fruits - Excluding Wine,Domestic supply,38.0,33.0,33.0,33.0,22.0,24.0,23.0,24.0,22.0,23.0,23.0,26.0,25.0,25.0,19.0,16.0,15.0,16.0
9779,Saint Lucia,Fruits - Excluding Wine,Feed,5.0,4.0,3.0,3.0,1.0,0.0,0.0,1.0,1.0,1.0,1.0,6.0,5.0,6.0,5.0,2.0,1.0,2.0
9780,Saint Lucia,Fruits - Excluding Wine,Losses,5.0,4.0,4.0,4.0,3.0,3.0,3.0,3.0,4.0,4.0,3.0,2.0,3.0,3.0,2.0,2.0,3.0,2.0
9781,Saint Lucia,Fruits - Excluding Wine,Other uses (non-food),1.0,1.0,1.0,1.0,1.0,1.0,1.0,1.0,1.0,1.0,1.0,1.0,1.0,1.0,0.0,1.0,0.0,0.0
9782,Saint Lucia,Fruits - Excluding Wine,Human Consumption,28.0,25.0,25.0,26.0,19.0,20.0,19.0,19.0,17.0,18.0,19.0,17.0,17.0,16.0,12.0,11.0,10.0,12.0
9783,Saint Lucia,Vegetables,Production,1.0,1.0,1.0,1.0,3.0,2.0,3.0,3.0,3.0,3.0,3.0,3.0,3.0,4.0,4.0,4.0,4.0,4.0
9784,Saint Lucia,Vegetables,Import,4.0,3.0,5.0,4.0,5.0,5.0,6.0,4.0,4.0,3.0,3.0,2.0,2.0,2.0,5.0,3.0,5.0,6.0
9785,Saint Lucia,Fruits - Excluding Wine,Stock Variation,0.0,0.0,0.0,0.0,0.0,0.0,0.0,0.0,0.0,0.0,0.0,0.0,0.0,0.0,2.0,1.0,1.0,1.0
9786,Saint Lucia,Sugar & Sweeteners,Human Consumption,6.0,6.0,6.0,6.0,6.0,6.0,7.0,7.0,7.0,7.0,7.0,7.0,7.0,7.0,8.0,8.0,8.0,7.0
9787,Saint Lucia,Sugar Crops,Domestic supply,0.0,0.0,0.0,0.0,0.0,0.0,0.0,0.0,0.0,0.0,0.0,0.0,0.0,0.0,0.0,0.0,0.0,0.0
9788,Saint Lucia,Pulses,Import,1.0,1.0,1.0,1.0,1.0,1.0,1.0,1.0,1.0,2.0,1.0,1.0,2.0,1.0,1.0,2.0,1.0,1.0
9789,Saint Lucia,Oilcrops,Other uses (non-food),0.0,0.0,0.0,0.0,0.0,0.0,0.0,0.0,0.0,0.0,0.0,0.0,0.0,0.0,0.0,0.0,0.0,0.0
9790,Saint Lucia,Oilcrops,Human Consumption,1.0,1.0,1.0,1.0,1.0,1.0,1.0,1.0,1.0,1.0,1.0,1.0,1.0,1.0,1.0,1.0,1.0,1.0
9791,Saint Lucia,Starchy Roots,Production,7.0,7.0,7.0,6.0,5.0,5.0,4.0,4.0,4.0,4.0,4.0,5.0,5.0,5.0,5.0,4.0,5.0,5.0
9792,Saint Lucia,Starchy Roots,Import,2.0,3.0,3.0,3.0,3.0,3.0,3.0,3.0,3.0,2.0,2.0,3.0,3.0,2.0,3.0,3.0,3.0,4.0
9793,Saint Lucia,Starchy Roots,Stock Variation,0.0,0.0,0.0,0.0,0.0,0.0,0.0,0.0,0.0,0.0,0.0,0.0,0.0,0.0,0.0,0.0,1.0,1.0
9794,Saint Lucia,Starchy Roots,Export,0.0,0.0,0.0,0.0,0.0,0.0,0.0,0.0,0.0,0.0,0.0,0.0,0.0,0.0,0.0,0.0,0.0,0.0
9795,Saint Lucia,Starchy Roots,Domestic supply,10.0,10.0,10.0,9.0,7.0,7.0,7.0,6.0,7.0,6.0,7.0,7.0,8.0,7.0,7.0,7.0,7.0,7.0
9796,Saint Lucia,Starchy Roots,Feed,2.0,2.0,2.0,2.0,1.0,1.0,1.0,1.0,1.0,1.0,1.0,1.0,1.0,1.0,1.0,1.0,1.0,1.0
9797,Saint Lucia,Starchy Roots,Losses,1.0,1.0,1.0,1.0,1.0,1.0,0.0,0.0,0.0,0.0,0.0,1.0,1.0,1.0,0.0,0.0,0.0,0.0
9798,Saint Lucia,Starchy Roots,Other uses (non-food),0.0,0.0,0.0,0.0,0.0,0.0,0.0,0.0,0.0,0.0,0.0,0.0,0.0,0.0,0.0,0.0,0.0,0.0
9799,Saint Lucia,Starchy Roots,Human Consumption,7.0,6.0,7.0,6.0,6.0,6.0,5.0,5.0,6.0,5.0,5.0,6.0,6.0,6.0,5.0,5.0,5.0,5.0
9800,Saint Lucia,Sugar Crops,Production,0.0,0.0,0.0,0.0,0.0,0.0,0.0,0.0,0.0,0.0,0.0,0.0,0.0,0.0,0.0,0.0,0.0,0.0
9801,Saint Lucia,Sugar Crops,Import,0.0,0.0,0.0,0.0,0.0,0.0,0.0,0.0,0.0,0.0,0.0,0.0,0.0,0.0,0.0,0.0,0.0,0.0
9802,Saint Lucia,Sugar Crops,Export,0.0,0.0,0.0,0.0,0.0,0.0,0.0,0.0,0.0,0.0,0.0,0.0,0.0,0.0,0.0,0.0,0.0,0.0
9803,Saint Lucia,Sugar Crops,Feed,0.0,0.0,0.0,0.0,0.0,0.0,0.0,0.0,0.0,0.0,0.0,0.0,0.0,0.0,0.0,0.0,0.0,0.0
9804,Saint Lucia,Sugar Crops,Losses,0.0,0.0,0.0,0.0,0.0,0.0,0.0,0.0,0.0,0.0,0.0,0.0,0.0,0.0,0.0,0.0,0.0,0.0
9805,Saint Lucia,Spices,Human Consumption,0.0,0.0,0.0,0.0,0.0,0.0,0.0,0.0,0.0,0.0,0.0,0.0,0.0,0.0,0.0,0.0,0.0,0.0
9806,Saint Lucia,Oilcrops,Processing,13.0,12.0,10.0,11.0,8.0,5.0,6.0,6.0,4.0,4.0,4.0,4.0,4.0,4.0,4.0,4.0,4.0,3.0
9807,Saint Lucia,Oilcrops,Losses,0.0,0.0,2.0,3.0,5.0,4.0,8.0,8.0,10.0,8.0,10.0,9.0,8.0,8.0,8.0,8.0,8.0,8.0
9808,Saint Lucia,Oilcrops,Feed,0.0,0.0,0.0,0.0,0.0,0.0,0.0,0.0,0.0,0.0,0.0,0.0,0.0,0.0,0.0,0.0,0.0,0.0
9809,Saint Lucia,Oilcrops,Domestic supply,14.0,13.0,13.0,14.0,13.0,10.0,15.0,15.0,16.0,13.0,15.0,14.0,14.0,14.0,13.0,13.0,13.0,13.0
9810,Saint Lucia,Pulses,Stock Variation,0.0,0.0,0.0,0.0,0.0,0.0,0.0,0.0,0.0,-1.0,0.0,0.0,0.0,0.0,0.0,1.0,0.0,0.0
9811,Saint Lucia,Pulses,Export,0.0,0.0,0.0,0.0,0.0,0.0,0.0,0.0,0.0,0.0,0.0,0.0,0.0,0.0,0.0,0.0,0.0,0.0
9812,Saint Lucia,Pulses,Domestic supply,1.0,1.0,1.0,1.0,1.0,1.0,1.0,1.0,1.0,1.0,1.0,2.0,2.0,2.0,1.0,1.0,1.0,1.0
9813,Saint Lucia,Pulses,Feed,0.0,0.0,0.0,0.0,0.0,0.0,0.0,0.0,0.0,0.0,0.0,0.0,0.0,0.0,0.0,0.0,0.0,0.0
9814,Saint Lucia,Pulses,Seed,0.0,0.0,0.0,0.0,0.0,0.0,0.0,0.0,0.0,0.0,0.0,0.0,0.0,0.0,0.0,0.0,0.0,0.0
9815,Saint Lucia,Pulses,Losses,0.0,0.0,0.0,0.0,0.0,0.0,0.0,0.0,0.0,0.0,0.0,0.0,0.0,0.0,0.0,0.0,0.0,0.0
9816,Saint Lucia,Pulses,Other uses (non-food),0.0,0.0,0.0,0.0,0.0,0.0,0.0,0.0,0.0,0.0,0.0,0.0,0.0,0.0,0.0,0.0,0.0,0.0
9817,Saint Lucia,Pulses,Human Consumption,1.0,1.0,1.0,1.0,1.0,1.0,1.0,1.0,1.0,1.0,1.0,2.0,2.0,2.0,1.0,1.0,1.0,1.0
9818,Saint Lucia,Pulses,Production,0.0,0.0,0.0,0.0,0.0,0.0,0.0,0.0,0.0,0.0,0.0,0.0,0.0,0.0,0.0,0.0,0.0,0.0
9819,Saint Lucia,Treenuts,Import,0.0,0.0,0.0,1.0,0.0,0.0,1.0,1.0,1.0,1.0,0.0,0.0,0.0,0.0,0.0,0.0,0.0,0.0
9820,Saint Lucia,Treenuts,Export,0.0,0.0,0.0,0.0,0.0,0.0,0.0,0.0,0.0,0.0,0.0,0.0,0.0,0.0,0.0,0.0,0.0,0.0
9821,Saint Lucia,Treenuts,Domestic supply,0.0,0.0,0.0,1.0,0.0,0.0,1.0,1.0,1.0,1.0,0.0,0.0,0.0,0.0,0.0,0.0,0.0,0.0
9822,Saint Lucia,Treenuts,Other uses (non-food),0.0,0.0,0.0,0.0,0.0,0.0,0.0,0.0,0.0,0.0,0.0,0.0,0.0,0.0,0.0,0.0,0.0,0.0
9823,Saint Lucia,Treenuts,Human Consumption,0.0,0.0,0.0,0.0,0.0,0.0,0.0,1.0,1.0,0.0,0.0,0.0,0.0,0.0,0.0,0.0,0.0,0.0
9824,Saint Lucia,Oilcrops,Production,14.0,13.0,13.0,14.0,13.0,10.0,14.0,14.0,15.0,12.0,14.0,13.0,13.0,14.0,13.0,13.0,13.0,13.0
9825,Saint Lucia,Oilcrops,Import,0.0,0.0,0.0,0.0,1.0,0.0,1.0,1.0,1.0,1.0,1.0,1.0,1.0,0.0,0.0,0.0,1.0,0.0
9826,Saint Lucia,Oilcrops,Stock Variation,0.0,0.0,0.0,0.0,0.0,0.0,0.0,0.0,0.0,0.0,0.0,0.0,0.0,0.0,0.0,0.0,0.0,0.0
9827,Saint Lucia,Oilcrops,Export,0.0,0.0,0.0,0.0,0.0,0.0,0.0,0.0,0.0,0.0,0.0,0.0,0.0,0.0,0.0,0.0,0.0,0.0
9828,Saint Lucia,Treenuts,Stock Variation,0.0,0.0,0.0,0.0,0.0,0.0,0.0,0.0,0.0,0.0,0.0,0.0,0.0,0.0,0.0,0.0,0.0,0.0
9829,Saint Lucia,Spices,Losses,0.0,0.0,0.0,0.0,0.0,0.0,0.0,0.0,0.0,0.0,0.0,0.0,0.0,0.0,0.0,0.0,0.0,0.0
9830,Saint Lucia,Vegetable Oils,Import,1.0,1.0,1.0,1.0,1.0,1.0,1.0,1.0,1.0,2.0,1.0,2.0,2.0,1.0,2.0,2.0,2.0,2.0
9831,Saint Lucia,Spices,Export,0.0,0.0,0.0,0.0,0.0,0.0,0.0,0.0,0.0,0.0,0.0,0.0,0.0,0.0,0.0,0.0,0.0,0.0
9832,Saint Lucia,"Fish, Seafood",Feed,0.0,0.0,0.0,0.0,0.0,0.0,0.0,0.0,0.0,0.0,0.0,0.0,0.0,0.0,0.0,0.0,0.0,0.0
9833,Saint Lucia,"Fish, Seafood",Other uses (non-food),0.0,0.0,0.0,0.0,0.0,0.0,0.0,0.0,0.0,0.0,0.0,0.0,0.0,0.0,0.0,0.0,0.0,0.0
9834,Saint Lucia,"Fish, Seafood",Human Consumption,4.0,4.0,5.0,5.0,6.0,6.0,5.0,5.0,5.0,5.0,4.0,4.0,4.0,4.0,6.0,6.0,6.0,6.0
9835,Saint Lucia,Eggs,Production,1.0,1.0,0.0,1.0,1.0,1.0,1.0,1.0,1.0,1.0,1.0,1.0,1.0,1.0,1.0,1.0,1.0,1.0
9836,Saint Lucia,Eggs,Import,0.0,0.0,0.0,0.0,0.0,0.0,0.0,0.0,0.0,0.0,0.0,0.0,0.0,0.0,0.0,0.0,0.0,0.0
9837,Saint Lucia,Eggs,Stock Variation,0.0,0.0,0.0,0.0,0.0,0.0,0.0,0.0,0.0,0.0,0.0,0.0,0.0,0.0,0.0,0.0,0.0,0.0
9838,Saint Lucia,Eggs,Export,0.0,0.0,0.0,0.0,0.0,0.0,0.0,0.0,0.0,0.0,0.0,0.0,0.0,0.0,0.0,0.0,0.0,0.0
9839,Saint Lucia,Eggs,Domestic supply,1.0,1.0,0.0,1.0,1.0,1.0,1.0,1.0,1.0,1.0,1.0,1.0,1.0,1.0,1.0,1.0,1.0,1.0
9840,Saint Lucia,Eggs,Feed,0.0,0.0,0.0,0.0,0.0,0.0,0.0,0.0,0.0,0.0,0.0,0.0,0.0,0.0,0.0,0.0,0.0,0.0
9841,Saint Lucia,Eggs,Seed,0.0,0.0,0.0,0.0,0.0,0.0,0.0,0.0,0.0,0.0,0.0,0.0,0.0,0.0,0.0,0.0,0.0,0.0
9842,Saint Lucia,Eggs,Losses,0.0,0.0,0.0,0.0,0.0,0.0,0.0,0.0,0.0,0.0,0.0,0.0,0.0,0.0,0.0,0.0,0.0,0.0
9843,Saint Lucia,Eggs,Other uses (non-food),0.0,0.0,0.0,0.0,0.0,0.0,0.0,0.0,0.0,0.0,0.0,0.0,0.0,0.0,0.0,0.0,0.0,0.0
9844,Saint Lucia,Eggs,Human Consumption,0.0,0.0,0.0,1.0,1.0,1.0,1.0,1.0,1.0,1.0,1.0,1.0,1.0,1.0,1.0,1.0,1.0,1.0
9845,Saint Lucia,Milk - Excluding Butter,Production,1.0,1.0,1.0,1.0,1.0,1.0,1.0,1.0,1.0,1.0,1.0,1.0,1.0,1.0,1.0,1.0,1.0,1.0
9846,Saint Lucia,Milk - Excluding Butter,Import,18.0,15.0,18.0,22.0,20.0,18.0,20.0,15.0,14.0,14.0,15.0,14.0,13.0,13.0,5.0,4.0,6.0,6.0
9847,Saint Lucia,Milk - Excluding Butter,Stock Variation,-1.0,0.0,-2.0,-7.0,-4.0,-2.0,-3.0,3.0,5.0,3.0,3.0,2.0,1.0,1.0,1.0,0.0,1.0,1.0
9848,Saint Lucia,Milk - Excluding Butter,Export,0.0,0.0,0.0,0.0,0.0,0.0,0.0,0.0,2.0,0.0,0.0,0.0,0.0,0.0,0.0,0.0,0.0,0.0
9849,Saint Lucia,"Fish, Seafood",Domestic supply,5.0,5.0,5.0,5.0,6.0,7.0,6.0,6.0,6.0,5.0,5.0,4.0,4.0,4.0,6.0,6.0,6.0,6.0
9850,Saint Lucia,"Fish, Seafood",Export,0.0,0.0,0.0,0.0,0.0,0.0,0.0,0.0,0.0,0.0,0.0,0.0,0.0,0.0,0.0,0.0,0.0,0.0
9851,Saint Lucia,"Fish, Seafood",Stock Variation,0.0,0.0,0.0,0.0,0.0,-1.0,0.0,0.0,0.0,0.0,0.0,0.0,0.0,0.0,0.0,0.0,0.0,0.0
9852,Saint Lucia,"Fish, Seafood",Import,3.0,2.0,3.0,3.0,4.0,5.0,4.0,4.0,4.0,3.0,2.0,2.0,2.0,2.0,4.0,4.0,4.0,4.0
9853,Saint Lucia,Spices,Domestic supply,0.0,0.0,0.0,0.0,0.0,0.0,0.0,0.0,0.0,0.0,0.0,0.0,0.0,0.0,0.0,0.0,0.0,0.0
9854,Saint Lucia,Cereals - Excluding Beer,Production,0.0,0.0,0.0,0.0,0.0,0.0,0.0,0.0,0.0,0.0,0.0,0.0,0.0,0.0,0.0,0.0,0.0,0.0
9855,Saint Lucia,Cereals - Excluding Beer,Import,27.0,26.0,24.0,27.0,25.0,23.0,27.0,26.0,20.0,24.0,23.0,25.0,25.0,25.0,21.0,19.0,19.0,23.0
9856,Saint Lucia,Cereals - Excluding Beer,Export,0.0,0.0,0.0,0.0,0.0,0.0,0.0,0.0,0.0,0.0,0.0,0.0,0.0,0.0,0.0,0.0,0.0,0.0
9857,Saint Lucia,Cereals - Excluding Beer,Domestic supply,24.0,24.0,21.0,22.0,23.0,24.0,24.0,25.0,25.0,26.0,26.0,26.0,26.0,26.0,19.0,19.0,19.0,21.0
9858,Saint Lucia,Cereals - Excluding Beer,Feed,0.0,0.0,0.0,0.0,0.0,0.0,0.0,0.0,0.0,0.0,0.0,0.0,0.0,0.0,0.0,0.0,0.0,1.0
9859,Saint Lucia,Cereals - Excluding Beer,Seed,0.0,0.0,0.0,0.0,0.0,0.0,0.0,0.0,0.0,0.0,0.0,0.0,0.0,0.0,0.0,0.0,0.0,0.0
9860,Saint Lucia,Cereals - Excluding Beer,Losses,1.0,1.0,1.0,1.0,1.0,1.0,1.0,1.0,1.0,1.0,1.0,1.0,1.0,1.0,0.0,0.0,0.0,0.0
9861,Saint Lucia,Milk - Excluding Butter,Domestic supply,18.0,16.0,17.0,16.0,17.0,17.0,18.0,18.0,18.0,19.0,19.0,17.0,15.0,15.0,6.0,6.0,6.0,6.0
9862,Saint Lucia,Cereals - Excluding Beer,Processing,3.0,2.0,2.0,3.0,3.0,3.0,4.0,5.0,4.0,4.0,4.0,4.0,3.0,3.0,2.0,2.0,2.0,2.0
9863,Saint Lucia,Cereals - Excluding Beer,Human Consumption,15.0,16.0,16.0,16.0,17.0,17.0,17.0,17.0,18.0,19.0,19.0,19.0,19.0,19.0,15.0,14.0,14.0,15.0
9864,Saint Lucia,"Aquatic Products, Other",Production,0.0,0.0,0.0,0.0,0.0,0.0,0.0,0.0,0.0,0.0,0.0,0.0,0.0,0.0,0.0,0.0,0.0,0.0
9865,Saint Lucia,"Aquatic Products, Other",Import,0.0,0.0,0.0,0.0,0.0,0.0,0.0,0.0,0.0,0.0,0.0,0.0,0.0,0.0,0.0,0.0,0.0,0.0
9866,Saint Lucia,"Aquatic Products, Other",Export,0.0,0.0,0.0,0.0,0.0,0.0,0.0,0.0,0.0,0.0,0.0,0.0,0.0,0.0,0.0,0.0,0.0,0.0
9867,Saint Lucia,"Aquatic Products, Other",Domestic supply,0.0,0.0,0.0,0.0,0.0,0.0,0.0,0.0,0.0,0.0,0.0,0.0,0.0,0.0,0.0,0.0,0.0,0.0
9868,Saint Lucia,"Aquatic Products, Other",Other uses (non-food),0.0,0.0,0.0,0.0,0.0,0.0,0.0,0.0,0.0,0.0,0.0,0.0,0.0,0.0,0.0,0.0,0.0,0.0
9869,Saint Lucia,"Aquatic Products, Other",Human Consumption,0.0,0.0,0.0,0.0,0.0,0.0,0.0,0.0,0.0,0.0,0.0,0.0,0.0,0.0,0.0,0.0,0.0,0.0
9870,Saint Lucia,"Fish, Seafood",Production,2.0,2.0,2.0,2.0,2.0,2.0,2.0,2.0,2.0,2.0,2.0,2.0,2.0,2.0,2.0,2.0,2.0,2.0
9871,Saint Lucia,Cereals - Excluding Beer,Other uses (non-food),4.0,5.0,2.0,2.0,2.0,3.0,2.0,2.0,2.0,2.0,2.0,2.0,2.0,3.0,0.0,0.0,0.0,0.0
9872,Saint Lucia,Milk - Excluding Butter,Feed,0.0,0.0,0.0,0.0,0.0,0.0,0.0,0.0,0.0,0.0,0.0,0.0,0.0,0.0,0.0,0.0,0.0,0.0
9873,Saint Lucia,Cereals - Excluding Beer,Stock Variation,-4.0,-2.0,-2.0,-4.0,-2.0,2.0,-3.0,0.0,5.0,2.0,3.0,1.0,1.0,1.0,1.0,0.0,0.0,2.0
9874,Saint Lucia,Milk - Excluding Butter,Other uses (non-food),1.0,0.0,1.0,1.0,1.0,1.0,1.0,1.0,1.0,0.0,0.0,0.0,0.0,0.0,0.0,0.0,0.0,0.0
9875,Saint Lucia,Meat,Processing,0.0,0.0,0.0,0.0,0.0,0.0,0.0,0.0,0.0,0.0,0.0,0.0,0.0,0.0,0.0,0.0,0.0,0.0
9876,Saint Lucia,Meat,Other uses (non-food),1.0,1.0,1.0,1.0,1.0,1.0,1.0,1.0,1.0,0.0,1.0,1.0,1.0,1.0,0.0,0.0,0.0,0.0
9877,Saint Lucia,Meat,Human Consumption,16.0,15.0,15.0,15.0,16.0,15.0,15.0,16.0,16.0,16.0,17.0,18.0,18.0,18.0,17.0,17.0,17.0,16.0
9878,Saint Lucia,Miscellaneous,Import,0.0,0.0,0.0,0.0,0.0,0.0,0.0,0.0,0.0,0.0,0.0,0.0,0.0,0.0,3.0,2.0,4.0,5.0
9879,Saint Lucia,Miscellaneous,Stock Variation,0.0,0.0,0.0,0.0,0.0,0.0,0.0,0.0,0.0,0.0,0.0,0.0,0.0,0.0,0.0,-1.0,0.0,1.0
9880,Saint Lucia,Miscellaneous,Export,0.0,0.0,0.0,0.0,0.0,0.0,0.0,0.0,0.0,0.0,0.0,0.0,0.0,0.0,0.0,0.0,0.0,1.0
9881,Saint Lucia,Miscellaneous,Domestic supply,0.0,0.0,0.0,0.0,0.0,0.0,0.0,0.0,0.0,0.0,0.0,0.0,0.0,0.0,2.0,3.0,4.0,3.0
9882,Saint Lucia,Miscellaneous,Human Consumption,0.0,0.0,0.0,0.0,0.0,0.0,0.0,0.0,0.0,0.0,0.0,0.0,0.0,0.0,2.0,2.0,4.0,3.0
9883,Saint Lucia,Meat,Domestic supply,16.0,15.0,15.0,15.0,17.0,16.0,16.0,16.0,16.0,16.0,18.0,18.0,18.0,19.0,18.0,18.0,18.0,17.0
9884,Saint Lucia,Alcoholic Beverages,Production,13.0,11.0,11.0,15.0,14.0,16.0,19.0,23.0,18.0,17.0,17.0,18.0,16.0,15.0,14.0,13.0,15.0,17.0
9885,Saint Lucia,Alcoholic Beverages,Stock Variation,-2.0,-1.0,2.0,-2.0,-1.0,-2.0,1.0,4.0,2.0,-2.0,1.0,-4.0,-2.0,0.0,9.0,8.0,3.0,1.0
9886,Saint Lucia,Alcoholic Beverages,Export,4.0,5.0,8.0,9.0,8.0,11.0,16.0,24.0,19.0,10.0,10.0,6.0,6.0,5.0,9.0,8.0,9.0,10.0
9887,Saint Lucia,Alcoholic Beverages,Domestic supply,10.0,8.0,7.0,9.0,8.0,8.0,8.0,8.0,7.0,9.0,10.0,11.0,12.0,12.0,11.0,13.0,20.0,24.0
9888,Saint Lucia,Alcoholic Beverages,Other uses (non-food),1.0,1.0,1.0,1.0,1.0,1.0,1.0,1.0,1.0,1.0,1.0,1.0,1.0,1.0,0.0,0.0,0.0,1.0
9889,Saint Lucia,Alcoholic Beverages,Human Consumption,10.0,7.0,7.0,8.0,8.0,7.0,7.0,6.0,6.0,8.0,9.0,11.0,11.0,12.0,11.0,12.0,14.0,16.0
9890,Saint Lucia,Spices,Stock Variation,0.0,0.0,0.0,0.0,0.0,0.0,0.0,0.0,0.0,0.0,0.0,0.0,0.0,0.0,0.0,0.0,0.0,0.0
9891,Saint Lucia,Spices,Import,0.0,0.0,0.0,0.0,0.0,0.0,0.0,0.0,0.0,0.0,0.0,0.0,0.0,0.0,0.0,0.0,0.0,0.0
9892,Saint Lucia,Milk - Excluding Butter,Losses,0.0,0.0,0.0,0.0,0.0,0.0,0.0,0.0,0.0,0.0,0.0,0.0,0.0,0.0,0.0,0.0,0.0,0.0
9893,Saint Lucia,Alcoholic Beverages,Import,3.0,2.0,3.0,5.0,3.0,4.0,4.0,5.0,5.0,4.0,2.0,2.0,3.0,3.0,16.0,16.0,18.0,18.0
9894,Saint Lucia,Meat,Export,0.0,0.0,0.0,0.0,0.0,0.0,0.0,0.0,0.0,0.0,0.0,0.0,0.0,0.0,0.0,0.0,0.0,0.0
9895,Saint Lucia,Spices,Production,0.0,1.0,1.0,1.0,0.0,0.0,0.0,0.0,0.0,0.0,0.0,0.0,0.0,0.0,0.0,0.0,0.0,0.0
9896,Saint Lucia,Meat,Import,14.0,13.0,12.0,12.0,14.0,14.0,13.0,12.0,13.0,12.0,13.0,14.0,13.0,14.0,13.0,12.0,13.0,14.0
9897,Saint Lucia,Meat,Stock Variation,0.0,0.0,0.0,0.0,0.0,-1.0,-1.0,1.0,0.0,0.0,0.0,0.0,0.0,0.0,0.0,-1.0,0.0,1.0
9898,Saint Lucia,Animal fats,Production,0.0,0.0,0.0,0.0,0.0,0.0,0.0,0.0,0.0,0.0,0.0,0.0,0.0,0.0,0.0,0.0,0.0,0.0
9899,Saint Lucia,Animal fats,Stock Variation,0.0,0.0,0.0,0.0,0.0,0.0,0.0,0.0,0.0,0.0,0.0,0.0,0.0,0.0,0.0,0.0,0.0,0.0
9900,Saint Lucia,Animal fats,Export,0.0,0.0,0.0,0.0,0.0,0.0,0.0,0.0,0.0,0.0,0.0,0.0,0.0,0.0,0.0,0.0,0.0,0.0
9901,Saint Lucia,Animal fats,Domestic supply,1.0,1.0,1.0,1.0,2.0,2.0,1.0,1.0,1.0,1.0,1.0,1.0,1.0,1.0,0.0,0.0,0.0,0.0
9902,Saint Lucia,Animal fats,Losses,0.0,0.0,0.0,0.0,0.0,0.0,0.0,0.0,0.0,0.0,0.0,0.0,0.0,0.0,0.0,0.0,0.0,0.0
9903,Saint Lucia,Animal fats,Other uses (non-food),0.0,0.0,0.0,0.0,1.0,1.0,0.0,0.0,0.0,0.0,0.0,0.0,0.0,0.0,0.0,0.0,0.0,0.0
9904,Saint Lucia,Animal fats,Human Consumption,1.0,1.0,1.0,1.0,1.0,1.0,1.0,1.0,1.0,1.0,1.0,1.0,1.0,1.0,0.0,0.0,0.0,0.0
9905,Saint Lucia,Animal fats,Import,1.0,0.0,0.0,1.0,1.0,2.0,1.0,0.0,0.0,0.0,0.0,0.0,0.0,0.0,0.0,0.0,0.0,0.0
9906,Saint Lucia,Offals,Import,1.0,1.0,5.0,4.0,1.0,1.0,0.0,1.0,1.0,1.0,1.0,1.0,1.0,1.0,1.0,1.0,1.0,1.0
9907,Saint Lucia,Meat,Production,2.0,2.0,3.0,3.0,3.0,3.0,3.0,3.0,4.0,4.0,4.0,4.0,5.0,5.0,5.0,5.0,5.0,5.0
9908,Saint Lucia,Offals,Production,0.0,0.0,0.0,0.0,0.0,0.0,0.0,0.0,0.0,0.0,0.0,0.0,0.0,0.0,0.0,0.0,0.0,0.0
9909,Saint Lucia,Offals,Human Consumption,1.0,1.0,2.0,2.0,1.0,1.0,1.0,1.0,1.0,1.0,1.0,1.0,1.0,1.0,1.0,1.0,1.0,1.0
9910,Saint Lucia,Offals,Other uses (non-food),0.0,0.0,3.0,2.0,0.0,0.0,0.0,0.0,0.0,0.0,0.0,0.0,0.0,0.0,0.0,0.0,0.0,0.0
9911,Saint Lucia,Milk - Excluding Butter,Human Consumption,17.0,16.0,16.0,15.0,16.0,16.0,17.0,18.0,17.0,18.0,18.0,17.0,15.0,15.0,5.0,5.0,6.0,6.0
9912,Saint Lucia,Offals,Domestic supply,1.0,1.0,5.0,4.0,1.0,1.0,1.0,1.0,1.0,1.0,1.0,1.0,1.0,1.0,1.0,1.0,1.0,1.0
9913,Saint Lucia,Offals,Export,0.0,0.0,0.0,0.0,0.0,0.0,0.0,0.0,0.0,0.0,0.0,0.0,0.0,0.0,0.0,0.0,0.0,0.0
9914,Saint Lucia,Offals,Losses,0.0,0.0,0.0,0.0,0.0,0.0,0.0,0.0,0.0,0.0,0.0,0.0,0.0,0.0,0.0,0.0,0.0,0.0
9915,Saint Vincent and the Grenadines,Sugar & Sweeteners,Other uses (non-food),1.0,2.0,1.0,2.0,2.0,2.0,2.0,1.0,2.0,2.0,2.0,2.0,2.0,2.0,2.0,1.0,1.0,1.0
9916,Saint Vincent and the Grenadines,Vegetable Oils,Production,0.0,0.0,0.0,0.0,0.0,0.0,0.0,0.0,0.0,0.0,0.0,0.0,0.0,0.0,1.0,1.0,1.0,1.0
9917,Saint Vincent and the Grenadines,Vegetable Oils,Import,1.0,1.0,1.0,1.0,1.0,1.0,1.0,1.0,2.0,1.0,1.0,1.0,1.0,1.0,1.0,2.0,1.0,2.0
9918,Saint Vincent and the Grenadines,Vegetable Oils,Stock Variation,0.0,0.0,0.0,0.0,0.0,0.0,0.0,0.0,0.0,0.0,0.0,0.0,0.0,0.0,1.0,1.0,1.0,1.0
9919,Saint Vincent and the Grenadines,Vegetable Oils,Export,0.0,0.0,0.0,0.0,0.0,0.0,0.0,0.0,0.0,0.0,0.0,0.0,0.0,0.0,0.0,0.0,0.0,0.0
9920,Saint Vincent and the Grenadines,Vegetable Oils,Domestic supply,1.0,1.0,2.0,2.0,2.0,2.0,2.0,2.0,2.0,2.0,1.0,1.0,1.0,1.0,1.0,2.0,1.0,2.0
9921,Saint Vincent and the Grenadines,Vegetable Oils,Other uses (non-food),0.0,0.0,1.0,1.0,1.0,1.0,1.0,1.0,1.0,1.0,0.0,0.0,0.0,0.0,0.0,1.0,0.0,1.0
9922,Saint Vincent and the Grenadines,Sugar & Sweeteners,Production,2.0,2.0,2.0,2.0,2.0,2.0,2.0,2.0,2.0,2.0,2.0,2.0,2.0,2.0,3.0,3.0,3.0,3.0
9923,Saint Vincent and the Grenadines,Sugar & Sweeteners,Import,6.0,7.0,6.0,6.0,6.0,6.0,6.0,6.0,6.0,5.0,6.0,5.0,5.0,5.0,5.0,8.0,5.0,10.0
9924,Saint Vincent and the Grenadines,Sugar & Sweeteners,Stock Variation,-1.0,-2.0,-1.0,0.0,0.0,-1.0,-1.0,-1.0,-1.0,0.0,0.0,0.0,0.0,0.0,-2.0,0.0,-1.0,4.0
9925,Saint Vincent and the Grenadines,Sugar & Sweeteners,Domestic supply,7.0,7.0,6.0,7.0,7.0,7.0,7.0,7.0,7.0,8.0,7.0,7.0,7.0,7.0,7.0,7.0,7.0,7.0
9926,Saint Vincent and the Grenadines,Sugar & Sweeteners,Feed,0.0,0.0,0.0,0.0,0.0,0.0,0.0,0.0,0.0,0.0,0.0,0.0,0.0,0.0,0.0,0.0,0.0,0.0
9927,Saint Vincent and the Grenadines,Sugar & Sweeteners,Processing,0.0,0.0,0.0,0.0,0.0,0.0,0.0,0.0,0.0,0.0,0.0,0.0,0.0,0.0,1.0,1.0,1.0,1.0
9928,Saint Vincent and the Grenadines,Sugar & Sweeteners,Human Consumption,5.0,5.0,5.0,5.0,5.0,5.0,5.0,5.0,5.0,5.0,5.0,5.0,5.0,5.0,5.0,5.0,5.0,5.0
9929,Saint Vincent and the Grenadines,Vegetables,Human Consumption,4.0,5.0,6.0,7.0,7.0,7.0,7.0,7.0,7.0,8.0,7.0,7.0,5.0,5.0,5.0,5.0,5.0,7.0
9930,Saint Vincent and the Grenadines,Vegetable Oils,Human Consumption,1.0,1.0,1.0,1.0,1.0,1.0,1.0,1.0,1.0,1.0,1.0,1.0,1.0,1.0,1.0,1.0,1.0,1.0
9931,Saint Vincent and the Grenadines,Sugar & Sweeteners,Export,0.0,0.0,0.0,0.0,0.0,0.0,0.0,0.0,0.0,1.0,1.0,0.0,0.0,0.0,2.0,4.0,2.0,1.0
9932,Saint Vincent and the Grenadines,Fruits - Excluding Wine,Feed,0.0,10.0,3.0,15.0,10.0,18.0,20.0,20.0,25.0,30.0,30.0,22.0,22.0,22.0,52.0,46.0,48.0,46.0
9933,Saint Vincent and the Grenadines,Vegetables,Domestic supply,5.0,5.0,6.0,7.0,8.0,8.0,8.0,8.0,8.0,8.0,7.0,7.0,5.0,5.0,5.0,6.0,5.0,8.0
9934,Saint Vincent and the Grenadines,Stimulants,Import,0.0,0.0,0.0,0.0,0.0,0.0,0.0,0.0,0.0,0.0,0.0,0.0,0.0,0.0,0.0,0.0,0.0,0.0
9935,Saint Vincent and the Grenadines,Stimulants,Stock Variation,0.0,0.0,0.0,0.0,0.0,0.0,0.0,0.0,0.0,0.0,0.0,0.0,0.0,0.0,0.0,0.0,0.0,0.0
9936,Saint Vincent and the Grenadines,Stimulants,Export,0.0,0.0,0.0,0.0,0.0,0.0,0.0,0.0,0.0,0.0,0.0,0.0,0.0,0.0,0.0,0.0,0.0,0.0
9937,Saint Vincent and the Grenadines,Stimulants,Domestic supply,0.0,0.0,1.0,1.0,1.0,1.0,1.0,1.0,1.0,1.0,1.0,0.0,0.0,0.0,0.0,0.0,0.0,0.0
9938,Saint Vincent and the Grenadines,Stimulants,Losses,0.0,0.0,0.0,0.0,0.0,0.0,0.0,0.0,0.0,0.0,0.0,0.0,0.0,0.0,0.0,0.0,0.0,0.0
9939,Saint Vincent and the Grenadines,Stimulants,Human Consumption,0.0,0.0,1.0,1.0,1.0,1.0,1.0,1.0,1.0,1.0,1.0,0.0,0.0,0.0,0.0,0.0,0.0,0.0
9940,Saint Vincent and the Grenadines,Fruits - Excluding Wine,Production,53.0,54.0,57.0,60.0,54.0,63.0,64.0,65.0,66.0,68.0,61.0,40.0,40.0,40.0,75.0,72.0,71.0,73.0
9941,Saint Vincent and the Grenadines,Fruits - Excluding Wine,Import,0.0,1.0,6.0,5.0,6.0,6.0,6.0,5.0,6.0,4.0,5.0,6.0,6.0,6.0,1.0,1.0,1.0,1.0
9942,Saint Vincent and the Grenadines,Fruits - Excluding Wine,Stock Variation,0.0,0.0,0.0,0.0,0.0,0.0,0.0,0.0,0.0,0.0,0.0,0.0,0.0,0.0,0.0,0.0,0.0,0.0
9943,Saint Vincent and the Grenadines,Fruits - Excluding Wine,Export,44.0,34.0,42.0,31.0,31.0,29.0,25.0,26.0,22.0,19.0,13.0,2.0,2.0,1.0,2.0,5.0,2.0,5.0
9944,Saint Vincent and the Grenadines,Fruits - Excluding Wine,Domestic supply,9.0,21.0,21.0,34.0,28.0,41.0,44.0,44.0,50.0,53.0,53.0,44.0,44.0,44.0,75.0,68.0,70.0,69.0
9945,Saint Vincent and the Grenadines,Fruits - Excluding Wine,Losses,0.0,2.0,3.0,4.0,3.0,2.0,4.0,4.0,3.0,3.0,4.0,3.0,2.0,2.0,8.0,7.0,7.0,7.0
9946,Saint Vincent and the Grenadines,Fruits - Excluding Wine,Human Consumption,9.0,9.0,15.0,15.0,15.0,20.0,20.0,20.0,21.0,20.0,20.0,20.0,20.0,20.0,15.0,15.0,15.0,15.0
9947,Saint Vincent and the Grenadines,Vegetables,Production,4.0,5.0,5.0,6.0,6.0,6.0,6.0,6.0,6.0,7.0,6.0,6.0,4.0,4.0,5.0,4.0,4.0,5.0
9948,Saint Vincent and the Grenadines,Vegetables,Import,0.0,0.0,1.0,1.0,1.0,2.0,2.0,2.0,2.0,1.0,2.0,1.0,1.0,1.0,1.0,2.0,1.0,3.0
9949,Saint Vincent and the Grenadines,Vegetables,Stock Variation,0.0,0.0,0.0,0.0,0.0,0.0,0.0,0.0,0.0,0.0,0.0,0.0,0.0,0.0,0.0,0.0,0.0,0.0
9950,Saint Vincent and the Grenadines,Vegetables,Export,0.0,0.0,0.0,0.0,0.0,0.0,0.0,0.0,0.0,0.0,0.0,0.0,0.0,0.0,0.0,0.0,0.0,0.0
9951,Saint Vincent and the Grenadines,Vegetables,Losses,0.0,0.0,0.0,1.0,1.0,1.0,1.0,1.0,1.0,1.0,1.0,1.0,0.0,0.0,0.0,0.0,0.0,1.0
9952,Saint Vincent and the Grenadines,Pulses,Import,0.0,0.0,0.0,0.0,0.0,0.0,0.0,0.0,0.0,0.0,0.0,0.0,0.0,0.0,0.0,0.0,0.0,0.0
9953,Saint Vincent and the Grenadines,Oilcrops,Seed,0.0,0.0,0.0,0.0,0.0,0.0,0.0,0.0,0.0,0.0,0.0,0.0,0.0,0.0,0.0,0.0,0.0,0.0
9954,Saint Vincent and the Grenadines,Pulses,Export,0.0,0.0,0.0,0.0,0.0,0.0,0.0,0.0,0.0,0.0,0.0,0.0,0.0,0.0,0.0,0.0,0.0,0.0
9955,Saint Vincent and the Grenadines,Starchy Roots,Production,11.0,12.0,12.0,12.0,14.0,15.0,16.0,17.0,15.0,15.0,14.0,16.0,16.0,16.0,16.0,16.0,15.0,15.0
9956,Saint Vincent and the Grenadines,Starchy Roots,Import,1.0,1.0,2.0,2.0,1.0,2.0,2.0,2.0,1.0,1.0,1.0,1.0,1.0,1.0,1.0,1.0,1.0,2.0
9957,Saint Vincent and the Grenadines,Starchy Roots,Stock Variation,0.0,0.0,0.0,0.0,0.0,0.0,0.0,0.0,0.0,0.0,0.0,0.0,0.0,0.0,4.0,-1.0,4.0,1.0
9958,Saint Vincent and the Grenadines,Starchy Roots,Export,4.0,4.0,5.0,4.0,6.0,7.0,7.0,7.0,6.0,9.0,7.0,7.0,6.0,6.0,1.0,7.0,1.0,6.0
9959,Saint Vincent and the Grenadines,Starchy Roots,Domestic supply,7.0,9.0,9.0,10.0,10.0,10.0,11.0,11.0,10.0,8.0,8.0,10.0,11.0,11.0,12.0,11.0,12.0,10.0
9960,Saint Vincent and the Grenadines,Starchy Roots,Feed,1.0,2.0,2.0,2.0,2.0,2.0,3.0,3.0,2.0,3.0,2.0,2.0,3.0,3.0,4.0,3.0,3.0,3.0
9961,Saint Vincent and the Grenadines,Starchy Roots,Losses,1.0,1.0,1.0,1.0,1.0,1.0,1.0,1.0,1.0,1.0,1.0,1.0,1.0,1.0,1.0,1.0,1.0,1.0
9962,Saint Vincent and the Grenadines,Oilcrops,Human Consumption,0.0,0.0,0.0,0.0,0.0,0.0,0.0,0.0,1.0,0.0,0.0,0.0,0.0,0.0,0.0,0.0,0.0,0.0
9963,Saint Vincent and the Grenadines,Starchy Roots,Processing,0.0,0.0,0.0,0.0,0.0,0.0,0.0,0.0,0.0,0.0,0.0,0.0,0.0,0.0,0.0,0.0,0.0,0.0
9964,Saint Vincent and the Grenadines,Sugar Crops,Production,19.0,18.0,18.0,18.0,19.0,20.0,20.0,20.0,23.0,23.0,18.0,18.0,18.0,18.0,20.0,20.0,20.0,20.0
9965,Saint Vincent and the Grenadines,Sugar Crops,Import,0.0,0.0,0.0,0.0,0.0,0.0,0.0,0.0,0.0,0.0,0.0,0.0,0.0,0.0,0.0,0.0,0.0,0.0
9966,Saint Vincent and the Grenadines,Sugar Crops,Domestic supply,19.0,18.0,18.0,18.0,19.0,20.0,20.0,20.0,23.0,23.0,18.0,18.0,18.0,18.0,20.0,20.0,20.0,20.0
9967,Saint Vincent and the Grenadines,Sugar Crops,Feed,0.0,0.0,0.0,0.0,0.0,0.0,0.0,0.0,0.0,0.0,0.0,0.0,0.0,0.0,0.0,0.0,0.0,0.0
9968,Saint Vincent and the Grenadines,Sugar Crops,Losses,0.0,0.0,0.0,0.0,0.0,0.0,0.0,0.0,0.0,0.0,0.0,0.0,0.0,0.0,1.0,1.0,1.0,1.0
9969,Saint Vincent and the Grenadines,Stimulants,Production,0.0,0.0,0.0,0.0,0.0,0.0,0.0,0.0,0.0,0.0,0.0,0.0,0.0,0.0,0.0,0.0,0.0,0.0
9970,Saint Vincent and the Grenadines,Sugar Crops,Processing,19.0,18.0,18.0,18.0,19.0,20.0,20.0,20.0,23.0,23.0,18.0,18.0,18.0,18.0,19.0,19.0,19.0,19.0
9971,Saint Vincent and the Grenadines,Starchy Roots,Human Consumption,6.0,6.0,7.0,7.0,7.0,7.0,7.0,7.0,7.0,4.0,5.0,7.0,7.0,8.0,7.0,7.0,7.0,6.0
9972,Saint Vincent and the Grenadines,Oilcrops,Other uses (non-food),0.0,0.0,0.0,0.0,0.0,0.0,0.0,1.0,0.0,0.0,0.0,1.0,0.0,0.0,0.0,0.0,0.0,0.0
9973,Saint Vincent and the Grenadines,Oilcrops,Processing,1.0,3.0,4.0,4.0,4.0,4.0,4.0,2.0,2.0,2.0,3.0,3.0,3.0,3.0,4.0,4.0,5.0,4.0
9974,Saint Vincent and the Grenadines,Oilcrops,Losses,0.0,0.0,0.0,0.0,0.0,0.0,0.0,0.0,0.0,0.0,0.0,0.0,0.0,0.0,0.0,0.0,0.0,0.0
9975,Saint Vincent and the Grenadines,Pulses,Domestic supply,1.0,1.0,1.0,1.0,1.0,1.0,1.0,1.0,1.0,1.0,1.0,1.0,1.0,1.0,1.0,1.0,1.0,1.0
9976,Saint Vincent and the Grenadines,Pulses,Feed,0.0,0.0,0.0,0.0,0.0,0.0,0.0,0.0,0.0,0.0,0.0,0.0,0.0,0.0,0.0,0.0,0.0,0.0
9977,Saint Vincent and the Grenadines,Pulses,Seed,0.0,0.0,0.0,0.0,0.0,0.0,0.0,0.0,0.0,0.0,0.0,0.0,0.0,0.0,0.0,0.0,0.0,0.0
9978,Saint Vincent and the Grenadines,Pulses,Losses,0.0,0.0,0.0,0.0,0.0,0.0,0.0,0.0,0.0,0.0,0.0,0.0,0.0,0.0,0.0,0.0,0.0,0.0
9979,Saint Vincent and the Grenadines,Pulses,Other uses (non-food),0.0,0.0,0.0,0.0,0.0,0.0,0.0,0.0,0.0,0.0,0.0,0.0,0.0,0.0,0.0,0.0,0.0,0.0
9980,Saint Vincent and the Grenadines,Pulses,Human Consumption,1.0,1.0,1.0,1.0,1.0,1.0,1.0,1.0,1.0,1.0,1.0,1.0,1.0,1.0,1.0,1.0,1.0,1.0
9981,Saint Vincent and the Grenadines,Treenuts,Import,0.0,0.0,0.0,0.0,0.0,0.0,0.0,0.0,0.0,0.0,0.0,0.0,0.0,0.0,0.0,0.0,0.0,0.0
9982,Saint Vincent and the Grenadines,Treenuts,Stock Variation,0.0,0.0,0.0,0.0,0.0,0.0,0.0,0.0,0.0,0.0,0.0,0.0,0.0,0.0,0.0,0.0,0.0,0.0
9983,Saint Vincent and the Grenadines,Treenuts,Export,0.0,0.0,0.0,0.0,0.0,0.0,0.0,0.0,0.0,0.0,0.0,0.0,0.0,0.0,0.0,0.0,0.0,0.0
9984,Saint Vincent and the Grenadines,Treenuts,Domestic supply,0.0,0.0,0.0,0.0,0.0,0.0,0.0,0.0,0.0,0.0,0.0,0.0,0.0,0.0,0.0,0.0,0.0,0.0
9985,Saint Vincent and the Grenadines,Treenuts,Human Consumption,0.0,0.0,0.0,0.0,0.0,0.0,0.0,0.0,0.0,0.0,0.0,0.0,0.0,0.0,0.0,0.0,0.0,0.0
9986,Saint Vincent and the Grenadines,Oilcrops,Production,2.0,3.0,4.0,4.0,4.0,4.0,5.0,5.0,5.0,5.0,2.0,2.0,2.0,2.0,2.0,2.0,3.0,3.0
9987,Saint Vincent and the Grenadines,Oilcrops,Import,0.0,0.0,1.0,1.0,4.0,1.0,1.0,1.0,1.0,2.0,1.0,0.0,0.0,0.0,2.0,2.0,3.0,3.0
9988,Saint Vincent and the Grenadines,Oilcrops,Stock Variation,0.0,0.0,0.0,0.0,0.0,0.0,0.0,-2.0,-3.0,-4.0,1.0,2.0,1.0,1.0,0.0,0.0,0.0,0.0
9989,Saint Vincent and the Grenadines,Oilcrops,Export,0.0,0.0,2.0,1.0,1.0,2.0,1.0,1.0,0.0,0.0,1.0,0.0,0.0,0.0,0.0,0.0,0.0,0.0
9990,Saint Vincent and the Grenadines,Oilcrops,Domestic supply,2.0,3.0,4.0,4.0,7.0,3.0,4.0,4.0,3.0,3.0,3.0,4.0,3.0,3.0,5.0,4.0,6.0,5.0
9991,Saint Vincent and the Grenadines,Oilcrops,Feed,0.0,0.0,1.0,1.0,4.0,1.0,1.0,0.0,0.0,0.0,0.0,0.0,0.0,0.0,0.0,0.0,0.0,0.0
9992,Saint Vincent and the Grenadines,Pulses,Stock Variation,0.0,0.0,0.0,0.0,0.0,0.0,0.0,0.0,0.0,0.0,0.0,0.0,0.0,0.0,0.0,0.0,0.0,0.0
9993,Saint Vincent and the Grenadines,Spices,Human Consumption,0.0,0.0,0.0,0.0,0.0,0.0,0.0,0.0,0.0,0.0,0.0,0.0,0.0,0.0,0.0,0.0,0.0,0.0
9994,Saint Vincent and the Grenadines,Pulses,Production,1.0,1.0,1.0,1.0,1.0,1.0,1.0,1.0,1.0,1.0,1.0,1.0,1.0,1.0,1.0,1.0,1.0,1.0
9995,Saint Vincent and the Grenadines,Spices,Domestic supply,1.0,1.0,0.0,0.0,1.0,1.0,1.0,1.0,1.0,1.0,1.0,1.0,1.0,1.0,1.0,1.0,0.0,0.0
9996,Saint Vincent and the Grenadines,"Fish, Seafood",Feed,0.0,0.0,0.0,0.0,0.0,0.0,0.0,0.0,0.0,0.0,0.0,0.0,0.0,0.0,0.0,0.0,0.0,0.0
9997,Saint Vincent and the Grenadines,"Fish, Seafood",Other uses (non-food),22.0,31.0,45.0,37.0,78.0,43.0,51.0,62.0,55.0,59.0,65.0,76.0,9.0,38.0,38.0,38.0,38.0,38.0
9998,Saint Vincent and the Grenadines,"Fish, Seafood",Human Consumption,2.0,2.0,2.0,2.0,2.0,2.0,2.0,2.0,2.0,2.0,2.0,2.0,2.0,2.0,2.0,2.0,2.0,2.0
9999,Saint Vincent and the Grenadines,Eggs,Production,0.0,1.0,1.0,1.0,1.0,1.0,1.0,1.0,1.0,1.0,1.0,1.0,1.0,1.0,1.0,1.0,1.0,1.0
10000,Saint Vincent and the Grenadines,Eggs,Import,0.0,0.0,0.0,0.0,0.0,0.0,0.0,0.0,0.0,0.0,0.0,0.0,0.0,0.0,0.0,0.0,0.0,0.0
10001,Saint Vincent and the Grenadines,Eggs,Export,0.0,0.0,0.0,0.0,0.0,0.0,0.0,0.0,0.0,0.0,0.0,0.0,0.0,0.0,0.0,0.0,0.0,0.0
10002,Saint Vincent and the Grenadines,Eggs,Domestic supply,0.0,1.0,1.0,1.0,1.0,1.0,1.0,1.0,1.0,1.0,1.0,1.0,1.0,1.0,1.0,1.0,1.0,1.0
10003,Saint Vincent and the Grenadines,"Fish, Seafood",Domestic supply,24.0,33.0,47.0,39.0,79.0,45.0,53.0,64.0,57.0,61.0,67.0,78.0,11.0,40.0,40.0,40.0,40.0,40.0
10004,Saint Vincent and the Grenadines,Eggs,Feed,0.0,0.0,0.0,0.0,0.0,0.0,0.0,0.0,0.0,0.0,0.0,0.0,0.0,0.0,0.0,0.0,0.0,0.0
10005,Saint Vincent and the Grenadines,Eggs,Losses,0.0,0.0,0.0,0.0,0.0,0.0,0.0,0.0,0.0,0.0,0.0,0.0,0.0,0.0,0.0,0.0,0.0,0.0
10006,Saint Vincent and the Grenadines,Eggs,Human Consumption,0.0,0.0,1.0,1.0,1.0,1.0,1.0,1.0,1.0,1.0,1.0,1.0,1.0,1.0,1.0,1.0,1.0,0.0
10007,Saint Vincent and the Grenadines,Milk - Excluding Butter,Production,1.0,1.0,1.0,1.0,1.0,1.0,1.0,1.0,1.0,1.0,1.0,1.0,1.0,1.0,1.0,1.0,1.0,1.0
10008,Saint Vincent and the Grenadines,Milk - Excluding Butter,Import,7.0,5.0,12.0,12.0,11.0,11.0,10.0,10.0,10.0,10.0,11.0,9.0,9.0,9.0,2.0,3.0,3.0,3.0
10009,Saint Vincent and the Grenadines,Milk - Excluding Butter,Stock Variation,0.0,0.0,0.0,0.0,0.0,0.0,0.0,0.0,0.0,0.0,-1.0,1.0,0.0,0.0,0.0,0.0,0.0,0.0
10010,Saint Vincent and the Grenadines,Milk - Excluding Butter,Export,0.0,0.0,0.0,0.0,0.0,0.0,0.0,0.0,0.0,0.0,0.0,0.0,0.0,0.0,0.0,0.0,0.0,0.0
10011,Saint Vincent and the Grenadines,Milk - Excluding Butter,Domestic supply,8.0,7.0,13.0,13.0,12.0,12.0,11.0,11.0,11.0,12.0,12.0,11.0,11.0,10.0,3.0,3.0,3.0,4.0
10012,Saint Vincent and the Grenadines,Eggs,Seed,0.0,0.0,0.0,0.0,0.0,0.0,0.0,0.0,0.0,0.0,0.0,0.0,0.0,0.0,0.0,0.0,0.0,0.0
10013,Saint Vincent and the Grenadines,"Fish, Seafood",Stock Variation,0.0,0.0,0.0,0.0,0.0,0.0,0.0,0.0,0.0,0.0,0.0,0.0,0.0,0.0,0.0,0.0,0.0,0.0
10014,Saint Vincent and the Grenadines,"Fish, Seafood",Import,1.0,1.0,1.0,1.0,1.0,1.0,1.0,1.0,1.0,1.0,1.0,1.0,1.0,1.0,1.0,1.0,1.0,1.0
10015,Saint Vincent and the Grenadines,"Fish, Seafood",Production,23.0,32.0,46.0,38.0,78.0,44.0,52.0,63.0,56.0,60.0,66.0,77.0,10.0,39.0,39.0,39.0,39.0,39.0
10016,Saint Vincent and the Grenadines,Spices,Other uses (non-food),0.0,1.0,1.0,1.0,1.0,1.0,1.0,1.0,1.0,1.0,0.0,0.0,0.0,0.0,0.0,0.0,0.0,0.0
10017,Saint Vincent and the Grenadines,Cereals - Excluding Beer,Production,1.0,1.0,1.0,1.0,1.0,1.0,1.0,1.0,1.0,1.0,1.0,1.0,1.0,1.0,1.0,1.0,1.0,1.0
10018,Saint Vincent and the Grenadines,Cereals - Excluding Beer,Import,36.0,41.0,39.0,39.0,41.0,33.0,32.0,48.0,53.0,37.0,33.0,31.0,52.0,40.0,55.0,48.0,41.0,43.0
10019,Saint Vincent and the Grenadines,Cereals - Excluding Beer,Stock Variation,-1.0,-9.0,-1.0,-2.0,-3.0,4.0,5.0,-5.0,-15.0,2.0,10.0,7.0,-10.0,3.0,12.0,-2.0,-2.0,-5.0
10020,Saint Vincent and the Grenadines,Cereals - Excluding Beer,Export,15.0,16.0,19.0,18.0,19.0,19.0,21.0,21.0,19.0,18.0,20.0,15.0,15.0,16.0,17.0,25.0,17.0,21.0
10021,Saint Vincent and the Grenadines,Cereals - Excluding Beer,Domestic supply,21.0,17.0,19.0,20.0,19.0,19.0,18.0,22.0,19.0,22.0,23.0,24.0,28.0,28.0,27.0,26.0,26.0,28.0
10022,Saint Vincent and the Grenadines,Cereals - Excluding Beer,Feed,3.0,2.0,1.0,3.0,1.0,1.0,1.0,5.0,2.0,4.0,4.0,4.0,6.0,6.0,7.0,7.0,7.0,7.0
10023,Saint Vincent and the Grenadines,Cereals - Excluding Beer,Seed,0.0,0.0,0.0,0.0,0.0,0.0,0.0,0.0,0.0,0.0,0.0,0.0,0.0,0.0,0.0,0.0,0.0,0.0
10024,Saint Vincent and the Grenadines,Cereals - Excluding Beer,Losses,1.0,1.0,1.0,1.0,1.0,1.0,1.0,1.0,1.0,1.0,1.0,1.0,2.0,1.0,2.0,2.0,2.0,2.0
10025,Saint Vincent and the Grenadines,Cereals - Excluding Beer,Processing,0.0,0.0,0.0,0.0,0.0,0.0,0.0,0.0,0.0,0.0,0.0,0.0,1.0,1.0,1.0,1.0,1.0,1.0
10026,Saint Vincent and the Grenadines,Cereals - Excluding Beer,Other uses (non-food),4.0,2.0,5.0,5.0,5.0,5.0,4.0,4.0,5.0,5.0,5.0,6.0,6.0,6.0,4.0,3.0,4.0,4.0
10027,Saint Vincent and the Grenadines,Cereals - Excluding Beer,Human Consumption,12.0,12.0,11.0,11.0,11.0,11.0,11.0,11.0,11.0,12.0,12.0,12.0,13.0,13.0,13.0,13.0,13.0,13.0
10028,Saint Vincent and the Grenadines,"Aquatic Products, Other",Production,0.0,0.0,0.0,0.0,0.0,0.0,0.0,0.0,0.0,0.0,0.0,0.0,0.0,0.0,0.0,0.0,0.0,0.0
10029,Saint Vincent and the Grenadines,"Aquatic Products, Other",Import,0.0,0.0,0.0,0.0,0.0,0.0,0.0,0.0,0.0,0.0,0.0,0.0,0.0,0.0,0.0,0.0,0.0,0.0
10030,Saint Vincent and the Grenadines,"Aquatic Products, Other",Domestic supply,0.0,0.0,0.0,0.0,0.0,0.0,0.0,0.0,0.0,0.0,0.0,0.0,0.0,0.0,0.0,0.0,0.0,0.0
10031,Saint Vincent and the Grenadines,"Aquatic Products, Other",Other uses (non-food),0.0,0.0,0.0,0.0,0.0,0.0,0.0,0.0,0.0,0.0,0.0,0.0,0.0,0.0,0.0,0.0,0.0,0.0
10032,Saint Vincent and the Grenadines,"Aquatic Products, Other",Human Consumption,0.0,0.0,0.0,0.0,0.0,0.0,0.0,0.0,0.0,0.0,0.0,0.0,0.0,0.0,0.0,0.0,0.0,0.0
10033,Saint Vincent and the Grenadines,Milk - Excluding Butter,Feed,0.0,0.0,0.0,0.0,0.0,0.0,0.0,0.0,0.0,0.0,0.0,0.0,0.0,0.0,0.0,0.0,0.0,0.0
10034,Saint Vincent and the Grenadines,Milk - Excluding Butter,Losses,0.0,0.0,0.0,0.0,0.0,0.0,0.0,0.0,0.0,0.0,0.0,0.0,0.0,0.0,0.0,0.0,0.0,0.0
10035,Saint Vincent and the Grenadines,"Fish, Seafood",Export,0.0,0.0,0.0,0.0,0.0,0.0,0.0,0.0,0.0,0.0,0.0,0.0,0.0,0.0,0.0,0.0,0.0,0.0
10036,Saint Vincent and the Grenadines,Milk - Excluding Butter,Human Consumption,7.0,6.0,9.0,8.0,8.0,9.0,9.0,10.0,10.0,11.0,11.0,10.0,10.0,10.0,3.0,3.0,3.0,3.0
10037,Saint Vincent and the Grenadines,Meat,Human Consumption,7.0,7.0,8.0,9.0,9.0,9.0,9.0,10.0,10.0,10.0,11.0,11.0,10.0,10.0,10.0,10.0,10.0,10.0
10038,Saint Vincent and the Grenadines,Miscellaneous,Import,0.0,0.0,0.0,0.0,0.0,0.0,0.0,0.0,0.0,0.0,0.0,0.0,0.0,0.0,1.0,6.0,1.0,7.0
10039,Saint Vincent and the Grenadines,Miscellaneous,Stock Variation,0.0,0.0,0.0,0.0,0.0,0.0,0.0,0.0,0.0,0.0,0.0,0.0,0.0,0.0,0.0,3.0,-2.0,4.0
10040,Saint Vincent and the Grenadines,Miscellaneous,Export,0.0,0.0,0.0,0.0,0.0,0.0,0.0,0.0,0.0,0.0,0.0,0.0,0.0,0.0,0.0,0.0,0.0,0.0
10041,Saint Vincent and the Grenadines,Miscellaneous,Domestic supply,0.0,0.0,0.0,0.0,0.0,0.0,0.0,0.0,0.0,0.0,0.0,0.0,0.0,0.0,1.0,3.0,3.0,3.0
10042,Saint Vincent and the Grenadines,Miscellaneous,Human Consumption,0.0,0.0,0.0,0.0,0.0,0.0,0.0,0.0,0.0,0.0,0.0,0.0,0.0,0.0,1.0,3.0,3.0,3.0
10043,Saint Vincent and the Grenadines,Alcoholic Beverages,Import,1.0,1.0,1.0,1.0,1.0,1.0,1.0,2.0,3.0,2.0,2.0,1.0,1.0,1.0,1.0,1.0,1.0,1.0
10044,Saint Vincent and the Grenadines,Meat,Other uses (non-food),0.0,0.0,1.0,1.0,1.0,1.0,1.0,1.0,1.0,0.0,0.0,0.0,1.0,1.0,0.0,0.0,0.0,0.0
10045,Saint Vincent and the Grenadines,Alcoholic Beverages,Stock Variation,0.0,0.0,0.0,0.0,0.0,0.0,0.0,0.0,0.0,0.0,-1.0,1.0,-2.0,2.0,0.0,0.0,0.0,0.0
10046,Saint Vincent and the Grenadines,Alcoholic Beverages,Domestic supply,2.0,2.0,3.0,3.0,3.0,3.0,4.0,4.0,5.0,4.0,4.0,4.0,4.0,4.0,4.0,3.0,3.0,4.0
10047,Saint Vincent and the Grenadines,Alcoholic Beverages,Other uses (non-food),0.0,0.0,1.0,0.0,0.0,0.0,0.0,0.0,0.0,1.0,1.0,1.0,0.0,0.0,0.0,0.0,0.0,0.0
10048,Saint Vincent and the Grenadines,Alcoholic Beverages,Human Consumption,2.0,2.0,3.0,3.0,3.0,3.0,4.0,4.0,4.0,4.0,3.0,4.0,4.0,4.0,3.0,3.0,3.0,4.0
10049,Saint Vincent and the Grenadines,Spices,Production,1.0,1.0,1.0,1.0,1.0,1.0,1.0,2.0,2.0,2.0,1.0,1.0,1.0,1.0,1.0,1.0,1.0,1.0
10050,Saint Vincent and the Grenadines,Spices,Import,0.0,0.0,0.0,0.0,0.0,0.0,0.0,0.0,0.0,0.0,0.0,0.0,0.0,0.0,0.0,0.0,0.0,0.0
10051,Saint Vincent and the Grenadines,Spices,Stock Variation,0.0,0.0,0.0,0.0,0.0,0.0,0.0,0.0,0.0,0.0,0.0,0.0,0.0,0.0,1.0,0.0,1.0,0.0
10052,Saint Vincent and the Grenadines,Milk - Excluding Butter,Other uses (non-food),1.0,1.0,5.0,4.0,4.0,3.0,1.0,1.0,1.0,1.0,1.0,1.0,1.0,1.0,0.0,0.0,0.0,0.0
10053,Saint Vincent and the Grenadines,Alcoholic Beverages,Export,0.0,0.0,0.0,0.0,0.0,0.0,0.0,0.0,0.0,0.0,0.0,1.0,1.0,4.0,3.0,4.0,3.0,3.0
10054,Saint Vincent and the Grenadines,Meat,Domestic supply,8.0,7.0,10.0,9.0,10.0,10.0,10.0,11.0,11.0,10.0,11.0,11.0,11.0,11.0,10.0,11.0,11.0,11.0
10055,Saint Vincent and the Grenadines,Alcoholic Beverages,Production,2.0,2.0,2.0,2.0,2.0,2.0,3.0,3.0,2.0,2.0,3.0,3.0,6.0,6.0,6.0,5.0,6.0,6.0
10056,Saint Vincent and the Grenadines,Spices,Export,0.0,0.0,1.0,1.0,1.0,1.0,1.0,1.0,1.0,1.0,1.0,1.0,1.0,1.0,0.0,1.0,0.0,1.0
10057,Saint Vincent and the Grenadines,Meat,Export,0.0,0.0,0.0,0.0,0.0,0.0,0.0,0.0,0.0,0.0,0.0,0.0,0.0,0.0,0.0,0.0,0.0,0.0
10058,Saint Vincent and the Grenadines,Animal fats,Import,0.0,0.0,0.0,0.0,0.0,0.0,0.0,0.0,0.0,0.0,0.0,0.0,0.0,0.0,0.0,0.0,0.0,0.0
10059,Saint Vincent and the Grenadines,Animal fats,Stock Variation,0.0,0.0,0.0,0.0,0.0,0.0,0.0,0.0,0.0,0.0,0.0,0.0,0.0,0.0,0.0,0.0,0.0,0.0
10060,Saint Vincent and the Grenadines,Animal fats,Export,0.0,0.0,0.0,0.0,0.0,0.0,0.0,0.0,0.0,0.0,0.0,0.0,0.0,0.0,0.0,0.0,0.0,0.0
10061,Saint Vincent and the Grenadines,Animal fats,Domestic supply,0.0,0.0,0.0,0.0,0.0,0.0,0.0,0.0,0.0,0.0,0.0,0.0,0.0,0.0,0.0,0.0,0.0,0.0
10062,Saint Vincent and the Grenadines,Animal fats,Losses,0.0,0.0,0.0,0.0,0.0,0.0,0.0,0.0,0.0,0.0,0.0,0.0,0.0,0.0,0.0,0.0,0.0,0.0
10063,Saint Vincent and the Grenadines,Animal fats,Other uses (non-food),0.0,0.0,0.0,0.0,0.0,0.0,0.0,0.0,0.0,0.0,0.0,0.0,0.0,0.0,0.0,0.0,0.0,0.0
10064,Saint Vincent and the Grenadines,Animal fats,Human Consumption,0.0,0.0,0.0,0.0,0.0,0.0,0.0,0.0,0.0,0.0,0.0,0.0,0.0,0.0,0.0,0.0,0.0,0.0
10065,Saint Vincent and the Grenadines,Offals,Production,0.0,0.0,0.0,0.0,0.0,0.0,0.0,0.0,0.0,0.0,0.0,0.0,0.0,0.0,0.0,0.0,0.0,0.0
10066,Saint Vincent and the Grenadines,Animal fats,Production,0.0,0.0,0.0,0.0,0.0,0.0,0.0,0.0,0.0,0.0,0.0,0.0,0.0,0.0,0.0,0.0,0.0,0.0
10067,Saint Vincent and the Grenadines,Offals,Export,0.0,0.0,0.0,0.0,0.0,0.0,0.0,0.0,0.0,0.0,0.0,0.0,0.0,0.0,0.0,0.0,0.0,0.0
10068,Saint Vincent and the Grenadines,Offals,Domestic supply,0.0,0.0,0.0,0.0,0.0,0.0,0.0,0.0,0.0,0.0,0.0,0.0,0.0,0.0,0.0,0.0,0.0,0.0
10069,Saint Vincent and the Grenadines,Offals,Losses,0.0,0.0,0.0,0.0,0.0,0.0,0.0,0.0,0.0,0.0,0.0,0.0,0.0,0.0,0.0,0.0,0.0,0.0
10070,Saint Vincent and the Grenadines,Offals,Human Consumption,0.0,0.0,0.0,0.0,0.0,0.0,0.0,0.0,0.0,0.0,0.0,0.0,0.0,0.0,0.0,0.0,0.0,0.0
10071,Saint Vincent and the Grenadines,Meat,Production,1.0,1.0,1.0,1.0,1.0,1.0,1.0,1.0,1.0,1.0,1.0,1.0,1.0,1.0,1.0,1.0,1.0,1.0
10072,Saint Vincent and the Grenadines,Meat,Import,6.0,6.0,8.0,8.0,9.0,9.0,9.0,9.0,10.0,9.0,9.0,10.0,10.0,10.0,9.0,10.0,9.0,10.0
10073,Saint Vincent and the Grenadines,Meat,Stock Variation,1.0,0.0,0.0,0.0,0.0,0.0,0.0,0.0,0.0,0.0,0.0,0.0,0.0,0.0,0.0,1.0,0.0,1.0
10074,Saint Vincent and the Grenadines,Offals,Import,0.0,0.0,0.0,0.0,0.0,0.0,0.0,0.0,0.0,0.0,0.0,0.0,0.0,0.0,0.0,0.0,0.0,0.0
10075,Samoa,Meat,Export,0.0,0.0,0.0,0.0,0.0,0.0,0.0,0.0,0.0,0.0,0.0,0.0,0.0,0.0,0.0,0.0,0.0,0.0
10076,Samoa,Meat,Stock Variation,0.0,0.0,0.0,0.0,0.0,0.0,0.0,0.0,0.0,0.0,0.0,0.0,0.0,0.0,4.0,-1.0,5.0,2.0
10077,Samoa,Meat,Import,9.0,10.0,9.0,10.0,9.0,12.0,11.0,13.0,12.0,12.0,13.0,14.0,17.0,17.0,20.0,15.0,23.0,20.0
10078,Samoa,Meat,Production,5.0,5.0,5.0,5.0,5.0,5.0,5.0,5.0,5.0,5.0,5.0,5.0,5.0,5.0,5.0,5.0,5.0,5.0
10079,Samoa,Offals,Human Consumption,0.0,0.0,0.0,0.0,0.0,0.0,0.0,0.0,0.0,0.0,0.0,0.0,0.0,0.0,0.0,1.0,0.0,0.0
10080,Samoa,Offals,Losses,0.0,0.0,0.0,0.0,0.0,0.0,0.0,0.0,0.0,0.0,0.0,0.0,0.0,0.0,0.0,0.0,0.0,0.0
10081,Samoa,Offals,Domestic supply,0.0,0.0,0.0,0.0,0.0,0.0,0.0,0.0,0.0,0.0,0.0,0.0,0.0,0.0,1.0,1.0,1.0,0.0
10082,Samoa,Offals,Export,0.0,0.0,0.0,0.0,0.0,0.0,0.0,0.0,0.0,0.0,0.0,0.0,0.0,0.0,0.0,0.0,0.0,0.0
10083,Samoa,Animal fats,Losses,0.0,0.0,0.0,0.0,0.0,0.0,0.0,0.0,0.0,0.0,0.0,0.0,0.0,0.0,0.0,0.0,0.0,0.0
10084,Samoa,Offals,Production,0.0,0.0,0.0,0.0,0.0,0.0,0.0,0.0,0.0,0.0,0.0,0.0,0.0,0.0,0.0,1.0,0.0,0.0
10085,Samoa,Animal fats,Human Consumption,1.0,1.0,1.0,1.0,1.0,1.0,1.0,1.0,1.0,1.0,1.0,1.0,1.0,1.0,1.0,1.0,1.0,1.0
10086,Samoa,Animal fats,Other uses (non-food),1.0,1.0,0.0,0.0,1.0,1.0,2.0,2.0,1.0,0.0,0.0,0.0,0.0,0.0,0.0,0.0,0.0,0.0
10087,Samoa,Animal fats,Feed,0.0,0.0,0.0,0.0,0.0,0.0,0.0,0.0,0.0,0.0,0.0,0.0,0.0,0.0,0.0,0.0,0.0,0.0
10088,Samoa,Animal fats,Domestic supply,2.0,2.0,1.0,2.0,3.0,3.0,3.0,3.0,2.0,1.0,1.0,1.0,1.0,1.0,1.0,1.0,1.0,1.0
10089,Samoa,Animal fats,Export,0.0,0.0,0.0,0.0,0.0,0.0,0.0,0.0,0.0,0.0,0.0,0.0,0.0,0.0,0.0,0.0,0.0,0.0
10090,Samoa,Animal fats,Stock Variation,0.0,0.0,0.0,0.0,0.0,0.0,0.0,0.0,0.0,0.0,0.0,0.0,-1.0,0.0,0.0,0.0,0.0,0.0
10091,Samoa,Offals,Import,0.0,0.0,0.0,0.0,0.0,0.0,0.0,0.0,0.0,0.0,0.0,0.0,0.0,0.0,0.0,0.0,0.0,0.0
10092,Samoa,Meat,Domestic supply,14.0,15.0,15.0,15.0,14.0,17.0,16.0,18.0,17.0,17.0,18.0,19.0,23.0,22.0,22.0,21.0,23.0,22.0
10093,Samoa,Spices,Domestic supply,0.0,0.0,0.0,0.0,0.0,0.0,0.0,0.0,0.0,0.0,0.0,0.0,0.0,0.0,0.0,0.0,0.0,0.0
10094,Samoa,Meat,Human Consumption,13.0,14.0,14.0,14.0,13.0,15.0,14.0,15.0,16.0,15.0,17.0,17.0,20.0,19.0,19.0,19.0,19.0,19.0
10095,Samoa,Animal fats,Import,2.0,2.0,1.0,1.0,2.0,3.0,3.0,3.0,1.0,1.0,1.0,1.0,1.0,1.0,1.0,1.0,1.0,1.0
10096,Samoa,Spices,Export,0.0,0.0,0.0,0.0,0.0,0.0,0.0,0.0,0.0,0.0,0.0,0.0,0.0,0.0,0.0,0.0,0.0,0.0
10097,Samoa,Spices,Stock Variation,0.0,0.0,0.0,0.0,0.0,0.0,0.0,0.0,0.0,0.0,0.0,0.0,0.0,0.0,0.0,0.0,0.0,0.0
10098,Samoa,Spices,Import,0.0,0.0,0.0,0.0,0.0,0.0,0.0,0.0,0.0,0.0,0.0,0.0,0.0,0.0,0.0,0.0,0.0,0.0
10099,Samoa,Spices,Production,0.0,0.0,0.0,0.0,0.0,0.0,0.0,0.0,0.0,0.0,0.0,0.0,0.0,0.0,0.0,0.0,0.0,0.0
10100,Samoa,Alcoholic Beverages,Human Consumption,4.0,5.0,5.0,3.0,4.0,4.0,6.0,5.0,5.0,4.0,5.0,6.0,4.0,4.0,5.0,5.0,5.0,5.0
10101,Samoa,Alcoholic Beverages,Other uses (non-food),0.0,0.0,0.0,0.0,0.0,0.0,0.0,0.0,0.0,0.0,0.0,0.0,0.0,0.0,0.0,0.0,0.0,0.0
10102,Samoa,Alcoholic Beverages,Domestic supply,4.0,5.0,5.0,4.0,4.0,5.0,6.0,5.0,5.0,4.0,5.0,6.0,4.0,4.0,5.0,5.0,5.0,5.0
10103,Samoa,Alcoholic Beverages,Export,2.0,2.0,2.0,2.0,2.0,2.0,2.0,2.0,1.0,1.0,1.0,1.0,1.0,1.0,1.0,2.0,1.0,2.0
10104,Samoa,Alcoholic Beverages,Stock Variation,-2.0,0.0,0.0,0.0,0.0,0.0,0.0,0.0,0.0,0.0,0.0,0.0,0.0,0.0,0.0,0.0,1.0,-1.0
10105,Samoa,Alcoholic Beverages,Import,0.0,0.0,0.0,0.0,0.0,0.0,1.0,0.0,0.0,1.0,1.0,0.0,1.0,1.0,0.0,0.0,0.0,0.0
10106,Samoa,Alcoholic Beverages,Production,8.0,7.0,7.0,5.0,6.0,7.0,7.0,6.0,6.0,4.0,5.0,7.0,5.0,5.0,5.0,6.0,7.0,6.0
10107,Samoa,Miscellaneous,Human Consumption,0.0,0.0,0.0,0.0,0.0,0.0,0.0,0.0,0.0,0.0,0.0,0.0,0.0,0.0,2.0,2.0,2.0,3.0
10108,Samoa,Miscellaneous,Domestic supply,0.0,0.0,0.0,0.0,0.0,0.0,0.0,0.0,0.0,0.0,0.0,0.0,0.0,0.0,2.0,2.0,2.0,3.0
10109,Samoa,Miscellaneous,Export,0.0,0.0,0.0,0.0,0.0,0.0,0.0,0.0,0.0,0.0,0.0,0.0,0.0,0.0,0.0,0.0,0.0,0.0
10110,Samoa,Miscellaneous,Stock Variation,0.0,0.0,0.0,0.0,0.0,0.0,0.0,0.0,0.0,0.0,0.0,0.0,0.0,0.0,0.0,0.0,0.0,0.0
10111,Samoa,Miscellaneous,Import,0.0,0.0,0.0,0.0,0.0,0.0,0.0,0.0,0.0,0.0,0.0,0.0,0.0,0.0,2.0,2.0,2.0,3.0
10112,Samoa,Meat,Other uses (non-food),1.0,1.0,1.0,1.0,1.0,2.0,3.0,3.0,2.0,1.0,2.0,2.0,3.0,3.0,0.0,0.0,0.0,0.0
10113,Samoa,Animal fats,Production,0.0,0.0,0.0,0.0,0.0,0.0,0.0,0.0,0.0,0.0,0.0,0.0,0.0,0.0,0.0,0.0,0.0,0.0
10114,Samoa,Cereals - Excluding Beer,Export,0.0,0.0,0.0,0.0,0.0,0.0,0.0,0.0,0.0,0.0,0.0,0.0,0.0,0.0,0.0,1.0,1.0,0.0
10115,Samoa,Milk - Excluding Butter,Other uses (non-food),0.0,0.0,0.0,0.0,0.0,1.0,0.0,0.0,0.0,0.0,0.0,0.0,0.0,0.0,0.0,0.0,0.0,0.0
10116,Samoa,"Fish, Seafood",Stock Variation,-3.0,0.0,1.0,-4.0,0.0,3.0,2.0,1.0,-1.0,1.0,-1.0,1.0,1.0,1.0,0.0,0.0,0.0,0.0
10117,Samoa,"Fish, Seafood",Import,13.0,8.0,8.0,10.0,6.0,4.0,5.0,6.0,9.0,6.0,8.0,6.0,6.0,6.0,7.0,8.0,12.0,8.0
10118,Samoa,"Fish, Seafood",Production,9.0,9.0,11.0,10.0,9.0,10.0,11.0,13.0,13.0,12.0,12.0,10.0,10.0,10.0,7.0,8.0,8.0,10.0
10119,Samoa,"Aquatic Products, Other",Human Consumption,0.0,0.0,0.0,0.0,0.0,0.0,1.0,1.0,0.0,0.0,0.0,0.0,0.0,0.0,0.0,0.0,0.0,0.0
10120,Samoa,"Aquatic Products, Other",Other uses (non-food),0.0,0.0,0.0,0.0,0.0,0.0,0.0,0.0,1.0,1.0,1.0,1.0,1.0,1.0,0.0,0.0,0.0,0.0
10121,Samoa,"Aquatic Products, Other",Domestic supply,0.0,0.0,0.0,0.0,1.0,0.0,1.0,1.0,1.0,1.0,1.0,1.0,1.0,1.0,1.0,1.0,1.0,1.0
10122,Samoa,"Aquatic Products, Other",Export,0.0,0.0,0.0,0.0,0.0,0.0,0.0,0.0,0.0,0.0,0.0,0.0,0.0,0.0,0.0,0.0,0.0,0.0
10123,Samoa,"Aquatic Products, Other",Import,0.0,0.0,0.0,0.0,0.0,0.0,0.0,0.0,0.0,0.0,0.0,0.0,0.0,0.0,0.0,0.0,0.0,0.0
10124,Samoa,"Aquatic Products, Other",Production,0.0,0.0,0.0,0.0,1.0,0.0,1.0,1.0,1.0,1.0,1.0,1.0,1.0,1.0,1.0,1.0,1.0,1.0
10125,Samoa,Cereals - Excluding Beer,Human Consumption,13.0,13.0,13.0,13.0,13.0,12.0,12.0,12.0,13.0,12.0,12.0,13.0,13.0,13.0,11.0,12.0,12.0,12.0
10126,Samoa,Cereals - Excluding Beer,Other uses (non-food),2.0,2.0,2.0,2.0,2.0,2.0,2.0,2.0,2.0,5.0,2.0,2.0,2.0,2.0,0.0,0.0,0.0,0.0
10127,Samoa,Cereals - Excluding Beer,Processing,2.0,1.0,2.0,1.0,1.0,1.0,2.0,1.0,1.0,1.0,1.0,1.0,1.0,1.0,1.0,1.0,1.0,1.0
10128,Samoa,Cereals - Excluding Beer,Losses,0.0,0.0,0.0,0.0,0.0,0.0,0.0,0.0,0.0,0.0,0.0,0.0,0.0,0.0,0.0,0.0,0.0,0.0
10129,Samoa,Cereals - Excluding Beer,Feed,0.0,0.0,0.0,0.0,0.0,0.0,0.0,0.0,0.0,0.0,0.0,0.0,0.0,0.0,0.0,0.0,0.0,0.0
10130,Samoa,Cereals - Excluding Beer,Domestic supply,17.0,17.0,17.0,16.0,16.0,16.0,16.0,16.0,16.0,18.0,15.0,16.0,16.0,16.0,14.0,14.0,13.0,16.0
10131,Samoa,Spices,Losses,0.0,0.0,0.0,0.0,0.0,0.0,0.0,0.0,0.0,0.0,0.0,0.0,0.0,0.0,0.0,0.0,0.0,0.0
10132,Samoa,Cereals - Excluding Beer,Stock Variation,0.0,-1.0,-2.0,-1.0,1.0,-1.0,3.0,-1.0,2.0,-15.0,1.0,2.0,-1.0,-2.0,-1.0,-1.0,-2.0,1.0
10133,Samoa,"Fish, Seafood",Export,2.0,2.0,2.0,1.0,2.0,2.0,2.0,3.0,4.0,4.0,5.0,2.0,2.0,2.0,2.0,6.0,9.0,8.0
10134,Samoa,Milk - Excluding Butter,Human Consumption,5.0,5.0,4.0,4.0,5.0,5.0,4.0,4.0,5.0,6.0,6.0,5.0,9.0,10.0,5.0,6.0,7.0,6.0
10135,Samoa,"Fish, Seafood",Domestic supply,16.0,15.0,18.0,15.0,13.0,15.0,16.0,17.0,16.0,16.0,14.0,15.0,15.0,15.0,13.0,10.0,11.0,10.0
10136,Samoa,"Fish, Seafood",Other uses (non-food),7.0,5.0,8.0,5.0,5.0,7.0,8.0,9.0,7.0,7.0,5.0,7.0,7.0,7.0,4.0,2.0,2.0,1.0
10137,Samoa,Milk - Excluding Butter,Losses,0.0,0.0,0.0,0.0,0.0,0.0,0.0,0.0,0.0,0.0,0.0,0.0,0.0,0.0,0.0,0.0,0.0,0.0
10138,Samoa,Milk - Excluding Butter,Feed,0.0,0.0,0.0,0.0,0.0,0.0,0.0,0.0,0.0,0.0,0.0,0.0,0.0,0.0,2.0,2.0,2.0,2.0
10139,Samoa,Milk - Excluding Butter,Domestic supply,5.0,5.0,4.0,5.0,5.0,5.0,4.0,4.0,5.0,6.0,7.0,5.0,9.0,10.0,7.0,8.0,9.0,9.0
10140,Samoa,Milk - Excluding Butter,Export,0.0,0.0,0.0,0.0,0.0,0.0,0.0,0.0,0.0,0.0,0.0,0.0,0.0,0.0,0.0,0.0,0.0,0.0
10141,Samoa,Milk - Excluding Butter,Stock Variation,0.0,0.0,0.0,0.0,0.0,0.0,0.0,0.0,0.0,0.0,0.0,0.0,-2.0,-2.0,0.0,0.0,0.0,0.0
10142,Samoa,Milk - Excluding Butter,Import,4.0,3.0,3.0,3.0,4.0,4.0,2.0,3.0,3.0,5.0,5.0,3.0,10.0,10.0,5.0,6.0,8.0,7.0
10143,Samoa,Milk - Excluding Butter,Production,2.0,2.0,2.0,2.0,2.0,2.0,2.0,2.0,2.0,2.0,2.0,1.0,1.0,1.0,2.0,2.0,2.0,2.0
10144,Samoa,Eggs,Human Consumption,0.0,0.0,0.0,1.0,1.0,1.0,1.0,1.0,1.0,1.0,1.0,1.0,1.0,0.0,0.0,0.0,0.0,0.0
10145,Samoa,Eggs,Other uses (non-food),0.0,0.0,0.0,0.0,0.0,0.0,0.0,0.0,0.0,0.0,0.0,0.0,0.0,0.0,0.0,0.0,0.0,0.0
10146,Samoa,Eggs,Losses,0.0,0.0,0.0,0.0,0.0,0.0,0.0,0.0,0.0,0.0,0.0,0.0,0.0,0.0,0.0,0.0,0.0,0.0
10147,Samoa,Eggs,Seed,0.0,0.0,0.0,0.0,0.0,0.0,0.0,0.0,0.0,0.0,0.0,0.0,0.0,0.0,0.0,0.0,0.0,0.0
10148,Samoa,Eggs,Domestic supply,0.0,0.0,0.0,1.0,1.0,1.0,1.0,1.0,1.0,1.0,1.0,1.0,1.0,1.0,1.0,0.0,1.0,1.0
10149,Samoa,Eggs,Export,0.0,0.0,0.0,0.0,0.0,0.0,0.0,0.0,0.0,0.0,0.0,0.0,0.0,0.0,0.0,0.0,0.0,0.0
10150,Samoa,Eggs,Stock Variation,0.0,0.0,0.0,0.0,0.0,0.0,0.0,0.0,0.0,0.0,0.0,0.0,0.0,0.0,0.0,0.0,0.0,0.0
10151,Samoa,Eggs,Import,0.0,0.0,0.0,0.0,1.0,0.0,1.0,0.0,1.0,1.0,1.0,1.0,0.0,0.0,0.0,0.0,0.0,0.0
10152,Samoa,Eggs,Production,0.0,0.0,0.0,0.0,0.0,0.0,0.0,0.0,0.0,0.0,0.0,0.0,0.0,0.0,0.0,0.0,0.0,0.0
10153,Samoa,"Fish, Seafood",Human Consumption,10.0,10.0,9.0,9.0,9.0,9.0,8.0,8.0,9.0,9.0,9.0,8.0,8.0,8.0,9.0,9.0,9.0,9.0
10154,Samoa,"Fish, Seafood",Feed,0.0,0.0,0.0,0.0,0.0,0.0,0.0,0.0,0.0,0.0,0.0,0.0,0.0,0.0,0.0,0.0,0.0,0.0
10155,Samoa,Spices,Other uses (non-food),0.0,0.0,0.0,0.0,0.0,0.0,0.0,0.0,0.0,0.0,0.0,0.0,0.0,0.0,0.0,0.0,0.0,0.0
10156,Samoa,Sugar & Sweeteners,Domestic supply,7.0,8.0,10.0,7.0,9.0,7.0,9.0,11.0,12.0,10.0,9.0,10.0,10.0,12.0,18.0,12.0,12.0,10.0
10157,Samoa,Stimulants,Production,1.0,1.0,1.0,1.0,1.0,1.0,1.0,1.0,1.0,1.0,0.0,0.0,0.0,0.0,0.0,0.0,0.0,0.0
10158,Samoa,Oilcrops,Domestic supply,119.0,86.0,89.0,87.0,131.0,135.0,141.0,129.0,139.0,156.0,162.0,170.0,166.0,167.0,172.0,181.0,176.0,180.0
10159,Samoa,Oilcrops,Export,25.0,15.0,23.0,9.0,7.0,8.0,7.0,7.0,9.0,9.0,8.0,9.0,12.0,11.0,1.0,12.0,5.0,2.0
10160,Samoa,Oilcrops,Stock Variation,3.0,-3.0,2.0,-11.0,-11.0,-11.0,-5.0,-5.0,-6.0,-6.0,0.0,0.0,0.0,0.0,1.0,-16.0,1.0,0.0
10161,Samoa,Oilcrops,Import,0.0,0.0,0.0,0.0,0.0,0.0,0.0,0.0,0.0,0.0,0.0,1.0,0.0,0.0,1.0,1.0,1.0,1.0
10162,Samoa,Oilcrops,Production,140.0,104.0,110.0,107.0,148.0,153.0,153.0,140.0,153.0,170.0,170.0,178.0,178.0,178.0,174.0,177.0,180.0,182.0
10163,Samoa,Treenuts,Human Consumption,0.0,0.0,0.0,0.0,0.0,0.0,0.0,0.0,0.0,0.0,0.0,0.0,0.0,0.0,0.0,0.0,0.0,0.0
10164,Samoa,Treenuts,Domestic supply,0.0,0.0,0.0,0.0,0.0,0.0,0.0,0.0,0.0,0.0,0.0,0.0,0.0,0.0,0.0,0.0,0.0,0.0
10165,Samoa,Oilcrops,Feed,0.0,0.0,0.0,0.0,0.0,0.0,0.0,0.0,0.0,0.0,0.0,0.0,0.0,0.0,32.0,38.0,29.0,32.0
10166,Samoa,Treenuts,Export,0.0,0.0,0.0,0.0,0.0,0.0,0.0,0.0,0.0,0.0,0.0,0.0,0.0,0.0,0.0,0.0,0.0,0.0
10167,Samoa,Treenuts,Import,0.0,0.0,0.0,0.0,0.0,0.0,0.0,0.0,0.0,0.0,0.0,0.0,0.0,0.0,0.0,0.0,0.0,0.0
10168,Samoa,Pulses,Human Consumption,0.0,0.0,0.0,0.0,0.0,0.0,0.0,0.0,0.0,0.0,0.0,0.0,0.0,0.0,0.0,0.0,0.0,0.0
10169,Samoa,Pulses,Feed,0.0,0.0,0.0,0.0,0.0,0.0,0.0,0.0,0.0,0.0,0.0,0.0,0.0,0.0,0.0,0.0,0.0,0.0
10170,Samoa,Pulses,Domestic supply,0.0,0.0,0.0,0.0,0.0,0.0,0.0,0.0,0.0,0.0,0.0,0.0,0.0,0.0,0.0,0.0,0.0,0.0
10171,Samoa,Pulses,Export,0.0,0.0,0.0,0.0,0.0,0.0,0.0,0.0,0.0,0.0,0.0,0.0,0.0,0.0,0.0,0.0,0.0,0.0
10172,Samoa,Pulses,Stock Variation,0.0,0.0,0.0,0.0,0.0,0.0,0.0,0.0,0.0,0.0,0.0,0.0,0.0,0.0,0.0,0.0,0.0,0.0
10173,Samoa,Pulses,Import,0.0,0.0,0.0,0.0,0.0,0.0,0.0,0.0,0.0,0.0,0.0,0.0,0.0,0.0,0.0,0.0,0.0,0.0
10174,Samoa,Treenuts,Stock Variation,0.0,0.0,0.0,0.0,0.0,0.0,0.0,0.0,0.0,0.0,0.0,0.0,0.0,0.0,0.0,0.0,0.0,0.0
10175,Samoa,Oilcrops,Losses,7.0,5.0,5.0,5.0,7.0,8.0,8.0,7.0,8.0,9.0,9.0,9.0,9.0,9.0,10.0,10.0,10.0,9.0
10176,Samoa,Oilcrops,Processing,61.0,49.0,48.0,48.0,48.0,48.0,54.0,54.0,57.0,57.0,64.0,63.0,63.0,63.0,63.0,63.0,63.0,63.0
10177,Samoa,Oilcrops,Other uses (non-food),24.0,4.0,9.0,4.0,44.0,48.0,48.0,36.0,41.0,57.0,57.0,64.0,61.0,62.0,0.0,0.0,0.0,0.0
10178,Samoa,Cereals - Excluding Beer,Import,17.0,18.0,18.0,17.0,16.0,16.0,13.0,17.0,14.0,33.0,14.0,14.0,17.0,19.0,13.0,13.0,13.0,17.0
10179,Samoa,Sugar Crops,Human Consumption,0.0,0.0,0.0,0.0,0.0,0.0,0.0,0.0,0.0,0.0,0.0,0.0,0.0,0.0,0.0,0.0,0.0,0.0
10180,Samoa,Sugar Crops,Losses,0.0,0.0,0.0,0.0,0.0,0.0,0.0,0.0,0.0,0.0,0.0,0.0,0.0,0.0,0.0,0.0,0.0,0.0
10181,Samoa,Sugar Crops,Feed,0.0,0.0,0.0,0.0,0.0,0.0,0.0,0.0,0.0,0.0,0.0,0.0,0.0,0.0,0.0,0.0,0.0,0.0
10182,Samoa,Sugar Crops,Domestic supply,0.0,0.0,0.0,0.0,0.0,0.0,0.0,0.0,0.0,0.0,0.0,0.0,0.0,0.0,0.0,0.0,0.0,0.0
10183,Samoa,Sugar Crops,Import,0.0,0.0,0.0,0.0,0.0,0.0,0.0,0.0,0.0,0.0,0.0,0.0,0.0,0.0,0.0,0.0,0.0,0.0
10184,Samoa,Sugar Crops,Production,0.0,0.0,0.0,0.0,0.0,0.0,0.0,0.0,0.0,0.0,0.0,0.0,0.0,0.0,0.0,0.0,0.0,0.0
10185,Samoa,Starchy Roots,Human Consumption,21.0,20.0,23.0,23.0,25.0,25.0,23.0,26.0,25.0,27.0,26.0,25.0,25.0,25.0,25.0,25.0,26.0,25.0
10186,Samoa,Starchy Roots,Other uses (non-food),0.0,0.0,0.0,0.0,0.0,0.0,0.0,0.0,0.0,0.0,0.0,0.0,0.0,0.0,0.0,0.0,0.0,0.0
10187,Samoa,Starchy Roots,Losses,0.0,0.0,0.0,0.0,0.0,0.0,0.0,0.0,0.0,0.0,0.0,0.0,0.0,0.0,5.0,7.0,6.0,5.0
10188,Samoa,Starchy Roots,Feed,1.0,1.0,1.0,1.0,1.0,1.0,1.0,1.0,1.0,1.0,1.0,1.0,1.0,1.0,2.0,2.0,3.0,2.0
10189,Samoa,Starchy Roots,Domestic supply,22.0,21.0,24.0,25.0,26.0,26.0,25.0,28.0,27.0,28.0,28.0,27.0,27.0,26.0,33.0,34.0,35.0,33.0
10190,Samoa,Starchy Roots,Export,0.0,0.0,0.0,0.0,1.0,0.0,0.0,0.0,0.0,0.0,0.0,0.0,1.0,1.0,1.0,2.0,2.0,3.0
10191,Samoa,Starchy Roots,Stock Variation,0.0,0.0,0.0,0.0,0.0,0.0,0.0,0.0,0.0,0.0,0.0,0.0,0.0,0.0,0.0,4.0,6.0,-1.0
10192,Samoa,Starchy Roots,Import,1.0,1.0,1.0,1.0,1.0,2.0,2.0,2.0,2.0,2.0,2.0,1.0,2.0,2.0,1.0,2.0,7.0,2.0
10193,Samoa,Starchy Roots,Production,21.0,20.0,23.0,24.0,25.0,25.0,24.0,26.0,25.0,26.0,26.0,26.0,26.0,26.0,33.0,38.0,36.0,33.0
10194,Samoa,Oilcrops,Human Consumption,26.0,28.0,26.0,29.0,31.0,30.0,31.0,31.0,33.0,33.0,33.0,33.0,33.0,33.0,33.0,33.0,34.0,34.0
10195,Samoa,Sugar & Sweeteners,Human Consumption,5.0,4.0,4.0,5.0,5.0,6.0,6.0,6.0,7.0,5.0,5.0,6.0,6.0,6.0,7.0,7.0,7.0,7.0
10196,Samoa,Sugar & Sweeteners,Other uses (non-food),2.0,4.0,5.0,2.0,3.0,1.0,3.0,5.0,5.0,5.0,4.0,4.0,5.0,5.0,0.0,0.0,0.0,0.0
10197,Samoa,Sugar & Sweeteners,Processing,0.0,0.0,0.0,0.0,0.0,0.0,0.0,0.0,0.0,0.0,0.0,0.0,0.0,0.0,0.0,0.0,0.0,0.0
10198,Samoa,Sugar & Sweeteners,Losses,0.0,0.0,0.0,0.0,0.0,0.0,0.0,0.0,0.0,0.0,0.0,0.0,0.0,0.0,0.0,0.0,0.0,0.0
10199,Samoa,Fruits - Excluding Wine,Other uses (non-food),3.0,4.0,4.0,3.0,4.0,4.0,4.0,4.0,4.0,4.0,4.0,4.0,4.0,4.0,0.0,0.0,0.0,0.0
10200,Samoa,Fruits - Excluding Wine,Processing,0.0,0.0,0.0,0.0,0.0,0.0,0.0,0.0,0.0,0.0,0.0,0.0,0.0,0.0,1.0,1.0,1.0,1.0
10201,Samoa,Fruits - Excluding Wine,Losses,3.0,3.0,4.0,3.0,3.0,3.0,4.0,4.0,4.0,4.0,4.0,4.0,4.0,4.0,4.0,4.0,4.0,4.0
10202,Samoa,Fruits - Excluding Wine,Feed,3.0,3.0,3.0,3.0,3.0,3.0,3.0,3.0,3.0,4.0,4.0,4.0,4.0,3.0,3.0,3.0,3.0,4.0
10203,Samoa,Fruits - Excluding Wine,Domestic supply,39.0,41.0,44.0,39.0,41.0,41.0,45.0,45.0,47.0,48.0,48.0,46.0,49.0,50.0,48.0,46.0,47.0,47.0
10204,Samoa,Fruits - Excluding Wine,Export,3.0,2.0,2.0,3.0,4.0,5.0,1.0,1.0,1.0,1.0,1.0,1.0,1.0,1.0,1.0,2.0,2.0,3.0
10205,Samoa,Fruits - Excluding Wine,Stock Variation,0.0,0.0,0.0,0.0,0.0,0.0,0.0,0.0,0.0,0.0,0.0,0.0,0.0,0.0,1.0,1.0,0.0,1.0
10206,Samoa,Fruits - Excluding Wine,Import,0.0,1.0,1.0,1.0,2.0,1.0,1.0,1.0,1.0,1.0,1.0,1.0,3.0,4.0,2.0,2.0,2.0,2.0
10207,Samoa,Fruits - Excluding Wine,Production,42.0,43.0,45.0,41.0,43.0,45.0,45.0,45.0,46.0,48.0,48.0,46.0,46.0,47.0,47.0,46.0,47.0,48.0
10208,Samoa,Stimulants,Human Consumption,1.0,1.0,1.0,3.0,3.0,3.0,3.0,2.0,2.0,2.0,2.0,2.0,1.0,1.0,0.0,0.0,0.0,0.0
10209,Samoa,Stimulants,Other uses (non-food),0.0,0.0,0.0,0.0,0.0,0.0,0.0,0.0,0.0,0.0,0.0,0.0,0.0,0.0,0.0,0.0,0.0,0.0
10210,Samoa,Stimulants,Processing,0.0,0.0,0.0,0.0,0.0,0.0,0.0,0.0,0.0,0.0,0.0,0.0,0.0,0.0,0.0,0.0,0.0,0.0
10211,Samoa,Stimulants,Losses,0.0,0.0,0.0,0.0,0.0,0.0,0.0,0.0,0.0,0.0,0.0,0.0,0.0,0.0,0.0,0.0,0.0,0.0
10212,Samoa,Stimulants,Domestic supply,1.0,1.0,1.0,3.0,3.0,4.0,4.0,2.0,2.0,2.0,2.0,2.0,1.0,1.0,1.0,1.0,1.0,1.0
10213,Samoa,Stimulants,Export,0.0,0.0,0.0,0.0,0.0,0.0,0.0,0.0,0.0,0.0,0.0,0.0,0.0,0.0,0.0,0.0,0.0,0.0
10214,Samoa,Stimulants,Stock Variation,0.0,0.0,0.0,0.0,0.0,0.0,0.0,0.0,0.0,0.0,0.0,0.0,0.0,0.0,0.0,0.0,0.0,0.0
10215,Samoa,Stimulants,Import,0.0,0.0,1.0,2.0,2.0,3.0,3.0,1.0,1.0,1.0,1.0,2.0,1.0,1.0,0.0,1.0,1.0,1.0
10216,Samoa,Fruits - Excluding Wine,Human Consumption,30.0,31.0,33.0,30.0,32.0,31.0,34.0,34.0,35.0,36.0,36.0,34.0,37.0,38.0,35.0,34.0,35.0,35.0
10217,Samoa,Spices,Human Consumption,0.0,0.0,0.0,0.0,0.0,0.0,0.0,0.0,0.0,0.0,0.0,0.0,0.0,0.0,0.0,0.0,0.0,0.0
10218,Samoa,Vegetables,Production,1.0,1.0,1.0,1.0,1.0,1.0,1.0,1.0,1.0,1.0,1.0,1.0,1.0,1.0,1.0,1.0,1.0,1.0
10219,Samoa,Vegetables,Stock Variation,0.0,0.0,0.0,0.0,0.0,0.0,0.0,0.0,0.0,0.0,0.0,0.0,0.0,0.0,0.0,0.0,0.0,0.0
10220,Samoa,Sugar & Sweeteners,Feed,0.0,0.0,0.0,0.0,0.0,0.0,0.0,0.0,0.0,0.0,0.0,0.0,0.0,0.0,0.0,0.0,0.0,0.0
10221,Samoa,Sugar & Sweeteners,Export,0.0,0.0,0.0,0.0,0.0,0.0,0.0,0.0,0.0,0.0,0.0,0.0,0.0,0.0,0.0,0.0,0.0,0.0
10222,Samoa,Sugar & Sweeteners,Stock Variation,0.0,0.0,0.0,0.0,-1.0,1.0,-1.0,1.0,1.0,0.0,0.0,0.0,0.0,0.0,7.0,1.0,2.0,-4.0
10223,Samoa,Sugar & Sweeteners,Production,0.0,0.0,0.0,0.0,0.0,0.0,0.0,0.0,0.0,0.0,0.0,0.0,0.0,0.0,1.0,0.0,0.0,0.0
10224,Samoa,Vegetable Oils,Human Consumption,1.0,1.0,1.0,1.0,1.0,1.0,1.0,1.0,1.0,1.0,1.0,1.0,2.0,2.0,2.0,2.0,2.0,2.0
10225,Samoa,Vegetable Oils,Other uses (non-food),5.0,4.0,4.0,1.0,2.0,2.0,2.0,2.0,2.0,3.0,2.0,3.0,3.0,3.0,0.0,0.0,0.0,0.0
10226,Samoa,Vegetable Oils,Domestic supply,6.0,5.0,5.0,2.0,3.0,3.0,3.0,3.0,4.0,4.0,4.0,4.0,4.0,4.0,6.0,6.0,6.0,6.0
10227,Samoa,Vegetable Oils,Export,1.0,1.0,1.0,3.0,2.0,3.0,2.0,2.0,3.0,3.0,3.0,3.0,3.0,3.0,1.0,1.0,1.0,1.0
10228,Samoa,Vegetable Oils,Stock Variation,0.0,0.0,0.0,0.0,0.0,0.0,0.0,0.0,0.0,0.0,0.0,0.0,0.0,0.0,1.0,1.0,2.0,2.0
10229,Samoa,Vegetable Oils,Import,0.0,0.0,1.0,1.0,1.0,1.0,1.0,1.0,1.0,1.0,1.0,1.0,2.0,2.0,3.0,2.0,3.0,4.0
10230,Samoa,Vegetable Oils,Production,6.0,5.0,5.0,5.0,5.0,5.0,5.0,5.0,5.0,5.0,5.0,5.0,5.0,5.0,5.0,5.0,5.0,5.0
10231,Samoa,Vegetables,Human Consumption,2.0,2.0,2.0,2.0,2.0,2.0,2.0,2.0,3.0,3.0,3.0,2.0,5.0,5.0,3.0,4.0,4.0,4.0
10232,Samoa,Vegetables,Other uses (non-food),0.0,0.0,0.0,0.0,0.0,0.0,0.0,0.0,0.0,0.0,0.0,0.0,0.0,0.0,0.0,0.0,0.0,0.0
10233,Samoa,Vegetables,Losses,0.0,0.0,0.0,0.0,0.0,0.0,0.0,0.0,0.0,0.0,0.0,0.0,0.0,0.0,0.0,0.0,0.0,0.0
10234,Samoa,Vegetables,Seed,0.0,0.0,0.0,0.0,0.0,0.0,0.0,0.0,0.0,0.0,0.0,0.0,0.0,0.0,0.0,0.0,0.0,0.0
10235,Samoa,Vegetables,Domestic supply,2.0,2.0,2.0,2.0,2.0,2.0,3.0,3.0,3.0,3.0,4.0,3.0,5.0,5.0,4.0,4.0,4.0,4.0
10236,Samoa,Vegetables,Export,0.0,0.0,0.0,0.0,0.0,0.0,0.0,0.0,0.0,0.0,0.0,0.0,0.0,0.0,0.0,0.0,0.0,0.0
10237,Samoa,Vegetables,Import,1.0,1.0,1.0,1.0,1.0,1.0,1.0,1.0,1.0,2.0,2.0,1.0,4.0,4.0,3.0,3.0,3.0,3.0
10238,Samoa,Cereals - Excluding Beer,Production,0.0,0.0,0.0,0.0,0.0,0.0,0.0,0.0,0.0,0.0,0.0,0.0,0.0,0.0,0.0,0.0,0.0,0.0
10239,Samoa,Sugar & Sweeteners,Import,7.0,8.0,10.0,7.0,10.0,5.0,10.0,10.0,11.0,10.0,9.0,10.0,10.0,12.0,25.0,13.0,14.0,5.0
10240,Samoa,Sugar Crops,Losses,0.0,0.0,0.0,0.0,0.0,0.0,0.0,0.0,0.0,0.0,0.0,0.0,0.0,0.0,0.0,0.0,0.0,0.0
10241,Samoa,Meat,Production,5.0,5.0,5.0,5.0,5.0,5.0,5.0,5.0,5.0,5.0,5.0,5.0,5.0,5.0,5.0,5.0,5.0,5.0
10242,Samoa,Offals,Human Consumption,0.0,0.0,0.0,0.0,0.0,0.0,0.0,0.0,0.0,0.0,0.0,0.0,0.0,0.0,0.0,1.0,0.0,0.0
10243,Samoa,Offals,Losses,0.0,0.0,0.0,0.0,0.0,0.0,0.0,0.0,0.0,0.0,0.0,0.0,0.0,0.0,0.0,0.0,0.0,0.0
10244,Samoa,Offals,Domestic supply,0.0,0.0,0.0,0.0,0.0,0.0,0.0,0.0,0.0,0.0,0.0,0.0,0.0,0.0,1.0,1.0,1.0,0.0
10245,Samoa,Offals,Export,0.0,0.0,0.0,0.0,0.0,0.0,0.0,0.0,0.0,0.0,0.0,0.0,0.0,0.0,0.0,0.0,0.0,0.0
10246,Samoa,Offals,Import,0.0,0.0,0.0,0.0,0.0,0.0,0.0,0.0,0.0,0.0,0.0,0.0,0.0,0.0,0.0,0.0,0.0,0.0
10247,Samoa,Offals,Production,0.0,0.0,0.0,0.0,0.0,0.0,0.0,0.0,0.0,0.0,0.0,0.0,0.0,0.0,0.0,1.0,0.0,0.0
10248,Samoa,Meat,Import,9.0,10.0,9.0,10.0,9.0,12.0,11.0,13.0,12.0,12.0,13.0,14.0,17.0,17.0,20.0,15.0,23.0,20.0
10249,Samoa,Animal fats,Human Consumption,1.0,1.0,1.0,1.0,1.0,1.0,1.0,1.0,1.0,1.0,1.0,1.0,1.0,1.0,1.0,1.0,1.0,1.0
10250,Samoa,Animal fats,Losses,0.0,0.0,0.0,0.0,0.0,0.0,0.0,0.0,0.0,0.0,0.0,0.0,0.0,0.0,0.0,0.0,0.0,0.0
10251,Samoa,Animal fats,Feed,0.0,0.0,0.0,0.0,0.0,0.0,0.0,0.0,0.0,0.0,0.0,0.0,0.0,0.0,0.0,0.0,0.0,0.0
10252,Samoa,Animal fats,Domestic supply,2.0,2.0,1.0,2.0,3.0,3.0,3.0,3.0,2.0,1.0,1.0,1.0,1.0,1.0,1.0,1.0,1.0,1.0
10253,Samoa,Animal fats,Export,0.0,0.0,0.0,0.0,0.0,0.0,0.0,0.0,0.0,0.0,0.0,0.0,0.0,0.0,0.0,0.0,0.0,0.0
10254,Samoa,Animal fats,Stock Variation,0.0,0.0,0.0,0.0,0.0,0.0,0.0,0.0,0.0,0.0,0.0,0.0,-1.0,0.0,0.0,0.0,0.0,0.0
10255,Samoa,Animal fats,Import,2.0,2.0,1.0,1.0,2.0,3.0,3.0,3.0,1.0,1.0,1.0,1.0,1.0,1.0,1.0,1.0,1.0,1.0
10256,Samoa,Animal fats,Production,0.0,0.0,0.0,0.0,0.0,0.0,0.0,0.0,0.0,0.0,0.0,0.0,0.0,0.0,0.0,0.0,0.0,0.0
10257,Samoa,Animal fats,Other uses (non-food),1.0,1.0,0.0,0.0,1.0,1.0,2.0,2.0,1.0,0.0,0.0,0.0,0.0,0.0,0.0,0.0,0.0,0.0
10258,Samoa,Meat,Stock Variation,0.0,0.0,0.0,0.0,0.0,0.0,0.0,0.0,0.0,0.0,0.0,0.0,0.0,0.0,4.0,-1.0,5.0,2.0
10259,Samoa,Meat,Export,0.0,0.0,0.0,0.0,0.0,0.0,0.0,0.0,0.0,0.0,0.0,0.0,0.0,0.0,0.0,0.0,0.0,0.0
10260,Samoa,Meat,Domestic supply,14.0,15.0,15.0,15.0,14.0,17.0,16.0,18.0,17.0,17.0,18.0,19.0,23.0,22.0,22.0,21.0,23.0,22.0
10261,Samoa,Spices,Stock Variation,0.0,0.0,0.0,0.0,0.0,0.0,0.0,0.0,0.0,0.0,0.0,0.0,0.0,0.0,0.0,0.0,0.0,0.0
10262,Samoa,Spices,Import,0.0,0.0,0.0,0.0,0.0,0.0,0.0,0.0,0.0,0.0,0.0,0.0,0.0,0.0,0.0,0.0,0.0,0.0
10263,Samoa,Spices,Production,0.0,0.0,0.0,0.0,0.0,0.0,0.0,0.0,0.0,0.0,0.0,0.0,0.0,0.0,0.0,0.0,0.0,0.0
10264,Samoa,Alcoholic Beverages,Human Consumption,4.0,5.0,5.0,3.0,4.0,4.0,6.0,5.0,5.0,4.0,5.0,6.0,4.0,4.0,5.0,5.0,5.0,5.0
10265,Samoa,Alcoholic Beverages,Other uses (non-food),0.0,0.0,0.0,0.0,0.0,0.0,0.0,0.0,0.0,0.0,0.0,0.0,0.0,0.0,0.0,0.0,0.0,0.0
10266,Samoa,Alcoholic Beverages,Domestic supply,4.0,5.0,5.0,4.0,4.0,5.0,6.0,5.0,5.0,4.0,5.0,6.0,4.0,4.0,5.0,5.0,5.0,5.0
10267,Samoa,Alcoholic Beverages,Export,2.0,2.0,2.0,2.0,2.0,2.0,2.0,2.0,1.0,1.0,1.0,1.0,1.0,1.0,1.0,2.0,1.0,2.0
10268,Samoa,Alcoholic Beverages,Stock Variation,-2.0,0.0,0.0,0.0,0.0,0.0,0.0,0.0,0.0,0.0,0.0,0.0,0.0,0.0,0.0,0.0,1.0,-1.0
10269,Samoa,Alcoholic Beverages,Import,0.0,0.0,0.0,0.0,0.0,0.0,1.0,0.0,0.0,1.0,1.0,0.0,1.0,1.0,0.0,0.0,0.0,0.0
10270,Samoa,Alcoholic Beverages,Production,8.0,7.0,7.0,5.0,6.0,7.0,7.0,6.0,6.0,4.0,5.0,7.0,5.0,5.0,5.0,6.0,7.0,6.0
10271,Samoa,Miscellaneous,Human Consumption,0.0,0.0,0.0,0.0,0.0,0.0,0.0,0.0,0.0,0.0,0.0,0.0,0.0,0.0,2.0,2.0,2.0,3.0
10272,Samoa,Miscellaneous,Domestic supply,0.0,0.0,0.0,0.0,0.0,0.0,0.0,0.0,0.0,0.0,0.0,0.0,0.0,0.0,2.0,2.0,2.0,3.0
10273,Samoa,Miscellaneous,Export,0.0,0.0,0.0,0.0,0.0,0.0,0.0,0.0,0.0,0.0,0.0,0.0,0.0,0.0,0.0,0.0,0.0,0.0
10274,Samoa,Miscellaneous,Stock Variation,0.0,0.0,0.0,0.0,0.0,0.0,0.0,0.0,0.0,0.0,0.0,0.0,0.0,0.0,0.0,0.0,0.0,0.0
10275,Samoa,Miscellaneous,Import,0.0,0.0,0.0,0.0,0.0,0.0,0.0,0.0,0.0,0.0,0.0,0.0,0.0,0.0,2.0,2.0,2.0,3.0
10276,Samoa,Meat,Human Consumption,13.0,14.0,14.0,14.0,13.0,15.0,14.0,15.0,16.0,15.0,17.0,17.0,20.0,19.0,19.0,19.0,19.0,19.0
10277,Samoa,Meat,Other uses (non-food),1.0,1.0,1.0,1.0,1.0,2.0,3.0,3.0,2.0,1.0,2.0,2.0,3.0,3.0,0.0,0.0,0.0,0.0
10278,Samoa,Milk - Excluding Butter,Human Consumption,5.0,5.0,4.0,4.0,5.0,5.0,4.0,4.0,5.0,6.0,6.0,5.0,9.0,10.0,5.0,6.0,7.0,6.0
10279,Samoa,Milk - Excluding Butter,Other uses (non-food),0.0,0.0,0.0,0.0,0.0,1.0,0.0,0.0,0.0,0.0,0.0,0.0,0.0,0.0,0.0,0.0,0.0,0.0
10280,Samoa,Milk - Excluding Butter,Losses,0.0,0.0,0.0,0.0,0.0,0.0,0.0,0.0,0.0,0.0,0.0,0.0,0.0,0.0,0.0,0.0,0.0,0.0
10281,Samoa,Milk - Excluding Butter,Feed,0.0,0.0,0.0,0.0,0.0,0.0,0.0,0.0,0.0,0.0,0.0,0.0,0.0,0.0,2.0,2.0,2.0,2.0
10282,Samoa,"Fish, Seafood",Production,9.0,9.0,11.0,10.0,9.0,10.0,11.0,13.0,13.0,12.0,12.0,10.0,10.0,10.0,7.0,8.0,8.0,10.0
10283,Samoa,"Aquatic Products, Other",Human Consumption,0.0,0.0,0.0,0.0,0.0,0.0,1.0,1.0,0.0,0.0,0.0,0.0,0.0,0.0,0.0,0.0,0.0,0.0
10284,Samoa,"Aquatic Products, Other",Other uses (non-food),0.0,0.0,0.0,0.0,0.0,0.0,0.0,0.0,1.0,1.0,1.0,1.0,1.0,1.0,0.0,0.0,0.0,0.0
10285,Samoa,"Aquatic Products, Other",Domestic supply,0.0,0.0,0.0,0.0,1.0,0.0,1.0,1.0,1.0,1.0,1.0,1.0,1.0,1.0,1.0,1.0,1.0,1.0
10286,Samoa,Sugar Crops,Feed,0.0,0.0,0.0,0.0,0.0,0.0,0.0,0.0,0.0,0.0,0.0,0.0,0.0,0.0,0.0,0.0,0.0,0.0
10287,Samoa,"Aquatic Products, Other",Import,0.0,0.0,0.0,0.0,0.0,0.0,0.0,0.0,0.0,0.0,0.0,0.0,0.0,0.0,0.0,0.0,0.0,0.0
10288,Samoa,"Aquatic Products, Other",Production,0.0,0.0,0.0,0.0,1.0,0.0,1.0,1.0,1.0,1.0,1.0,1.0,1.0,1.0,1.0,1.0,1.0,1.0
10289,Samoa,Cereals - Excluding Beer,Human Consumption,13.0,13.0,13.0,13.0,13.0,12.0,12.0,12.0,13.0,12.0,12.0,13.0,13.0,13.0,11.0,12.0,12.0,12.0
10290,Samoa,Cereals - Excluding Beer,Other uses (non-food),2.0,2.0,2.0,2.0,2.0,2.0,2.0,2.0,2.0,5.0,2.0,2.0,2.0,2.0,0.0,0.0,0.0,0.0
10291,Samoa,Cereals - Excluding Beer,Processing,2.0,1.0,2.0,1.0,1.0,1.0,2.0,1.0,1.0,1.0,1.0,1.0,1.0,1.0,1.0,1.0,1.0,1.0
10292,Samoa,Cereals - Excluding Beer,Losses,0.0,0.0,0.0,0.0,0.0,0.0,0.0,0.0,0.0,0.0,0.0,0.0,0.0,0.0,0.0,0.0,0.0,0.0
10293,Samoa,Cereals - Excluding Beer,Feed,0.0,0.0,0.0,0.0,0.0,0.0,0.0,0.0,0.0,0.0,0.0,0.0,0.0,0.0,0.0,0.0,0.0,0.0
10294,Samoa,Cereals - Excluding Beer,Domestic supply,17.0,17.0,17.0,16.0,16.0,16.0,16.0,16.0,16.0,18.0,15.0,16.0,16.0,16.0,14.0,14.0,13.0,16.0
10295,Samoa,Cereals - Excluding Beer,Export,0.0,0.0,0.0,0.0,0.0,0.0,0.0,0.0,0.0,0.0,0.0,0.0,0.0,0.0,0.0,1.0,1.0,0.0
10296,Samoa,Cereals - Excluding Beer,Stock Variation,0.0,-1.0,-2.0,-1.0,1.0,-1.0,3.0,-1.0,2.0,-15.0,1.0,2.0,-1.0,-2.0,-1.0,-1.0,-2.0,1.0
10297,Samoa,Cereals - Excluding Beer,Import,17.0,18.0,18.0,17.0,16.0,16.0,13.0,17.0,14.0,33.0,14.0,14.0,17.0,19.0,13.0,13.0,13.0,17.0
10298,Samoa,Cereals - Excluding Beer,Production,0.0,0.0,0.0,0.0,0.0,0.0,0.0,0.0,0.0,0.0,0.0,0.0,0.0,0.0,0.0,0.0,0.0,0.0
10299,Samoa,"Fish, Seafood",Import,13.0,8.0,8.0,10.0,6.0,4.0,5.0,6.0,9.0,6.0,8.0,6.0,6.0,6.0,7.0,8.0,12.0,8.0
10300,Samoa,Spices,Export,0.0,0.0,0.0,0.0,0.0,0.0,0.0,0.0,0.0,0.0,0.0,0.0,0.0,0.0,0.0,0.0,0.0,0.0
10301,Samoa,"Fish, Seafood",Stock Variation,-3.0,0.0,1.0,-4.0,0.0,3.0,2.0,1.0,-1.0,1.0,-1.0,1.0,1.0,1.0,0.0,0.0,0.0,0.0
10302,Samoa,"Fish, Seafood",Domestic supply,16.0,15.0,18.0,15.0,13.0,15.0,16.0,17.0,16.0,16.0,14.0,15.0,15.0,15.0,13.0,10.0,11.0,10.0
10303,Samoa,Milk - Excluding Butter,Domestic supply,5.0,5.0,4.0,5.0,5.0,5.0,4.0,4.0,5.0,6.0,7.0,5.0,9.0,10.0,7.0,8.0,9.0,9.0
10304,Samoa,Milk - Excluding Butter,Export,0.0,0.0,0.0,0.0,0.0,0.0,0.0,0.0,0.0,0.0,0.0,0.0,0.0,0.0,0.0,0.0,0.0,0.0
10305,Samoa,Milk - Excluding Butter,Stock Variation,0.0,0.0,0.0,0.0,0.0,0.0,0.0,0.0,0.0,0.0,0.0,0.0,-2.0,-2.0,0.0,0.0,0.0,0.0
10306,Samoa,Milk - Excluding Butter,Import,4.0,3.0,3.0,3.0,4.0,4.0,2.0,3.0,3.0,5.0,5.0,3.0,10.0,10.0,5.0,6.0,8.0,7.0
10307,Samoa,Milk - Excluding Butter,Production,2.0,2.0,2.0,2.0,2.0,2.0,2.0,2.0,2.0,2.0,2.0,1.0,1.0,1.0,2.0,2.0,2.0,2.0
10308,Samoa,Eggs,Human Consumption,0.0,0.0,0.0,1.0,1.0,1.0,1.0,1.0,1.0,1.0,1.0,1.0,1.0,0.0,0.0,0.0,0.0,0.0
10309,Samoa,Eggs,Other uses (non-food),0.0,0.0,0.0,0.0,0.0,0.0,0.0,0.0,0.0,0.0,0.0,0.0,0.0,0.0,0.0,0.0,0.0,0.0
10310,Samoa,Eggs,Losses,0.0,0.0,0.0,0.0,0.0,0.0,0.0,0.0,0.0,0.0,0.0,0.0,0.0,0.0,0.0,0.0,0.0,0.0
10311,Samoa,Eggs,Seed,0.0,0.0,0.0,0.0,0.0,0.0,0.0,0.0,0.0,0.0,0.0,0.0,0.0,0.0,0.0,0.0,0.0,0.0
10312,Samoa,Eggs,Domestic supply,0.0,0.0,0.0,1.0,1.0,1.0,1.0,1.0,1.0,1.0,1.0,1.0,1.0,1.0,1.0,0.0,1.0,1.0
10313,Samoa,Eggs,Export,0.0,0.0,0.0,0.0,0.0,0.0,0.0,0.0,0.0,0.0,0.0,0.0,0.0,0.0,0.0,0.0,0.0,0.0
10314,Samoa,Eggs,Stock Variation,0.0,0.0,0.0,0.0,0.0,0.0,0.0,0.0,0.0,0.0,0.0,0.0,0.0,0.0,0.0,0.0,0.0,0.0
10315,Samoa,Eggs,Import,0.0,0.0,0.0,0.0,1.0,0.0,1.0,0.0,1.0,1.0,1.0,1.0,0.0,0.0,0.0,0.0,0.0,0.0
10316,Samoa,Eggs,Production,0.0,0.0,0.0,0.0,0.0,0.0,0.0,0.0,0.0,0.0,0.0,0.0,0.0,0.0,0.0,0.0,0.0,0.0
10317,Samoa,"Fish, Seafood",Human Consumption,10.0,10.0,9.0,9.0,9.0,9.0,8.0,8.0,9.0,9.0,9.0,8.0,8.0,8.0,9.0,9.0,9.0,9.0
10318,Samoa,"Fish, Seafood",Other uses (non-food),7.0,5.0,8.0,5.0,5.0,7.0,8.0,9.0,7.0,7.0,5.0,7.0,7.0,7.0,4.0,2.0,2.0,1.0
10319,Samoa,"Fish, Seafood",Feed,0.0,0.0,0.0,0.0,0.0,0.0,0.0,0.0,0.0,0.0,0.0,0.0,0.0,0.0,0.0,0.0,0.0,0.0
10320,Samoa,"Fish, Seafood",Export,2.0,2.0,2.0,1.0,2.0,2.0,2.0,3.0,4.0,4.0,5.0,2.0,2.0,2.0,2.0,6.0,9.0,8.0
10321,Samoa,Spices,Domestic supply,0.0,0.0,0.0,0.0,0.0,0.0,0.0,0.0,0.0,0.0,0.0,0.0,0.0,0.0,0.0,0.0,0.0,0.0
10322,Samoa,"Aquatic Products, Other",Export,0.0,0.0,0.0,0.0,0.0,0.0,0.0,0.0,0.0,0.0,0.0,0.0,0.0,0.0,0.0,0.0,0.0,0.0
10323,Samoa,Spices,Other uses (non-food),0.0,0.0,0.0,0.0,0.0,0.0,0.0,0.0,0.0,0.0,0.0,0.0,0.0,0.0,0.0,0.0,0.0,0.0
10324,Samoa,Oilcrops,Import,0.0,0.0,0.0,0.0,0.0,0.0,0.0,0.0,0.0,0.0,0.0,1.0,0.0,0.0,1.0,1.0,1.0,1.0
10325,Samoa,Oilcrops,Production,140.0,104.0,110.0,107.0,148.0,153.0,153.0,140.0,153.0,170.0,170.0,178.0,178.0,178.0,174.0,177.0,180.0,182.0
10326,Samoa,Treenuts,Human Consumption,0.0,0.0,0.0,0.0,0.0,0.0,0.0,0.0,0.0,0.0,0.0,0.0,0.0,0.0,0.0,0.0,0.0,0.0
10327,Samoa,Treenuts,Domestic supply,0.0,0.0,0.0,0.0,0.0,0.0,0.0,0.0,0.0,0.0,0.0,0.0,0.0,0.0,0.0,0.0,0.0,0.0
10328,Samoa,Treenuts,Export,0.0,0.0,0.0,0.0,0.0,0.0,0.0,0.0,0.0,0.0,0.0,0.0,0.0,0.0,0.0,0.0,0.0,0.0
10329,Samoa,Treenuts,Stock Variation,0.0,0.0,0.0,0.0,0.0,0.0,0.0,0.0,0.0,0.0,0.0,0.0,0.0,0.0,0.0,0.0,0.0,0.0
10330,Samoa,Treenuts,Import,0.0,0.0,0.0,0.0,0.0,0.0,0.0,0.0,0.0,0.0,0.0,0.0,0.0,0.0,0.0,0.0,0.0,0.0
10331,Samoa,Pulses,Human Consumption,0.0,0.0,0.0,0.0,0.0,0.0,0.0,0.0,0.0,0.0,0.0,0.0,0.0,0.0,0.0,0.0,0.0,0.0
10332,Samoa,Pulses,Feed,0.0,0.0,0.0,0.0,0.0,0.0,0.0,0.0,0.0,0.0,0.0,0.0,0.0,0.0,0.0,0.0,0.0,0.0
10333,Samoa,Pulses,Domestic supply,0.0,0.0,0.0,0.0,0.0,0.0,0.0,0.0,0.0,0.0,0.0,0.0,0.0,0.0,0.0,0.0,0.0,0.0
10334,Samoa,Pulses,Export,0.0,0.0,0.0,0.0,0.0,0.0,0.0,0.0,0.0,0.0,0.0,0.0,0.0,0.0,0.0,0.0,0.0,0.0
10335,Samoa,Pulses,Stock Variation,0.0,0.0,0.0,0.0,0.0,0.0,0.0,0.0,0.0,0.0,0.0,0.0,0.0,0.0,0.0,0.0,0.0,0.0
10336,Samoa,Pulses,Import,0.0,0.0,0.0,0.0,0.0,0.0,0.0,0.0,0.0,0.0,0.0,0.0,0.0,0.0,0.0,0.0,0.0,0.0
10337,Samoa,Sugar & Sweeteners,Human Consumption,5.0,4.0,4.0,5.0,5.0,6.0,6.0,6.0,7.0,5.0,5.0,6.0,6.0,6.0,7.0,7.0,7.0,7.0
10338,Samoa,Sugar & Sweeteners,Other uses (non-food),2.0,4.0,5.0,2.0,3.0,1.0,3.0,5.0,5.0,5.0,4.0,4.0,5.0,5.0,0.0,0.0,0.0,0.0
10339,Samoa,Sugar & Sweeteners,Processing,0.0,0.0,0.0,0.0,0.0,0.0,0.0,0.0,0.0,0.0,0.0,0.0,0.0,0.0,0.0,0.0,0.0,0.0
10340,Samoa,Sugar & Sweeteners,Losses,0.0,0.0,0.0,0.0,0.0,0.0,0.0,0.0,0.0,0.0,0.0,0.0,0.0,0.0,0.0,0.0,0.0,0.0
10341,Samoa,Oilcrops,Stock Variation,3.0,-3.0,2.0,-11.0,-11.0,-11.0,-5.0,-5.0,-6.0,-6.0,0.0,0.0,0.0,0.0,1.0,-16.0,1.0,0.0
10342,Samoa,Sugar & Sweeteners,Feed,0.0,0.0,0.0,0.0,0.0,0.0,0.0,0.0,0.0,0.0,0.0,0.0,0.0,0.0,0.0,0.0,0.0,0.0
10343,Samoa,Oilcrops,Export,25.0,15.0,23.0,9.0,7.0,8.0,7.0,7.0,9.0,9.0,8.0,9.0,12.0,11.0,1.0,12.0,5.0,2.0
10344,Samoa,Oilcrops,Feed,0.0,0.0,0.0,0.0,0.0,0.0,0.0,0.0,0.0,0.0,0.0,0.0,0.0,0.0,32.0,38.0,29.0,32.0
10345,Samoa,Spices,Losses,0.0,0.0,0.0,0.0,0.0,0.0,0.0,0.0,0.0,0.0,0.0,0.0,0.0,0.0,0.0,0.0,0.0,0.0
10346,Samoa,Sugar Crops,Domestic supply,0.0,0.0,0.0,0.0,0.0,0.0,0.0,0.0,0.0,0.0,0.0,0.0,0.0,0.0,0.0,0.0,0.0,0.0
10347,Samoa,Sugar Crops,Import,0.0,0.0,0.0,0.0,0.0,0.0,0.0,0.0,0.0,0.0,0.0,0.0,0.0,0.0,0.0,0.0,0.0,0.0
10348,Samoa,Sugar Crops,Production,0.0,0.0,0.0,0.0,0.0,0.0,0.0,0.0,0.0,0.0,0.0,0.0,0.0,0.0,0.0,0.0,0.0,0.0
10349,Samoa,Starchy Roots,Human Consumption,21.0,20.0,23.0,23.0,25.0,25.0,23.0,26.0,25.0,27.0,26.0,25.0,25.0,25.0,25.0,25.0,26.0,25.0
10350,Samoa,Starchy Roots,Other uses (non-food),0.0,0.0,0.0,0.0,0.0,0.0,0.0,0.0,0.0,0.0,0.0,0.0,0.0,0.0,0.0,0.0,0.0,0.0
10351,Samoa,Starchy Roots,Losses,0.0,0.0,0.0,0.0,0.0,0.0,0.0,0.0,0.0,0.0,0.0,0.0,0.0,0.0,5.0,7.0,6.0,5.0
10352,Samoa,Starchy Roots,Feed,1.0,1.0,1.0,1.0,1.0,1.0,1.0,1.0,1.0,1.0,1.0,1.0,1.0,1.0,2.0,2.0,3.0,2.0
10353,Samoa,Starchy Roots,Domestic supply,22.0,21.0,24.0,25.0,26.0,26.0,25.0,28.0,27.0,28.0,28.0,27.0,27.0,26.0,33.0,34.0,35.0,33.0
10354,Samoa,Starchy Roots,Export,0.0,0.0,0.0,0.0,1.0,0.0,0.0,0.0,0.0,0.0,0.0,0.0,1.0,1.0,1.0,2.0,2.0,3.0
10355,Samoa,Starchy Roots,Stock Variation,0.0,0.0,0.0,0.0,0.0,0.0,0.0,0.0,0.0,0.0,0.0,0.0,0.0,0.0,0.0,4.0,6.0,-1.0
10356,Samoa,Starchy Roots,Import,1.0,1.0,1.0,1.0,1.0,2.0,2.0,2.0,2.0,2.0,2.0,1.0,2.0,2.0,1.0,2.0,7.0,2.0
10357,Samoa,Starchy Roots,Production,21.0,20.0,23.0,24.0,25.0,25.0,24.0,26.0,25.0,26.0,26.0,26.0,26.0,26.0,33.0,38.0,36.0,33.0
10358,Samoa,Oilcrops,Human Consumption,26.0,28.0,26.0,29.0,31.0,30.0,31.0,31.0,33.0,33.0,33.0,33.0,33.0,33.0,33.0,33.0,34.0,34.0
10359,Samoa,Oilcrops,Other uses (non-food),24.0,4.0,9.0,4.0,44.0,48.0,48.0,36.0,41.0,57.0,57.0,64.0,61.0,62.0,0.0,0.0,0.0,0.0
10360,Samoa,Oilcrops,Processing,61.0,49.0,48.0,48.0,48.0,48.0,54.0,54.0,57.0,57.0,64.0,63.0,63.0,63.0,63.0,63.0,63.0,63.0
10361,Samoa,Oilcrops,Losses,7.0,5.0,5.0,5.0,7.0,8.0,8.0,7.0,8.0,9.0,9.0,9.0,9.0,9.0,10.0,10.0,10.0,9.0
10362,Samoa,Oilcrops,Domestic supply,119.0,86.0,89.0,87.0,131.0,135.0,141.0,129.0,139.0,156.0,162.0,170.0,166.0,167.0,172.0,181.0,176.0,180.0
10363,Samoa,Sugar & Sweeteners,Domestic supply,7.0,8.0,10.0,7.0,9.0,7.0,9.0,11.0,12.0,10.0,9.0,10.0,10.0,12.0,18.0,12.0,12.0,10.0
10364,Samoa,Sugar Crops,Human Consumption,0.0,0.0,0.0,0.0,0.0,0.0,0.0,0.0,0.0,0.0,0.0,0.0,0.0,0.0,0.0,0.0,0.0,0.0
10365,Samoa,Sugar & Sweeteners,Stock Variation,0.0,0.0,0.0,0.0,-1.0,1.0,-1.0,1.0,1.0,0.0,0.0,0.0,0.0,0.0,7.0,1.0,2.0,-4.0
10366,Samoa,Fruits - Excluding Wine,Losses,3.0,3.0,4.0,3.0,3.0,3.0,4.0,4.0,4.0,4.0,4.0,4.0,4.0,4.0,4.0,4.0,4.0,4.0
10367,Samoa,Fruits - Excluding Wine,Feed,3.0,3.0,3.0,3.0,3.0,3.0,3.0,3.0,3.0,4.0,4.0,4.0,4.0,3.0,3.0,3.0,3.0,4.0
10368,Samoa,Fruits - Excluding Wine,Domestic supply,39.0,41.0,44.0,39.0,41.0,41.0,45.0,45.0,47.0,48.0,48.0,46.0,49.0,50.0,48.0,46.0,47.0,47.0
10369,Samoa,Fruits - Excluding Wine,Export,3.0,2.0,2.0,3.0,4.0,5.0,1.0,1.0,1.0,1.0,1.0,1.0,1.0,1.0,1.0,2.0,2.0,3.0
10370,Samoa,Fruits - Excluding Wine,Stock Variation,0.0,0.0,0.0,0.0,0.0,0.0,0.0,0.0,0.0,0.0,0.0,0.0,0.0,0.0,1.0,1.0,0.0,1.0
10371,Samoa,Fruits - Excluding Wine,Import,0.0,1.0,1.0,1.0,2.0,1.0,1.0,1.0,1.0,1.0,1.0,1.0,3.0,4.0,2.0,2.0,2.0,2.0
10372,Samoa,Fruits - Excluding Wine,Production,42.0,43.0,45.0,41.0,43.0,45.0,45.0,45.0,46.0,48.0,48.0,46.0,46.0,47.0,47.0,46.0,47.0,48.0
10373,Samoa,Stimulants,Human Consumption,1.0,1.0,1.0,3.0,3.0,3.0,3.0,2.0,2.0,2.0,2.0,2.0,1.0,1.0,0.0,0.0,0.0,0.0
10374,Samoa,Stimulants,Other uses (non-food),0.0,0.0,0.0,0.0,0.0,0.0,0.0,0.0,0.0,0.0,0.0,0.0,0.0,0.0,0.0,0.0,0.0,0.0
10375,Samoa,Stimulants,Processing,0.0,0.0,0.0,0.0,0.0,0.0,0.0,0.0,0.0,0.0,0.0,0.0,0.0,0.0,0.0,0.0,0.0,0.0
10376,Samoa,Stimulants,Losses,0.0,0.0,0.0,0.0,0.0,0.0,0.0,0.0,0.0,0.0,0.0,0.0,0.0,0.0,0.0,0.0,0.0,0.0
10377,Samoa,Stimulants,Domestic supply,1.0,1.0,1.0,3.0,3.0,4.0,4.0,2.0,2.0,2.0,2.0,2.0,1.0,1.0,1.0,1.0,1.0,1.0
10378,Samoa,Stimulants,Export,0.0,0.0,0.0,0.0,0.0,0.0,0.0,0.0,0.0,0.0,0.0,0.0,0.0,0.0,0.0,0.0,0.0,0.0
10379,Samoa,Stimulants,Import,0.0,0.0,1.0,2.0,2.0,3.0,3.0,1.0,1.0,1.0,1.0,2.0,1.0,1.0,0.0,1.0,1.0,1.0
10380,Samoa,Stimulants,Production,1.0,1.0,1.0,1.0,1.0,1.0,1.0,1.0,1.0,1.0,0.0,0.0,0.0,0.0,0.0,0.0,0.0,0.0
10381,Samoa,Sugar & Sweeteners,Export,0.0,0.0,0.0,0.0,0.0,0.0,0.0,0.0,0.0,0.0,0.0,0.0,0.0,0.0,0.0,0.0,0.0,0.0
10382,Samoa,Spices,Human Consumption,0.0,0.0,0.0,0.0,0.0,0.0,0.0,0.0,0.0,0.0,0.0,0.0,0.0,0.0,0.0,0.0,0.0,0.0
10383,Samoa,Fruits - Excluding Wine,Processing,0.0,0.0,0.0,0.0,0.0,0.0,0.0,0.0,0.0,0.0,0.0,0.0,0.0,0.0,1.0,1.0,1.0,1.0
10384,Samoa,Fruits - Excluding Wine,Other uses (non-food),3.0,4.0,4.0,3.0,4.0,4.0,4.0,4.0,4.0,4.0,4.0,4.0,4.0,4.0,0.0,0.0,0.0,0.0
10385,Samoa,Stimulants,Stock Variation,0.0,0.0,0.0,0.0,0.0,0.0,0.0,0.0,0.0,0.0,0.0,0.0,0.0,0.0,0.0,0.0,0.0,0.0
10386,Samoa,Vegetables,Production,1.0,1.0,1.0,1.0,1.0,1.0,1.0,1.0,1.0,1.0,1.0,1.0,1.0,1.0,1.0,1.0,1.0,1.0
10387,Samoa,Fruits - Excluding Wine,Human Consumption,30.0,31.0,33.0,30.0,32.0,31.0,34.0,34.0,35.0,36.0,36.0,34.0,37.0,38.0,35.0,34.0,35.0,35.0
10388,Samoa,Sugar & Sweeteners,Import,7.0,8.0,10.0,7.0,10.0,5.0,10.0,10.0,11.0,10.0,9.0,10.0,10.0,12.0,25.0,13.0,14.0,5.0
10389,Samoa,Sugar & Sweeteners,Production,0.0,0.0,0.0,0.0,0.0,0.0,0.0,0.0,0.0,0.0,0.0,0.0,0.0,0.0,1.0,0.0,0.0,0.0
10390,Samoa,Vegetable Oils,Other uses (non-food),5.0,4.0,4.0,1.0,2.0,2.0,2.0,2.0,2.0,3.0,2.0,3.0,3.0,3.0,0.0,0.0,0.0,0.0
10391,Samoa,Vegetable Oils,Domestic supply,6.0,5.0,5.0,2.0,3.0,3.0,3.0,3.0,4.0,4.0,4.0,4.0,4.0,4.0,6.0,6.0,6.0,6.0
10392,Samoa,Vegetable Oils,Export,1.0,1.0,1.0,3.0,2.0,3.0,2.0,2.0,3.0,3.0,3.0,3.0,3.0,3.0,1.0,1.0,1.0,1.0
10393,Samoa,Vegetable Oils,Stock Variation,0.0,0.0,0.0,0.0,0.0,0.0,0.0,0.0,0.0,0.0,0.0,0.0,0.0,0.0,1.0,1.0,2.0,2.0
10394,Samoa,Vegetable Oils,Import,0.0,0.0,1.0,1.0,1.0,1.0,1.0,1.0,1.0,1.0,1.0,1.0,2.0,2.0,3.0,2.0,3.0,4.0
10395,Samoa,Vegetable Oils,Human Consumption,1.0,1.0,1.0,1.0,1.0,1.0,1.0,1.0,1.0,1.0,1.0,1.0,2.0,2.0,2.0,2.0,2.0,2.0
10396,Samoa,Vegetables,Human Consumption,2.0,2.0,2.0,2.0,2.0,2.0,2.0,2.0,3.0,3.0,3.0,2.0,5.0,5.0,3.0,4.0,4.0,4.0
10397,Samoa,Vegetables,Other uses (non-food),0.0,0.0,0.0,0.0,0.0,0.0,0.0,0.0,0.0,0.0,0.0,0.0,0.0,0.0,0.0,0.0,0.0,0.0
10398,Samoa,Vegetables,Losses,0.0,0.0,0.0,0.0,0.0,0.0,0.0,0.0,0.0,0.0,0.0,0.0,0.0,0.0,0.0,0.0,0.0,0.0
10399,Samoa,Vegetables,Seed,0.0,0.0,0.0,0.0,0.0,0.0,0.0,0.0,0.0,0.0,0.0,0.0,0.0,0.0,0.0,0.0,0.0,0.0
10400,Samoa,Vegetables,Domestic supply,2.0,2.0,2.0,2.0,2.0,2.0,3.0,3.0,3.0,3.0,4.0,3.0,5.0,5.0,4.0,4.0,4.0,4.0
10401,Samoa,Vegetables,Export,0.0,0.0,0.0,0.0,0.0,0.0,0.0,0.0,0.0,0.0,0.0,0.0,0.0,0.0,0.0,0.0,0.0,0.0
10402,Samoa,Vegetables,Stock Variation,0.0,0.0,0.0,0.0,0.0,0.0,0.0,0.0,0.0,0.0,0.0,0.0,0.0,0.0,0.0,0.0,0.0,0.0
10403,Samoa,Vegetable Oils,Production,6.0,5.0,5.0,5.0,5.0,5.0,5.0,5.0,5.0,5.0,5.0,5.0,5.0,5.0,5.0,5.0,5.0,5.0
10404,Samoa,Vegetables,Import,1.0,1.0,1.0,1.0,1.0,1.0,1.0,1.0,1.0,2.0,2.0,1.0,4.0,4.0,3.0,3.0,3.0,3.0
10405,Sao Tome and Principe,Vegetables,Human Consumption,6.0,6.0,6.0,7.0,8.0,8.0,8.0,10.0,10.0,12.0,12.0,3.0,3.0,3.0,3.0,3.0,2.0,2.0
10406,Sao Tome and Principe,Vegetable Oils,Production,2.0,3.0,3.0,3.0,3.0,3.0,4.0,4.0,4.0,4.0,4.0,4.0,5.0,7.0,4.0,5.0,5.0,5.0
10407,Sao Tome and Principe,Vegetable Oils,Import,1.0,1.0,0.0,2.0,2.0,2.0,2.0,3.0,2.0,3.0,2.0,2.0,3.0,3.0,3.0,3.0,3.0,4.0
10408,Sao Tome and Principe,Vegetable Oils,Stock Variation,-1.0,0.0,0.0,0.0,0.0,0.0,0.0,0.0,0.0,0.0,0.0,0.0,-1.0,-2.0,0.0,0.0,0.0,0.0
10409,Sao Tome and Principe,Vegetable Oils,Export,0.0,0.0,0.0,0.0,0.0,0.0,0.0,0.0,0.0,0.0,0.0,0.0,0.0,0.0,0.0,0.0,0.0,0.0
10410,Sao Tome and Principe,Sugar & Sweeteners,Import,2.0,3.0,3.0,3.0,4.0,4.0,6.0,6.0,2.0,7.0,2.0,3.0,2.0,4.0,7.0,6.0,7.0,7.0
10411,Sao Tome and Principe,Vegetable Oils,Other uses (non-food),2.0,2.0,2.0,4.0,4.0,4.0,5.0,5.0,5.0,5.0,5.0,4.0,5.0,5.0,5.0,6.0,5.0,6.0
10412,Sao Tome and Principe,Vegetable Oils,Human Consumption,1.0,1.0,1.0,1.0,1.0,1.0,1.0,1.0,2.0,2.0,2.0,2.0,2.0,2.0,2.0,2.0,2.0,2.0
10413,Sao Tome and Principe,Sugar & Sweeteners,Stock Variation,0.0,0.0,-1.0,0.0,-1.0,-1.0,-3.0,-3.0,2.0,-3.0,2.0,1.0,0.0,0.0,0.0,0.0,0.0,1.0
10414,Sao Tome and Principe,Sugar & Sweeteners,Export,0.0,0.0,0.0,0.0,0.0,0.0,0.0,0.0,0.0,0.0,0.0,0.0,0.0,0.0,0.0,0.0,0.0,0.0
10415,Sao Tome and Principe,Sugar & Sweeteners,Domestic supply,2.0,3.0,3.0,3.0,3.0,3.0,3.0,4.0,4.0,4.0,4.0,4.0,2.0,4.0,6.0,6.0,7.0,7.0
10416,Sao Tome and Principe,Sugar & Sweeteners,Feed,0.0,0.0,0.0,0.0,0.0,0.0,0.0,0.0,0.0,0.0,0.0,0.0,0.0,0.0,0.0,0.0,0.0,0.0
10417,Sao Tome and Principe,Vegetable Oils,Domestic supply,3.0,4.0,4.0,5.0,5.0,5.0,6.0,6.0,7.0,7.0,6.0,6.0,7.0,7.0,7.0,8.0,7.0,8.0
10418,Sao Tome and Principe,Vegetables,Losses,1.0,1.0,1.0,1.0,1.0,1.0,1.0,1.0,1.0,1.0,1.0,0.0,0.0,0.0,0.0,0.0,0.0,0.0
10419,Sao Tome and Principe,Fruits - Excluding Wine,Domestic supply,28.0,30.0,31.0,29.0,29.0,32.0,35.0,36.0,37.0,38.0,38.0,46.0,46.0,47.0,48.0,49.0,51.0,55.0
10420,Sao Tome and Principe,Vegetables,Export,0.0,0.0,0.0,0.0,0.0,0.0,0.0,0.0,0.0,0.0,0.0,0.0,0.0,0.0,0.0,0.0,0.0,0.0
10421,Sao Tome and Principe,Sugar & Sweeteners,Human Consumption,2.0,3.0,3.0,3.0,3.0,3.0,3.0,4.0,4.0,4.0,4.0,4.0,2.0,4.0,6.0,6.0,7.0,7.0
10422,Sao Tome and Principe,Stimulants,Export,4.0,3.0,3.0,3.0,3.0,3.0,3.0,2.0,2.0,3.0,2.0,2.0,2.0,3.0,3.0,3.0,3.0,4.0
10423,Sao Tome and Principe,Stimulants,Domestic supply,0.0,0.0,0.0,0.0,0.0,0.0,0.0,0.0,0.0,1.0,0.0,0.0,0.0,0.0,0.0,0.0,0.0,0.0
10424,Sao Tome and Principe,Stimulants,Losses,0.0,0.0,0.0,0.0,0.0,0.0,0.0,0.0,0.0,0.0,0.0,0.0,0.0,0.0,0.0,0.0,0.0,0.0
10425,Sao Tome and Principe,Stimulants,Human Consumption,0.0,0.0,0.0,0.0,0.0,0.0,0.0,0.0,0.0,1.0,0.0,0.0,0.0,0.0,0.0,0.0,0.0,0.0
10426,Sao Tome and Principe,Fruits - Excluding Wine,Production,28.0,30.0,31.0,29.0,28.0,32.0,35.0,35.0,37.0,37.0,37.0,44.0,45.0,46.0,47.0,48.0,50.0,53.0
10427,Sao Tome and Principe,Vegetables,Domestic supply,7.0,6.0,7.0,8.0,8.0,9.0,9.0,11.0,11.0,13.0,13.0,3.0,3.0,3.0,3.0,3.0,2.0,2.0
10428,Sao Tome and Principe,Fruits - Excluding Wine,Import,0.0,0.0,0.0,0.0,0.0,0.0,1.0,0.0,0.0,1.0,1.0,1.0,1.0,2.0,1.0,1.0,1.0,1.0
10429,Sao Tome and Principe,Fruits - Excluding Wine,Export,0.0,0.0,0.0,0.0,0.0,0.0,0.0,0.0,0.0,0.0,0.0,0.0,0.0,0.0,0.0,0.0,0.0,0.0
10430,Sao Tome and Principe,Fruits - Excluding Wine,Losses,5.0,6.0,6.0,5.0,5.0,6.0,7.0,7.0,7.0,7.0,7.0,8.0,9.0,5.0,8.0,8.0,8.0,8.0
10431,Sao Tome and Principe,Fruits - Excluding Wine,Human Consumption,23.0,24.0,25.0,23.0,24.0,26.0,29.0,29.0,30.0,31.0,31.0,37.0,37.0,43.0,41.0,42.0,44.0,46.0
10432,Sao Tome and Principe,Vegetables,Production,6.0,6.0,7.0,7.0,7.0,7.0,8.0,9.0,10.0,11.0,11.0,1.0,1.0,1.0,2.0,2.0,1.0,1.0
10433,Sao Tome and Principe,Vegetables,Import,0.0,0.0,0.0,1.0,2.0,2.0,1.0,2.0,1.0,2.0,2.0,2.0,2.0,2.0,1.0,1.0,1.0,1.0
10434,Sao Tome and Principe,Vegetables,Stock Variation,0.0,0.0,0.0,0.0,0.0,0.0,0.0,0.0,0.0,0.0,0.0,0.0,0.0,0.0,0.0,0.0,0.0,0.0
10435,Sao Tome and Principe,Fruits - Excluding Wine,Stock Variation,0.0,0.0,0.0,0.0,0.0,0.0,0.0,0.0,0.0,0.0,0.0,0.0,0.0,0.0,0.0,0.0,0.0,0.0
10436,Sao Tome and Principe,Pulses,Import,1.0,1.0,1.0,1.0,1.0,1.0,1.0,1.0,1.0,1.0,1.0,1.0,1.0,1.0,1.0,1.0,1.0,1.0
10437,Sao Tome and Principe,Oilcrops,Feed,0.0,0.0,0.0,0.0,0.0,0.0,0.0,0.0,0.0,0.0,0.0,0.0,0.0,0.0,11.0,8.0,8.0,8.0
10438,Sao Tome and Principe,Pulses,Export,0.0,0.0,0.0,0.0,0.0,0.0,0.0,0.0,0.0,0.0,0.0,0.0,0.0,0.0,0.0,0.0,0.0,0.0
10439,Sao Tome and Principe,Sugar Crops,Feed,0.0,0.0,0.0,0.0,0.0,0.0,0.0,0.0,0.0,0.0,0.0,0.0,0.0,0.0,0.0,0.0,0.0,0.0
10440,Sao Tome and Principe,Sugar Crops,Domestic supply,0.0,0.0,0.0,0.0,0.0,0.0,0.0,0.0,0.0,0.0,0.0,0.0,0.0,0.0,0.0,0.0,0.0,0.0
10441,Sao Tome and Principe,Sugar Crops,Import,0.0,0.0,0.0,0.0,0.0,0.0,0.0,0.0,0.0,0.0,0.0,0.0,0.0,0.0,0.0,0.0,0.0,0.0
10442,Sao Tome and Principe,Starchy Roots,Human Consumption,22.0,23.0,24.0,24.0,24.0,24.0,21.0,18.0,16.0,14.0,11.0,10.0,9.0,9.0,8.0,9.0,9.0,9.0
10443,Sao Tome and Principe,Starchy Roots,Losses,9.0,9.0,9.0,9.0,9.0,9.0,8.0,7.0,6.0,6.0,4.0,4.0,3.0,2.0,2.0,2.0,3.0,3.0
10444,Sao Tome and Principe,Starchy Roots,Seed,2.0,3.0,3.0,3.0,3.0,3.0,2.0,2.0,2.0,2.0,1.0,1.0,1.0,1.0,1.0,1.0,1.0,1.0
10445,Sao Tome and Principe,Starchy Roots,Feed,0.0,0.0,0.0,0.0,0.0,0.0,0.0,0.0,0.0,0.0,0.0,0.0,0.0,0.0,1.0,0.0,0.0,0.0
10446,Sao Tome and Principe,Starchy Roots,Domestic supply,33.0,35.0,36.0,35.0,36.0,36.0,32.0,28.0,25.0,21.0,17.0,14.0,13.0,12.0,11.0,12.0,13.0,14.0
10447,Sao Tome and Principe,Starchy Roots,Export,0.0,0.0,0.0,0.0,0.0,0.0,0.0,0.0,0.0,0.0,0.0,0.0,0.0,0.0,0.0,0.0,0.0,0.0
10448,Sao Tome and Principe,Starchy Roots,Stock Variation,0.0,0.0,0.0,0.0,0.0,0.0,0.0,0.0,0.0,0.0,0.0,0.0,0.0,0.0,0.0,-2.0,1.0,1.0
10449,Sao Tome and Principe,Starchy Roots,Import,0.0,0.0,0.0,0.0,0.0,0.0,0.0,0.0,0.0,0.0,0.0,0.0,0.0,0.0,1.0,0.0,0.0,0.0
10450,Sao Tome and Principe,Starchy Roots,Production,33.0,35.0,36.0,35.0,36.0,36.0,31.0,27.0,24.0,21.0,17.0,14.0,12.0,12.0,11.0,10.0,14.0,14.0
10451,Sao Tome and Principe,Oilcrops,Human Consumption,19.0,20.0,20.0,19.0,19.0,19.0,21.0,21.0,22.0,23.0,24.0,25.0,26.0,26.0,25.0,24.0,25.0,25.0
10452,Sao Tome and Principe,Oilcrops,Processing,2.0,2.0,2.0,3.0,3.0,3.0,3.0,3.0,3.0,5.0,5.0,5.0,9.0,23.0,19.0,21.0,21.0,21.0
10453,Sao Tome and Principe,Oilcrops,Losses,6.0,5.0,4.0,6.0,5.0,7.0,5.0,2.0,3.0,2.0,2.0,3.0,3.0,4.0,5.0,3.0,4.0,4.0
10454,Sao Tome and Principe,Stimulants,Stock Variation,0.0,0.0,0.0,0.0,0.0,1.0,1.0,-1.0,0.0,1.0,0.0,0.0,0.0,0.0,0.0,0.0,0.0,0.0
10455,Sao Tome and Principe,Oilcrops,Domestic supply,26.0,27.0,26.0,27.0,27.0,29.0,29.0,26.0,28.0,30.0,31.0,33.0,38.0,53.0,61.0,56.0,57.0,58.0
10456,Sao Tome and Principe,Pulses,Domestic supply,1.0,1.0,1.0,1.0,1.0,1.0,1.0,1.0,1.0,1.0,1.0,1.0,1.0,1.0,1.0,1.0,1.0,1.0
10457,Sao Tome and Principe,Pulses,Feed,0.0,0.0,0.0,0.0,0.0,0.0,0.0,0.0,0.0,0.0,0.0,0.0,0.0,0.0,0.0,0.0,0.0,0.0
10458,Sao Tome and Principe,Pulses,Losses,0.0,0.0,0.0,0.0,0.0,0.0,0.0,0.0,0.0,0.0,0.0,0.0,0.0,0.0,0.0,0.0,0.0,0.0
10459,Sao Tome and Principe,Pulses,Human Consumption,0.0,1.0,1.0,1.0,1.0,1.0,1.0,1.0,1.0,1.0,1.0,1.0,1.0,1.0,1.0,1.0,1.0,1.0
10460,Sao Tome and Principe,Treenuts,Import,0.0,0.0,0.0,0.0,0.0,0.0,0.0,0.0,0.0,0.0,0.0,0.0,0.0,0.0,0.0,0.0,0.0,0.0
10461,Sao Tome and Principe,Treenuts,Stock Variation,0.0,0.0,0.0,0.0,0.0,0.0,0.0,0.0,0.0,0.0,0.0,0.0,0.0,0.0,0.0,0.0,0.0,0.0
10462,Sao Tome and Principe,Pulses,Stock Variation,0.0,0.0,0.0,0.0,0.0,0.0,0.0,0.0,0.0,1.0,0.0,0.0,0.0,0.0,0.0,0.0,0.0,0.0
10463,Sao Tome and Principe,Treenuts,Export,0.0,0.0,0.0,0.0,0.0,0.0,0.0,0.0,0.0,0.0,0.0,0.0,0.0,0.0,0.0,0.0,0.0,0.0
10464,Sao Tome and Principe,Treenuts,Other uses (non-food),0.0,0.0,0.0,0.0,0.0,0.0,0.0,0.0,0.0,0.0,0.0,0.0,0.0,0.0,0.0,0.0,0.0,0.0
10465,Sao Tome and Principe,Treenuts,Human Consumption,0.0,0.0,0.0,0.0,0.0,0.0,0.0,0.0,0.0,0.0,0.0,0.0,0.0,0.0,0.0,0.0,0.0,0.0
10466,Sao Tome and Principe,Oilcrops,Production,26.0,27.0,26.0,27.0,27.0,29.0,29.0,26.0,28.0,32.0,33.0,35.0,39.0,55.0,63.0,58.0,60.0,61.0
10467,Sao Tome and Principe,Oilcrops,Import,0.0,0.0,0.0,0.0,0.0,0.0,0.0,0.0,0.0,0.0,0.0,0.0,0.0,0.0,0.0,0.0,0.0,0.0
10468,Sao Tome and Principe,Oilcrops,Stock Variation,1.0,1.0,1.0,1.0,1.0,1.0,1.0,1.0,0.0,0.0,0.0,0.0,0.0,0.0,-1.0,0.0,0.0,0.0
10469,Sao Tome and Principe,Oilcrops,Export,1.0,1.0,1.0,0.0,0.0,0.0,0.0,0.0,0.0,2.0,2.0,2.0,2.0,3.0,3.0,3.0,3.0,3.0
10470,Sao Tome and Principe,Treenuts,Domestic supply,0.0,0.0,0.0,0.0,0.0,0.0,0.0,0.0,0.0,0.0,0.0,0.0,0.0,0.0,0.0,0.0,0.0,0.0
10471,Sao Tome and Principe,Stimulants,Import,0.0,0.0,0.0,0.0,0.0,0.0,0.0,0.0,0.0,0.0,0.0,0.0,0.0,0.0,0.0,0.0,0.0,0.0
10472,Sao Tome and Principe,Meat,Domestic supply,1.0,1.0,1.0,2.0,2.0,2.0,2.0,2.0,2.0,3.0,4.0,3.0,3.0,3.0,3.0,3.0,3.0,3.0
10473,Sao Tome and Principe,Spices,Human Consumption,0.0,0.0,0.0,0.0,0.0,0.0,0.0,0.0,0.0,0.0,0.0,0.0,0.0,0.0,0.0,0.0,0.0,0.0
10474,Sao Tome and Principe,Animal fats,Production,0.0,0.0,0.0,0.0,0.0,0.0,0.0,0.0,0.0,0.0,0.0,0.0,0.0,0.0,0.0,0.0,0.0,0.0
10475,Sao Tome and Principe,Milk - Excluding Butter,Human Consumption,2.0,2.0,2.0,4.0,4.0,4.0,5.0,5.0,4.0,5.0,3.0,4.0,5.0,4.0,2.0,1.0,1.0,1.0
10476,Sao Tome and Principe,Milk - Excluding Butter,Domestic supply,2.0,2.0,2.0,4.0,4.0,4.0,5.0,5.0,4.0,5.0,3.0,4.0,5.0,4.0,2.0,2.0,2.0,2.0
10477,Sao Tome and Principe,Milk - Excluding Butter,Export,0.0,0.0,0.0,0.0,0.0,0.0,0.0,0.0,0.0,1.0,1.0,1.0,0.0,0.0,0.0,0.0,0.0,0.0
10478,Sao Tome and Principe,Milk - Excluding Butter,Stock Variation,0.0,0.0,0.0,-1.0,-2.0,0.0,-1.0,-2.0,0.0,1.0,2.0,2.0,0.0,0.0,0.0,0.0,0.0,0.0
10479,Sao Tome and Principe,Milk - Excluding Butter,Import,2.0,2.0,2.0,4.0,6.0,4.0,6.0,6.0,4.0,4.0,2.0,2.0,4.0,4.0,1.0,1.0,2.0,2.0
10480,Sao Tome and Principe,Milk - Excluding Butter,Production,0.0,0.0,0.0,0.0,0.0,0.0,0.0,0.0,0.0,0.0,0.0,0.0,0.0,0.0,0.0,0.0,0.0,0.0
10481,Sao Tome and Principe,Eggs,Human Consumption,0.0,0.0,0.0,0.0,0.0,0.0,0.0,0.0,1.0,1.0,1.0,1.0,1.0,1.0,1.0,0.0,0.0,0.0
10482,Sao Tome and Principe,Eggs,Losses,0.0,0.0,0.0,0.0,0.0,0.0,0.0,0.0,0.0,0.0,0.0,0.0,0.0,0.0,0.0,0.0,0.0,0.0
10483,Sao Tome and Principe,Eggs,Seed,0.0,0.0,0.0,0.0,0.0,0.0,0.0,0.0,0.0,0.0,0.0,0.0,0.0,0.0,0.0,0.0,0.0,0.0
10484,Sao Tome and Principe,Eggs,Domestic supply,0.0,0.0,0.0,0.0,1.0,1.0,1.0,1.0,1.0,1.0,1.0,1.0,1.0,1.0,1.0,0.0,0.0,0.0
10485,Sao Tome and Principe,Eggs,Import,0.0,0.0,0.0,0.0,0.0,0.0,0.0,0.0,0.0,0.0,0.0,0.0,0.0,0.0,0.0,0.0,0.0,0.0
10486,Sao Tome and Principe,Eggs,Production,0.0,0.0,0.0,0.0,0.0,0.0,0.0,0.0,1.0,1.0,1.0,1.0,1.0,1.0,1.0,0.0,0.0,0.0
10487,Sao Tome and Principe,"Fish, Seafood",Human Consumption,4.0,3.0,4.0,4.0,4.0,4.0,4.0,4.0,5.0,5.0,5.0,5.0,5.0,5.0,6.0,6.0,6.0,6.0
10488,Sao Tome and Principe,Animal fats,Import,0.0,0.0,0.0,0.0,0.0,0.0,0.0,0.0,0.0,0.0,0.0,0.0,0.0,0.0,0.0,0.0,0.0,0.0
10489,Sao Tome and Principe,"Fish, Seafood",Other uses (non-food),0.0,0.0,0.0,0.0,0.0,0.0,0.0,0.0,0.0,0.0,0.0,0.0,0.0,0.0,0.0,0.0,0.0,0.0
10490,Sao Tome and Principe,"Fish, Seafood",Domestic supply,4.0,3.0,4.0,4.0,4.0,4.0,4.0,4.0,5.0,5.0,5.0,5.0,5.0,5.0,6.0,6.0,6.0,6.0
10491,Sao Tome and Principe,"Fish, Seafood",Export,0.0,0.0,0.0,0.0,0.0,0.0,0.0,0.0,0.0,0.0,0.0,0.0,0.0,0.0,0.0,0.0,0.0,0.0
10492,Sao Tome and Principe,"Fish, Seafood",Stock Variation,0.0,0.0,0.0,0.0,0.0,0.0,0.0,0.0,0.0,0.0,0.0,0.0,0.0,0.0,0.0,0.0,0.0,0.0
10493,Sao Tome and Principe,"Fish, Seafood",Import,0.0,0.0,0.0,0.0,0.0,0.0,0.0,0.0,0.0,0.0,0.0,0.0,0.0,0.0,0.0,0.0,0.0,0.0
10494,Sao Tome and Principe,"Fish, Seafood",Production,4.0,4.0,4.0,4.0,4.0,4.0,4.0,4.0,5.0,5.0,5.0,5.0,5.0,5.0,6.0,6.0,6.0,6.0
10495,Sao Tome and Principe,Cereals - Excluding Beer,Human Consumption,14.0,14.0,13.0,14.0,15.0,16.0,16.0,17.0,17.0,17.0,17.0,17.0,20.0,20.0,17.0,18.0,18.0,19.0
10496,Sao Tome and Principe,Cereals - Excluding Beer,Losses,0.0,1.0,1.0,0.0,1.0,1.0,1.0,1.0,1.0,1.0,1.0,0.0,1.0,1.0,0.0,0.0,0.0,0.0
10497,Sao Tome and Principe,Cereals - Excluding Beer,Seed,0.0,0.0,0.0,0.0,0.0,0.0,0.0,0.0,0.0,0.0,0.0,0.0,0.0,0.0,0.0,0.0,0.0,0.0
10498,Sao Tome and Principe,Cereals - Excluding Beer,Feed,0.0,0.0,0.0,0.0,0.0,0.0,0.0,0.0,0.0,0.0,0.0,0.0,0.0,0.0,0.0,0.0,0.0,0.0
10499,Sao Tome and Principe,Cereals - Excluding Beer,Domestic supply,14.0,14.0,14.0,15.0,16.0,17.0,17.0,18.0,18.0,18.0,18.0,18.0,21.0,21.0,17.0,18.0,18.0,19.0
10500,Sao Tome and Principe,Cereals - Excluding Beer,Export,0.0,0.0,0.0,0.0,0.0,0.0,0.0,0.0,0.0,0.0,0.0,0.0,0.0,0.0,0.0,0.0,0.0,0.0
10501,Sao Tome and Principe,Cereals - Excluding Beer,Stock Variation,0.0,-2.0,-4.0,0.0,1.0,-2.0,-1.0,-3.0,-3.0,-5.0,-3.0,-2.0,-2.0,0.0,1.0,3.0,3.0,2.0
10502,Sao Tome and Principe,Cereals - Excluding Beer,Import,12.0,14.0,15.0,12.0,12.0,16.0,15.0,18.0,18.0,21.0,19.0,18.0,22.0,20.0,18.0,21.0,21.0,20.0
10503,Sao Tome and Principe,Cereals - Excluding Beer,Production,2.0,3.0,3.0,3.0,3.0,3.0,3.0,3.0,3.0,2.0,2.0,1.0,1.0,1.0,1.0,1.0,1.0,1.0
10504,Sao Tome and Principe,"Fish, Seafood",Feed,0.0,0.0,0.0,0.0,0.0,0.0,0.0,0.0,0.0,0.0,0.0,0.0,0.0,0.0,0.0,0.0,0.0,0.0
10505,Sao Tome and Principe,Animal fats,Stock Variation,0.0,0.0,0.0,0.0,0.0,0.0,0.0,0.0,0.0,0.0,0.0,0.0,0.0,0.0,0.0,0.0,0.0,0.0
10506,Sao Tome and Principe,Animal fats,Export,0.0,0.0,0.0,0.0,0.0,0.0,0.0,0.0,0.0,0.0,0.0,0.0,0.0,0.0,0.0,0.0,0.0,0.0
10507,Sao Tome and Principe,Animal fats,Domestic supply,0.0,0.0,0.0,0.0,0.0,0.0,0.0,0.0,0.0,0.0,0.0,0.0,0.0,0.0,0.0,0.0,0.0,0.0
10508,Sao Tome and Principe,Spices,Domestic supply,0.0,0.0,0.0,0.0,0.0,0.0,0.0,0.0,0.0,0.0,0.0,0.0,0.0,0.0,0.0,0.0,0.0,0.0
10509,Sao Tome and Principe,Spices,Export,0.0,0.0,0.0,0.0,0.0,0.0,0.0,0.0,0.0,0.0,0.0,0.0,0.0,0.0,0.0,0.0,0.0,0.0
10510,Sao Tome and Principe,Spices,Stock Variation,0.0,0.0,0.0,0.0,0.0,0.0,0.0,0.0,0.0,0.0,0.0,0.0,0.0,0.0,0.0,0.0,0.0,0.0
10511,Sao Tome and Principe,Spices,Import,0.0,0.0,0.0,0.0,0.0,0.0,0.0,0.0,0.0,0.0,0.0,0.0,0.0,0.0,0.0,0.0,0.0,0.0
10512,Sao Tome and Principe,Spices,Production,0.0,0.0,0.0,0.0,0.0,0.0,0.0,0.0,0.0,0.0,0.0,0.0,0.0,0.0,0.0,0.0,0.0,0.0
10513,Sao Tome and Principe,Alcoholic Beverages,Human Consumption,4.0,5.0,5.0,5.0,5.0,5.0,5.0,5.0,5.0,5.0,6.0,6.0,5.0,7.0,6.0,5.0,5.0,4.0
10514,Sao Tome and Principe,Alcoholic Beverages,Other uses (non-food),0.0,0.0,0.0,0.0,0.0,0.0,0.0,0.0,0.0,0.0,0.0,0.0,0.0,0.0,0.0,0.0,0.0,0.0
10515,Sao Tome and Principe,Alcoholic Beverages,Domestic supply,4.0,5.0,5.0,5.0,5.0,5.0,5.0,5.0,5.0,5.0,6.0,6.0,5.0,7.0,6.0,5.0,5.0,4.0
10516,Sao Tome and Principe,Alcoholic Beverages,Export,0.0,0.0,0.0,0.0,0.0,0.0,0.0,0.0,0.0,0.0,0.0,0.0,0.0,0.0,0.0,0.0,0.0,0.0
10517,Sao Tome and Principe,Alcoholic Beverages,Stock Variation,1.0,-1.0,-1.0,0.0,0.0,1.0,-1.0,-1.0,2.0,3.0,1.0,0.0,0.0,0.0,0.0,0.0,0.0,0.0
10518,Sao Tome and Principe,Alcoholic Beverages,Import,4.0,5.0,7.0,6.0,5.0,5.0,6.0,6.0,4.0,3.0,5.0,5.0,5.0,7.0,6.0,5.0,5.0,4.0
10519,Sao Tome and Principe,Miscellaneous,Human Consumption,0.0,0.0,0.0,0.0,0.0,0.0,0.0,0.0,0.0,0.0,0.0,0.0,0.0,0.0,2.0,1.0,1.0,1.0
10520,Sao Tome and Principe,Miscellaneous,Domestic supply,0.0,0.0,0.0,0.0,0.0,0.0,0.0,0.0,0.0,0.0,0.0,0.0,0.0,0.0,2.0,1.0,1.0,1.0
10521,Sao Tome and Principe,Miscellaneous,Export,0.0,0.0,0.0,0.0,0.0,0.0,0.0,0.0,0.0,0.0,0.0,0.0,0.0,0.0,0.0,0.0,0.0,0.0
10522,Sao Tome and Principe,Miscellaneous,Stock Variation,0.0,0.0,0.0,0.0,0.0,0.0,0.0,0.0,0.0,0.0,0.0,0.0,0.0,0.0,0.0,0.0,0.0,0.0
10523,Sao Tome and Principe,Miscellaneous,Import,0.0,0.0,0.0,0.0,0.0,0.0,0.0,0.0,0.0,0.0,0.0,0.0,0.0,0.0,2.0,1.0,1.0,1.0
10524,Sao Tome and Principe,Meat,Human Consumption,1.0,1.0,1.0,2.0,2.0,2.0,2.0,2.0,2.0,3.0,4.0,3.0,3.0,3.0,3.0,3.0,3.0,3.0
10525,Sao Tome and Principe,Animal fats,Feed,0.0,0.0,0.0,0.0,0.0,0.0,0.0,0.0,0.0,0.0,0.0,0.0,0.0,0.0,0.0,0.0,0.0,0.0
10526,Sao Tome and Principe,Animal fats,Losses,0.0,0.0,0.0,0.0,0.0,0.0,0.0,0.0,0.0,0.0,0.0,0.0,0.0,0.0,0.0,0.0,0.0,0.0
10527,Sao Tome and Principe,Animal fats,Other uses (non-food),0.0,0.0,0.0,0.0,0.0,0.0,0.0,0.0,0.0,0.0,0.0,0.0,0.0,0.0,0.0,0.0,0.0,0.0
10528,Sao Tome and Principe,Animal fats,Human Consumption,0.0,0.0,0.0,0.0,0.0,0.0,0.0,0.0,0.0,0.0,0.0,0.0,0.0,0.0,0.0,0.0,0.0,0.0
10529,Sao Tome and Principe,Offals,Production,0.0,0.0,0.0,0.0,0.0,0.0,0.0,0.0,0.0,0.0,0.0,0.0,0.0,0.0,0.0,0.0,0.0,0.0
10530,Sao Tome and Principe,Offals,Import,0.0,0.0,0.0,0.0,0.0,0.0,0.0,0.0,0.0,0.0,0.0,0.0,0.0,0.0,0.0,0.0,0.0,0.0
10531,Sao Tome and Principe,Stimulants,Production,3.0,4.0,3.0,4.0,3.0,2.0,2.0,3.0,2.0,3.0,3.0,2.0,2.0,3.0,3.0,3.0,3.0,4.0
10532,Sao Tome and Principe,Offals,Domestic supply,0.0,0.0,0.0,0.0,0.0,0.0,0.0,0.0,0.0,0.0,0.0,0.0,0.0,0.0,0.0,0.0,0.0,0.0
10533,Sao Tome and Principe,Offals,Losses,0.0,0.0,0.0,0.0,0.0,0.0,0.0,0.0,0.0,0.0,0.0,0.0,0.0,0.0,0.0,0.0,0.0,0.0
10534,Sao Tome and Principe,Offals,Human Consumption,0.0,0.0,0.0,0.0,0.0,0.0,0.0,0.0,0.0,0.0,0.0,0.0,0.0,0.0,0.0,0.0,0.0,0.0
10535,Sao Tome and Principe,Meat,Production,1.0,1.0,1.0,1.0,1.0,1.0,1.0,1.0,1.0,1.0,1.0,1.0,1.0,1.0,1.0,1.0,1.0,2.0
10536,Sao Tome and Principe,Meat,Import,0.0,0.0,1.0,1.0,1.0,1.0,1.0,1.0,1.0,2.0,2.0,2.0,2.0,2.0,3.0,3.0,3.0,2.0
10537,Sao Tome and Principe,Meat,Stock Variation,0.0,0.0,0.0,0.0,0.0,0.0,0.0,0.0,0.0,0.0,0.0,0.0,0.0,0.0,1.0,1.0,1.0,1.0
10538,Sao Tome and Principe,Meat,Export,0.0,0.0,0.0,0.0,0.0,0.0,0.0,0.0,0.0,0.0,0.0,0.0,0.0,0.0,0.0,0.0,0.0,0.0
10539,Sao Tome and Principe,Offals,Feed,0.0,0.0,0.0,0.0,0.0,0.0,0.0,0.0,0.0,0.0,0.0,0.0,0.0,0.0,0.0,0.0,0.0,0.0
10540,Sao Tome and Principe,Milk - Excluding Butter,Feed,0.0,0.0,0.0,0.0,0.0,0.0,0.0,0.0,0.0,0.0,0.0,0.0,0.0,0.0,0.0,0.0,1.0,1.0
10541,Sao Tome and Principe,Cereals - Excluding Beer,Production,2.0,3.0,3.0,3.0,3.0,3.0,3.0,3.0,3.0,2.0,2.0,1.0,1.0,1.0,1.0,1.0,1.0,1.0
10542,Sao Tome and Principe,Oilcrops,Domestic supply,26.0,27.0,26.0,27.0,27.0,29.0,29.0,26.0,28.0,30.0,31.0,33.0,38.0,53.0,61.0,56.0,57.0,58.0
10543,Sao Tome and Principe,Sugar & Sweeteners,Feed,0.0,0.0,0.0,0.0,0.0,0.0,0.0,0.0,0.0,0.0,0.0,0.0,0.0,0.0,0.0,0.0,0.0,0.0
10544,Sao Tome and Principe,Sugar & Sweeteners,Domestic supply,2.0,3.0,3.0,3.0,3.0,3.0,3.0,4.0,4.0,4.0,4.0,4.0,2.0,4.0,6.0,6.0,7.0,7.0
10545,Sao Tome and Principe,Sugar & Sweeteners,Export,0.0,0.0,0.0,0.0,0.0,0.0,0.0,0.0,0.0,0.0,0.0,0.0,0.0,0.0,0.0,0.0,0.0,0.0
10546,Sao Tome and Principe,Sugar & Sweeteners,Stock Variation,0.0,0.0,-1.0,0.0,-1.0,-1.0,-3.0,-3.0,2.0,-3.0,2.0,1.0,0.0,0.0,0.0,0.0,0.0,1.0
10547,Sao Tome and Principe,Sugar & Sweeteners,Import,2.0,3.0,3.0,3.0,4.0,4.0,6.0,6.0,2.0,7.0,2.0,3.0,2.0,4.0,7.0,6.0,7.0,7.0
10548,Sao Tome and Principe,Vegetable Oils,Human Consumption,1.0,1.0,1.0,1.0,1.0,1.0,1.0,1.0,2.0,2.0,2.0,2.0,2.0,2.0,2.0,2.0,2.0,2.0
10549,Sao Tome and Principe,Vegetable Oils,Other uses (non-food),2.0,2.0,2.0,4.0,4.0,4.0,5.0,5.0,5.0,5.0,5.0,4.0,5.0,5.0,5.0,6.0,5.0,6.0
10550,Sao Tome and Principe,Vegetable Oils,Domestic supply,3.0,4.0,4.0,5.0,5.0,5.0,6.0,6.0,7.0,7.0,6.0,6.0,7.0,7.0,7.0,8.0,7.0,8.0
10551,Sao Tome and Principe,Vegetable Oils,Stock Variation,-1.0,0.0,0.0,0.0,0.0,0.0,0.0,0.0,0.0,0.0,0.0,0.0,-1.0,-2.0,0.0,0.0,0.0,0.0
10552,Sao Tome and Principe,Vegetable Oils,Import,1.0,1.0,0.0,2.0,2.0,2.0,2.0,3.0,2.0,3.0,2.0,2.0,3.0,3.0,3.0,3.0,3.0,4.0
10553,Sao Tome and Principe,Vegetable Oils,Production,2.0,3.0,3.0,3.0,3.0,3.0,4.0,4.0,4.0,4.0,4.0,4.0,5.0,7.0,4.0,5.0,5.0,5.0
10554,Sao Tome and Principe,Vegetables,Human Consumption,6.0,6.0,6.0,7.0,8.0,8.0,8.0,10.0,10.0,12.0,12.0,3.0,3.0,3.0,3.0,3.0,2.0,2.0
10555,Sao Tome and Principe,Vegetables,Losses,1.0,1.0,1.0,1.0,1.0,1.0,1.0,1.0,1.0,1.0,1.0,0.0,0.0,0.0,0.0,0.0,0.0,0.0
10556,Sao Tome and Principe,Vegetables,Domestic supply,7.0,6.0,7.0,8.0,8.0,9.0,9.0,11.0,11.0,13.0,13.0,3.0,3.0,3.0,3.0,3.0,2.0,2.0
10557,Sao Tome and Principe,Sugar & Sweeteners,Human Consumption,2.0,3.0,3.0,3.0,3.0,3.0,3.0,4.0,4.0,4.0,4.0,4.0,2.0,4.0,6.0,6.0,7.0,7.0
10558,Sao Tome and Principe,Vegetables,Export,0.0,0.0,0.0,0.0,0.0,0.0,0.0,0.0,0.0,0.0,0.0,0.0,0.0,0.0,0.0,0.0,0.0,0.0
10559,Sao Tome and Principe,Vegetables,Import,0.0,0.0,0.0,1.0,2.0,2.0,1.0,2.0,1.0,2.0,2.0,2.0,2.0,2.0,1.0,1.0,1.0,1.0
10560,Sao Tome and Principe,Vegetables,Production,6.0,6.0,7.0,7.0,7.0,7.0,8.0,9.0,10.0,11.0,11.0,1.0,1.0,1.0,2.0,2.0,1.0,1.0
10561,Sao Tome and Principe,Fruits - Excluding Wine,Human Consumption,23.0,24.0,25.0,23.0,24.0,26.0,29.0,29.0,30.0,31.0,31.0,37.0,37.0,43.0,41.0,42.0,44.0,46.0
10562,Sao Tome and Principe,Fruits - Excluding Wine,Losses,5.0,6.0,6.0,5.0,5.0,6.0,7.0,7.0,7.0,7.0,7.0,8.0,9.0,5.0,8.0,8.0,8.0,8.0
10563,Sao Tome and Principe,Fruits - Excluding Wine,Domestic supply,28.0,30.0,31.0,29.0,29.0,32.0,35.0,36.0,37.0,38.0,38.0,46.0,46.0,47.0,48.0,49.0,51.0,55.0
10564,Sao Tome and Principe,Fruits - Excluding Wine,Export,0.0,0.0,0.0,0.0,0.0,0.0,0.0,0.0,0.0,0.0,0.0,0.0,0.0,0.0,0.0,0.0,0.0,0.0
10565,Sao Tome and Principe,Fruits - Excluding Wine,Stock Variation,0.0,0.0,0.0,0.0,0.0,0.0,0.0,0.0,0.0,0.0,0.0,0.0,0.0,0.0,0.0,0.0,0.0,0.0
10566,Sao Tome and Principe,Fruits - Excluding Wine,Import,0.0,0.0,0.0,0.0,0.0,0.0,1.0,0.0,0.0,1.0,1.0,1.0,1.0,2.0,1.0,1.0,1.0,1.0
10567,Sao Tome and Principe,Fruits - Excluding Wine,Production,28.0,30.0,31.0,29.0,28.0,32.0,35.0,35.0,37.0,37.0,37.0,44.0,45.0,46.0,47.0,48.0,50.0,53.0
10568,Sao Tome and Principe,Stimulants,Human Consumption,0.0,0.0,0.0,0.0,0.0,0.0,0.0,0.0,0.0,1.0,0.0,0.0,0.0,0.0,0.0,0.0,0.0,0.0
10569,Sao Tome and Principe,Stimulants,Losses,0.0,0.0,0.0,0.0,0.0,0.0,0.0,0.0,0.0,0.0,0.0,0.0,0.0,0.0,0.0,0.0,0.0,0.0
10570,Sao Tome and Principe,Stimulants,Domestic supply,0.0,0.0,0.0,0.0,0.0,0.0,0.0,0.0,0.0,1.0,0.0,0.0,0.0,0.0,0.0,0.0,0.0,0.0
10571,Sao Tome and Principe,Stimulants,Export,4.0,3.0,3.0,3.0,3.0,3.0,3.0,2.0,2.0,3.0,2.0,2.0,2.0,3.0,3.0,3.0,3.0,4.0
10572,Sao Tome and Principe,Stimulants,Stock Variation,0.0,0.0,0.0,0.0,0.0,1.0,1.0,-1.0,0.0,1.0,0.0,0.0,0.0,0.0,0.0,0.0,0.0,0.0
10573,Sao Tome and Principe,Vegetables,Stock Variation,0.0,0.0,0.0,0.0,0.0,0.0,0.0,0.0,0.0,0.0,0.0,0.0,0.0,0.0,0.0,0.0,0.0,0.0
10574,Sao Tome and Principe,Stimulants,Import,0.0,0.0,0.0,0.0,0.0,0.0,0.0,0.0,0.0,0.0,0.0,0.0,0.0,0.0,0.0,0.0,0.0,0.0
10575,Sao Tome and Principe,Pulses,Import,1.0,1.0,1.0,1.0,1.0,1.0,1.0,1.0,1.0,1.0,1.0,1.0,1.0,1.0,1.0,1.0,1.0,1.0
10576,Sao Tome and Principe,Pulses,Export,0.0,0.0,0.0,0.0,0.0,0.0,0.0,0.0,0.0,0.0,0.0,0.0,0.0,0.0,0.0,0.0,0.0,0.0
10577,Sao Tome and Principe,Sugar Crops,Feed,0.0,0.0,0.0,0.0,0.0,0.0,0.0,0.0,0.0,0.0,0.0,0.0,0.0,0.0,0.0,0.0,0.0,0.0
10578,Sao Tome and Principe,Sugar Crops,Domestic supply,0.0,0.0,0.0,0.0,0.0,0.0,0.0,0.0,0.0,0.0,0.0,0.0,0.0,0.0,0.0,0.0,0.0,0.0
10579,Sao Tome and Principe,Sugar Crops,Import,0.0,0.0,0.0,0.0,0.0,0.0,0.0,0.0,0.0,0.0,0.0,0.0,0.0,0.0,0.0,0.0,0.0,0.0
10580,Sao Tome and Principe,Starchy Roots,Human Consumption,22.0,23.0,24.0,24.0,24.0,24.0,21.0,18.0,16.0,14.0,11.0,10.0,9.0,9.0,8.0,9.0,9.0,9.0
10581,Sao Tome and Principe,Starchy Roots,Losses,9.0,9.0,9.0,9.0,9.0,9.0,8.0,7.0,6.0,6.0,4.0,4.0,3.0,2.0,2.0,2.0,3.0,3.0
10582,Sao Tome and Principe,Starchy Roots,Seed,2.0,3.0,3.0,3.0,3.0,3.0,2.0,2.0,2.0,2.0,1.0,1.0,1.0,1.0,1.0,1.0,1.0,1.0
10583,Sao Tome and Principe,Starchy Roots,Feed,0.0,0.0,0.0,0.0,0.0,0.0,0.0,0.0,0.0,0.0,0.0,0.0,0.0,0.0,1.0,0.0,0.0,0.0
10584,Sao Tome and Principe,Starchy Roots,Domestic supply,33.0,35.0,36.0,35.0,36.0,36.0,32.0,28.0,25.0,21.0,17.0,14.0,13.0,12.0,11.0,12.0,13.0,14.0
10585,Sao Tome and Principe,Starchy Roots,Export,0.0,0.0,0.0,0.0,0.0,0.0,0.0,0.0,0.0,0.0,0.0,0.0,0.0,0.0,0.0,0.0,0.0,0.0
10586,Sao Tome and Principe,Starchy Roots,Stock Variation,0.0,0.0,0.0,0.0,0.0,0.0,0.0,0.0,0.0,0.0,0.0,0.0,0.0,0.0,0.0,-2.0,1.0,1.0
10587,Sao Tome and Principe,Starchy Roots,Import,0.0,0.0,0.0,0.0,0.0,0.0,0.0,0.0,0.0,0.0,0.0,0.0,0.0,0.0,1.0,0.0,0.0,0.0
10588,Sao Tome and Principe,Starchy Roots,Production,33.0,35.0,36.0,35.0,36.0,36.0,31.0,27.0,24.0,21.0,17.0,14.0,12.0,12.0,11.0,10.0,14.0,14.0
10589,Sao Tome and Principe,Oilcrops,Human Consumption,19.0,20.0,20.0,19.0,19.0,19.0,21.0,21.0,22.0,23.0,24.0,25.0,26.0,26.0,25.0,24.0,25.0,25.0
10590,Sao Tome and Principe,Oilcrops,Processing,2.0,2.0,2.0,3.0,3.0,3.0,3.0,3.0,3.0,5.0,5.0,5.0,9.0,23.0,19.0,21.0,21.0,21.0
10591,Sao Tome and Principe,Pulses,Stock Variation,0.0,0.0,0.0,0.0,0.0,0.0,0.0,0.0,0.0,1.0,0.0,0.0,0.0,0.0,0.0,0.0,0.0,0.0
10592,Sao Tome and Principe,Oilcrops,Losses,6.0,5.0,4.0,6.0,5.0,7.0,5.0,2.0,3.0,2.0,2.0,3.0,3.0,4.0,5.0,3.0,4.0,4.0
10593,Sao Tome and Principe,Oilcrops,Export,1.0,1.0,1.0,0.0,0.0,0.0,0.0,0.0,0.0,2.0,2.0,2.0,2.0,3.0,3.0,3.0,3.0,3.0
10594,Sao Tome and Principe,Oilcrops,Stock Variation,1.0,1.0,1.0,1.0,1.0,1.0,1.0,1.0,0.0,0.0,0.0,0.0,0.0,0.0,-1.0,0.0,0.0,0.0
10595,Sao Tome and Principe,Oilcrops,Import,0.0,0.0,0.0,0.0,0.0,0.0,0.0,0.0,0.0,0.0,0.0,0.0,0.0,0.0,0.0,0.0,0.0,0.0
10596,Sao Tome and Principe,Oilcrops,Production,26.0,27.0,26.0,27.0,27.0,29.0,29.0,26.0,28.0,32.0,33.0,35.0,39.0,55.0,63.0,58.0,60.0,61.0
10597,Sao Tome and Principe,Treenuts,Human Consumption,0.0,0.0,0.0,0.0,0.0,0.0,0.0,0.0,0.0,0.0,0.0,0.0,0.0,0.0,0.0,0.0,0.0,0.0
10598,Sao Tome and Principe,Treenuts,Other uses (non-food),0.0,0.0,0.0,0.0,0.0,0.0,0.0,0.0,0.0,0.0,0.0,0.0,0.0,0.0,0.0,0.0,0.0,0.0
10599,Sao Tome and Principe,Treenuts,Domestic supply,0.0,0.0,0.0,0.0,0.0,0.0,0.0,0.0,0.0,0.0,0.0,0.0,0.0,0.0,0.0,0.0,0.0,0.0
10600,Sao Tome and Principe,Treenuts,Export,0.0,0.0,0.0,0.0,0.0,0.0,0.0,0.0,0.0,0.0,0.0,0.0,0.0,0.0,0.0,0.0,0.0,0.0
10601,Sao Tome and Principe,Treenuts,Stock Variation,0.0,0.0,0.0,0.0,0.0,0.0,0.0,0.0,0.0,0.0,0.0,0.0,0.0,0.0,0.0,0.0,0.0,0.0
10602,Sao Tome and Principe,Treenuts,Import,0.0,0.0,0.0,0.0,0.0,0.0,0.0,0.0,0.0,0.0,0.0,0.0,0.0,0.0,0.0,0.0,0.0,0.0
10603,Sao Tome and Principe,Pulses,Human Consumption,0.0,1.0,1.0,1.0,1.0,1.0,1.0,1.0,1.0,1.0,1.0,1.0,1.0,1.0,1.0,1.0,1.0,1.0
10604,Sao Tome and Principe,Pulses,Losses,0.0,0.0,0.0,0.0,0.0,0.0,0.0,0.0,0.0,0.0,0.0,0.0,0.0,0.0,0.0,0.0,0.0,0.0
10605,Sao Tome and Principe,Pulses,Feed,0.0,0.0,0.0,0.0,0.0,0.0,0.0,0.0,0.0,0.0,0.0,0.0,0.0,0.0,0.0,0.0,0.0,0.0
10606,Sao Tome and Principe,Pulses,Domestic supply,1.0,1.0,1.0,1.0,1.0,1.0,1.0,1.0,1.0,1.0,1.0,1.0,1.0,1.0,1.0,1.0,1.0,1.0
10607,Sao Tome and Principe,Oilcrops,Feed,0.0,0.0,0.0,0.0,0.0,0.0,0.0,0.0,0.0,0.0,0.0,0.0,0.0,0.0,11.0,8.0,8.0,8.0
10608,Sao Tome and Principe,Stimulants,Production,3.0,4.0,3.0,4.0,3.0,2.0,2.0,3.0,2.0,3.0,3.0,2.0,2.0,3.0,3.0,3.0,3.0,4.0
10609,Sao Tome and Principe,Vegetable Oils,Export,0.0,0.0,0.0,0.0,0.0,0.0,0.0,0.0,0.0,0.0,0.0,0.0,0.0,0.0,0.0,0.0,0.0,0.0
10610,Sao Tome and Principe,Spices,Domestic supply,0.0,0.0,0.0,0.0,0.0,0.0,0.0,0.0,0.0,0.0,0.0,0.0,0.0,0.0,0.0,0.0,0.0,0.0
10611,Sao Tome and Principe,Animal fats,Import,0.0,0.0,0.0,0.0,0.0,0.0,0.0,0.0,0.0,0.0,0.0,0.0,0.0,0.0,0.0,0.0,0.0,0.0
10612,Sao Tome and Principe,Animal fats,Production,0.0,0.0,0.0,0.0,0.0,0.0,0.0,0.0,0.0,0.0,0.0,0.0,0.0,0.0,0.0,0.0,0.0,0.0
10613,Sao Tome and Principe,Milk - Excluding Butter,Human Consumption,2.0,2.0,2.0,4.0,4.0,4.0,5.0,5.0,4.0,5.0,3.0,4.0,5.0,4.0,2.0,1.0,1.0,1.0
10614,Sao Tome and Principe,Milk - Excluding Butter,Feed,0.0,0.0,0.0,0.0,0.0,0.0,0.0,0.0,0.0,0.0,0.0,0.0,0.0,0.0,0.0,0.0,1.0,1.0
10615,Sao Tome and Principe,Milk - Excluding Butter,Domestic supply,2.0,2.0,2.0,4.0,4.0,4.0,5.0,5.0,4.0,5.0,3.0,4.0,5.0,4.0,2.0,2.0,2.0,2.0
10616,Sao Tome and Principe,Milk - Excluding Butter,Export,0.0,0.0,0.0,0.0,0.0,0.0,0.0,0.0,0.0,1.0,1.0,1.0,0.0,0.0,0.0,0.0,0.0,0.0
10617,Sao Tome and Principe,Milk - Excluding Butter,Stock Variation,0.0,0.0,0.0,-1.0,-2.0,0.0,-1.0,-2.0,0.0,1.0,2.0,2.0,0.0,0.0,0.0,0.0,0.0,0.0
10618,Sao Tome and Principe,Milk - Excluding Butter,Import,2.0,2.0,2.0,4.0,6.0,4.0,6.0,6.0,4.0,4.0,2.0,2.0,4.0,4.0,1.0,1.0,2.0,2.0
10619,Sao Tome and Principe,Milk - Excluding Butter,Production,0.0,0.0,0.0,0.0,0.0,0.0,0.0,0.0,0.0,0.0,0.0,0.0,0.0,0.0,0.0,0.0,0.0,0.0
10620,Sao Tome and Principe,Eggs,Human Consumption,0.0,0.0,0.0,0.0,0.0,0.0,0.0,0.0,1.0,1.0,1.0,1.0,1.0,1.0,1.0,0.0,0.0,0.0
10621,Sao Tome and Principe,Eggs,Losses,0.0,0.0,0.0,0.0,0.0,0.0,0.0,0.0,0.0,0.0,0.0,0.0,0.0,0.0,0.0,0.0,0.0,0.0
10622,Sao Tome and Principe,Eggs,Seed,0.0,0.0,0.0,0.0,0.0,0.0,0.0,0.0,0.0,0.0,0.0,0.0,0.0,0.0,0.0,0.0,0.0,0.0
10623,Sao Tome and Principe,Eggs,Domestic supply,0.0,0.0,0.0,0.0,1.0,1.0,1.0,1.0,1.0,1.0,1.0,1.0,1.0,1.0,1.0,0.0,0.0,0.0
10624,Sao Tome and Principe,Eggs,Import,0.0,0.0,0.0,0.0,0.0,0.0,0.0,0.0,0.0,0.0,0.0,0.0,0.0,0.0,0.0,0.0,0.0,0.0
10625,Sao Tome and Principe,Eggs,Production,0.0,0.0,0.0,0.0,0.0,0.0,0.0,0.0,1.0,1.0,1.0,1.0,1.0,1.0,1.0,0.0,0.0,0.0
10626,Sao Tome and Principe,"Fish, Seafood",Human Consumption,4.0,3.0,4.0,4.0,4.0,4.0,4.0,4.0,5.0,5.0,5.0,5.0,5.0,5.0,6.0,6.0,6.0,6.0
10627,Sao Tome and Principe,"Fish, Seafood",Other uses (non-food),0.0,0.0,0.0,0.0,0.0,0.0,0.0,0.0,0.0,0.0,0.0,0.0,0.0,0.0,0.0,0.0,0.0,0.0
10628,Sao Tome and Principe,Cereals - Excluding Beer,Import,12.0,14.0,15.0,12.0,12.0,16.0,15.0,18.0,18.0,21.0,19.0,18.0,22.0,20.0,18.0,21.0,21.0,20.0
10629,Sao Tome and Principe,Cereals - Excluding Beer,Stock Variation,0.0,-2.0,-4.0,0.0,1.0,-2.0,-1.0,-3.0,-3.0,-5.0,-3.0,-2.0,-2.0,0.0,1.0,3.0,3.0,2.0
10630,Sao Tome and Principe,Cereals - Excluding Beer,Export,0.0,0.0,0.0,0.0,0.0,0.0,0.0,0.0,0.0,0.0,0.0,0.0,0.0,0.0,0.0,0.0,0.0,0.0
10631,Sao Tome and Principe,Cereals - Excluding Beer,Domestic supply,14.0,14.0,14.0,15.0,16.0,17.0,17.0,18.0,18.0,18.0,18.0,18.0,21.0,21.0,17.0,18.0,18.0,19.0
10632,Sao Tome and Principe,Cereals - Excluding Beer,Feed,0.0,0.0,0.0,0.0,0.0,0.0,0.0,0.0,0.0,0.0,0.0,0.0,0.0,0.0,0.0,0.0,0.0,0.0
10633,Sao Tome and Principe,Cereals - Excluding Beer,Seed,0.0,0.0,0.0,0.0,0.0,0.0,0.0,0.0,0.0,0.0,0.0,0.0,0.0,0.0,0.0,0.0,0.0,0.0
10634,Sao Tome and Principe,Animal fats,Stock Variation,0.0,0.0,0.0,0.0,0.0,0.0,0.0,0.0,0.0,0.0,0.0,0.0,0.0,0.0,0.0,0.0,0.0,0.0
10635,Sao Tome and Principe,Cereals - Excluding Beer,Losses,0.0,1.0,1.0,0.0,1.0,1.0,1.0,1.0,1.0,1.0,1.0,0.0,1.0,1.0,0.0,0.0,0.0,0.0
10636,Sao Tome and Principe,"Fish, Seafood",Production,4.0,4.0,4.0,4.0,4.0,4.0,4.0,4.0,5.0,5.0,5.0,5.0,5.0,5.0,6.0,6.0,6.0,6.0
10637,Sao Tome and Principe,Spices,Human Consumption,0.0,0.0,0.0,0.0,0.0,0.0,0.0,0.0,0.0,0.0,0.0,0.0,0.0,0.0,0.0,0.0,0.0,0.0
10638,Sao Tome and Principe,"Fish, Seafood",Stock Variation,0.0,0.0,0.0,0.0,0.0,0.0,0.0,0.0,0.0,0.0,0.0,0.0,0.0,0.0,0.0,0.0,0.0,0.0
10639,Sao Tome and Principe,"Fish, Seafood",Export,0.0,0.0,0.0,0.0,0.0,0.0,0.0,0.0,0.0,0.0,0.0,0.0,0.0,0.0,0.0,0.0,0.0,0.0
10640,Sao Tome and Principe,"Fish, Seafood",Domestic supply,4.0,3.0,4.0,4.0,4.0,4.0,4.0,4.0,5.0,5.0,5.0,5.0,5.0,5.0,6.0,6.0,6.0,6.0
10641,Sao Tome and Principe,"Fish, Seafood",Feed,0.0,0.0,0.0,0.0,0.0,0.0,0.0,0.0,0.0,0.0,0.0,0.0,0.0,0.0,0.0,0.0,0.0,0.0
10642,Sao Tome and Principe,Cereals - Excluding Beer,Human Consumption,14.0,14.0,13.0,14.0,15.0,16.0,16.0,17.0,17.0,17.0,17.0,17.0,20.0,20.0,17.0,18.0,18.0,19.0
10643,Sao Tome and Principe,Animal fats,Export,0.0,0.0,0.0,0.0,0.0,0.0,0.0,0.0,0.0,0.0,0.0,0.0,0.0,0.0,0.0,0.0,0.0,0.0
10644,Sao Tome and Principe,"Fish, Seafood",Import,0.0,0.0,0.0,0.0,0.0,0.0,0.0,0.0,0.0,0.0,0.0,0.0,0.0,0.0,0.0,0.0,0.0,0.0
10645,Sao Tome and Principe,Animal fats,Feed,0.0,0.0,0.0,0.0,0.0,0.0,0.0,0.0,0.0,0.0,0.0,0.0,0.0,0.0,0.0,0.0,0.0,0.0
10646,Sao Tome and Principe,Miscellaneous,Stock Variation,0.0,0.0,0.0,0.0,0.0,0.0,0.0,0.0,0.0,0.0,0.0,0.0,0.0,0.0,0.0,0.0,0.0,0.0
10647,Sao Tome and Principe,Miscellaneous,Export,0.0,0.0,0.0,0.0,0.0,0.0,0.0,0.0,0.0,0.0,0.0,0.0,0.0,0.0,0.0,0.0,0.0,0.0
10648,Sao Tome and Principe,Miscellaneous,Domestic supply,0.0,0.0,0.0,0.0,0.0,0.0,0.0,0.0,0.0,0.0,0.0,0.0,0.0,0.0,2.0,1.0,1.0,1.0
10649,Sao Tome and Principe,Miscellaneous,Human Consumption,0.0,0.0,0.0,0.0,0.0,0.0,0.0,0.0,0.0,0.0,0.0,0.0,0.0,0.0,2.0,1.0,1.0,1.0
10650,Sao Tome and Principe,Alcoholic Beverages,Import,4.0,5.0,7.0,6.0,5.0,5.0,6.0,6.0,4.0,3.0,5.0,5.0,5.0,7.0,6.0,5.0,5.0,4.0
10651,Sao Tome and Principe,Alcoholic Beverages,Stock Variation,1.0,-1.0,-1.0,0.0,0.0,1.0,-1.0,-1.0,2.0,3.0,1.0,0.0,0.0,0.0,0.0,0.0,0.0,0.0
10652,Sao Tome and Principe,Miscellaneous,Import,0.0,0.0,0.0,0.0,0.0,0.0,0.0,0.0,0.0,0.0,0.0,0.0,0.0,0.0,2.0,1.0,1.0,1.0
10653,Sao Tome and Principe,Alcoholic Beverages,Export,0.0,0.0,0.0,0.0,0.0,0.0,0.0,0.0,0.0,0.0,0.0,0.0,0.0,0.0,0.0,0.0,0.0,0.0
10654,Sao Tome and Principe,Alcoholic Beverages,Human Consumption,4.0,5.0,5.0,5.0,5.0,5.0,5.0,5.0,5.0,5.0,6.0,6.0,5.0,7.0,6.0,5.0,5.0,4.0
10655,Sao Tome and Principe,Spices,Production,0.0,0.0,0.0,0.0,0.0,0.0,0.0,0.0,0.0,0.0,0.0,0.0,0.0,0.0,0.0,0.0,0.0,0.0
10656,Sao Tome and Principe,Spices,Import,0.0,0.0,0.0,0.0,0.0,0.0,0.0,0.0,0.0,0.0,0.0,0.0,0.0,0.0,0.0,0.0,0.0,0.0
10657,Sao Tome and Principe,Spices,Stock Variation,0.0,0.0,0.0,0.0,0.0,0.0,0.0,0.0,0.0,0.0,0.0,0.0,0.0,0.0,0.0,0.0,0.0,0.0
10658,Sao Tome and Principe,Spices,Export,0.0,0.0,0.0,0.0,0.0,0.0,0.0,0.0,0.0,0.0,0.0,0.0,0.0,0.0,0.0,0.0,0.0,0.0
10659,Sao Tome and Principe,Animal fats,Domestic supply,0.0,0.0,0.0,0.0,0.0,0.0,0.0,0.0,0.0,0.0,0.0,0.0,0.0,0.0,0.0,0.0,0.0,0.0
10660,Sao Tome and Principe,Alcoholic Beverages,Domestic supply,4.0,5.0,5.0,5.0,5.0,5.0,5.0,5.0,5.0,5.0,6.0,6.0,5.0,7.0,6.0,5.0,5.0,4.0
10661,Sao Tome and Principe,Meat,Human Consumption,1.0,1.0,1.0,2.0,2.0,2.0,2.0,2.0,2.0,3.0,4.0,3.0,3.0,3.0,3.0,3.0,3.0,3.0
10662,Sao Tome and Principe,Alcoholic Beverages,Other uses (non-food),0.0,0.0,0.0,0.0,0.0,0.0,0.0,0.0,0.0,0.0,0.0,0.0,0.0,0.0,0.0,0.0,0.0,0.0
10663,Sao Tome and Principe,Meat,Domestic supply,1.0,1.0,1.0,2.0,2.0,2.0,2.0,2.0,2.0,3.0,4.0,3.0,3.0,3.0,3.0,3.0,3.0,3.0
10664,Sao Tome and Principe,Animal fats,Other uses (non-food),0.0,0.0,0.0,0.0,0.0,0.0,0.0,0.0,0.0,0.0,0.0,0.0,0.0,0.0,0.0,0.0,0.0,0.0
10665,Sao Tome and Principe,Animal fats,Human Consumption,0.0,0.0,0.0,0.0,0.0,0.0,0.0,0.0,0.0,0.0,0.0,0.0,0.0,0.0,0.0,0.0,0.0,0.0
10666,Sao Tome and Principe,Animal fats,Losses,0.0,0.0,0.0,0.0,0.0,0.0,0.0,0.0,0.0,0.0,0.0,0.0,0.0,0.0,0.0,0.0,0.0,0.0
10667,Sao Tome and Principe,Offals,Import,0.0,0.0,0.0,0.0,0.0,0.0,0.0,0.0,0.0,0.0,0.0,0.0,0.0,0.0,0.0,0.0,0.0,0.0
10668,Sao Tome and Principe,Offals,Domestic supply,0.0,0.0,0.0,0.0,0.0,0.0,0.0,0.0,0.0,0.0,0.0,0.0,0.0,0.0,0.0,0.0,0.0,0.0
10669,Sao Tome and Principe,Offals,Feed,0.0,0.0,0.0,0.0,0.0,0.0,0.0,0.0,0.0,0.0,0.0,0.0,0.0,0.0,0.0,0.0,0.0,0.0
10670,Sao Tome and Principe,Offals,Production,0.0,0.0,0.0,0.0,0.0,0.0,0.0,0.0,0.0,0.0,0.0,0.0,0.0,0.0,0.0,0.0,0.0,0.0
10671,Sao Tome and Principe,Offals,Losses,0.0,0.0,0.0,0.0,0.0,0.0,0.0,0.0,0.0,0.0,0.0,0.0,0.0,0.0,0.0,0.0,0.0,0.0
10672,Sao Tome and Principe,Offals,Human Consumption,0.0,0.0,0.0,0.0,0.0,0.0,0.0,0.0,0.0,0.0,0.0,0.0,0.0,0.0,0.0,0.0,0.0,0.0
10673,Sao Tome and Principe,Meat,Production,1.0,1.0,1.0,1.0,1.0,1.0,1.0,1.0,1.0,1.0,1.0,1.0,1.0,1.0,1.0,1.0,1.0,2.0
10674,Sao Tome and Principe,Meat,Import,0.0,0.0,1.0,1.0,1.0,1.0,1.0,1.0,1.0,2.0,2.0,2.0,2.0,2.0,3.0,3.0,3.0,2.0
10675,Sao Tome and Principe,Meat,Stock Variation,0.0,0.0,0.0,0.0,0.0,0.0,0.0,0.0,0.0,0.0,0.0,0.0,0.0,0.0,1.0,1.0,1.0,1.0
10676,Sao Tome and Principe,Meat,Export,0.0,0.0,0.0,0.0,0.0,0.0,0.0,0.0,0.0,0.0,0.0,0.0,0.0,0.0,0.0,0.0,0.0,0.0
10677,Saudi Arabia,Oilcrops,Import,85.0,87.0,70.0,106.0,103.0,141.0,118.0,156.0,227.0,346.0,521.0,789.0,764.0,748.0,861.0,946.0,842.0,850.0
10678,Saudi Arabia,Oilcrops,Production,7.0,6.0,6.0,6.0,8.0,8.0,8.0,8.0,8.0,8.0,6.0,6.0,6.0,6.0,6.0,6.0,4.0,5.0
10679,Saudi Arabia,Treenuts,Human Consumption,21.0,23.0,26.0,31.0,28.0,27.0,36.0,36.0,40.0,39.0,46.0,54.0,70.0,79.0,38.0,41.0,46.0,41.0
10680,Saudi Arabia,Treenuts,Domestic supply,21.0,23.0,26.0,31.0,28.0,27.0,36.0,36.0,40.0,39.0,46.0,54.0,70.0,79.0,38.0,41.0,46.0,41.0
10681,Saudi Arabia,Treenuts,Import,22.0,23.0,27.0,32.0,29.0,28.0,37.0,37.0,41.0,40.0,48.0,55.0,71.0,80.0,46.0,50.0,40.0,40.0
10682,Saudi Arabia,Treenuts,Stock Variation,0.0,0.0,0.0,0.0,0.0,0.0,0.0,0.0,0.0,0.0,0.0,0.0,0.0,0.0,7.0,7.0,-6.0,-1.0
10683,Saudi Arabia,Pulses,Seed,0.0,0.0,0.0,0.0,0.0,0.0,0.0,0.0,0.0,0.0,0.0,0.0,0.0,0.0,0.0,0.0,0.0,0.0
10684,Saudi Arabia,Pulses,Human Consumption,88.0,86.0,77.0,80.0,101.0,110.0,137.0,125.0,136.0,95.0,153.0,162.0,167.0,177.0,175.0,181.0,171.0,173.0
10685,Saudi Arabia,Pulses,Losses,2.0,2.0,2.0,2.0,3.0,3.0,3.0,3.0,4.0,3.0,4.0,5.0,5.0,5.0,6.0,5.0,5.0,6.0
10686,Saudi Arabia,Treenuts,Export,0.0,0.0,1.0,1.0,1.0,1.0,1.0,1.0,1.0,1.0,1.0,1.0,1.0,1.0,1.0,1.0,0.0,0.0
10687,Saudi Arabia,Oilcrops,Stock Variation,0.0,0.0,0.0,0.0,0.0,0.0,0.0,0.0,0.0,0.0,0.0,0.0,0.0,0.0,-1.0,159.0,-47.0,2.0
10688,Saudi Arabia,Oilcrops,Other uses (non-food),0.0,0.0,0.0,0.0,0.0,0.0,0.0,0.0,4.0,4.0,1.0,0.0,0.0,0.0,1.0,1.0,0.0,1.0
10689,Saudi Arabia,Oilcrops,Domestic supply,92.0,93.0,75.0,111.0,110.0,148.0,123.0,156.0,228.0,346.0,526.0,795.0,769.0,753.0,866.0,792.0,890.0,853.0
10690,Saudi Arabia,Oilcrops,Feed,10.0,1.0,1.0,1.0,1.0,1.0,1.0,27.0,27.0,38.0,55.0,92.0,85.0,84.0,107.0,21.0,104.0,100.0
10691,Saudi Arabia,Oilcrops,Losses,1.0,2.0,1.0,1.0,2.0,2.0,2.0,2.0,2.0,2.0,2.0,2.0,2.0,2.0,0.0,0.0,0.0,0.0
10692,Saudi Arabia,Oilcrops,Processing,45.0,48.0,45.0,63.0,69.0,99.0,75.0,79.0,148.0,269.0,405.0,635.0,610.0,601.0,705.0,717.0,734.0,697.0
10693,Saudi Arabia,Starchy Roots,Stock Variation,0.0,0.0,0.0,0.0,0.0,0.0,0.0,0.0,-83.0,-100.0,112.0,72.0,0.0,0.0,199.0,245.0,258.0,166.0
10694,Saudi Arabia,Oilcrops,Human Consumption,35.0,42.0,29.0,46.0,38.0,46.0,45.0,48.0,47.0,34.0,63.0,66.0,72.0,66.0,53.0,52.0,52.0,54.0
10695,Saudi Arabia,Starchy Roots,Production,381.0,316.0,315.0,318.0,387.0,441.0,469.0,463.0,462.0,472.0,424.0,426.0,422.0,402.0,429.0,459.0,466.0,476.0
10696,Saudi Arabia,Starchy Roots,Import,154.0,204.0,160.0,172.0,219.0,259.0,326.0,368.0,249.0,181.0,333.0,380.0,435.0,391.0,275.0,317.0,341.0,334.0
10697,Saudi Arabia,Pulses,Feed,0.0,0.0,0.0,0.0,0.0,0.0,0.0,0.0,0.0,0.0,0.0,0.0,0.0,0.0,17.0,18.0,15.0,20.0
10698,Saudi Arabia,Starchy Roots,Export,33.0,46.0,52.0,97.0,102.0,146.0,169.0,172.0,159.0,101.0,484.0,460.0,376.0,29.0,16.0,22.0,1.0,0.0
10699,Saudi Arabia,Oilcrops,Export,0.0,0.0,1.0,1.0,1.0,1.0,2.0,8.0,8.0,8.0,1.0,1.0,1.0,1.0,1.0,1.0,4.0,1.0
10700,Saudi Arabia,Pulses,Domestic supply,90.0,88.0,79.0,82.0,103.0,113.0,141.0,128.0,140.0,98.0,158.0,167.0,172.0,182.0,198.0,205.0,192.0,199.0
10701,Saudi Arabia,Vegetable Oils,Other uses (non-food),11.0,9.0,8.0,10.0,12.0,56.0,89.0,83.0,78.0,58.0,64.0,84.0,108.0,114.0,121.0,88.0,105.0,212.0
10702,Saudi Arabia,Pulses,Stock Variation,0.0,0.0,0.0,0.0,0.0,0.0,0.0,0.0,0.0,0.0,0.0,0.0,0.0,0.0,6.0,-11.0,-7.0,11.0
10703,Saudi Arabia,Starchy Roots,Domestic supply,502.0,474.0,423.0,393.0,504.0,555.0,626.0,659.0,469.0,453.0,384.0,418.0,481.0,764.0,489.0,509.0,549.0,644.0
10704,Saudi Arabia,Vegetables,Losses,176.0,200.0,220.0,229.0,251.0,253.0,252.0,250.0,237.0,259.0,267.0,269.0,280.0,278.0,170.0,176.0,179.0,182.0
10705,Saudi Arabia,Vegetables,Processing,0.0,0.0,0.0,0.0,0.0,0.0,0.0,0.0,0.0,0.0,0.0,0.0,0.0,0.0,0.0,0.0,0.0,0.0
10706,Saudi Arabia,Vegetables,Other uses (non-food),0.0,1.0,1.0,1.0,1.0,2.0,0.0,0.0,0.0,0.0,0.0,0.0,0.0,0.0,0.0,0.0,0.0,0.0
10707,Saudi Arabia,Vegetables,Human Consumption,1772.0,2022.0,2231.0,2280.0,2484.0,2498.0,2553.0,2512.0,2424.0,2465.0,2586.0,2605.0,2857.0,3038.0,1959.0,2004.0,1945.0,2063.0
10708,Saudi Arabia,Vegetable Oils,Production,15.0,16.0,13.0,18.0,22.0,28.0,23.0,24.0,36.0,57.0,82.0,125.0,122.0,120.0,139.0,142.0,145.0,138.0
10709,Saudi Arabia,Vegetable Oils,Import,350.0,339.0,381.0,382.0,358.0,485.0,581.0,582.0,474.0,533.0,638.0,731.0,770.0,776.0,898.0,776.0,863.0,881.0
10710,Saudi Arabia,Vegetable Oils,Stock Variation,0.0,30.0,-10.0,20.0,10.0,-30.0,-80.0,-70.0,45.0,-37.0,-80.0,-119.0,1.0,0.0,112.0,16.0,66.0,11.0
10711,Saudi Arabia,Vegetable Oils,Export,20.0,28.0,34.0,36.0,36.0,63.0,47.0,75.0,54.0,69.0,134.0,209.0,214.0,207.0,214.0,243.0,309.0,232.0
10712,Saudi Arabia,Vegetable Oils,Domestic supply,344.0,358.0,350.0,383.0,354.0,420.0,477.0,460.0,501.0,484.0,507.0,528.0,679.0,689.0,710.0,659.0,632.0,776.0
10713,Saudi Arabia,Vegetable Oils,Human Consumption,333.0,349.0,341.0,374.0,343.0,366.0,389.0,377.0,423.0,427.0,444.0,447.0,570.0,579.0,597.0,585.0,641.0,638.0
10714,Saudi Arabia,Sugar & Sweeteners,Production,0.0,0.0,0.0,0.0,0.0,0.0,0.0,0.0,0.0,0.0,0.0,0.0,0.0,0.0,246.0,169.0,155.0,171.0
10715,Saudi Arabia,Sugar & Sweeteners,Import,682.0,726.0,729.0,763.0,855.0,1005.0,1100.0,1394.0,1554.0,1203.0,1647.0,1359.0,998.0,1840.0,1734.0,1666.0,1793.0,1829.0
10716,Saudi Arabia,Sugar & Sweeteners,Stock Variation,-42.0,-70.0,-47.0,31.0,164.0,37.0,30.0,-90.0,-295.0,14.0,-237.0,10.0,418.0,-488.0,211.0,117.0,342.0,377.0
10717,Saudi Arabia,Sugar & Sweeteners,Export,23.0,10.0,11.0,79.0,283.0,244.0,306.0,476.0,403.0,318.0,506.0,468.0,505.0,437.0,822.0,698.0,542.0,552.0
10718,Saudi Arabia,Sugar & Sweeteners,Domestic supply,617.0,645.0,671.0,715.0,736.0,799.0,824.0,828.0,856.0,899.0,904.0,901.0,910.0,915.0,948.0,1019.0,1064.0,1071.0
10719,Saudi Arabia,Sugar & Sweeteners,Feed,0.0,0.0,0.0,0.0,0.0,0.0,0.0,0.0,0.0,0.0,0.0,0.0,0.0,0.0,0.0,0.0,0.0,0.0
10720,Saudi Arabia,Sugar & Sweeteners,Losses,0.0,0.0,0.0,0.0,0.0,0.0,0.0,0.0,0.0,0.0,0.0,0.0,0.0,0.0,0.0,0.0,0.0,0.0
10721,Saudi Arabia,Sugar & Sweeteners,Processing,0.0,0.0,0.0,0.0,0.0,0.0,0.0,0.0,0.0,0.0,0.0,0.0,0.0,0.0,53.0,37.0,34.0,37.0
10722,Saudi Arabia,Sugar & Sweeteners,Other uses (non-food),0.0,0.0,0.0,1.0,0.0,0.0,1.0,2.0,2.0,2.0,1.0,1.0,2.0,1.0,2.0,3.0,0.0,0.0
10723,Saudi Arabia,Sugar & Sweeteners,Human Consumption,617.0,645.0,671.0,714.0,736.0,799.0,828.0,831.0,854.0,902.0,903.0,900.0,908.0,914.0,894.0,979.0,1031.0,1033.0
10724,Saudi Arabia,Pulses,Production,8.0,8.0,9.0,11.0,11.0,7.0,9.0,9.0,11.0,13.0,12.0,13.0,13.0,14.0,15.0,14.0,15.0,15.0
10725,Saudi Arabia,Pulses,Import,83.0,82.0,74.0,77.0,96.0,108.0,134.0,129.0,129.0,86.0,151.0,159.0,165.0,173.0,194.0,184.0,171.0,196.0
10726,Saudi Arabia,Pulses,Export,1.0,2.0,4.0,6.0,3.0,2.0,2.0,9.0,0.0,1.0,5.0,5.0,6.0,5.0,4.0,5.0,1.0,1.0
10727,Saudi Arabia,Starchy Roots,Feed,0.0,0.0,0.0,0.0,0.0,0.0,0.0,0.0,0.0,0.0,0.0,2.0,2.0,2.0,1.0,1.0,2.0,2.0
10728,Saudi Arabia,Sugar Crops,Human Consumption,4.0,4.0,0.0,3.0,2.0,0.0,0.0,0.0,0.0,0.0,0.0,0.0,0.0,9.0,12.0,11.0,12.0,0.0
10729,Saudi Arabia,Starchy Roots,Losses,39.0,34.0,36.0,35.0,44.0,48.0,52.0,52.0,51.0,47.0,46.0,47.0,47.0,42.0,46.0,49.0,50.0,51.0
10730,Saudi Arabia,"Fish, Seafood",Human Consumption,142.0,170.0,166.0,166.0,202.0,222.0,250.0,265.0,222.0,224.0,309.0,307.0,377.0,389.0,383.0,370.0,387.0,375.0
10731,Saudi Arabia,Eggs,Production,128.0,138.0,138.0,137.0,145.0,170.0,158.0,171.0,170.0,191.0,219.0,218.0,218.0,239.0,255.0,275.0,280.0,283.0
10732,Saudi Arabia,Eggs,Import,6.0,6.0,7.0,11.0,8.0,6.0,5.0,7.0,7.0,7.0,6.0,10.0,12.0,18.0,8.0,21.0,14.0,10.0
10733,Saudi Arabia,Eggs,Stock Variation,0.0,0.0,0.0,0.0,0.0,0.0,0.0,0.0,0.0,0.0,0.0,0.0,0.0,0.0,0.0,0.0,0.0,0.0
10734,Saudi Arabia,Eggs,Export,8.0,7.0,6.0,8.0,11.0,13.0,27.0,32.0,13.0,32.0,45.0,48.0,53.0,49.0,56.0,39.0,15.0,2.0
10735,Saudi Arabia,Eggs,Domestic supply,127.0,137.0,139.0,140.0,142.0,163.0,136.0,146.0,164.0,166.0,180.0,179.0,177.0,208.0,208.0,257.0,278.0,290.0
10736,Saudi Arabia,Eggs,Feed,0.0,0.0,0.0,0.0,0.0,0.0,0.0,0.0,0.0,0.0,0.0,0.0,0.0,0.0,1.0,10.0,7.0,2.0
10737,Saudi Arabia,Eggs,Seed,34.0,36.0,33.0,33.0,33.0,37.0,37.0,38.0,39.0,39.0,40.0,32.0,31.0,39.0,40.0,50.0,53.0,57.0
10738,Saudi Arabia,Eggs,Losses,7.0,7.0,7.0,7.0,8.0,9.0,8.0,9.0,9.0,10.0,11.0,11.0,11.0,12.0,13.0,14.0,14.0,14.0
10739,Saudi Arabia,Eggs,Other uses (non-food),0.0,0.0,0.0,0.0,0.0,0.0,0.0,0.0,0.0,0.0,0.0,0.0,0.0,0.0,0.0,0.0,0.0,0.0
10740,Saudi Arabia,"Fish, Seafood",Other uses (non-food),0.0,0.0,0.0,0.0,0.0,0.0,0.0,0.0,0.0,0.0,0.0,0.0,0.0,0.0,0.0,0.0,0.0,0.0
10741,Saudi Arabia,Eggs,Human Consumption,86.0,94.0,99.0,100.0,101.0,117.0,91.0,100.0,118.0,120.0,132.0,140.0,146.0,155.0,161.0,194.0,204.0,217.0
10742,Saudi Arabia,Milk - Excluding Butter,Import,1154.0,1097.0,1113.0,1343.0,1587.0,1748.0,1761.0,1911.0,1427.0,1564.0,1819.0,2301.0,2431.0,2134.0,790.0,857.0,525.0,503.0
10743,Saudi Arabia,Milk - Excluding Butter,Stock Variation,0.0,-22.0,-13.0,-13.0,45.0,-53.0,-111.0,-204.0,288.0,81.0,0.0,0.0,0.0,0.0,28.0,37.0,-4.0,-28.0
10744,Saudi Arabia,Milk - Excluding Butter,Export,324.0,224.0,393.0,375.0,461.0,672.0,833.0,1043.0,1215.0,1152.0,1372.0,1310.0,1725.0,1943.0,1034.0,1167.0,732.0,550.0
10745,Saudi Arabia,Milk - Excluding Butter,Domestic supply,1783.0,1854.0,1800.0,2080.0,2326.0,2318.0,2126.0,2032.0,2111.0,2215.0,2323.0,2958.0,2711.0,2114.0,1906.0,2229.0,2282.0,2268.0
10746,Saudi Arabia,Milk - Excluding Butter,Feed,0.0,0.0,0.0,0.0,0.0,0.0,0.0,0.0,0.0,0.0,0.0,0.0,0.0,0.0,100.0,114.0,127.0,136.0
10747,Saudi Arabia,Milk - Excluding Butter,Losses,50.0,53.0,58.0,65.0,73.0,75.0,70.0,79.0,93.0,100.0,115.0,119.0,121.0,117.0,15.0,120.0,121.0,15.0
10748,Saudi Arabia,Milk - Excluding Butter,Processing,0.0,0.0,0.0,0.0,0.0,0.0,0.0,0.0,0.0,0.0,0.0,0.0,0.0,0.0,0.0,0.0,0.0,0.0
10749,Saudi Arabia,Milk - Excluding Butter,Other uses (non-food),0.0,0.0,0.0,0.0,0.0,0.0,3.0,1.0,1.0,1.0,32.0,33.0,0.0,0.0,0.0,0.0,1.0,2.0
10750,Saudi Arabia,Milk - Excluding Butter,Human Consumption,1732.0,1801.0,1742.0,2015.0,2252.0,2243.0,2053.0,1952.0,2017.0,2114.0,2176.0,2806.0,2879.0,2411.0,1859.0,2092.0,2158.0,2119.0
10751,Saudi Arabia,Vegetables,Feed,0.0,0.0,0.0,1.0,0.0,0.0,0.0,0.0,0.0,0.0,0.0,0.0,0.0,0.0,0.0,0.0,0.0,0.0
10752,Saudi Arabia,Milk - Excluding Butter,Production,953.0,1004.0,1093.0,1126.0,1155.0,1296.0,1309.0,1368.0,1611.0,1722.0,1876.0,1968.0,2005.0,1923.0,2179.0,2577.0,2485.0,2287.0
10753,Saudi Arabia,"Fish, Seafood",Feed,35.0,21.0,23.0,60.0,57.0,57.0,66.0,65.0,25.0,9.0,114.0,74.0,58.0,75.0,46.0,50.0,78.0,82.0
10754,Saudi Arabia,"Fish, Seafood",Domestic supply,177.0,191.0,189.0,227.0,260.0,279.0,316.0,330.0,247.0,233.0,423.0,381.0,435.0,463.0,429.0,420.0,465.0,457.0
10755,Saudi Arabia,"Fish, Seafood",Export,3.0,3.0,5.0,13.0,11.0,16.0,20.0,20.0,22.0,26.0,39.0,41.0,33.0,29.0,42.0,46.0,47.0,66.0
10756,Saudi Arabia,Starchy Roots,Other uses (non-food),0.0,0.0,0.0,0.0,0.0,0.0,0.0,0.0,0.0,0.0,0.0,0.0,0.0,0.0,0.0,0.0,22.0,17.0
10757,Saudi Arabia,Starchy Roots,Human Consumption,428.0,404.0,352.0,319.0,413.0,456.0,523.0,560.0,372.0,365.0,296.0,327.0,392.0,680.0,408.0,425.0,429.0,526.0
10758,Saudi Arabia,Sugar Crops,Import,4.0,4.0,5.0,5.0,9.0,5.0,0.0,0.0,0.0,0.0,0.0,0.0,0.0,9.0,12.0,11.0,12.0,1.0
10759,Saudi Arabia,Sugar Crops,Stock Variation,0.0,0.0,0.0,0.0,0.0,0.0,0.0,0.0,0.0,0.0,0.0,0.0,0.0,0.0,0.0,0.0,0.0,0.0
10760,Saudi Arabia,Cereals - Excluding Beer,Production,2167.0,2592.0,2853.0,2949.0,3189.0,3007.0,3043.0,2960.0,2432.0,1586.0,1565.0,1414.0,1085.0,882.0,1502.0,1550.0,1442.0,1429.0
10761,Saudi Arabia,Cereals - Excluding Beer,Import,7733.0,5296.0,5845.0,7501.0,5028.0,8569.0,10285.0,10295.0,11099.0,10290.0,12420.0,11564.0,14095.0,16491.0,15902.0,13059.0,16345.0,16990.0
10762,Saudi Arabia,Cereals - Excluding Beer,Stock Variation,-260.0,-338.0,-272.0,-228.0,-767.0,-506.0,-300.0,-48.0,28.0,-167.0,-658.0,-665.0,-583.0,-491.0,1064.0,528.0,-1360.0,62.0
10763,Saudi Arabia,Cereals - Excluding Beer,Export,27.0,27.0,41.0,64.0,65.0,86.0,107.0,160.0,84.0,50.0,272.0,277.0,294.0,286.0,264.0,274.0,150.0,88.0
10764,Saudi Arabia,Cereals - Excluding Beer,Domestic supply,9613.0,7523.0,8384.0,10159.0,7386.0,10985.0,12921.0,13048.0,13475.0,11659.0,13055.0,12036.0,14303.0,16596.0,16077.0,13807.0,18997.0,18270.0
10765,Saudi Arabia,Cereals - Excluding Beer,Feed,5954.0,3826.0,4484.0,6177.0,3311.0,6768.0,8456.0,8385.0,8803.0,6980.0,8325.0,7432.0,9504.0,11680.0,10130.0,7662.0,12738.0,11909.0
10766,Saudi Arabia,Cereals - Excluding Beer,Seed,72.0,81.0,83.0,83.0,77.0,74.0,71.0,53.0,33.0,35.0,31.0,23.0,17.0,18.0,24.0,20.0,35.0,28.0
10767,Saudi Arabia,Cereals - Excluding Beer,Losses,245.0,186.0,208.0,267.0,187.0,286.0,345.0,343.0,348.0,297.0,345.0,316.0,381.0,445.0,372.0,334.0,411.0,426.0
10768,Saudi Arabia,Cereals - Excluding Beer,Other uses (non-food),2.0,3.0,3.0,3.0,8.0,3.0,5.0,9.0,7.0,8.0,10.0,11.0,7.0,14.0,10.0,15.0,0.0,0.0
10769,Saudi Arabia,Cereals - Excluding Beer,Human Consumption,3341.0,3427.0,3606.0,3629.0,3803.0,3854.0,4045.0,4259.0,4284.0,4339.0,4345.0,4254.0,4394.0,4439.0,5541.0,5777.0,5813.0,5906.0
10770,Saudi Arabia,"Aquatic Products, Other",Production,0.0,0.0,0.0,0.0,0.0,0.0,0.0,0.0,0.0,0.0,0.0,0.0,0.0,0.0,0.0,0.0,0.0,0.0
10771,Saudi Arabia,"Aquatic Products, Other",Import,0.0,0.0,0.0,0.0,0.0,0.0,0.0,2.0,4.0,3.0,5.0,6.0,2.0,7.0,3.0,5.0,2.0,10.0
10772,Saudi Arabia,"Aquatic Products, Other",Export,0.0,0.0,0.0,0.0,0.0,0.0,0.0,0.0,0.0,0.0,0.0,0.0,0.0,0.0,0.0,0.0,0.0,0.0
10773,Saudi Arabia,"Aquatic Products, Other",Domestic supply,0.0,0.0,0.0,0.0,0.0,0.0,0.0,2.0,4.0,3.0,5.0,6.0,2.0,7.0,3.0,5.0,2.0,10.0
10774,Saudi Arabia,"Aquatic Products, Other",Other uses (non-food),0.0,0.0,0.0,0.0,0.0,0.0,0.0,2.0,4.0,3.0,5.0,6.0,2.0,7.0,3.0,5.0,2.0,10.0
10775,Saudi Arabia,"Aquatic Products, Other",Human Consumption,0.0,0.0,0.0,0.0,0.0,0.0,0.0,0.0,0.0,0.0,0.0,0.0,0.0,0.0,0.0,0.0,0.0,0.0
10776,Saudi Arabia,"Fish, Seafood",Production,55.0,64.0,64.0,67.0,67.0,75.0,81.0,85.0,91.0,94.0,92.0,80.0,89.0,97.0,93.0,98.0,108.0,123.0
10777,Saudi Arabia,"Fish, Seafood",Import,125.0,130.0,130.0,172.0,204.0,220.0,254.0,265.0,177.0,164.0,371.0,342.0,379.0,395.0,378.0,368.0,404.0,400.0
10778,Saudi Arabia,"Fish, Seafood",Stock Variation,0.0,0.0,0.0,0.0,0.0,0.0,0.0,0.0,0.0,0.0,0.0,0.0,0.0,0.0,0.0,0.0,0.0,0.0
10779,Saudi Arabia,Starchy Roots,Seed,34.0,36.0,36.0,39.0,47.0,50.0,51.0,47.0,46.0,40.0,42.0,42.0,40.0,40.0,43.0,46.0,47.0,48.0
10780,Saudi Arabia,Vegetables,Domestic supply,1948.0,2223.0,2452.0,2508.0,2737.0,2753.0,2805.0,2762.0,2661.0,2724.0,2852.0,2874.0,3138.0,3312.0,2078.0,2119.0,2090.0,2236.0
10781,Saudi Arabia,Milk - Excluding Butter,Stock Variation,0.0,-22.0,-13.0,-13.0,45.0,-53.0,-111.0,-204.0,288.0,81.0,0.0,0.0,0.0,0.0,28.0,37.0,-4.0,-28.0
10782,Saudi Arabia,Vegetables,Stock Variation,0.0,0.0,-1.0,0.0,1.0,0.0,0.0,0.0,-23.0,23.0,0.0,0.0,0.0,0.0,-6.0,49.0,9.0,8.0
10783,Saudi Arabia,Eggs,Export,8.0,7.0,6.0,8.0,11.0,13.0,27.0,32.0,13.0,32.0,45.0,48.0,53.0,49.0,56.0,39.0,15.0,2.0
10784,Saudi Arabia,Eggs,Domestic supply,127.0,137.0,139.0,140.0,142.0,163.0,136.0,146.0,164.0,166.0,180.0,179.0,177.0,208.0,208.0,257.0,278.0,290.0
10785,Saudi Arabia,Eggs,Feed,0.0,0.0,0.0,0.0,0.0,0.0,0.0,0.0,0.0,0.0,0.0,0.0,0.0,0.0,1.0,10.0,7.0,2.0
10786,Saudi Arabia,Eggs,Seed,34.0,36.0,33.0,33.0,33.0,37.0,37.0,38.0,39.0,39.0,40.0,32.0,31.0,39.0,40.0,50.0,53.0,57.0
10787,Saudi Arabia,Eggs,Losses,7.0,7.0,7.0,7.0,8.0,9.0,8.0,9.0,9.0,10.0,11.0,11.0,11.0,12.0,13.0,14.0,14.0,14.0
10788,Saudi Arabia,Eggs,Other uses (non-food),0.0,0.0,0.0,0.0,0.0,0.0,0.0,0.0,0.0,0.0,0.0,0.0,0.0,0.0,0.0,0.0,0.0,0.0
10789,Saudi Arabia,Eggs,Human Consumption,86.0,94.0,99.0,100.0,101.0,117.0,91.0,100.0,118.0,120.0,132.0,140.0,146.0,155.0,161.0,194.0,204.0,217.0
10790,Saudi Arabia,Milk - Excluding Butter,Production,953.0,1004.0,1093.0,1126.0,1155.0,1296.0,1309.0,1368.0,1611.0,1722.0,1876.0,1968.0,2005.0,1923.0,2179.0,2577.0,2485.0,2287.0
10791,Saudi Arabia,Milk - Excluding Butter,Import,1154.0,1097.0,1113.0,1343.0,1587.0,1748.0,1761.0,1911.0,1427.0,1564.0,1819.0,2301.0,2431.0,2134.0,790.0,857.0,525.0,503.0
10792,Saudi Arabia,Animal fats,Production,16.0,17.0,17.0,28.0,40.0,35.0,25.0,42.0,48.0,56.0,92.0,94.0,94.0,90.0,95.0,108.0,96.0,98.0
10793,Saudi Arabia,Eggs,Stock Variation,0.0,0.0,0.0,0.0,0.0,0.0,0.0,0.0,0.0,0.0,0.0,0.0,0.0,0.0,0.0,0.0,0.0,0.0
10794,Saudi Arabia,Milk - Excluding Butter,Export,324.0,224.0,393.0,375.0,461.0,672.0,833.0,1043.0,1215.0,1152.0,1372.0,1310.0,1725.0,1943.0,1034.0,1167.0,732.0,550.0
10795,Saudi Arabia,Milk - Excluding Butter,Feed,0.0,0.0,0.0,0.0,0.0,0.0,0.0,0.0,0.0,0.0,0.0,0.0,0.0,0.0,100.0,114.0,127.0,136.0
10796,Saudi Arabia,Milk - Excluding Butter,Losses,50.0,53.0,58.0,65.0,73.0,75.0,70.0,79.0,93.0,100.0,115.0,119.0,121.0,117.0,15.0,120.0,121.0,15.0
10797,Saudi Arabia,Milk - Excluding Butter,Processing,0.0,0.0,0.0,0.0,0.0,0.0,0.0,0.0,0.0,0.0,0.0,0.0,0.0,0.0,0.0,0.0,0.0,0.0
10798,Saudi Arabia,Milk - Excluding Butter,Other uses (non-food),0.0,0.0,0.0,0.0,0.0,0.0,3.0,1.0,1.0,1.0,32.0,33.0,0.0,0.0,0.0,0.0,1.0,2.0
10799,Saudi Arabia,Milk - Excluding Butter,Human Consumption,1732.0,1801.0,1742.0,2015.0,2252.0,2243.0,2053.0,1952.0,2017.0,2114.0,2176.0,2806.0,2879.0,2411.0,1859.0,2092.0,2158.0,2119.0
10800,Saudi Arabia,Animal fats,Production,16.0,17.0,17.0,28.0,40.0,35.0,25.0,42.0,48.0,56.0,92.0,94.0,94.0,90.0,95.0,108.0,96.0,98.0
10801,Saudi Arabia,Animal fats,Import,28.0,30.0,40.0,43.0,53.0,66.0,65.0,53.0,46.0,43.0,66.0,72.0,66.0,61.0,64.0,54.0,103.0,91.0
10802,Saudi Arabia,Animal fats,Stock Variation,0.0,0.0,0.0,0.0,0.0,0.0,0.0,0.0,0.0,0.0,0.0,0.0,0.0,0.0,1.0,3.0,31.0,33.0
10803,Saudi Arabia,Animal fats,Export,3.0,3.0,5.0,20.0,43.0,50.0,28.0,32.0,36.0,33.0,76.0,80.0,5.0,5.0,3.0,3.0,37.0,5.0
10804,Saudi Arabia,Animal fats,Domestic supply,42.0,44.0,51.0,51.0,50.0,51.0,62.0,64.0,57.0,65.0,82.0,86.0,156.0,146.0,155.0,157.0,131.0,151.0
10805,Saudi Arabia,Milk - Excluding Butter,Domestic supply,1783.0,1854.0,1800.0,2080.0,2326.0,2318.0,2126.0,2032.0,2111.0,2215.0,2323.0,2958.0,2711.0,2114.0,1906.0,2229.0,2282.0,2268.0
10806,Saudi Arabia,Eggs,Import,6.0,6.0,7.0,11.0,8.0,6.0,5.0,7.0,7.0,7.0,6.0,10.0,12.0,18.0,8.0,21.0,14.0,10.0
10807,Saudi Arabia,Eggs,Production,128.0,138.0,138.0,137.0,145.0,170.0,158.0,171.0,170.0,191.0,219.0,218.0,218.0,239.0,255.0,275.0,280.0,283.0
10808,Saudi Arabia,"Fish, Seafood",Human Consumption,142.0,170.0,166.0,166.0,202.0,222.0,250.0,265.0,222.0,224.0,309.0,307.0,377.0,389.0,383.0,370.0,387.0,375.0
10809,Saudi Arabia,Cereals - Excluding Beer,Production,2167.0,2592.0,2853.0,2949.0,3189.0,3007.0,3043.0,2960.0,2432.0,1586.0,1565.0,1414.0,1085.0,882.0,1502.0,1550.0,1442.0,1429.0
10810,Saudi Arabia,Cereals - Excluding Beer,Import,7733.0,5296.0,5845.0,7501.0,5028.0,8569.0,10285.0,10295.0,11099.0,10290.0,12420.0,11564.0,14095.0,16491.0,15902.0,13059.0,16345.0,16990.0
10811,Saudi Arabia,Cereals - Excluding Beer,Stock Variation,-260.0,-338.0,-272.0,-228.0,-767.0,-506.0,-300.0,-48.0,28.0,-167.0,-658.0,-665.0,-583.0,-491.0,1064.0,528.0,-1360.0,62.0
10812,Saudi Arabia,Cereals - Excluding Beer,Export,27.0,27.0,41.0,64.0,65.0,86.0,107.0,160.0,84.0,50.0,272.0,277.0,294.0,286.0,264.0,274.0,150.0,88.0
10813,Saudi Arabia,Cereals - Excluding Beer,Domestic supply,9613.0,7523.0,8384.0,10159.0,7386.0,10985.0,12921.0,13048.0,13475.0,11659.0,13055.0,12036.0,14303.0,16596.0,16077.0,13807.0,18997.0,18270.0
10814,Saudi Arabia,Cereals - Excluding Beer,Feed,5954.0,3826.0,4484.0,6177.0,3311.0,6768.0,8456.0,8385.0,8803.0,6980.0,8325.0,7432.0,9504.0,11680.0,10130.0,7662.0,12738.0,11909.0
10815,Saudi Arabia,Cereals - Excluding Beer,Seed,72.0,81.0,83.0,83.0,77.0,74.0,71.0,53.0,33.0,35.0,31.0,23.0,17.0,18.0,24.0,20.0,35.0,28.0
10816,Saudi Arabia,Cereals - Excluding Beer,Losses,245.0,186.0,208.0,267.0,187.0,286.0,345.0,343.0,348.0,297.0,345.0,316.0,381.0,445.0,372.0,334.0,411.0,426.0
10817,Saudi Arabia,Cereals - Excluding Beer,Other uses (non-food),2.0,3.0,3.0,3.0,8.0,3.0,5.0,9.0,7.0,8.0,10.0,11.0,7.0,14.0,10.0,15.0,0.0,0.0
10818,Saudi Arabia,Cereals - Excluding Beer,Human Consumption,3341.0,3427.0,3606.0,3629.0,3803.0,3854.0,4045.0,4259.0,4284.0,4339.0,4345.0,4254.0,4394.0,4439.0,5541.0,5777.0,5813.0,5906.0
10819,Saudi Arabia,"Aquatic Products, Other",Production,0.0,0.0,0.0,0.0,0.0,0.0,0.0,0.0,0.0,0.0,0.0,0.0,0.0,0.0,0.0,0.0,0.0,0.0
10820,Saudi Arabia,"Aquatic Products, Other",Import,0.0,0.0,0.0,0.0,0.0,0.0,0.0,2.0,4.0,3.0,5.0,6.0,2.0,7.0,3.0,5.0,2.0,10.0
10821,Saudi Arabia,"Aquatic Products, Other",Export,0.0,0.0,0.0,0.0,0.0,0.0,0.0,0.0,0.0,0.0,0.0,0.0,0.0,0.0,0.0,0.0,0.0,0.0
10822,Saudi Arabia,"Aquatic Products, Other",Domestic supply,0.0,0.0,0.0,0.0,0.0,0.0,0.0,2.0,4.0,3.0,5.0,6.0,2.0,7.0,3.0,5.0,2.0,10.0
10823,Saudi Arabia,"Aquatic Products, Other",Other uses (non-food),0.0,0.0,0.0,0.0,0.0,0.0,0.0,2.0,4.0,3.0,5.0,6.0,2.0,7.0,3.0,5.0,2.0,10.0
10824,Saudi Arabia,"Aquatic Products, Other",Human Consumption,0.0,0.0,0.0,0.0,0.0,0.0,0.0,0.0,0.0,0.0,0.0,0.0,0.0,0.0,0.0,0.0,0.0,0.0
10825,Saudi Arabia,"Fish, Seafood",Production,55.0,64.0,64.0,67.0,67.0,75.0,81.0,85.0,91.0,94.0,92.0,80.0,89.0,97.0,93.0,98.0,108.0,123.0
10826,Saudi Arabia,"Fish, Seafood",Import,125.0,130.0,130.0,172.0,204.0,220.0,254.0,265.0,177.0,164.0,371.0,342.0,379.0,395.0,378.0,368.0,404.0,400.0
10827,Saudi Arabia,"Fish, Seafood",Stock Variation,0.0,0.0,0.0,0.0,0.0,0.0,0.0,0.0,0.0,0.0,0.0,0.0,0.0,0.0,0.0,0.0,0.0,0.0
10828,Saudi Arabia,"Fish, Seafood",Export,3.0,3.0,5.0,13.0,11.0,16.0,20.0,20.0,22.0,26.0,39.0,41.0,33.0,29.0,42.0,46.0,47.0,66.0
10829,Saudi Arabia,"Fish, Seafood",Domestic supply,177.0,191.0,189.0,227.0,260.0,279.0,316.0,330.0,247.0,233.0,423.0,381.0,435.0,463.0,429.0,420.0,465.0,457.0
10830,Saudi Arabia,"Fish, Seafood",Feed,35.0,21.0,23.0,60.0,57.0,57.0,66.0,65.0,25.0,9.0,114.0,74.0,58.0,75.0,46.0,50.0,78.0,82.0
10831,Saudi Arabia,"Fish, Seafood",Other uses (non-food),0.0,0.0,0.0,0.0,0.0,0.0,0.0,0.0,0.0,0.0,0.0,0.0,0.0,0.0,0.0,0.0,0.0,0.0
10832,Saudi Arabia,Animal fats,Feed,0.0,0.0,0.0,1.0,0.0,0.0,0.0,0.0,0.0,0.0,0.0,1.0,0.0,0.0,0.0,1.0,0.0,1.0
10833,Saudi Arabia,Vegetables,Export,66.0,59.0,71.0,135.0,166.0,243.0,184.0,230.0,111.0,217.0,467.0,521.0,423.0,240.0,169.0,209.0,188.0,61.0
10834,Saudi Arabia,Animal fats,Losses,0.0,0.0,0.0,0.0,0.0,0.0,0.0,0.0,0.0,0.0,0.0,0.0,0.0,0.0,3.0,3.0,3.0,3.0
10835,Saudi Arabia,Animal fats,Human Consumption,36.0,37.0,39.0,42.0,39.0,36.0,57.0,60.0,53.0,62.0,77.0,79.0,151.0,139.0,145.0,146.0,121.0,142.0
10836,Saudi Arabia,Spices,Export,1.0,1.0,2.0,4.0,2.0,3.0,3.0,3.0,1.0,1.0,4.0,5.0,6.0,5.0,8.0,10.0,0.0,0.0
10837,Saudi Arabia,Spices,Domestic supply,36.0,36.0,41.0,49.0,53.0,59.0,63.0,68.0,54.0,27.0,78.0,91.0,98.0,96.0,99.0,98.0,88.0,88.0
10838,Saudi Arabia,Spices,Human Consumption,36.0,36.0,41.0,49.0,53.0,59.0,63.0,68.0,54.0,27.0,78.0,91.0,98.0,96.0,99.0,98.0,88.0,88.0
10839,Saudi Arabia,Stimulants,Production,0.0,0.0,0.0,0.0,0.0,0.0,0.0,0.0,0.0,0.0,0.0,0.0,0.0,0.0,0.0,0.0,0.0,0.0
10840,Saudi Arabia,Stimulants,Import,61.0,57.0,64.0,70.0,79.0,87.0,93.0,106.0,84.0,67.0,135.0,144.0,168.0,176.0,101.0,112.0,72.0,87.0
10841,Saudi Arabia,Stimulants,Stock Variation,0.0,0.0,0.0,0.0,0.0,0.0,0.0,0.0,0.0,0.0,0.0,0.0,0.0,0.0,4.0,13.0,-9.0,11.0
10842,Saudi Arabia,Stimulants,Export,2.0,3.0,3.0,5.0,5.0,6.0,7.0,6.0,6.0,3.0,10.0,8.0,6.0,5.0,5.0,4.0,2.0,2.0
10843,Saudi Arabia,Stimulants,Domestic supply,59.0,54.0,61.0,66.0,74.0,80.0,86.0,100.0,78.0,64.0,125.0,137.0,162.0,170.0,92.0,94.0,80.0,74.0
10844,Saudi Arabia,Stimulants,Seed,0.0,0.0,0.0,0.0,0.0,0.0,0.0,0.0,0.0,0.0,0.0,0.0,0.0,0.0,0.0,0.0,0.0,0.0
10845,Saudi Arabia,Stimulants,Losses,0.0,0.0,0.0,0.0,0.0,0.0,0.0,0.0,0.0,0.0,0.0,0.0,0.0,0.0,0.0,0.0,0.0,0.0
10846,Saudi Arabia,Spices,Stock Variation,0.0,0.0,0.0,0.0,0.0,0.0,0.0,0.0,0.0,0.0,0.0,0.0,0.0,0.0,-4.0,6.0,-2.0,5.0
10847,Saudi Arabia,Stimulants,Processing,0.0,0.0,0.0,0.0,0.0,0.0,0.0,0.0,0.0,0.0,0.0,0.0,0.0,0.0,0.0,0.0,0.0,0.0
10848,Saudi Arabia,Fruits - Excluding Wine,Production,1188.0,1210.0,1241.0,1331.0,1455.0,1555.0,1549.0,1582.0,1616.0,1619.0,1549.0,1609.0,1639.0,1689.0,1545.0,1478.0,1601.0,1720.0
10849,Saudi Arabia,Fruits - Excluding Wine,Import,969.0,1028.0,1438.0,1662.0,1688.0,1521.0,1987.0,2043.0,1753.0,1467.0,1867.0,2031.0,2154.0,2136.0,1873.0,1997.0,1927.0,1909.0
10850,Saudi Arabia,Fruits - Excluding Wine,Stock Variation,-54.0,-30.0,-13.0,58.0,32.0,100.0,-117.0,184.0,158.0,122.0,36.0,41.0,243.0,343.0,-114.0,-50.0,106.0,201.0
10851,Saudi Arabia,Fruits - Excluding Wine,Export,143.0,152.0,462.0,899.0,1043.0,530.0,859.0,1290.0,1250.0,1149.0,1136.0,1160.0,1305.0,1404.0,1142.0,1092.0,796.0,640.0
10852,Saudi Arabia,Fruits - Excluding Wine,Domestic supply,1961.0,2056.0,2204.0,2151.0,2131.0,2645.0,2560.0,2519.0,2277.0,2060.0,2316.0,2521.0,2732.0,2764.0,2390.0,2434.0,2626.0,2788.0
10853,Saudi Arabia,Fruits - Excluding Wine,Losses,77.0,74.0,79.0,84.0,88.0,100.0,101.0,102.0,101.0,90.0,116.0,123.0,127.0,126.0,109.0,117.0,93.0,97.0
10854,Saudi Arabia,Fruits - Excluding Wine,Processing,0.0,0.0,0.0,0.0,0.0,0.0,0.0,0.0,0.0,0.0,0.0,0.0,0.0,0.0,119.0,117.0,151.0,147.0
10855,Saudi Arabia,Fruits - Excluding Wine,Human Consumption,1885.0,1982.0,2125.0,2299.0,2288.0,2545.0,2459.0,2418.0,2176.0,1970.0,2200.0,2398.0,2605.0,2638.0,2162.0,2200.0,2387.0,2547.0
10856,Saudi Arabia,Vegetables,Production,1547.0,1791.0,1823.0,1899.0,2152.0,2152.0,2140.0,2133.0,2267.0,2240.0,2254.0,2299.0,2421.0,2508.0,1271.0,1263.0,1352.0,1353.0
10857,Saudi Arabia,Vegetables,Import,467.0,491.0,701.0,743.0,751.0,844.0,849.0,859.0,528.0,678.0,1066.0,1096.0,1140.0,1044.0,971.0,1114.0,935.0,952.0
10858,Saudi Arabia,Stimulants,Human Consumption,59.0,54.0,61.0,66.0,74.0,80.0,86.0,100.0,78.0,64.0,125.0,137.0,162.0,171.0,92.0,94.0,80.0,74.0
10859,Saudi Arabia,Spices,Import,37.0,38.0,43.0,52.0,55.0,61.0,66.0,71.0,55.0,28.0,82.0,96.0,104.0,101.0,103.0,114.0,87.0,94.0
10860,Saudi Arabia,Alcoholic Beverages,Human Consumption,0.0,1.0,1.0,1.0,1.0,0.0,0.0,0.0,0.0,0.0,0.0,0.0,0.0,0.0,0.0,0.0,0.0,0.0
10861,Saudi Arabia,Alcoholic Beverages,Other uses (non-food),3.0,3.0,2.0,2.0,2.0,2.0,3.0,3.0,2.0,2.0,13.0,14.0,16.0,17.0,20.0,57.0,70.0,88.0
10862,Saudi Arabia,Offals,Production,80.0,83.0,80.0,80.0,84.0,90.0,90.0,92.0,89.0,91.0,96.0,92.0,92.0,107.0,50.0,54.0,52.0,53.0
10863,Saudi Arabia,Offals,Import,8.0,5.0,1.0,17.0,11.0,13.0,10.0,10.0,3.0,6.0,13.0,12.0,17.0,15.0,13.0,16.0,14.0,11.0
10864,Saudi Arabia,Offals,Stock Variation,0.0,0.0,0.0,0.0,0.0,0.0,0.0,0.0,0.0,0.0,0.0,0.0,0.0,0.0,0.0,0.0,0.0,0.0
10865,Saudi Arabia,Offals,Export,0.0,0.0,1.0,1.0,0.0,0.0,1.0,3.0,1.0,0.0,2.0,2.0,3.0,0.0,0.0,3.0,0.0,0.0
10866,Saudi Arabia,Offals,Domestic supply,88.0,87.0,79.0,96.0,94.0,103.0,100.0,99.0,91.0,97.0,107.0,102.0,105.0,122.0,63.0,67.0,66.0,64.0
10867,Saudi Arabia,Offals,Losses,9.0,9.0,8.0,10.0,12.0,12.0,11.0,12.0,9.0,9.0,13.0,12.0,16.0,13.0,14.0,14.0,14.0,8.0
10868,Saudi Arabia,Offals,Human Consumption,80.0,78.0,71.0,87.0,82.0,91.0,88.0,89.0,82.0,88.0,96.0,91.0,91.0,109.0,50.0,53.0,52.0,56.0
10869,Saudi Arabia,Meat,Production,643.0,666.0,626.0,631.0,647.0,707.0,713.0,731.0,723.0,737.0,761.0,685.0,675.0,806.0,893.0,873.0,889.0,883.0
10870,Saudi Arabia,Meat,Import,453.0,412.0,447.0,542.0,526.0,621.0,604.0,670.0,631.0,746.0,900.0,992.0,1027.0,1085.0,1015.0,1157.0,1072.0,872.0
10871,Saudi Arabia,Meat,Stock Variation,-1.0,0.0,0.0,-5.0,-1.0,1.0,2.0,2.0,-1.0,-4.0,3.0,3.0,1.0,9.0,85.0,150.0,164.0,-54.0
10872,Saudi Arabia,Meat,Export,26.0,26.0,17.0,34.0,41.0,41.0,51.0,57.0,26.0,39.0,54.0,60.0,65.0,62.0,55.0,53.0,51.0,18.0
10873,Saudi Arabia,Meat,Domestic supply,1070.0,1051.0,1055.0,1134.0,1131.0,1288.0,1267.0,1346.0,1327.0,1440.0,1610.0,1620.0,1638.0,1837.0,1768.0,1827.0,1747.0,1792.0
10874,Saudi Arabia,Meat,Processing,0.0,0.0,0.0,0.0,0.0,0.0,0.0,0.0,0.0,0.0,0.0,0.0,0.0,0.0,3.0,3.0,1.0,1.0
10875,Saudi Arabia,Meat,Human Consumption,1070.0,1051.0,1056.0,1134.0,1132.0,1288.0,1271.0,1349.0,1327.0,1440.0,1612.0,1622.0,1640.0,1838.0,1771.0,1824.0,1754.0,1792.0
10876,Saudi Arabia,Miscellaneous,Import,12.0,15.0,10.0,12.0,15.0,19.0,23.0,24.0,22.0,23.0,30.0,36.0,39.0,30.0,303.0,332.0,287.0,267.0
10877,Saudi Arabia,Miscellaneous,Stock Variation,0.0,0.0,0.0,0.0,0.0,0.0,0.0,0.0,0.0,0.0,0.0,0.0,0.0,0.0,-3.0,0.0,2.0,-3.0
10878,Saudi Arabia,Miscellaneous,Export,0.0,0.0,0.0,1.0,1.0,0.0,1.0,1.0,1.0,1.0,0.0,0.0,0.0,1.0,49.0,48.0,38.0,28.0
10879,Saudi Arabia,Miscellaneous,Domestic supply,12.0,15.0,10.0,10.0,14.0,18.0,22.0,23.0,21.0,22.0,30.0,36.0,39.0,29.0,258.0,284.0,247.0,242.0
10880,Saudi Arabia,Miscellaneous,Human Consumption,12.0,15.0,10.0,10.0,14.0,18.0,22.0,23.0,21.0,22.0,30.0,36.0,39.0,29.0,258.0,284.0,247.0,242.0
10881,Saudi Arabia,Alcoholic Beverages,Import,4.0,4.0,3.0,2.0,3.0,2.0,3.0,3.0,2.0,2.0,13.0,14.0,16.0,17.0,20.0,57.0,71.0,89.0
10882,Saudi Arabia,Alcoholic Beverages,Stock Variation,0.0,0.0,0.0,0.0,0.0,0.0,0.0,0.0,0.0,0.0,0.0,0.0,0.0,0.0,0.0,0.0,0.0,1.0
10883,Saudi Arabia,Alcoholic Beverages,Export,0.0,0.0,0.0,0.0,0.0,0.0,0.0,0.0,0.0,0.0,0.0,0.0,0.0,0.0,0.0,0.0,0.0,1.0
10884,Saudi Arabia,Alcoholic Beverages,Domestic supply,4.0,4.0,3.0,2.0,2.0,2.0,3.0,3.0,2.0,2.0,13.0,14.0,16.0,17.0,20.0,57.0,70.0,88.0
10885,Saudi Arabia,Animal fats,Other uses (non-food),6.0,7.0,13.0,8.0,11.0,15.0,4.0,4.0,4.0,4.0,5.0,7.0,5.0,6.0,8.0,7.0,8.0,8.0
10886,Saudi Arabia,Sugar Crops,Feed,0.0,0.0,5.0,2.0,6.0,5.0,0.0,0.0,0.0,0.0,0.0,0.0,0.0,0.0,0.0,0.0,0.0,0.0
10887,Saudi Arabia,Animal fats,Import,28.0,30.0,40.0,43.0,53.0,66.0,65.0,53.0,46.0,43.0,66.0,72.0,66.0,61.0,64.0,54.0,103.0,91.0
10888,Saudi Arabia,Animal fats,Export,3.0,3.0,5.0,20.0,43.0,50.0,28.0,32.0,36.0,33.0,76.0,80.0,5.0,5.0,3.0,3.0,37.0,5.0
10889,Saudi Arabia,Treenuts,Stock Variation,0.0,0.0,0.0,0.0,0.0,0.0,0.0,0.0,0.0,0.0,0.0,0.0,0.0,0.0,7.0,7.0,-6.0,-1.0
10890,Saudi Arabia,Treenuts,Import,22.0,23.0,27.0,32.0,29.0,28.0,37.0,37.0,41.0,40.0,48.0,55.0,71.0,80.0,46.0,50.0,40.0,40.0
10891,Saudi Arabia,Pulses,Human Consumption,88.0,86.0,77.0,80.0,101.0,110.0,137.0,125.0,136.0,95.0,153.0,162.0,167.0,177.0,175.0,181.0,171.0,173.0
10892,Saudi Arabia,Pulses,Losses,2.0,2.0,2.0,2.0,3.0,3.0,3.0,3.0,4.0,3.0,4.0,5.0,5.0,5.0,6.0,5.0,5.0,6.0
10893,Saudi Arabia,Pulses,Seed,0.0,0.0,0.0,0.0,0.0,0.0,0.0,0.0,0.0,0.0,0.0,0.0,0.0,0.0,0.0,0.0,0.0,0.0
10894,Saudi Arabia,Pulses,Feed,0.0,0.0,0.0,0.0,0.0,0.0,0.0,0.0,0.0,0.0,0.0,0.0,0.0,0.0,17.0,18.0,15.0,20.0
10895,Saudi Arabia,Pulses,Domestic supply,90.0,88.0,79.0,82.0,103.0,113.0,141.0,128.0,140.0,98.0,158.0,167.0,172.0,182.0,198.0,205.0,192.0,199.0
10896,Saudi Arabia,Pulses,Export,1.0,2.0,4.0,6.0,3.0,2.0,2.0,9.0,0.0,1.0,5.0,5.0,6.0,5.0,4.0,5.0,1.0,1.0
10897,Saudi Arabia,Pulses,Stock Variation,0.0,0.0,0.0,0.0,0.0,0.0,0.0,0.0,0.0,0.0,0.0,0.0,0.0,0.0,6.0,-11.0,-7.0,11.0
10898,Saudi Arabia,Pulses,Import,83.0,82.0,74.0,77.0,96.0,108.0,134.0,129.0,129.0,86.0,151.0,159.0,165.0,173.0,194.0,184.0,171.0,196.0
10899,Saudi Arabia,Pulses,Production,8.0,8.0,9.0,11.0,11.0,7.0,9.0,9.0,11.0,13.0,12.0,13.0,13.0,14.0,15.0,14.0,15.0,15.0
10900,Saudi Arabia,Sugar & Sweeteners,Human Consumption,617.0,645.0,671.0,714.0,736.0,799.0,828.0,831.0,854.0,902.0,903.0,900.0,908.0,914.0,894.0,979.0,1031.0,1033.0
10901,Saudi Arabia,Sugar & Sweeteners,Other uses (non-food),0.0,0.0,0.0,1.0,0.0,0.0,1.0,2.0,2.0,2.0,1.0,1.0,2.0,1.0,2.0,3.0,0.0,0.0
10902,Saudi Arabia,Sugar & Sweeteners,Processing,0.0,0.0,0.0,0.0,0.0,0.0,0.0,0.0,0.0,0.0,0.0,0.0,0.0,0.0,53.0,37.0,34.0,37.0
10903,Saudi Arabia,Sugar & Sweeteners,Losses,0.0,0.0,0.0,0.0,0.0,0.0,0.0,0.0,0.0,0.0,0.0,0.0,0.0,0.0,0.0,0.0,0.0,0.0
10904,Saudi Arabia,Sugar & Sweeteners,Feed,0.0,0.0,0.0,0.0,0.0,0.0,0.0,0.0,0.0,0.0,0.0,0.0,0.0,0.0,0.0,0.0,0.0,0.0
10905,Saudi Arabia,Sugar & Sweeteners,Domestic supply,617.0,645.0,671.0,715.0,736.0,799.0,824.0,828.0,856.0,899.0,904.0,901.0,910.0,915.0,948.0,1019.0,1064.0,1071.0
10906,Saudi Arabia,Sugar & Sweeteners,Export,23.0,10.0,11.0,79.0,283.0,244.0,306.0,476.0,403.0,318.0,506.0,468.0,505.0,437.0,822.0,698.0,542.0,552.0
10907,Saudi Arabia,Sugar & Sweeteners,Stock Variation,-42.0,-70.0,-47.0,31.0,164.0,37.0,30.0,-90.0,-295.0,14.0,-237.0,10.0,418.0,-488.0,211.0,117.0,342.0,377.0
10908,Saudi Arabia,Sugar & Sweeteners,Import,682.0,726.0,729.0,763.0,855.0,1005.0,1100.0,1394.0,1554.0,1203.0,1647.0,1359.0,998.0,1840.0,1734.0,1666.0,1793.0,1829.0
10909,Saudi Arabia,Sugar & Sweeteners,Production,0.0,0.0,0.0,0.0,0.0,0.0,0.0,0.0,0.0,0.0,0.0,0.0,0.0,0.0,246.0,169.0,155.0,171.0
10910,Saudi Arabia,Vegetable Oils,Human Consumption,333.0,349.0,341.0,374.0,343.0,366.0,389.0,377.0,423.0,427.0,444.0,447.0,570.0,579.0,597.0,585.0,641.0,638.0
10911,Saudi Arabia,Vegetable Oils,Other uses (non-food),11.0,9.0,8.0,10.0,12.0,56.0,89.0,83.0,78.0,58.0,64.0,84.0,108.0,114.0,121.0,88.0,105.0,212.0
10912,Saudi Arabia,Vegetable Oils,Domestic supply,344.0,358.0,350.0,383.0,354.0,420.0,477.0,460.0,501.0,484.0,507.0,528.0,679.0,689.0,710.0,659.0,632.0,776.0
10913,Saudi Arabia,Vegetable Oils,Export,20.0,28.0,34.0,36.0,36.0,63.0,47.0,75.0,54.0,69.0,134.0,209.0,214.0,207.0,214.0,243.0,309.0,232.0
10914,Saudi Arabia,Vegetable Oils,Stock Variation,0.0,30.0,-10.0,20.0,10.0,-30.0,-80.0,-70.0,45.0,-37.0,-80.0,-119.0,1.0,0.0,112.0,16.0,66.0,11.0
10915,Saudi Arabia,Vegetable Oils,Import,350.0,339.0,381.0,382.0,358.0,485.0,581.0,582.0,474.0,533.0,638.0,731.0,770.0,776.0,898.0,776.0,863.0,881.0
10916,Saudi Arabia,Treenuts,Export,0.0,0.0,1.0,1.0,1.0,1.0,1.0,1.0,1.0,1.0,1.0,1.0,1.0,1.0,1.0,1.0,0.0,0.0
10917,Saudi Arabia,Vegetable Oils,Production,15.0,16.0,13.0,18.0,22.0,28.0,23.0,24.0,36.0,57.0,82.0,125.0,122.0,120.0,139.0,142.0,145.0,138.0
10918,Saudi Arabia,Treenuts,Domestic supply,21.0,23.0,26.0,31.0,28.0,27.0,36.0,36.0,40.0,39.0,46.0,54.0,70.0,79.0,38.0,41.0,46.0,41.0
10919,Saudi Arabia,Oilcrops,Production,7.0,6.0,6.0,6.0,8.0,8.0,8.0,8.0,8.0,8.0,6.0,6.0,6.0,6.0,6.0,6.0,4.0,5.0
10920,Saudi Arabia,Animal fats,Stock Variation,0.0,0.0,0.0,0.0,0.0,0.0,0.0,0.0,0.0,0.0,0.0,0.0,0.0,0.0,1.0,3.0,31.0,33.0
10921,Saudi Arabia,Sugar Crops,Domestic supply,4.0,4.0,5.0,5.0,9.0,5.0,0.0,0.0,0.0,0.0,0.0,0.0,0.0,9.0,12.0,11.0,12.0,0.0
10922,Saudi Arabia,Sugar Crops,Export,0.0,0.0,0.0,0.0,0.0,0.0,0.0,0.0,0.0,0.0,0.0,0.0,0.0,0.0,0.0,0.0,0.0,1.0
10923,Saudi Arabia,Sugar Crops,Human Consumption,4.0,4.0,0.0,3.0,2.0,0.0,0.0,0.0,0.0,0.0,0.0,0.0,0.0,9.0,12.0,11.0,12.0,0.0
10924,Saudi Arabia,Sugar Crops,Feed,0.0,0.0,5.0,2.0,6.0,5.0,0.0,0.0,0.0,0.0,0.0,0.0,0.0,0.0,0.0,0.0,0.0,0.0
10925,Saudi Arabia,Sugar Crops,Domestic supply,4.0,4.0,5.0,5.0,9.0,5.0,0.0,0.0,0.0,0.0,0.0,0.0,0.0,9.0,12.0,11.0,12.0,0.0
10926,Saudi Arabia,Sugar Crops,Stock Variation,0.0,0.0,0.0,0.0,0.0,0.0,0.0,0.0,0.0,0.0,0.0,0.0,0.0,0.0,0.0,0.0,0.0,0.0
10927,Saudi Arabia,Sugar Crops,Import,4.0,4.0,5.0,5.0,9.0,5.0,0.0,0.0,0.0,0.0,0.0,0.0,0.0,9.0,12.0,11.0,12.0,1.0
10928,Saudi Arabia,Starchy Roots,Human Consumption,428.0,404.0,352.0,319.0,413.0,456.0,523.0,560.0,372.0,365.0,296.0,327.0,392.0,680.0,408.0,425.0,429.0,526.0
10929,Saudi Arabia,Starchy Roots,Other uses (non-food),0.0,0.0,0.0,0.0,0.0,0.0,0.0,0.0,0.0,0.0,0.0,0.0,0.0,0.0,0.0,0.0,22.0,17.0
10930,Saudi Arabia,Starchy Roots,Losses,39.0,34.0,36.0,35.0,44.0,48.0,52.0,52.0,51.0,47.0,46.0,47.0,47.0,42.0,46.0,49.0,50.0,51.0
10931,Saudi Arabia,Starchy Roots,Seed,34.0,36.0,36.0,39.0,47.0,50.0,51.0,47.0,46.0,40.0,42.0,42.0,40.0,40.0,43.0,46.0,47.0,48.0
10932,Saudi Arabia,Starchy Roots,Feed,0.0,0.0,0.0,0.0,0.0,0.0,0.0,0.0,0.0,0.0,0.0,2.0,2.0,2.0,1.0,1.0,2.0,2.0
10933,Saudi Arabia,Starchy Roots,Domestic supply,502.0,474.0,423.0,393.0,504.0,555.0,626.0,659.0,469.0,453.0,384.0,418.0,481.0,764.0,489.0,509.0,549.0,644.0
10934,Saudi Arabia,Starchy Roots,Export,33.0,46.0,52.0,97.0,102.0,146.0,169.0,172.0,159.0,101.0,484.0,460.0,376.0,29.0,16.0,22.0,1.0,0.0
10935,Saudi Arabia,Starchy Roots,Stock Variation,0.0,0.0,0.0,0.0,0.0,0.0,0.0,0.0,-83.0,-100.0,112.0,72.0,0.0,0.0,199.0,245.0,258.0,166.0
10936,Saudi Arabia,Starchy Roots,Import,154.0,204.0,160.0,172.0,219.0,259.0,326.0,368.0,249.0,181.0,333.0,380.0,435.0,391.0,275.0,317.0,341.0,334.0
10937,Saudi Arabia,Starchy Roots,Production,381.0,316.0,315.0,318.0,387.0,441.0,469.0,463.0,462.0,472.0,424.0,426.0,422.0,402.0,429.0,459.0,466.0,476.0
10938,Saudi Arabia,Oilcrops,Human Consumption,35.0,42.0,29.0,46.0,38.0,46.0,45.0,48.0,47.0,34.0,63.0,66.0,72.0,66.0,53.0,52.0,52.0,54.0
10939,Saudi Arabia,Oilcrops,Other uses (non-food),0.0,0.0,0.0,0.0,0.0,0.0,0.0,0.0,4.0,4.0,1.0,0.0,0.0,0.0,1.0,1.0,0.0,1.0
10940,Saudi Arabia,Oilcrops,Processing,45.0,48.0,45.0,63.0,69.0,99.0,75.0,79.0,148.0,269.0,405.0,635.0,610.0,601.0,705.0,717.0,734.0,697.0
10941,Saudi Arabia,Oilcrops,Losses,1.0,2.0,1.0,1.0,2.0,2.0,2.0,2.0,2.0,2.0,2.0,2.0,2.0,2.0,0.0,0.0,0.0,0.0
10942,Saudi Arabia,Oilcrops,Feed,10.0,1.0,1.0,1.0,1.0,1.0,1.0,27.0,27.0,38.0,55.0,92.0,85.0,84.0,107.0,21.0,104.0,100.0
10943,Saudi Arabia,Oilcrops,Domestic supply,92.0,93.0,75.0,111.0,110.0,148.0,123.0,156.0,228.0,346.0,526.0,795.0,769.0,753.0,866.0,792.0,890.0,853.0
10944,Saudi Arabia,Oilcrops,Export,0.0,0.0,1.0,1.0,1.0,1.0,2.0,8.0,8.0,8.0,1.0,1.0,1.0,1.0,1.0,1.0,4.0,1.0
10945,Saudi Arabia,Oilcrops,Stock Variation,0.0,0.0,0.0,0.0,0.0,0.0,0.0,0.0,0.0,0.0,0.0,0.0,0.0,0.0,-1.0,159.0,-47.0,2.0
10946,Saudi Arabia,Oilcrops,Import,85.0,87.0,70.0,106.0,103.0,141.0,118.0,156.0,227.0,346.0,521.0,789.0,764.0,748.0,861.0,946.0,842.0,850.0
10947,Saudi Arabia,Treenuts,Human Consumption,21.0,23.0,26.0,31.0,28.0,27.0,36.0,36.0,40.0,39.0,46.0,54.0,70.0,79.0,38.0,41.0,46.0,41.0
10948,Saudi Arabia,Vegetables,Human Consumption,1772.0,2022.0,2231.0,2280.0,2484.0,2498.0,2553.0,2512.0,2424.0,2465.0,2586.0,2605.0,2857.0,3038.0,1959.0,2004.0,1945.0,2063.0
10949,Saudi Arabia,Sugar Crops,Export,0.0,0.0,0.0,0.0,0.0,0.0,0.0,0.0,0.0,0.0,0.0,0.0,0.0,0.0,0.0,0.0,0.0,1.0
10950,Saudi Arabia,Vegetables,Processing,0.0,0.0,0.0,0.0,0.0,0.0,0.0,0.0,0.0,0.0,0.0,0.0,0.0,0.0,0.0,0.0,0.0,0.0
10951,Saudi Arabia,Alcoholic Beverages,Export,0.0,0.0,0.0,0.0,0.0,0.0,0.0,0.0,0.0,0.0,0.0,0.0,0.0,0.0,0.0,0.0,0.0,1.0
10952,Saudi Arabia,Alcoholic Beverages,Stock Variation,0.0,0.0,0.0,0.0,0.0,0.0,0.0,0.0,0.0,0.0,0.0,0.0,0.0,0.0,0.0,0.0,0.0,1.0
10953,Saudi Arabia,Alcoholic Beverages,Import,4.0,4.0,3.0,2.0,3.0,2.0,3.0,3.0,2.0,2.0,13.0,14.0,16.0,17.0,20.0,57.0,71.0,89.0
10954,Saudi Arabia,Miscellaneous,Human Consumption,12.0,15.0,10.0,10.0,14.0,18.0,22.0,23.0,21.0,22.0,30.0,36.0,39.0,29.0,258.0,284.0,247.0,242.0
10955,Saudi Arabia,Miscellaneous,Domestic supply,12.0,15.0,10.0,10.0,14.0,18.0,22.0,23.0,21.0,22.0,30.0,36.0,39.0,29.0,258.0,284.0,247.0,242.0
10956,Saudi Arabia,Miscellaneous,Export,0.0,0.0,0.0,1.0,1.0,0.0,1.0,1.0,1.0,1.0,0.0,0.0,0.0,1.0,49.0,48.0,38.0,28.0
10957,Saudi Arabia,Miscellaneous,Stock Variation,0.0,0.0,0.0,0.0,0.0,0.0,0.0,0.0,0.0,0.0,0.0,0.0,0.0,0.0,-3.0,0.0,2.0,-3.0
10958,Saudi Arabia,Miscellaneous,Import,12.0,15.0,10.0,12.0,15.0,19.0,23.0,24.0,22.0,23.0,30.0,36.0,39.0,30.0,303.0,332.0,287.0,267.0
10959,Saudi Arabia,Meat,Human Consumption,1070.0,1051.0,1056.0,1134.0,1132.0,1288.0,1271.0,1349.0,1327.0,1440.0,1612.0,1622.0,1640.0,1838.0,1771.0,1824.0,1754.0,1792.0
10960,Saudi Arabia,Meat,Processing,0.0,0.0,0.0,0.0,0.0,0.0,0.0,0.0,0.0,0.0,0.0,0.0,0.0,0.0,3.0,3.0,1.0,1.0
10961,Saudi Arabia,Meat,Domestic supply,1070.0,1051.0,1055.0,1134.0,1131.0,1288.0,1267.0,1346.0,1327.0,1440.0,1610.0,1620.0,1638.0,1837.0,1768.0,1827.0,1747.0,1792.0
10962,Saudi Arabia,Meat,Export,26.0,26.0,17.0,34.0,41.0,41.0,51.0,57.0,26.0,39.0,54.0,60.0,65.0,62.0,55.0,53.0,51.0,18.0
10963,Saudi Arabia,Meat,Stock Variation,-1.0,0.0,0.0,-5.0,-1.0,1.0,2.0,2.0,-1.0,-4.0,3.0,3.0,1.0,9.0,85.0,150.0,164.0,-54.0
10964,Saudi Arabia,Meat,Import,453.0,412.0,447.0,542.0,526.0,621.0,604.0,670.0,631.0,746.0,900.0,992.0,1027.0,1085.0,1015.0,1157.0,1072.0,872.0
10965,Saudi Arabia,Meat,Production,643.0,666.0,626.0,631.0,647.0,707.0,713.0,731.0,723.0,737.0,761.0,685.0,675.0,806.0,893.0,873.0,889.0,883.0
10966,Saudi Arabia,Offals,Human Consumption,80.0,78.0,71.0,87.0,82.0,91.0,88.0,89.0,82.0,88.0,96.0,91.0,91.0,109.0,50.0,53.0,52.0,56.0
10967,Saudi Arabia,Offals,Losses,9.0,9.0,8.0,10.0,12.0,12.0,11.0,12.0,9.0,9.0,13.0,12.0,16.0,13.0,14.0,14.0,14.0,8.0
10968,Saudi Arabia,Offals,Domestic supply,88.0,87.0,79.0,96.0,94.0,103.0,100.0,99.0,91.0,97.0,107.0,102.0,105.0,122.0,63.0,67.0,66.0,64.0
10969,Saudi Arabia,Offals,Export,0.0,0.0,1.0,1.0,0.0,0.0,1.0,3.0,1.0,0.0,2.0,2.0,3.0,0.0,0.0,3.0,0.0,0.0
10970,Saudi Arabia,Offals,Stock Variation,0.0,0.0,0.0,0.0,0.0,0.0,0.0,0.0,0.0,0.0,0.0,0.0,0.0,0.0,0.0,0.0,0.0,0.0
10971,Saudi Arabia,Offals,Import,8.0,5.0,1.0,17.0,11.0,13.0,10.0,10.0,3.0,6.0,13.0,12.0,17.0,15.0,13.0,16.0,14.0,11.0
10972,Saudi Arabia,Offals,Production,80.0,83.0,80.0,80.0,84.0,90.0,90.0,92.0,89.0,91.0,96.0,92.0,92.0,107.0,50.0,54.0,52.0,53.0
10973,Saudi Arabia,Animal fats,Human Consumption,36.0,37.0,39.0,42.0,39.0,36.0,57.0,60.0,53.0,62.0,77.0,79.0,151.0,139.0,145.0,146.0,121.0,142.0
10974,Saudi Arabia,Vegetables,Other uses (non-food),0.0,1.0,1.0,1.0,1.0,2.0,0.0,0.0,0.0,0.0,0.0,0.0,0.0,0.0,0.0,0.0,0.0,0.0
10975,Saudi Arabia,Animal fats,Losses,0.0,0.0,0.0,0.0,0.0,0.0,0.0,0.0,0.0,0.0,0.0,0.0,0.0,0.0,3.0,3.0,3.0,3.0
10976,Saudi Arabia,Animal fats,Feed,0.0,0.0,0.0,1.0,0.0,0.0,0.0,0.0,0.0,0.0,0.0,1.0,0.0,0.0,0.0,1.0,0.0,1.0
10977,Saudi Arabia,Animal fats,Domestic supply,42.0,44.0,51.0,51.0,50.0,51.0,62.0,64.0,57.0,65.0,82.0,86.0,156.0,146.0,155.0,157.0,131.0,151.0
10978,Saudi Arabia,Alcoholic Beverages,Domestic supply,4.0,4.0,3.0,2.0,2.0,2.0,3.0,3.0,2.0,2.0,13.0,14.0,16.0,17.0,20.0,57.0,70.0,88.0
10979,Saudi Arabia,Alcoholic Beverages,Other uses (non-food),3.0,3.0,2.0,2.0,2.0,2.0,3.0,3.0,2.0,2.0,13.0,14.0,16.0,17.0,20.0,57.0,70.0,88.0
10980,Saudi Arabia,Animal fats,Other uses (non-food),6.0,7.0,13.0,8.0,11.0,15.0,4.0,4.0,4.0,4.0,5.0,7.0,5.0,6.0,8.0,7.0,8.0,8.0
10981,Saudi Arabia,Spices,Import,37.0,38.0,43.0,52.0,55.0,61.0,66.0,71.0,55.0,28.0,82.0,96.0,104.0,101.0,103.0,114.0,87.0,94.0
10982,Saudi Arabia,Vegetables,Domestic supply,1948.0,2223.0,2452.0,2508.0,2737.0,2753.0,2805.0,2762.0,2661.0,2724.0,2852.0,2874.0,3138.0,3312.0,2078.0,2119.0,2090.0,2236.0
10983,Saudi Arabia,Vegetables,Feed,0.0,0.0,0.0,1.0,0.0,0.0,0.0,0.0,0.0,0.0,0.0,0.0,0.0,0.0,0.0,0.0,0.0,0.0
10984,Saudi Arabia,Alcoholic Beverages,Human Consumption,0.0,1.0,1.0,1.0,1.0,0.0,0.0,0.0,0.0,0.0,0.0,0.0,0.0,0.0,0.0,0.0,0.0,0.0
10985,Saudi Arabia,Vegetables,Losses,176.0,200.0,220.0,229.0,251.0,253.0,252.0,250.0,237.0,259.0,267.0,269.0,280.0,278.0,170.0,176.0,179.0,182.0
10986,Saudi Arabia,Vegetables,Stock Variation,0.0,0.0,-1.0,0.0,1.0,0.0,0.0,0.0,-23.0,23.0,0.0,0.0,0.0,0.0,-6.0,49.0,9.0,8.0
10987,Saudi Arabia,Vegetables,Import,467.0,491.0,701.0,743.0,751.0,844.0,849.0,859.0,528.0,678.0,1066.0,1096.0,1140.0,1044.0,971.0,1114.0,935.0,952.0
10988,Saudi Arabia,Vegetables,Production,1547.0,1791.0,1823.0,1899.0,2152.0,2152.0,2140.0,2133.0,2267.0,2240.0,2254.0,2299.0,2421.0,2508.0,1271.0,1263.0,1352.0,1353.0
10989,Saudi Arabia,Fruits - Excluding Wine,Human Consumption,1885.0,1982.0,2125.0,2299.0,2288.0,2545.0,2459.0,2418.0,2176.0,1970.0,2200.0,2398.0,2605.0,2638.0,2162.0,2200.0,2387.0,2547.0
10990,Saudi Arabia,Fruits - Excluding Wine,Processing,0.0,0.0,0.0,0.0,0.0,0.0,0.0,0.0,0.0,0.0,0.0,0.0,0.0,0.0,119.0,117.0,151.0,147.0
10991,Saudi Arabia,Fruits - Excluding Wine,Losses,77.0,74.0,79.0,84.0,88.0,100.0,101.0,102.0,101.0,90.0,116.0,123.0,127.0,126.0,109.0,117.0,93.0,97.0
10992,Saudi Arabia,Fruits - Excluding Wine,Domestic supply,1961.0,2056.0,2204.0,2151.0,2131.0,2645.0,2560.0,2519.0,2277.0,2060.0,2316.0,2521.0,2732.0,2764.0,2390.0,2434.0,2626.0,2788.0
10993,Saudi Arabia,Fruits - Excluding Wine,Export,143.0,152.0,462.0,899.0,1043.0,530.0,859.0,1290.0,1250.0,1149.0,1136.0,1160.0,1305.0,1404.0,1142.0,1092.0,796.0,640.0
10994,Saudi Arabia,Fruits - Excluding Wine,Stock Variation,-54.0,-30.0,-13.0,58.0,32.0,100.0,-117.0,184.0,158.0,122.0,36.0,41.0,243.0,343.0,-114.0,-50.0,106.0,201.0
10995,Saudi Arabia,Fruits - Excluding Wine,Import,969.0,1028.0,1438.0,1662.0,1688.0,1521.0,1987.0,2043.0,1753.0,1467.0,1867.0,2031.0,2154.0,2136.0,1873.0,1997.0,1927.0,1909.0
10996,Saudi Arabia,Vegetables,Export,66.0,59.0,71.0,135.0,166.0,243.0,184.0,230.0,111.0,217.0,467.0,521.0,423.0,240.0,169.0,209.0,188.0,61.0
10997,Saudi Arabia,Stimulants,Human Consumption,59.0,54.0,61.0,66.0,74.0,80.0,86.0,100.0,78.0,64.0,125.0,137.0,162.0,171.0,92.0,94.0,80.0,74.0
10998,Saudi Arabia,Fruits - Excluding Wine,Production,1188.0,1210.0,1241.0,1331.0,1455.0,1555.0,1549.0,1582.0,1616.0,1619.0,1549.0,1609.0,1639.0,1689.0,1545.0,1478.0,1601.0,1720.0
10999,Saudi Arabia,Spices,Export,1.0,1.0,2.0,4.0,2.0,3.0,3.0,3.0,1.0,1.0,4.0,5.0,6.0,5.0,8.0,10.0,0.0,0.0
11000,Saudi Arabia,Spices,Domestic supply,36.0,36.0,41.0,49.0,53.0,59.0,63.0,68.0,54.0,27.0,78.0,91.0,98.0,96.0,99.0,98.0,88.0,88.0
11001,Saudi Arabia,Stimulants,Production,0.0,0.0,0.0,0.0,0.0,0.0,0.0,0.0,0.0,0.0,0.0,0.0,0.0,0.0,0.0,0.0,0.0,0.0
11002,Saudi Arabia,Stimulants,Import,61.0,57.0,64.0,70.0,79.0,87.0,93.0,106.0,84.0,67.0,135.0,144.0,168.0,176.0,101.0,112.0,72.0,87.0
11003,Saudi Arabia,Spices,Stock Variation,0.0,0.0,0.0,0.0,0.0,0.0,0.0,0.0,0.0,0.0,0.0,0.0,0.0,0.0,-4.0,6.0,-2.0,5.0
11004,Saudi Arabia,Spices,Human Consumption,36.0,36.0,41.0,49.0,53.0,59.0,63.0,68.0,54.0,27.0,78.0,91.0,98.0,96.0,99.0,98.0,88.0,88.0
11005,Saudi Arabia,Stimulants,Export,2.0,3.0,3.0,5.0,5.0,6.0,7.0,6.0,6.0,3.0,10.0,8.0,6.0,5.0,5.0,4.0,2.0,2.0
11006,Saudi Arabia,Stimulants,Domestic supply,59.0,54.0,61.0,66.0,74.0,80.0,86.0,100.0,78.0,64.0,125.0,137.0,162.0,170.0,92.0,94.0,80.0,74.0
11007,Saudi Arabia,Stimulants,Seed,0.0,0.0,0.0,0.0,0.0,0.0,0.0,0.0,0.0,0.0,0.0,0.0,0.0,0.0,0.0,0.0,0.0,0.0
11008,Saudi Arabia,Stimulants,Losses,0.0,0.0,0.0,0.0,0.0,0.0,0.0,0.0,0.0,0.0,0.0,0.0,0.0,0.0,0.0,0.0,0.0,0.0
11009,Saudi Arabia,Stimulants,Processing,0.0,0.0,0.0,0.0,0.0,0.0,0.0,0.0,0.0,0.0,0.0,0.0,0.0,0.0,0.0,0.0,0.0,0.0
11010,Saudi Arabia,Stimulants,Stock Variation,0.0,0.0,0.0,0.0,0.0,0.0,0.0,0.0,0.0,0.0,0.0,0.0,0.0,0.0,4.0,13.0,-9.0,11.0
11011,Senegal,Vegetables,Other uses (non-food),0.0,0.0,0.0,0.0,0.0,0.0,0.0,0.0,0.0,0.0,0.0,0.0,0.0,0.0,0.0,0.0,0.0,0.0
11012,Senegal,Vegetables,Human Consumption,448.0,461.0,530.0,660.0,626.0,605.0,648.0,693.0,763.0,769.0,833.0,756.0,789.0,769.0,848.0,995.0,999.0,1070.0
11013,Senegal,Vegetable Oils,Production,171.0,232.0,215.0,121.0,76.0,109.0,76.0,108.0,101.0,163.0,181.0,238.0,132.0,136.0,154.0,151.0,152.0,120.0
11014,Senegal,Vegetable Oils,Import,101.0,121.0,80.0,138.0,138.0,149.0,147.0,154.0,155.0,133.0,117.0,115.0,168.0,144.0,145.0,138.0,148.0,232.0
11015,Senegal,Vegetable Oils,Stock Variation,34.0,-15.0,15.0,-20.0,-6.0,-23.0,28.0,-5.0,-25.0,5.0,8.0,9.0,-7.0,23.0,1.0,1.0,22.0,59.0
11016,Senegal,Vegetable Oils,Export,130.0,114.0,84.0,40.0,24.0,24.0,67.0,71.0,13.0,32.0,58.0,67.0,19.0,21.0,34.0,63.0,23.0,26.0
11017,Senegal,Vegetable Oils,Domestic supply,176.0,225.0,225.0,199.0,184.0,211.0,184.0,187.0,218.0,269.0,248.0,294.0,274.0,282.0,265.0,225.0,255.0,266.0
11018,Senegal,Vegetable Oils,Feed,0.0,0.0,0.0,0.0,0.0,0.0,0.0,0.0,0.0,0.0,0.0,0.0,0.0,0.0,0.0,0.0,0.0,0.0
11019,Senegal,Vegetable Oils,Seed,0.0,0.0,0.0,0.0,0.0,0.0,0.0,0.0,0.0,0.0,0.0,0.0,0.0,0.0,0.0,0.0,0.0,0.0
11020,Senegal,Sugar & Sweeteners,Import,26.0,68.0,52.0,59.0,35.0,77.0,90.0,90.0,68.0,100.0,140.0,165.0,156.0,181.0,99.0,122.0,172.0,287.0
11021,Senegal,Vegetable Oils,Processing,0.0,0.0,0.0,0.0,0.0,0.0,0.0,0.0,0.0,0.0,0.0,0.0,0.0,0.0,0.0,0.0,0.0,0.0
11022,Senegal,Vegetable Oils,Other uses (non-food),30.0,70.0,70.0,47.0,36.0,54.0,27.0,25.0,10.0,59.0,21.0,54.0,43.0,43.0,6.0,7.0,4.0,5.0
11023,Senegal,Vegetable Oils,Human Consumption,146.0,154.0,155.0,152.0,147.0,157.0,157.0,161.0,208.0,210.0,226.0,240.0,231.0,239.0,258.0,217.0,251.0,262.0
11024,Senegal,Sugar & Sweeteners,Production,91.0,84.0,84.0,82.0,81.0,91.0,97.0,98.0,102.0,94.0,105.0,108.0,110.0,111.0,118.0,119.0,129.0,129.0
11025,Senegal,Sugar & Sweeteners,Stock Variation,0.0,0.0,0.0,0.0,11.0,-32.0,0.0,0.0,0.0,0.0,0.0,0.0,0.0,0.0,0.0,0.0,22.0,76.0
11026,Senegal,Sugar & Sweeteners,Export,0.0,1.0,0.0,1.0,1.0,1.0,1.0,1.0,1.0,1.0,1.0,4.0,3.0,2.0,4.0,4.0,5.0,12.0
11027,Senegal,Sugar & Sweeteners,Domestic supply,116.0,152.0,136.0,140.0,125.0,135.0,186.0,187.0,169.0,193.0,244.0,268.0,264.0,291.0,212.0,236.0,274.0,327.0
11028,Senegal,Sugar & Sweeteners,Feed,0.0,0.0,0.0,0.0,0.0,0.0,0.0,0.0,0.0,0.0,0.0,0.0,0.0,0.0,0.0,0.0,0.0,0.0
11029,Senegal,Sugar & Sweeteners,Seed,0.0,0.0,0.0,0.0,0.0,0.0,0.0,0.0,0.0,0.0,0.0,0.0,0.0,0.0,0.0,0.0,0.0,0.0
11030,Senegal,Sugar & Sweeteners,Losses,0.0,0.0,0.0,0.0,0.0,0.0,0.0,0.0,0.0,0.0,0.0,0.0,0.0,0.0,0.0,0.0,0.0,0.0
11031,Senegal,Vegetables,Processing,0.0,0.0,0.0,0.0,0.0,0.0,0.0,0.0,0.0,0.0,0.0,0.0,0.0,0.0,0.0,0.0,0.0,0.0
11032,Senegal,Sugar & Sweeteners,Other uses (non-food),0.0,0.0,0.0,0.0,0.0,0.0,0.0,0.0,0.0,0.0,38.0,54.0,33.0,33.0,29.0,27.0,32.0,43.0
11033,Senegal,Vegetable Oils,Losses,0.0,0.0,0.0,0.0,0.0,0.0,0.0,0.0,0.0,0.0,0.0,0.0,0.0,0.0,0.0,0.0,0.0,0.0
11034,Senegal,Sugar & Sweeteners,Processing,0.0,0.0,0.0,0.0,0.0,0.0,0.0,0.0,0.0,0.0,0.0,0.0,0.0,0.0,3.0,3.0,6.0,0.0
11035,Senegal,Fruits - Excluding Wine,Seed,0.0,0.0,0.0,0.0,0.0,0.0,0.0,0.0,0.0,0.0,0.0,0.0,0.0,0.0,0.0,0.0,0.0,0.0
11036,Senegal,Vegetables,Seed,0.0,0.0,0.0,0.0,0.0,0.0,0.0,0.0,0.0,0.0,0.0,0.0,0.0,0.0,0.0,0.0,0.0,0.0
11037,Senegal,Stimulants,Stock Variation,0.0,0.0,0.0,0.0,0.0,0.0,0.0,0.0,0.0,0.0,0.0,0.0,0.0,0.0,0.0,0.0,0.0,0.0
11038,Senegal,Sugar & Sweeteners,Human Consumption,116.0,152.0,136.0,140.0,125.0,135.0,186.0,187.0,169.0,193.0,206.0,214.0,231.0,258.0,197.0,209.0,242.0,284.0
11039,Senegal,Stimulants,Export,0.0,0.0,0.0,1.0,1.0,1.0,2.0,1.0,1.0,1.0,1.0,3.0,2.0,3.0,3.0,3.0,1.0,2.0
11040,Senegal,Stimulants,Domestic supply,8.0,8.0,7.0,10.0,8.0,9.0,7.0,11.0,10.0,12.0,11.0,8.0,10.0,10.0,7.0,10.0,17.0,16.0
11041,Senegal,Stimulants,Feed,0.0,0.0,0.0,0.0,0.0,0.0,0.0,0.0,0.0,0.0,0.0,0.0,0.0,0.0,0.0,0.0,0.0,0.0
11042,Senegal,Stimulants,Seed,0.0,0.0,0.0,0.0,0.0,0.0,0.0,0.0,0.0,0.0,0.0,0.0,0.0,0.0,0.0,0.0,0.0,0.0
11043,Senegal,Stimulants,Losses,0.0,0.0,0.0,0.0,0.0,0.0,0.0,0.0,0.0,0.0,0.0,0.0,0.0,0.0,0.0,0.0,0.0,0.0
11044,Senegal,Stimulants,Processing,0.0,0.0,0.0,0.0,0.0,0.0,0.0,0.0,0.0,0.0,0.0,0.0,0.0,0.0,0.0,0.0,0.0,0.0
11045,Senegal,Stimulants,Other uses (non-food),0.0,0.0,0.0,0.0,0.0,0.0,0.0,0.0,0.0,0.0,0.0,0.0,0.0,0.0,0.0,0.0,0.0,0.0
11046,Senegal,Stimulants,Human Consumption,8.0,8.0,7.0,10.0,8.0,9.0,7.0,11.0,10.0,12.0,11.0,8.0,10.0,10.0,7.0,10.0,17.0,16.0
11047,Senegal,Fruits - Excluding Wine,Production,133.0,155.0,152.0,172.0,130.0,142.0,174.0,184.0,191.0,210.0,196.0,229.0,240.0,252.0,268.0,260.0,265.0,256.0
11048,Senegal,Fruits - Excluding Wine,Import,17.0,23.0,26.0,31.0,39.0,41.0,41.0,53.0,57.0,48.0,46.0,56.0,108.0,109.0,83.0,62.0,99.0,122.0
11049,Senegal,Vegetables,Losses,32.0,35.0,43.0,58.0,50.0,52.0,51.0,58.0,63.0,61.0,68.0,63.0,66.0,64.0,88.0,103.0,101.0,106.0
11050,Senegal,Fruits - Excluding Wine,Stock Variation,0.0,0.0,0.0,0.0,0.0,0.0,0.0,0.0,0.0,0.0,0.0,0.0,0.0,1.0,0.0,0.0,0.0,0.0
11051,Senegal,Fruits - Excluding Wine,Domestic supply,149.0,176.0,174.0,200.0,163.0,178.0,207.0,226.0,236.0,246.0,234.0,276.0,336.0,345.0,335.0,306.0,347.0,356.0
11052,Senegal,Fruits - Excluding Wine,Feed,0.0,0.0,0.0,0.0,0.0,0.0,0.0,0.0,0.0,0.0,0.0,0.0,0.0,0.0,0.0,0.0,0.0,0.0
11053,Senegal,Fruits - Excluding Wine,Losses,21.0,24.0,24.0,27.0,21.0,22.0,27.0,30.0,31.0,32.0,31.0,36.0,37.0,39.0,40.0,38.0,39.0,39.0
11054,Senegal,Fruits - Excluding Wine,Processing,0.0,0.0,0.0,0.0,0.0,0.0,0.0,0.0,0.0,0.0,0.0,0.0,0.0,0.0,0.0,0.0,0.0,0.0
11055,Senegal,Fruits - Excluding Wine,Other uses (non-food),0.0,0.0,0.0,0.0,0.0,0.0,0.0,0.0,0.0,0.0,0.0,0.0,0.0,0.0,0.0,0.0,0.0,0.0
11056,Senegal,Fruits - Excluding Wine,Human Consumption,128.0,151.0,150.0,174.0,142.0,157.0,180.0,196.0,208.0,218.0,205.0,241.0,299.0,306.0,298.0,271.0,312.0,318.0
11057,Senegal,Vegetables,Production,407.0,428.0,501.0,643.0,579.0,532.0,594.0,630.0,679.0,643.0,752.0,675.0,726.0,716.0,837.0,957.0,947.0,995.0
11058,Senegal,Vegetables,Import,75.0,72.0,78.0,82.0,111.0,142.0,122.0,142.0,168.0,210.0,177.0,177.0,179.0,195.0,174.0,217.0,224.0,273.0
11059,Senegal,Vegetables,Stock Variation,0.0,0.0,0.0,0.0,0.0,0.0,0.0,0.0,-1.0,0.0,-1.0,0.0,0.0,0.0,0.0,0.0,0.0,0.0
11060,Senegal,Vegetables,Export,2.0,3.0,6.0,7.0,15.0,18.0,18.0,22.0,23.0,25.0,30.0,43.0,65.0,84.0,77.0,77.0,71.0,93.0
11061,Senegal,Vegetables,Domestic supply,480.0,497.0,573.0,718.0,675.0,657.0,698.0,749.0,823.0,828.0,899.0,811.0,839.0,827.0,934.0,1096.0,1099.0,1175.0
11062,Senegal,Vegetables,Feed,0.0,0.0,0.0,0.0,0.0,0.0,0.0,0.0,0.0,0.0,0.0,0.0,0.0,0.0,0.0,0.0,0.0,0.0
11063,Senegal,Fruits - Excluding Wine,Export,1.0,3.0,4.0,3.0,5.0,5.0,8.0,10.0,12.0,12.0,7.0,8.0,12.0,17.0,15.0,16.0,16.0,21.0
11064,Senegal,Pulses,Production,48.0,32.0,13.0,35.0,12.0,93.0,53.0,60.0,126.0,87.0,49.0,28.0,55.0,41.0,64.0,66.0,61.0,59.0
11065,Senegal,Oilcrops,Feed,0.0,0.0,0.0,0.0,0.0,0.0,4.0,10.0,4.0,8.0,8.0,11.0,16.0,0.0,0.0,0.0,0.0,0.0
11066,Senegal,Pulses,Stock Variation,0.0,0.0,0.0,-16.0,14.0,-41.0,15.0,5.0,-35.0,-10.0,25.0,40.0,0.0,1.0,-4.0,5.0,-10.0,0.0
11067,Senegal,Oilcrops,Human Consumption,40.0,47.0,53.0,48.0,65.0,59.0,58.0,61.0,65.0,77.0,90.0,85.0,73.0,83.0,100.0,107.0,108.0,104.0
11068,Senegal,Starchy Roots,Production,180.0,188.0,156.0,215.0,435.0,315.0,165.0,356.0,964.0,341.0,266.0,208.0,234.0,203.0,352.0,562.0,570.0,568.0
11069,Senegal,Starchy Roots,Import,27.0,28.0,33.0,38.0,45.0,65.0,68.0,76.0,86.0,88.0,82.0,91.0,106.0,76.0,91.0,105.0,99.0,92.0
11070,Senegal,Starchy Roots,Stock Variation,0.0,0.0,0.0,0.0,-50.0,-40.0,40.0,0.0,0.0,0.0,0.0,0.0,0.0,0.0,54.0,205.0,182.0,171.0
11071,Senegal,Starchy Roots,Export,0.0,0.0,0.0,0.0,0.0,0.0,0.0,0.0,0.0,0.0,0.0,0.0,0.0,1.0,3.0,4.0,5.0,7.0
11072,Senegal,Starchy Roots,Domestic supply,207.0,216.0,189.0,253.0,430.0,340.0,273.0,432.0,1050.0,428.0,348.0,299.0,341.0,278.0,387.0,459.0,482.0,483.0
11073,Senegal,Starchy Roots,Feed,0.0,0.0,0.0,0.0,50.0,10.0,40.0,50.0,500.0,50.0,5.0,5.0,10.0,5.0,34.0,56.0,51.0,44.0
11074,Senegal,Starchy Roots,Seed,0.0,0.0,0.0,0.0,0.0,1.0,1.0,0.0,1.0,1.0,1.0,1.0,1.0,1.0,1.0,1.0,2.0,3.0
11075,Senegal,Starchy Roots,Losses,29.0,30.0,26.0,35.0,69.0,53.0,30.0,60.0,151.0,58.0,46.0,38.0,43.0,35.0,55.0,84.0,80.0,76.0
11076,Senegal,Starchy Roots,Processing,0.0,0.0,0.0,0.0,0.0,0.0,0.0,0.0,0.0,0.0,0.0,0.0,0.0,0.0,0.0,0.0,0.0,0.0
11077,Senegal,Starchy Roots,Other uses (non-food),1.0,1.0,1.0,2.0,2.0,4.0,4.0,6.0,9.0,5.0,5.0,9.0,9.0,8.0,6.0,4.0,6.0,5.0
11078,Senegal,Oilcrops,Other uses (non-food),43.0,41.0,84.0,89.0,199.0,132.0,208.0,121.0,153.0,89.0,121.0,106.0,291.0,267.0,223.0,338.0,204.0,304.0
11079,Senegal,Starchy Roots,Human Consumption,177.0,185.0,161.0,215.0,309.0,273.0,198.0,316.0,389.0,314.0,291.0,246.0,277.0,228.0,292.0,313.0,342.0,355.0
11080,Senegal,Sugar Crops,Import,0.0,0.0,0.0,0.0,0.0,0.0,0.0,0.0,0.0,0.0,0.0,0.0,0.0,0.0,0.0,0.0,0.0,0.0
11081,Senegal,Sugar Crops,Stock Variation,0.0,0.0,0.0,0.0,0.0,0.0,0.0,0.0,0.0,0.0,0.0,0.0,0.0,0.0,-693.0,-670.0,-773.0,-785.0
11082,Senegal,Sugar Crops,Export,0.0,0.0,0.0,0.0,0.0,0.0,0.0,0.0,0.0,0.0,0.0,0.0,0.0,0.0,0.0,0.0,0.0,0.0
11083,Senegal,Sugar Crops,Domestic supply,850.0,840.0,820.0,830.0,829.0,829.0,830.0,836.0,836.0,836.0,850.0,880.0,900.0,890.0,1188.0,1134.0,1237.0,1250.0
11084,Senegal,Sugar Crops,Feed,0.0,0.0,0.0,0.0,0.0,0.0,0.0,0.0,0.0,0.0,0.0,0.0,0.0,0.0,222.0,161.0,182.0,195.0
11085,Senegal,Sugar Crops,Seed,0.0,0.0,0.0,0.0,0.0,0.0,0.0,0.0,0.0,0.0,0.0,0.0,0.0,0.0,0.0,0.0,0.0,0.0
11086,Senegal,Sugar Crops,Losses,0.0,0.0,0.0,0.0,0.0,0.0,0.0,0.0,0.0,0.0,0.0,0.0,0.0,0.0,26.0,25.0,25.0,25.0
11087,Senegal,Sugar Crops,Processing,850.0,840.0,820.0,830.0,829.0,829.0,830.0,836.0,836.0,836.0,850.0,880.0,900.0,890.0,940.0,948.0,1031.0,1031.0
11088,Senegal,Sugar Crops,Other uses (non-food),0.0,0.0,0.0,0.0,0.0,0.0,0.0,0.0,0.0,0.0,0.0,0.0,0.0,0.0,0.0,0.0,0.0,0.0
11089,Senegal,Sugar Crops,Human Consumption,0.0,0.0,0.0,0.0,0.0,0.0,0.0,0.0,0.0,0.0,0.0,0.0,0.0,0.0,0.0,0.0,0.0,0.0
11090,Senegal,Stimulants,Import,8.0,9.0,7.0,10.0,9.0,10.0,10.0,12.0,11.0,13.0,12.0,12.0,12.0,14.0,10.0,13.0,18.0,18.0
11091,Senegal,Sugar Crops,Production,850.0,840.0,820.0,830.0,829.0,829.0,830.0,836.0,836.0,836.0,850.0,880.0,900.0,890.0,495.0,464.0,464.0,465.0
11092,Senegal,Pulses,Import,1.0,0.0,1.0,2.0,3.0,3.0,4.0,4.0,5.0,7.0,4.0,3.0,6.0,10.0,8.0,25.0,12.0,13.0
11093,Senegal,Oilcrops,Processing,364.0,497.0,462.0,266.0,161.0,236.0,159.0,232.0,209.0,340.0,376.0,496.0,265.0,273.0,440.0,497.0,335.0,438.0
11094,Senegal,Oilcrops,Seed,80.0,74.0,68.0,68.0,60.0,40.0,33.0,39.0,38.0,45.0,38.0,32.0,31.0,31.0,47.0,72.0,49.0,62.0
11095,Senegal,Pulses,Export,0.0,0.0,0.0,0.0,0.0,1.0,0.0,0.0,0.0,0.0,0.0,1.0,1.0,2.0,2.0,3.0,1.0,1.0
11096,Senegal,Pulses,Domestic supply,48.0,32.0,14.0,21.0,29.0,55.0,72.0,69.0,96.0,83.0,78.0,70.0,61.0,50.0,74.0,84.0,82.0,71.0
11097,Senegal,Pulses,Feed,0.0,0.0,0.0,0.0,0.0,0.0,0.0,0.0,0.0,0.0,0.0,0.0,0.0,0.0,2.0,0.0,7.0,1.0
11098,Senegal,Pulses,Seed,3.0,4.0,4.0,6.0,7.0,6.0,5.0,8.0,6.0,4.0,3.0,4.0,4.0,5.0,4.0,5.0,4.0,4.0
11099,Senegal,Pulses,Losses,0.0,0.0,0.0,0.0,0.0,0.0,0.0,0.0,0.0,0.0,0.0,0.0,0.0,0.0,3.0,3.0,3.0,3.0
11100,Senegal,Pulses,Processing,0.0,0.0,0.0,0.0,0.0,0.0,0.0,0.0,0.0,0.0,0.0,0.0,0.0,0.0,0.0,0.0,0.0,0.0
11101,Senegal,Pulses,Other uses (non-food),0.0,0.0,0.0,0.0,0.0,10.0,10.0,10.0,10.0,10.0,10.0,0.0,0.0,0.0,2.0,0.0,2.0,0.0
11102,Senegal,Pulses,Human Consumption,45.0,28.0,10.0,15.0,22.0,39.0,57.0,51.0,80.0,69.0,65.0,66.0,57.0,46.0,62.0,74.0,68.0,64.0
11103,Senegal,Treenuts,Production,13.0,10.0,11.0,11.0,12.0,14.0,15.0,8.0,8.0,9.0,9.0,10.0,10.0,10.0,11.0,12.0,14.0,13.0
11104,Senegal,Treenuts,Import,1.0,0.0,1.0,4.0,4.0,2.0,2.0,4.0,2.0,2.0,3.0,2.0,4.0,4.0,6.0,2.0,7.0,4.0
11105,Senegal,Treenuts,Stock Variation,0.0,0.0,0.0,0.0,0.0,0.0,0.0,0.0,0.0,0.0,0.0,0.0,0.0,0.0,0.0,0.0,-1.0,0.0
11106,Senegal,Oilcrops,Losses,45.0,35.0,35.0,32.0,35.0,28.0,25.0,18.0,25.0,18.0,25.0,11.0,11.0,11.0,23.0,24.0,27.0,32.0
11107,Senegal,Treenuts,Export,7.0,3.0,5.0,0.0,1.0,2.0,3.0,2.0,0.0,1.0,0.0,0.0,0.0,2.0,1.0,2.0,10.0,2.0
11108,Senegal,Treenuts,Feed,0.0,0.0,0.0,0.0,0.0,0.0,0.0,0.0,0.0,0.0,0.0,0.0,0.0,0.0,0.0,0.0,0.0,0.0
11109,Senegal,Treenuts,Seed,0.0,0.0,0.0,0.0,0.0,0.0,0.0,0.0,0.0,0.0,0.0,0.0,0.0,0.0,0.0,0.0,0.0,0.0
11110,Senegal,Treenuts,Losses,0.0,0.0,0.0,0.0,0.0,0.0,0.0,0.0,0.0,0.0,0.0,0.0,0.0,0.0,1.0,1.0,1.0,1.0
11111,Senegal,Treenuts,Processing,0.0,0.0,0.0,0.0,0.0,0.0,0.0,0.0,0.0,0.0,0.0,0.0,0.0,0.0,0.0,0.0,0.0,0.0
11112,Senegal,Treenuts,Other uses (non-food),0.0,0.0,0.0,0.0,0.0,0.0,0.0,0.0,0.0,0.0,0.0,0.0,0.0,0.0,0.0,0.0,0.0,0.0
11113,Senegal,Treenuts,Human Consumption,7.0,7.0,8.0,14.0,15.0,15.0,14.0,9.0,10.0,10.0,12.0,12.0,14.0,12.0,16.0,13.0,11.0,14.0
11114,Senegal,Oilcrops,Production,766.0,653.0,217.0,367.0,485.0,568.0,393.0,276.0,560.0,755.0,935.0,401.0,520.0,509.0,826.0,1216.0,883.0,1084.0
11115,Senegal,Oilcrops,Import,4.0,5.0,5.0,7.0,7.0,13.0,16.0,24.0,18.0,25.0,40.0,33.0,39.0,34.0,29.0,31.0,32.0,23.0
11116,Senegal,Oilcrops,Stock Variation,-192.0,38.0,483.0,130.0,35.0,-84.0,89.0,186.0,-77.0,-200.0,-304.0,325.0,154.0,169.0,-2.0,58.0,8.0,32.0
11117,Senegal,Oilcrops,Export,5.0,3.0,4.0,1.0,7.0,1.0,12.0,6.0,8.0,5.0,13.0,20.0,27.0,47.0,25.0,153.0,186.0,140.0
11118,Senegal,Oilcrops,Domestic supply,573.0,693.0,702.0,502.0,521.0,495.0,486.0,480.0,494.0,576.0,659.0,739.0,686.0,664.0,832.0,1036.0,720.0,936.0
11119,Senegal,Treenuts,Domestic supply,7.0,7.0,8.0,14.0,15.0,15.0,14.0,9.0,10.0,10.0,12.0,12.0,14.0,12.0,17.0,13.0,11.0,15.0
11120,Senegal,Stimulants,Production,0.0,0.0,0.0,0.0,0.0,0.0,0.0,0.0,0.0,0.0,0.0,0.0,0.0,0.0,0.0,0.0,0.0,0.0
11121,Senegal,Animal fats,Feed,0.0,0.0,0.0,0.0,0.0,0.0,0.0,0.0,0.0,0.0,0.0,0.0,0.0,0.0,0.0,0.0,0.0,0.0
11122,Senegal,Spices,Other uses (non-food),0.0,0.0,0.0,0.0,0.0,0.0,0.0,0.0,0.0,0.0,0.0,0.0,0.0,0.0,0.0,0.0,0.0,0.0
11123,Senegal,Eggs,Export,0.0,0.0,0.0,0.0,0.0,0.0,0.0,0.0,0.0,0.0,0.0,0.0,0.0,0.0,0.0,0.0,0.0,0.0
11124,Senegal,Eggs,Feed,0.0,0.0,0.0,0.0,0.0,0.0,0.0,0.0,0.0,0.0,0.0,0.0,0.0,0.0,0.0,0.0,0.0,0.0
11125,Senegal,Eggs,Seed,1.0,1.0,1.0,1.0,1.0,1.0,1.0,2.0,3.0,2.0,3.0,3.0,3.0,3.0,3.0,3.0,3.0,3.0
11126,Senegal,Eggs,Losses,0.0,0.0,0.0,0.0,0.0,0.0,0.0,0.0,12.0,3.0,0.0,0.0,1.0,0.0,1.0,1.0,1.0,1.0
11127,Senegal,Eggs,Other uses (non-food),0.0,0.0,0.0,0.0,0.0,0.0,0.0,0.0,0.0,0.0,0.0,0.0,0.0,0.0,0.0,0.0,0.0,0.0
11128,Senegal,Eggs,Human Consumption,14.0,16.0,17.0,19.0,20.0,19.0,20.0,23.0,23.0,22.0,22.0,23.0,25.0,23.0,25.0,25.0,24.0,25.0
11129,Senegal,Milk - Excluding Butter,Production,122.0,125.0,105.0,114.0,118.0,120.0,124.0,141.0,150.0,172.0,181.0,184.0,214.0,211.0,145.0,147.0,148.0,149.0
11130,Senegal,Milk - Excluding Butter,Import,158.0,118.0,127.0,183.0,209.0,214.0,275.0,201.0,216.0,350.0,254.0,174.0,170.0,108.0,6.0,6.0,6.0,7.0
11131,Senegal,Milk - Excluding Butter,Stock Variation,-26.0,4.0,9.0,19.0,4.0,1.0,0.0,-1.0,0.0,-1.0,1.0,0.0,0.0,0.0,0.0,0.0,0.0,0.0
11132,Senegal,Milk - Excluding Butter,Export,7.0,9.0,15.0,28.0,18.0,11.0,28.0,17.0,9.0,28.0,28.0,31.0,44.0,72.0,2.0,2.0,1.0,3.0
11133,Senegal,Milk - Excluding Butter,Domestic supply,247.0,238.0,226.0,288.0,312.0,323.0,371.0,324.0,357.0,492.0,408.0,328.0,341.0,247.0,150.0,151.0,152.0,153.0
11134,Senegal,Eggs,Stock Variation,0.0,0.0,0.0,0.0,0.0,0.0,0.0,0.0,0.0,0.0,0.0,0.0,0.0,0.0,0.0,0.0,0.0,0.0
11135,Senegal,Milk - Excluding Butter,Feed,0.0,0.0,0.0,0.0,0.0,0.0,0.0,0.0,0.0,0.0,0.0,0.0,0.0,0.0,5.0,1.0,1.0,1.0
11136,Senegal,Milk - Excluding Butter,Losses,6.0,6.0,5.0,6.0,6.0,6.0,7.0,7.0,8.0,9.0,9.0,10.0,11.0,11.0,7.0,7.0,7.0,7.0
11137,Senegal,Milk - Excluding Butter,Processing,0.0,0.0,0.0,0.0,0.0,0.0,0.0,0.0,0.0,0.0,0.0,0.0,0.0,0.0,0.0,0.0,0.0,0.0
11138,Senegal,Milk - Excluding Butter,Other uses (non-food),0.0,0.0,0.0,0.0,0.0,0.0,0.0,0.0,0.0,0.0,0.0,0.0,0.0,0.0,0.0,0.0,0.0,0.0
11139,Senegal,Milk - Excluding Butter,Human Consumption,241.0,231.0,220.0,282.0,306.0,317.0,364.0,317.0,349.0,483.0,398.0,318.0,330.0,238.0,150.0,155.0,162.0,169.0
11140,Senegal,Animal fats,Production,2.0,2.0,2.0,2.0,2.0,2.0,3.0,3.0,4.0,3.0,3.0,3.0,4.0,4.0,4.0,6.0,5.0,6.0
11141,Senegal,Animal fats,Import,16.0,11.0,19.0,31.0,38.0,33.0,33.0,35.0,15.0,10.0,14.0,10.0,6.0,6.0,1.0,2.0,2.0,2.0
11142,Senegal,Animal fats,Stock Variation,0.0,0.0,0.0,0.0,0.0,0.0,0.0,0.0,0.0,0.0,0.0,0.0,0.0,0.0,0.0,0.0,0.0,0.0
11143,Senegal,Animal fats,Export,0.0,0.0,0.0,0.0,0.0,0.0,0.0,0.0,1.0,0.0,0.0,0.0,0.0,0.0,1.0,3.0,3.0,3.0
11144,Senegal,Animal fats,Domestic supply,18.0,13.0,21.0,33.0,40.0,35.0,35.0,37.0,18.0,13.0,17.0,13.0,9.0,9.0,4.0,4.0,4.0,5.0
11145,Senegal,Animal fats,Seed,0.0,0.0,0.0,0.0,0.0,0.0,0.0,0.0,0.0,0.0,0.0,0.0,0.0,0.0,0.0,0.0,0.0,0.0
11146,Senegal,Animal fats,Losses,0.0,0.0,0.0,0.0,0.0,0.0,0.0,0.0,0.0,0.0,0.0,0.0,0.0,0.0,0.0,0.0,0.0,0.0
11147,Senegal,Milk - Excluding Butter,Seed,0.0,0.0,0.0,0.0,0.0,0.0,0.0,0.0,0.0,0.0,0.0,0.0,0.0,0.0,0.0,0.0,0.0,0.0
11148,Senegal,Animal fats,Processing,0.0,0.0,0.0,0.0,0.0,0.0,0.0,0.0,0.0,0.0,0.0,0.0,0.0,0.0,0.0,0.0,0.0,0.0
11149,Senegal,Eggs,Import,0.0,0.0,1.0,0.0,0.0,1.0,1.0,1.0,1.0,1.0,1.0,1.0,1.0,1.0,1.0,2.0,3.0,4.0
11150,Senegal,"Fish, Seafood",Human Consumption,313.0,303.0,269.0,306.0,301.0,298.0,260.0,279.0,324.0,333.0,310.0,313.0,332.0,338.0,297.0,249.0,279.0,279.0
11151,Senegal,Cereals - Excluding Beer,Production,960.0,954.0,729.0,1376.0,987.0,1341.0,926.0,709.0,1608.0,1705.0,1568.0,966.0,1355.0,1127.0,1251.0,2152.0,1948.0,1693.0
11152,Senegal,Cereals - Excluding Beer,Import,822.0,1051.0,1217.0,1305.0,1267.0,1359.0,1230.0,1636.0,1574.0,1359.0,1306.0,1426.0,1815.0,1899.0,2469.0,2666.0,2332.0,2867.0
11153,Senegal,Cereals - Excluding Beer,Stock Variation,81.0,-40.0,35.0,-501.0,21.0,-502.0,201.0,85.0,-595.0,-295.0,-152.0,302.0,-155.0,50.0,187.0,578.0,110.0,297.0
11154,Senegal,Cereals - Excluding Beer,Export,4.0,1.0,6.0,39.0,93.0,34.0,135.0,106.0,49.0,114.0,85.0,144.0,146.0,139.0,195.0,234.0,239.0,184.0
11155,Senegal,Cereals - Excluding Beer,Domestic supply,1859.0,1964.0,1975.0,2141.0,2182.0,2163.0,2222.0,2324.0,2537.0,2654.0,2637.0,2551.0,2869.0,2937.0,3339.0,4006.0,3931.0,4079.0
11156,Senegal,Cereals - Excluding Beer,Feed,21.0,26.0,26.0,26.0,26.0,24.0,24.0,24.0,24.0,24.0,34.0,24.0,38.0,33.0,37.0,262.0,47.0,44.0
11157,Senegal,Cereals - Excluding Beer,Seed,36.0,37.0,41.0,33.0,37.0,35.0,33.0,46.0,51.0,46.0,35.0,38.0,35.0,35.0,39.0,44.0,48.0,43.0
11158,Senegal,Cereals - Excluding Beer,Losses,149.0,136.0,114.0,177.0,133.0,170.0,136.0,114.0,213.0,222.0,207.0,148.0,185.0,173.0,124.0,217.0,186.0,169.0
11159,Senegal,Cereals - Excluding Beer,Processing,5.0,5.0,5.0,5.0,5.0,6.0,5.0,6.0,6.0,3.0,3.0,3.0,3.0,3.0,4.0,4.0,5.0,5.0
11160,Senegal,Cereals - Excluding Beer,Other uses (non-food),119.0,221.0,204.0,195.0,213.0,138.0,117.0,159.0,255.0,284.0,238.0,158.0,241.0,209.0,167.0,217.0,217.0,308.0
11161,Senegal,Cereals - Excluding Beer,Human Consumption,1529.0,1539.0,1586.0,1706.0,1769.0,1791.0,1907.0,1976.0,1988.0,2074.0,2120.0,2179.0,2367.0,2483.0,3015.0,3274.0,3436.0,3512.0
11162,Senegal,Eggs,Production,10.0,15.0,17.0,18.0,20.0,20.0,22.0,24.0,37.0,27.0,24.0,25.0,27.0,26.0,27.0,26.0,25.0,26.0
11163,Senegal,"Aquatic Products, Other",Production,0.0,0.0,0.0,0.0,0.0,0.0,0.0,0.0,0.0,0.0,0.0,0.0,1.0,2.0,0.0,0.0,0.0,0.0
11164,Senegal,"Aquatic Products, Other",Export,0.0,0.0,0.0,0.0,0.0,0.0,0.0,0.0,0.0,0.0,0.0,0.0,0.0,0.0,0.0,0.0,0.0,0.0
11165,Senegal,"Aquatic Products, Other",Domestic supply,0.0,0.0,0.0,0.0,0.0,0.0,0.0,0.0,0.0,0.0,0.0,0.0,1.0,2.0,0.0,0.0,0.0,0.0
11166,Senegal,"Aquatic Products, Other",Other uses (non-food),0.0,0.0,0.0,0.0,0.0,0.0,0.0,0.0,0.0,0.0,0.0,0.0,1.0,2.0,0.0,0.0,0.0,0.0
11167,Senegal,"Aquatic Products, Other",Human Consumption,0.0,0.0,0.0,0.0,0.0,0.0,0.0,0.0,0.0,0.0,0.0,0.0,0.0,0.0,0.0,0.0,0.0,0.0
11168,Senegal,"Fish, Seafood",Production,436.0,431.0,398.0,469.0,435.0,400.0,368.0,412.0,428.0,446.0,410.0,427.0,461.0,470.0,460.0,427.0,476.0,476.0
11169,Senegal,"Fish, Seafood",Import,1.0,1.0,1.0,1.0,1.0,1.0,1.0,2.0,2.0,1.0,8.0,16.0,10.0,11.0,11.0,20.0,20.0,20.0
11170,Senegal,"Fish, Seafood",Stock Variation,-1.0,-8.0,-8.0,-33.0,17.0,15.0,18.0,0.0,0.0,0.0,0.0,0.0,-16.0,16.0,-2.0,2.0,0.0,0.0
11171,Senegal,"Fish, Seafood",Export,124.0,120.0,122.0,131.0,151.0,118.0,127.0,135.0,106.0,114.0,107.0,131.0,124.0,159.0,172.0,200.0,217.0,217.0
11172,Senegal,"Fish, Seafood",Domestic supply,313.0,303.0,269.0,306.0,301.0,298.0,260.0,279.0,324.0,333.0,311.0,313.0,332.0,338.0,297.0,249.0,279.0,279.0
11173,Senegal,"Fish, Seafood",Feed,0.0,0.0,0.0,0.0,0.0,0.0,0.0,0.0,0.0,0.0,1.0,0.0,0.0,0.0,0.0,0.0,0.0,0.0
11174,Senegal,"Fish, Seafood",Other uses (non-food),0.0,0.0,0.0,0.0,0.0,0.0,0.0,0.0,0.0,0.0,0.0,0.0,0.0,0.0,0.0,0.0,0.0,0.0
11175,Senegal,"Aquatic Products, Other",Import,0.0,0.0,0.0,0.0,0.0,0.0,0.0,0.0,0.0,0.0,0.0,0.0,0.0,0.0,0.0,0.0,0.0,0.0
11176,Senegal,Spices,Human Consumption,3.0,4.0,4.0,6.0,5.0,7.0,8.0,4.0,7.0,7.0,7.0,5.0,6.0,6.0,7.0,8.0,7.0,10.0
11177,Senegal,Animal fats,Other uses (non-food),13.0,6.0,14.0,25.0,32.0,28.0,28.0,30.0,11.0,5.0,11.0,6.0,0.0,0.0,0.0,0.0,0.0,0.0
11178,Senegal,Offals,Production,17.0,18.0,17.0,16.0,16.0,17.0,18.0,17.0,19.0,19.0,20.0,21.0,22.0,23.0,19.0,19.0,16.0,23.0
11179,Senegal,Miscellaneous,Losses,0.0,0.0,0.0,0.0,0.0,0.0,0.0,0.0,0.0,0.0,0.0,0.0,0.0,0.0,0.0,0.0,0.0,0.0
11180,Senegal,Miscellaneous,Processing,0.0,0.0,0.0,0.0,0.0,0.0,0.0,0.0,0.0,0.0,0.0,0.0,0.0,0.0,0.0,0.0,0.0,0.0
11181,Senegal,Miscellaneous,Other uses (non-food),0.0,0.0,0.0,0.0,0.0,0.0,0.0,0.0,0.0,0.0,0.0,0.0,0.0,0.0,0.0,0.0,0.0,0.0
11182,Senegal,Miscellaneous,Human Consumption,0.0,0.0,0.0,0.0,0.0,1.0,1.0,1.0,1.0,1.0,1.0,1.0,1.0,1.0,2.0,1.0,2.0,2.0
11183,Senegal,Alcoholic Beverages,Production,29.0,29.0,31.0,32.0,32.0,32.0,29.0,26.0,20.0,17.0,15.0,17.0,15.0,15.0,16.0,16.0,20.0,21.0
11184,Senegal,Alcoholic Beverages,Import,7.0,10.0,13.0,12.0,12.0,11.0,14.0,14.0,14.0,13.0,13.0,13.0,14.0,14.0,15.0,16.0,19.0,24.0
11185,Senegal,Alcoholic Beverages,Stock Variation,0.0,0.0,0.0,0.0,0.0,-2.0,-1.0,-2.0,0.0,0.0,1.0,2.0,1.0,0.0,0.0,0.0,0.0,0.0
11186,Senegal,Alcoholic Beverages,Export,1.0,1.0,1.0,1.0,1.0,1.0,1.0,1.0,1.0,1.0,2.0,2.0,2.0,1.0,2.0,1.0,1.0,1.0
11187,Senegal,Alcoholic Beverages,Domestic supply,35.0,39.0,43.0,44.0,44.0,41.0,41.0,37.0,33.0,29.0,28.0,30.0,29.0,28.0,29.0,31.0,38.0,44.0
11188,Senegal,Alcoholic Beverages,Feed,0.0,0.0,0.0,0.0,0.0,0.0,0.0,0.0,0.0,0.0,0.0,0.0,0.0,0.0,0.0,0.0,0.0,0.0
11189,Senegal,Alcoholic Beverages,Seed,0.0,0.0,0.0,0.0,0.0,0.0,0.0,0.0,0.0,0.0,0.0,0.0,0.0,0.0,0.0,0.0,0.0,0.0
11190,Senegal,Miscellaneous,Seed,0.0,0.0,0.0,0.0,0.0,0.0,0.0,0.0,0.0,0.0,0.0,0.0,0.0,0.0,0.0,0.0,0.0,0.0
11191,Senegal,Alcoholic Beverages,Losses,0.0,0.0,0.0,0.0,0.0,0.0,0.0,0.0,0.0,0.0,0.0,0.0,0.0,0.0,0.0,0.0,0.0,0.0
11192,Senegal,Alcoholic Beverages,Other uses (non-food),1.0,1.0,2.0,1.0,2.0,0.0,1.0,0.0,0.0,0.0,0.0,0.0,0.0,0.0,0.0,0.0,0.0,0.0
11193,Senegal,Alcoholic Beverages,Human Consumption,34.0,37.0,41.0,42.0,42.0,40.0,40.0,37.0,32.0,29.0,28.0,30.0,29.0,28.0,29.0,31.0,38.0,44.0
11194,Senegal,Spices,Production,3.0,3.0,3.0,4.0,3.0,5.0,6.0,3.0,5.0,5.0,5.0,4.0,4.0,4.0,5.0,5.0,5.0,5.0
11195,Senegal,Spices,Import,1.0,1.0,1.0,2.0,2.0,3.0,2.0,1.0,2.0,2.0,2.0,2.0,2.0,2.0,3.0,4.0,3.0,6.0
11196,Senegal,Spices,Stock Variation,0.0,0.0,0.0,0.0,0.0,0.0,0.0,0.0,0.0,0.0,0.0,0.0,0.0,0.0,0.0,0.0,0.0,0.0
11197,Senegal,Spices,Export,0.0,0.0,0.0,0.0,0.0,0.0,0.0,0.0,0.0,0.0,0.0,0.0,0.0,0.0,0.0,0.0,0.0,1.0
11198,Senegal,Spices,Domestic supply,3.0,4.0,4.0,6.0,5.0,8.0,8.0,4.0,7.0,7.0,7.0,5.0,6.0,6.0,8.0,8.0,7.0,10.0
11199,Senegal,Spices,Feed,0.0,0.0,0.0,0.0,0.0,0.0,0.0,0.0,0.0,0.0,0.0,0.0,0.0,0.0,0.0,0.0,0.0,0.0
11200,Senegal,Spices,Seed,0.0,0.0,0.0,0.0,0.0,0.0,0.0,0.0,0.0,0.0,0.0,0.0,0.0,0.0,0.0,0.0,0.0,0.0
11201,Senegal,Spices,Losses,0.0,0.0,0.0,0.0,0.0,0.0,0.0,0.0,0.0,0.0,0.0,0.0,0.0,0.0,0.0,0.0,0.0,0.0
11202,Senegal,Spices,Processing,0.0,0.0,0.0,0.0,0.0,0.0,0.0,0.0,0.0,0.0,0.0,0.0,0.0,0.0,0.0,0.0,0.0,0.0
11203,Senegal,Alcoholic Beverages,Processing,0.0,0.0,0.0,0.0,0.0,0.0,0.0,0.0,0.0,0.0,0.0,0.0,0.0,0.0,0.0,0.0,0.0,0.0
11204,Senegal,Animal fats,Human Consumption,6.0,7.0,7.0,7.0,8.0,7.0,7.0,8.0,7.0,8.0,6.0,7.0,9.0,9.0,4.0,4.0,4.0,5.0
11205,Senegal,Miscellaneous,Feed,0.0,0.0,0.0,0.0,0.0,0.0,0.0,0.0,0.0,0.0,0.0,0.0,0.0,0.0,0.0,0.0,0.0,0.0
11206,Senegal,Miscellaneous,Export,0.0,0.0,0.0,0.0,0.0,0.0,0.0,0.0,0.0,0.0,0.0,0.0,0.0,0.0,49.0,55.0,68.0,71.0
11207,Senegal,Offals,Import,2.0,0.0,1.0,1.0,1.0,2.0,3.0,3.0,2.0,2.0,1.0,1.0,1.0,2.0,1.0,1.0,5.0,5.0
11208,Senegal,Offals,Stock Variation,0.0,0.0,0.0,0.0,0.0,0.0,0.0,0.0,0.0,0.0,0.0,0.0,0.0,0.0,0.0,0.0,0.0,0.0
11209,Senegal,Offals,Export,0.0,0.0,0.0,0.0,0.0,0.0,0.0,0.0,0.0,0.0,0.0,0.0,0.0,0.0,0.0,0.0,0.0,1.0
11210,Senegal,Offals,Domestic supply,19.0,18.0,17.0,18.0,17.0,19.0,21.0,21.0,22.0,21.0,21.0,22.0,23.0,24.0,20.0,20.0,21.0,28.0
11211,Senegal,Offals,Feed,0.0,0.0,0.0,0.0,0.0,0.0,0.0,0.0,0.0,0.0,0.0,0.0,0.0,0.0,1.0,1.0,1.0,0.0
11212,Senegal,Offals,Seed,0.0,0.0,0.0,0.0,0.0,0.0,0.0,0.0,0.0,0.0,0.0,0.0,0.0,0.0,0.0,0.0,0.0,0.0
11213,Senegal,Offals,Losses,0.0,0.0,0.0,0.0,0.0,0.0,0.0,0.0,0.0,0.0,0.0,0.0,0.0,0.0,1.0,1.0,1.0,0.0
11214,Senegal,Offals,Processing,0.0,0.0,0.0,0.0,0.0,0.0,0.0,0.0,0.0,0.0,0.0,0.0,0.0,0.0,0.0,0.0,0.0,0.0
11215,Senegal,Offals,Other uses (non-food),2.0,0.0,0.0,0.0,0.0,0.0,0.0,0.0,0.0,0.0,0.0,0.0,0.0,0.0,0.0,0.0,0.0,0.0
11216,Senegal,Offals,Human Consumption,17.0,18.0,17.0,18.0,17.0,19.0,21.0,21.0,22.0,21.0,21.0,22.0,23.0,24.0,18.0,18.0,20.0,28.0
11217,Senegal,Meat,Production,116.0,122.0,117.0,116.0,117.0,128.0,137.0,132.0,149.0,157.0,168.0,187.0,206.0,219.0,213.0,212.0,212.0,223.0
11218,Senegal,Miscellaneous,Domestic supply,0.0,0.0,0.0,0.0,0.0,1.0,1.0,1.0,1.0,1.0,1.0,1.0,1.0,1.0,2.0,1.0,2.0,2.0
11219,Senegal,Meat,Import,2.0,5.0,10.0,16.0,20.0,18.0,12.0,15.0,12.0,10.0,8.0,7.0,6.0,5.0,4.0,5.0,5.0,6.0
11220,Senegal,Meat,Export,0.0,0.0,0.0,1.0,1.0,0.0,1.0,0.0,1.0,1.0,1.0,1.0,1.0,1.0,0.0,0.0,0.0,1.0
11221,Senegal,Meat,Domestic supply,118.0,127.0,128.0,131.0,136.0,146.0,148.0,146.0,161.0,166.0,175.0,194.0,211.0,223.0,217.0,217.0,218.0,228.0
11222,Senegal,Meat,Feed,0.0,0.0,0.0,0.0,0.0,0.0,0.0,0.0,0.0,0.0,0.0,0.0,0.0,0.0,0.0,0.0,0.0,0.0
11223,Senegal,Meat,Seed,0.0,0.0,0.0,0.0,0.0,0.0,0.0,0.0,0.0,0.0,0.0,0.0,0.0,0.0,0.0,0.0,0.0,0.0
11224,Senegal,Meat,Losses,0.0,0.0,0.0,0.0,0.0,0.0,0.0,0.0,0.0,0.0,0.0,0.0,0.0,0.0,10.0,10.0,10.0,11.0
11225,Senegal,Meat,Processing,0.0,0.0,0.0,0.0,0.0,0.0,0.0,0.0,0.0,0.0,0.0,0.0,0.0,0.0,0.0,0.0,0.0,0.0
11226,Senegal,Meat,Other uses (non-food),0.0,0.0,0.0,0.0,0.0,0.0,0.0,0.0,0.0,0.0,0.0,0.0,0.0,0.0,0.0,0.0,0.0,0.0
11227,Senegal,Meat,Human Consumption,118.0,127.0,128.0,131.0,137.0,146.0,149.0,146.0,161.0,166.0,175.0,194.0,211.0,223.0,207.0,207.0,207.0,218.0
11228,Senegal,Miscellaneous,Production,0.0,0.0,0.0,0.0,0.0,0.0,0.0,0.0,0.0,0.0,0.0,0.0,0.0,0.0,16.0,17.0,20.0,26.0
11229,Senegal,Miscellaneous,Import,0.0,0.0,0.0,0.0,0.0,1.0,1.0,1.0,1.0,1.0,1.0,1.0,1.0,1.0,35.0,40.0,50.0,48.0
11230,Senegal,Miscellaneous,Stock Variation,0.0,0.0,0.0,0.0,0.0,0.0,0.0,0.0,0.0,0.0,0.0,0.0,0.0,0.0,0.0,0.0,0.0,0.0
11231,Senegal,Meat,Stock Variation,0.0,0.0,0.0,0.0,0.0,0.0,0.0,0.0,0.0,0.0,0.0,0.0,0.0,0.0,0.0,0.0,0.0,0.0
11232,Senegal,Eggs,Domestic supply,11.0,15.0,18.0,18.0,20.0,21.0,22.0,25.0,37.0,28.0,25.0,26.0,28.0,27.0,28.0,28.0,28.0,30.0
11233,Senegal,Eggs,Processing,0.0,0.0,0.0,0.0,0.0,0.0,0.0,0.0,0.0,0.0,0.0,0.0,0.0,0.0,0.0,0.0,0.0,0.0
11234,Senegal,Eggs,Export,0.0,0.0,0.0,0.0,0.0,0.0,0.0,0.0,0.0,0.0,0.0,0.0,0.0,0.0,0.0,0.0,0.0,0.0
11235,Senegal,Miscellaneous,Production,0.0,0.0,0.0,0.0,0.0,0.0,0.0,0.0,0.0,0.0,0.0,0.0,0.0,0.0,16.0,17.0,20.0,26.0
11236,Senegal,Meat,Human Consumption,118.0,127.0,128.0,131.0,137.0,146.0,149.0,146.0,161.0,166.0,175.0,194.0,211.0,223.0,207.0,207.0,207.0,218.0
11237,Senegal,Meat,Other uses (non-food),0.0,0.0,0.0,0.0,0.0,0.0,0.0,0.0,0.0,0.0,0.0,0.0,0.0,0.0,0.0,0.0,0.0,0.0
11238,Senegal,Meat,Processing,0.0,0.0,0.0,0.0,0.0,0.0,0.0,0.0,0.0,0.0,0.0,0.0,0.0,0.0,0.0,0.0,0.0,0.0
11239,Senegal,Meat,Losses,0.0,0.0,0.0,0.0,0.0,0.0,0.0,0.0,0.0,0.0,0.0,0.0,0.0,0.0,10.0,10.0,10.0,11.0
11240,Senegal,Meat,Seed,0.0,0.0,0.0,0.0,0.0,0.0,0.0,0.0,0.0,0.0,0.0,0.0,0.0,0.0,0.0,0.0,0.0,0.0
11241,Senegal,Meat,Feed,0.0,0.0,0.0,0.0,0.0,0.0,0.0,0.0,0.0,0.0,0.0,0.0,0.0,0.0,0.0,0.0,0.0,0.0
11242,Senegal,Meat,Domestic supply,118.0,127.0,128.0,131.0,136.0,146.0,148.0,146.0,161.0,166.0,175.0,194.0,211.0,223.0,217.0,217.0,218.0,228.0
11243,Senegal,Meat,Export,0.0,0.0,0.0,1.0,1.0,0.0,1.0,0.0,1.0,1.0,1.0,1.0,1.0,1.0,0.0,0.0,0.0,1.0
11244,Senegal,Meat,Stock Variation,0.0,0.0,0.0,0.0,0.0,0.0,0.0,0.0,0.0,0.0,0.0,0.0,0.0,0.0,0.0,0.0,0.0,0.0
11245,Senegal,Meat,Import,2.0,5.0,10.0,16.0,20.0,18.0,12.0,15.0,12.0,10.0,8.0,7.0,6.0,5.0,4.0,5.0,5.0,6.0
11246,Senegal,Meat,Production,116.0,122.0,117.0,116.0,117.0,128.0,137.0,132.0,149.0,157.0,168.0,187.0,206.0,219.0,213.0,212.0,212.0,223.0
11247,Senegal,Offals,Human Consumption,17.0,18.0,17.0,18.0,17.0,19.0,21.0,21.0,22.0,21.0,21.0,22.0,23.0,24.0,18.0,18.0,20.0,28.0
11248,Senegal,Offals,Other uses (non-food),2.0,0.0,0.0,0.0,0.0,0.0,0.0,0.0,0.0,0.0,0.0,0.0,0.0,0.0,0.0,0.0,0.0,0.0
11249,Senegal,Offals,Processing,0.0,0.0,0.0,0.0,0.0,0.0,0.0,0.0,0.0,0.0,0.0,0.0,0.0,0.0,0.0,0.0,0.0,0.0
11250,Senegal,Offals,Losses,0.0,0.0,0.0,0.0,0.0,0.0,0.0,0.0,0.0,0.0,0.0,0.0,0.0,0.0,1.0,1.0,1.0,0.0
11251,Senegal,Offals,Seed,0.0,0.0,0.0,0.0,0.0,0.0,0.0,0.0,0.0,0.0,0.0,0.0,0.0,0.0,0.0,0.0,0.0,0.0
11252,Senegal,Offals,Feed,0.0,0.0,0.0,0.0,0.0,0.0,0.0,0.0,0.0,0.0,0.0,0.0,0.0,0.0,1.0,1.0,1.0,0.0
11253,Senegal,Offals,Domestic supply,19.0,18.0,17.0,18.0,17.0,19.0,21.0,21.0,22.0,21.0,21.0,22.0,23.0,24.0,20.0,20.0,21.0,28.0
11254,Senegal,Offals,Export,0.0,0.0,0.0,0.0,0.0,0.0,0.0,0.0,0.0,0.0,0.0,0.0,0.0,0.0,0.0,0.0,0.0,1.0
11255,Senegal,Offals,Stock Variation,0.0,0.0,0.0,0.0,0.0,0.0,0.0,0.0,0.0,0.0,0.0,0.0,0.0,0.0,0.0,0.0,0.0,0.0
11256,Senegal,Offals,Import,2.0,0.0,1.0,1.0,1.0,2.0,3.0,3.0,2.0,2.0,1.0,1.0,1.0,2.0,1.0,1.0,5.0,5.0
11257,Senegal,Offals,Production,17.0,18.0,17.0,16.0,16.0,17.0,18.0,17.0,19.0,19.0,20.0,21.0,22.0,23.0,19.0,19.0,16.0,23.0
11258,Senegal,Miscellaneous,Import,0.0,0.0,0.0,0.0,0.0,1.0,1.0,1.0,1.0,1.0,1.0,1.0,1.0,1.0,35.0,40.0,50.0,48.0
11259,Senegal,Miscellaneous,Stock Variation,0.0,0.0,0.0,0.0,0.0,0.0,0.0,0.0,0.0,0.0,0.0,0.0,0.0,0.0,0.0,0.0,0.0,0.0
11260,Senegal,Miscellaneous,Export,0.0,0.0,0.0,0.0,0.0,0.0,0.0,0.0,0.0,0.0,0.0,0.0,0.0,0.0,49.0,55.0,68.0,71.0
11261,Senegal,Miscellaneous,Domestic supply,0.0,0.0,0.0,0.0,0.0,1.0,1.0,1.0,1.0,1.0,1.0,1.0,1.0,1.0,2.0,1.0,2.0,2.0
11262,Senegal,Spices,Seed,0.0,0.0,0.0,0.0,0.0,0.0,0.0,0.0,0.0,0.0,0.0,0.0,0.0,0.0,0.0,0.0,0.0,0.0
11263,Senegal,Spices,Feed,0.0,0.0,0.0,0.0,0.0,0.0,0.0,0.0,0.0,0.0,0.0,0.0,0.0,0.0,0.0,0.0,0.0,0.0
11264,Senegal,Spices,Domestic supply,3.0,4.0,4.0,6.0,5.0,8.0,8.0,4.0,7.0,7.0,7.0,5.0,6.0,6.0,8.0,8.0,7.0,10.0
11265,Senegal,Spices,Export,0.0,0.0,0.0,0.0,0.0,0.0,0.0,0.0,0.0,0.0,0.0,0.0,0.0,0.0,0.0,0.0,0.0,1.0
11266,Senegal,Spices,Stock Variation,0.0,0.0,0.0,0.0,0.0,0.0,0.0,0.0,0.0,0.0,0.0,0.0,0.0,0.0,0.0,0.0,0.0,0.0
11267,Senegal,Spices,Import,1.0,1.0,1.0,2.0,2.0,3.0,2.0,1.0,2.0,2.0,2.0,2.0,2.0,2.0,3.0,4.0,3.0,6.0
11268,Senegal,Spices,Production,3.0,3.0,3.0,4.0,3.0,5.0,6.0,3.0,5.0,5.0,5.0,4.0,4.0,4.0,5.0,5.0,5.0,5.0
11269,Senegal,Alcoholic Beverages,Human Consumption,34.0,37.0,41.0,42.0,42.0,40.0,40.0,37.0,32.0,29.0,28.0,30.0,29.0,28.0,29.0,31.0,38.0,44.0
11270,Senegal,Alcoholic Beverages,Other uses (non-food),1.0,1.0,2.0,1.0,2.0,0.0,1.0,0.0,0.0,0.0,0.0,0.0,0.0,0.0,0.0,0.0,0.0,0.0
11271,Senegal,Alcoholic Beverages,Processing,0.0,0.0,0.0,0.0,0.0,0.0,0.0,0.0,0.0,0.0,0.0,0.0,0.0,0.0,0.0,0.0,0.0,0.0
11272,Senegal,Alcoholic Beverages,Losses,0.0,0.0,0.0,0.0,0.0,0.0,0.0,0.0,0.0,0.0,0.0,0.0,0.0,0.0,0.0,0.0,0.0,0.0
11273,Senegal,Animal fats,Human Consumption,6.0,7.0,7.0,7.0,8.0,7.0,7.0,8.0,7.0,8.0,6.0,7.0,9.0,9.0,4.0,4.0,4.0,5.0
11274,Senegal,Alcoholic Beverages,Seed,0.0,0.0,0.0,0.0,0.0,0.0,0.0,0.0,0.0,0.0,0.0,0.0,0.0,0.0,0.0,0.0,0.0,0.0
11275,Senegal,Alcoholic Beverages,Domestic supply,35.0,39.0,43.0,44.0,44.0,41.0,41.0,37.0,33.0,29.0,28.0,30.0,29.0,28.0,29.0,31.0,38.0,44.0
11276,Senegal,Alcoholic Beverages,Export,1.0,1.0,1.0,1.0,1.0,1.0,1.0,1.0,1.0,1.0,2.0,2.0,2.0,1.0,2.0,1.0,1.0,1.0
11277,Senegal,Alcoholic Beverages,Stock Variation,0.0,0.0,0.0,0.0,0.0,-2.0,-1.0,-2.0,0.0,0.0,1.0,2.0,1.0,0.0,0.0,0.0,0.0,0.0
11278,Senegal,Alcoholic Beverages,Import,7.0,10.0,13.0,12.0,12.0,11.0,14.0,14.0,14.0,13.0,13.0,13.0,14.0,14.0,15.0,16.0,19.0,24.0
11279,Senegal,Alcoholic Beverages,Production,29.0,29.0,31.0,32.0,32.0,32.0,29.0,26.0,20.0,17.0,15.0,17.0,15.0,15.0,16.0,16.0,20.0,21.0
11280,Senegal,Miscellaneous,Human Consumption,0.0,0.0,0.0,0.0,0.0,1.0,1.0,1.0,1.0,1.0,1.0,1.0,1.0,1.0,2.0,1.0,2.0,2.0
11281,Senegal,Miscellaneous,Other uses (non-food),0.0,0.0,0.0,0.0,0.0,0.0,0.0,0.0,0.0,0.0,0.0,0.0,0.0,0.0,0.0,0.0,0.0,0.0
11282,Senegal,Miscellaneous,Processing,0.0,0.0,0.0,0.0,0.0,0.0,0.0,0.0,0.0,0.0,0.0,0.0,0.0,0.0,0.0,0.0,0.0,0.0
11283,Senegal,Miscellaneous,Losses,0.0,0.0,0.0,0.0,0.0,0.0,0.0,0.0,0.0,0.0,0.0,0.0,0.0,0.0,0.0,0.0,0.0,0.0
11284,Senegal,Miscellaneous,Seed,0.0,0.0,0.0,0.0,0.0,0.0,0.0,0.0,0.0,0.0,0.0,0.0,0.0,0.0,0.0,0.0,0.0,0.0
11285,Senegal,Miscellaneous,Feed,0.0,0.0,0.0,0.0,0.0,0.0,0.0,0.0,0.0,0.0,0.0,0.0,0.0,0.0,0.0,0.0,0.0,0.0
11286,Senegal,Alcoholic Beverages,Feed,0.0,0.0,0.0,0.0,0.0,0.0,0.0,0.0,0.0,0.0,0.0,0.0,0.0,0.0,0.0,0.0,0.0,0.0
11287,Senegal,Animal fats,Other uses (non-food),13.0,6.0,14.0,25.0,32.0,28.0,28.0,30.0,11.0,5.0,11.0,6.0,0.0,0.0,0.0,0.0,0.0,0.0
11288,Senegal,Animal fats,Processing,0.0,0.0,0.0,0.0,0.0,0.0,0.0,0.0,0.0,0.0,0.0,0.0,0.0,0.0,0.0,0.0,0.0,0.0
11289,Senegal,Animal fats,Losses,0.0,0.0,0.0,0.0,0.0,0.0,0.0,0.0,0.0,0.0,0.0,0.0,0.0,0.0,0.0,0.0,0.0,0.0
11290,Senegal,Eggs,Production,10.0,15.0,17.0,18.0,20.0,20.0,22.0,24.0,37.0,27.0,24.0,25.0,27.0,26.0,27.0,26.0,25.0,26.0
11291,Senegal,"Fish, Seafood",Human Consumption,313.0,303.0,269.0,306.0,301.0,298.0,260.0,279.0,324.0,333.0,310.0,313.0,332.0,338.0,297.0,249.0,279.0,279.0
11292,Senegal,"Fish, Seafood",Other uses (non-food),0.0,0.0,0.0,0.0,0.0,0.0,0.0,0.0,0.0,0.0,0.0,0.0,0.0,0.0,0.0,0.0,0.0,0.0
11293,Senegal,"Fish, Seafood",Feed,0.0,0.0,0.0,0.0,0.0,0.0,0.0,0.0,0.0,0.0,1.0,0.0,0.0,0.0,0.0,0.0,0.0,0.0
11294,Senegal,"Fish, Seafood",Domestic supply,313.0,303.0,269.0,306.0,301.0,298.0,260.0,279.0,324.0,333.0,311.0,313.0,332.0,338.0,297.0,249.0,279.0,279.0
11295,Senegal,"Fish, Seafood",Export,124.0,120.0,122.0,131.0,151.0,118.0,127.0,135.0,106.0,114.0,107.0,131.0,124.0,159.0,172.0,200.0,217.0,217.0
11296,Senegal,"Fish, Seafood",Stock Variation,-1.0,-8.0,-8.0,-33.0,17.0,15.0,18.0,0.0,0.0,0.0,0.0,0.0,-16.0,16.0,-2.0,2.0,0.0,0.0
11297,Senegal,"Fish, Seafood",Import,1.0,1.0,1.0,1.0,1.0,1.0,1.0,2.0,2.0,1.0,8.0,16.0,10.0,11.0,11.0,20.0,20.0,20.0
11298,Senegal,"Fish, Seafood",Production,436.0,431.0,398.0,469.0,435.0,400.0,368.0,412.0,428.0,446.0,410.0,427.0,461.0,470.0,460.0,427.0,476.0,476.0
11299,Senegal,"Aquatic Products, Other",Human Consumption,0.0,0.0,0.0,0.0,0.0,0.0,0.0,0.0,0.0,0.0,0.0,0.0,0.0,0.0,0.0,0.0,0.0,0.0
11300,Senegal,"Aquatic Products, Other",Other uses (non-food),0.0,0.0,0.0,0.0,0.0,0.0,0.0,0.0,0.0,0.0,0.0,0.0,1.0,2.0,0.0,0.0,0.0,0.0
11301,Senegal,Eggs,Import,0.0,0.0,1.0,0.0,0.0,1.0,1.0,1.0,1.0,1.0,1.0,1.0,1.0,1.0,1.0,2.0,3.0,4.0
11302,Senegal,"Aquatic Products, Other",Domestic supply,0.0,0.0,0.0,0.0,0.0,0.0,0.0,0.0,0.0,0.0,0.0,0.0,1.0,2.0,0.0,0.0,0.0,0.0
11303,Senegal,"Aquatic Products, Other",Import,0.0,0.0,0.0,0.0,0.0,0.0,0.0,0.0,0.0,0.0,0.0,0.0,0.0,0.0,0.0,0.0,0.0,0.0
11304,Senegal,"Aquatic Products, Other",Production,0.0,0.0,0.0,0.0,0.0,0.0,0.0,0.0,0.0,0.0,0.0,0.0,1.0,2.0,0.0,0.0,0.0,0.0
11305,Senegal,Cereals - Excluding Beer,Human Consumption,1529.0,1539.0,1586.0,1706.0,1769.0,1791.0,1907.0,1976.0,1988.0,2074.0,2120.0,2179.0,2367.0,2483.0,3015.0,3274.0,3436.0,3512.0
11306,Senegal,Cereals - Excluding Beer,Other uses (non-food),119.0,221.0,204.0,195.0,213.0,138.0,117.0,159.0,255.0,284.0,238.0,158.0,241.0,209.0,167.0,217.0,217.0,308.0
11307,Senegal,Cereals - Excluding Beer,Processing,5.0,5.0,5.0,5.0,5.0,6.0,5.0,6.0,6.0,3.0,3.0,3.0,3.0,3.0,4.0,4.0,5.0,5.0
11308,Senegal,Cereals - Excluding Beer,Losses,149.0,136.0,114.0,177.0,133.0,170.0,136.0,114.0,213.0,222.0,207.0,148.0,185.0,173.0,124.0,217.0,186.0,169.0
11309,Senegal,Cereals - Excluding Beer,Seed,36.0,37.0,41.0,33.0,37.0,35.0,33.0,46.0,51.0,46.0,35.0,38.0,35.0,35.0,39.0,44.0,48.0,43.0
11310,Senegal,Cereals - Excluding Beer,Feed,21.0,26.0,26.0,26.0,26.0,24.0,24.0,24.0,24.0,24.0,34.0,24.0,38.0,33.0,37.0,262.0,47.0,44.0
11311,Senegal,Cereals - Excluding Beer,Domestic supply,1859.0,1964.0,1975.0,2141.0,2182.0,2163.0,2222.0,2324.0,2537.0,2654.0,2637.0,2551.0,2869.0,2937.0,3339.0,4006.0,3931.0,4079.0
11312,Senegal,Cereals - Excluding Beer,Export,4.0,1.0,6.0,39.0,93.0,34.0,135.0,106.0,49.0,114.0,85.0,144.0,146.0,139.0,195.0,234.0,239.0,184.0
11313,Senegal,Cereals - Excluding Beer,Stock Variation,81.0,-40.0,35.0,-501.0,21.0,-502.0,201.0,85.0,-595.0,-295.0,-152.0,302.0,-155.0,50.0,187.0,578.0,110.0,297.0
11314,Senegal,"Aquatic Products, Other",Export,0.0,0.0,0.0,0.0,0.0,0.0,0.0,0.0,0.0,0.0,0.0,0.0,0.0,0.0,0.0,0.0,0.0,0.0
11315,Senegal,Spices,Losses,0.0,0.0,0.0,0.0,0.0,0.0,0.0,0.0,0.0,0.0,0.0,0.0,0.0,0.0,0.0,0.0,0.0,0.0
11316,Senegal,Eggs,Stock Variation,0.0,0.0,0.0,0.0,0.0,0.0,0.0,0.0,0.0,0.0,0.0,0.0,0.0,0.0,0.0,0.0,0.0,0.0
11317,Senegal,Eggs,Domestic supply,11.0,15.0,18.0,18.0,20.0,21.0,22.0,25.0,37.0,28.0,25.0,26.0,28.0,27.0,28.0,28.0,28.0,30.0
11318,Senegal,Animal fats,Seed,0.0,0.0,0.0,0.0,0.0,0.0,0.0,0.0,0.0,0.0,0.0,0.0,0.0,0.0,0.0,0.0,0.0,0.0
11319,Senegal,Animal fats,Feed,0.0,0.0,0.0,0.0,0.0,0.0,0.0,0.0,0.0,0.0,0.0,0.0,0.0,0.0,0.0,0.0,0.0,0.0
11320,Senegal,Animal fats,Domestic supply,18.0,13.0,21.0,33.0,40.0,35.0,35.0,37.0,18.0,13.0,17.0,13.0,9.0,9.0,4.0,4.0,4.0,5.0
11321,Senegal,Animal fats,Export,0.0,0.0,0.0,0.0,0.0,0.0,0.0,0.0,1.0,0.0,0.0,0.0,0.0,0.0,1.0,3.0,3.0,3.0
11322,Senegal,Animal fats,Stock Variation,0.0,0.0,0.0,0.0,0.0,0.0,0.0,0.0,0.0,0.0,0.0,0.0,0.0,0.0,0.0,0.0,0.0,0.0
11323,Senegal,Animal fats,Import,16.0,11.0,19.0,31.0,38.0,33.0,33.0,35.0,15.0,10.0,14.0,10.0,6.0,6.0,1.0,2.0,2.0,2.0
11324,Senegal,Animal fats,Production,2.0,2.0,2.0,2.0,2.0,2.0,3.0,3.0,4.0,3.0,3.0,3.0,4.0,4.0,4.0,6.0,5.0,6.0
11325,Senegal,Milk - Excluding Butter,Human Consumption,241.0,231.0,220.0,282.0,306.0,317.0,364.0,317.0,349.0,483.0,398.0,318.0,330.0,238.0,150.0,155.0,162.0,169.0
11326,Senegal,Milk - Excluding Butter,Other uses (non-food),0.0,0.0,0.0,0.0,0.0,0.0,0.0,0.0,0.0,0.0,0.0,0.0,0.0,0.0,0.0,0.0,0.0,0.0
11327,Senegal,Milk - Excluding Butter,Processing,0.0,0.0,0.0,0.0,0.0,0.0,0.0,0.0,0.0,0.0,0.0,0.0,0.0,0.0,0.0,0.0,0.0,0.0
11328,Senegal,Milk - Excluding Butter,Losses,6.0,6.0,5.0,6.0,6.0,6.0,7.0,7.0,8.0,9.0,9.0,10.0,11.0,11.0,7.0,7.0,7.0,7.0
11329,Senegal,Sugar & Sweeteners,Human Consumption,116.0,152.0,136.0,140.0,125.0,135.0,186.0,187.0,169.0,193.0,206.0,214.0,231.0,258.0,197.0,209.0,242.0,284.0
11330,Senegal,Milk - Excluding Butter,Seed,0.0,0.0,0.0,0.0,0.0,0.0,0.0,0.0,0.0,0.0,0.0,0.0,0.0,0.0,0.0,0.0,0.0,0.0
11331,Senegal,Milk - Excluding Butter,Domestic supply,247.0,238.0,226.0,288.0,312.0,323.0,371.0,324.0,357.0,492.0,408.0,328.0,341.0,247.0,150.0,151.0,152.0,153.0
11332,Senegal,Milk - Excluding Butter,Export,7.0,9.0,15.0,28.0,18.0,11.0,28.0,17.0,9.0,28.0,28.0,31.0,44.0,72.0,2.0,2.0,1.0,3.0
11333,Senegal,Milk - Excluding Butter,Stock Variation,-26.0,4.0,9.0,19.0,4.0,1.0,0.0,-1.0,0.0,-1.0,1.0,0.0,0.0,0.0,0.0,0.0,0.0,0.0
11334,Senegal,Milk - Excluding Butter,Import,158.0,118.0,127.0,183.0,209.0,214.0,275.0,201.0,216.0,350.0,254.0,174.0,170.0,108.0,6.0,6.0,6.0,7.0
11335,Senegal,Milk - Excluding Butter,Production,122.0,125.0,105.0,114.0,118.0,120.0,124.0,141.0,150.0,172.0,181.0,184.0,214.0,211.0,145.0,147.0,148.0,149.0
11336,Senegal,Eggs,Human Consumption,14.0,16.0,17.0,19.0,20.0,19.0,20.0,23.0,23.0,22.0,22.0,23.0,25.0,23.0,25.0,25.0,24.0,25.0
11337,Senegal,Eggs,Other uses (non-food),0.0,0.0,0.0,0.0,0.0,0.0,0.0,0.0,0.0,0.0,0.0,0.0,0.0,0.0,0.0,0.0,0.0,0.0
11338,Senegal,Eggs,Processing,0.0,0.0,0.0,0.0,0.0,0.0,0.0,0.0,0.0,0.0,0.0,0.0,0.0,0.0,0.0,0.0,0.0,0.0
11339,Senegal,Eggs,Losses,0.0,0.0,0.0,0.0,0.0,0.0,0.0,0.0,12.0,3.0,0.0,0.0,1.0,0.0,1.0,1.0,1.0,1.0
11340,Senegal,Eggs,Seed,1.0,1.0,1.0,1.0,1.0,1.0,1.0,2.0,3.0,2.0,3.0,3.0,3.0,3.0,3.0,3.0,3.0,3.0
11341,Senegal,Eggs,Feed,0.0,0.0,0.0,0.0,0.0,0.0,0.0,0.0,0.0,0.0,0.0,0.0,0.0,0.0,0.0,0.0,0.0,0.0
11342,Senegal,Milk - Excluding Butter,Feed,0.0,0.0,0.0,0.0,0.0,0.0,0.0,0.0,0.0,0.0,0.0,0.0,0.0,0.0,5.0,1.0,1.0,1.0
11343,Senegal,Spices,Processing,0.0,0.0,0.0,0.0,0.0,0.0,0.0,0.0,0.0,0.0,0.0,0.0,0.0,0.0,0.0,0.0,0.0,0.0
11344,Senegal,Spices,Other uses (non-food),0.0,0.0,0.0,0.0,0.0,0.0,0.0,0.0,0.0,0.0,0.0,0.0,0.0,0.0,0.0,0.0,0.0,0.0
11345,Senegal,Spices,Human Consumption,3.0,4.0,4.0,6.0,5.0,7.0,8.0,4.0,7.0,7.0,7.0,5.0,6.0,6.0,7.0,8.0,7.0,10.0
11346,Senegal,Oilcrops,Seed,80.0,74.0,68.0,68.0,60.0,40.0,33.0,39.0,38.0,45.0,38.0,32.0,31.0,31.0,47.0,72.0,49.0,62.0
11347,Senegal,Oilcrops,Losses,45.0,35.0,35.0,32.0,35.0,28.0,25.0,18.0,25.0,18.0,25.0,11.0,11.0,11.0,23.0,24.0,27.0,32.0
11348,Senegal,Oilcrops,Processing,364.0,497.0,462.0,266.0,161.0,236.0,159.0,232.0,209.0,340.0,376.0,496.0,265.0,273.0,440.0,497.0,335.0,438.0
11349,Senegal,Oilcrops,Other uses (non-food),43.0,41.0,84.0,89.0,199.0,132.0,208.0,121.0,153.0,89.0,121.0,106.0,291.0,267.0,223.0,338.0,204.0,304.0
11350,Senegal,Oilcrops,Human Consumption,40.0,47.0,53.0,48.0,65.0,59.0,58.0,61.0,65.0,77.0,90.0,85.0,73.0,83.0,100.0,107.0,108.0,104.0
11351,Senegal,Starchy Roots,Production,180.0,188.0,156.0,215.0,435.0,315.0,165.0,356.0,964.0,341.0,266.0,208.0,234.0,203.0,352.0,562.0,570.0,568.0
11352,Senegal,Starchy Roots,Import,27.0,28.0,33.0,38.0,45.0,65.0,68.0,76.0,86.0,88.0,82.0,91.0,106.0,76.0,91.0,105.0,99.0,92.0
11353,Senegal,Starchy Roots,Stock Variation,0.0,0.0,0.0,0.0,-50.0,-40.0,40.0,0.0,0.0,0.0,0.0,0.0,0.0,0.0,54.0,205.0,182.0,171.0
11354,Senegal,Starchy Roots,Export,0.0,0.0,0.0,0.0,0.0,0.0,0.0,0.0,0.0,0.0,0.0,0.0,0.0,1.0,3.0,4.0,5.0,7.0
11355,Senegal,Starchy Roots,Domestic supply,207.0,216.0,189.0,253.0,430.0,340.0,273.0,432.0,1050.0,428.0,348.0,299.0,341.0,278.0,387.0,459.0,482.0,483.0
11356,Senegal,Starchy Roots,Feed,0.0,0.0,0.0,0.0,50.0,10.0,40.0,50.0,500.0,50.0,5.0,5.0,10.0,5.0,34.0,56.0,51.0,44.0
11357,Senegal,Oilcrops,Feed,0.0,0.0,0.0,0.0,0.0,0.0,4.0,10.0,4.0,8.0,8.0,11.0,16.0,0.0,0.0,0.0,0.0,0.0
11358,Senegal,Starchy Roots,Seed,0.0,0.0,0.0,0.0,0.0,1.0,1.0,0.0,1.0,1.0,1.0,1.0,1.0,1.0,1.0,1.0,2.0,3.0
11359,Senegal,Starchy Roots,Processing,0.0,0.0,0.0,0.0,0.0,0.0,0.0,0.0,0.0,0.0,0.0,0.0,0.0,0.0,0.0,0.0,0.0,0.0
11360,Senegal,Starchy Roots,Other uses (non-food),1.0,1.0,1.0,2.0,2.0,4.0,4.0,6.0,9.0,5.0,5.0,9.0,9.0,8.0,6.0,4.0,6.0,5.0
11361,Senegal,Starchy Roots,Human Consumption,177.0,185.0,161.0,215.0,309.0,273.0,198.0,316.0,389.0,314.0,291.0,246.0,277.0,228.0,292.0,313.0,342.0,355.0
11362,Senegal,Sugar Crops,Production,850.0,840.0,820.0,830.0,829.0,829.0,830.0,836.0,836.0,836.0,850.0,880.0,900.0,890.0,495.0,464.0,464.0,465.0
11363,Senegal,Sugar Crops,Import,0.0,0.0,0.0,0.0,0.0,0.0,0.0,0.0,0.0,0.0,0.0,0.0,0.0,0.0,0.0,0.0,0.0,0.0
11364,Senegal,Sugar Crops,Stock Variation,0.0,0.0,0.0,0.0,0.0,0.0,0.0,0.0,0.0,0.0,0.0,0.0,0.0,0.0,-693.0,-670.0,-773.0,-785.0
11365,Senegal,Sugar Crops,Export,0.0,0.0,0.0,0.0,0.0,0.0,0.0,0.0,0.0,0.0,0.0,0.0,0.0,0.0,0.0,0.0,0.0,0.0
11366,Senegal,Sugar Crops,Domestic supply,850.0,840.0,820.0,830.0,829.0,829.0,830.0,836.0,836.0,836.0,850.0,880.0,900.0,890.0,1188.0,1134.0,1237.0,1250.0
11367,Senegal,Sugar Crops,Feed,0.0,0.0,0.0,0.0,0.0,0.0,0.0,0.0,0.0,0.0,0.0,0.0,0.0,0.0,222.0,161.0,182.0,195.0
11368,Senegal,Sugar Crops,Seed,0.0,0.0,0.0,0.0,0.0,0.0,0.0,0.0,0.0,0.0,0.0,0.0,0.0,0.0,0.0,0.0,0.0,0.0
11369,Senegal,Sugar Crops,Losses,0.0,0.0,0.0,0.0,0.0,0.0,0.0,0.0,0.0,0.0,0.0,0.0,0.0,0.0,26.0,25.0,25.0,25.0
11370,Senegal,Starchy Roots,Losses,29.0,30.0,26.0,35.0,69.0,53.0,30.0,60.0,151.0,58.0,46.0,38.0,43.0,35.0,55.0,84.0,80.0,76.0
11371,Senegal,Sugar Crops,Processing,850.0,840.0,820.0,830.0,829.0,829.0,830.0,836.0,836.0,836.0,850.0,880.0,900.0,890.0,940.0,948.0,1031.0,1031.0
11372,Senegal,Oilcrops,Domestic supply,573.0,693.0,702.0,502.0,521.0,495.0,486.0,480.0,494.0,576.0,659.0,739.0,686.0,664.0,832.0,1036.0,720.0,936.0
11373,Senegal,Oilcrops,Stock Variation,-192.0,38.0,483.0,130.0,35.0,-84.0,89.0,186.0,-77.0,-200.0,-304.0,325.0,154.0,169.0,-2.0,58.0,8.0,32.0
11374,Senegal,Pulses,Production,48.0,32.0,13.0,35.0,12.0,93.0,53.0,60.0,126.0,87.0,49.0,28.0,55.0,41.0,64.0,66.0,61.0,59.0
11375,Senegal,Pulses,Import,1.0,0.0,1.0,2.0,3.0,3.0,4.0,4.0,5.0,7.0,4.0,3.0,6.0,10.0,8.0,25.0,12.0,13.0
11376,Senegal,Pulses,Stock Variation,0.0,0.0,0.0,-16.0,14.0,-41.0,15.0,5.0,-35.0,-10.0,25.0,40.0,0.0,1.0,-4.0,5.0,-10.0,0.0
11377,Senegal,Pulses,Export,0.0,0.0,0.0,0.0,0.0,1.0,0.0,0.0,0.0,0.0,0.0,1.0,1.0,2.0,2.0,3.0,1.0,1.0
11378,Senegal,Pulses,Domestic supply,48.0,32.0,14.0,21.0,29.0,55.0,72.0,69.0,96.0,83.0,78.0,70.0,61.0,50.0,74.0,84.0,82.0,71.0
11379,Senegal,Pulses,Feed,0.0,0.0,0.0,0.0,0.0,0.0,0.0,0.0,0.0,0.0,0.0,0.0,0.0,0.0,2.0,0.0,7.0,1.0
11380,Senegal,Pulses,Seed,3.0,4.0,4.0,6.0,7.0,6.0,5.0,8.0,6.0,4.0,3.0,4.0,4.0,5.0,4.0,5.0,4.0,4.0
11381,Senegal,Pulses,Losses,0.0,0.0,0.0,0.0,0.0,0.0,0.0,0.0,0.0,0.0,0.0,0.0,0.0,0.0,3.0,3.0,3.0,3.0
11382,Senegal,Pulses,Processing,0.0,0.0,0.0,0.0,0.0,0.0,0.0,0.0,0.0,0.0,0.0,0.0,0.0,0.0,0.0,0.0,0.0,0.0
11383,Senegal,Pulses,Other uses (non-food),0.0,0.0,0.0,0.0,0.0,10.0,10.0,10.0,10.0,10.0,10.0,0.0,0.0,0.0,2.0,0.0,2.0,0.0
11384,Senegal,Pulses,Human Consumption,45.0,28.0,10.0,15.0,22.0,39.0,57.0,51.0,80.0,69.0,65.0,66.0,57.0,46.0,62.0,74.0,68.0,64.0
11385,Senegal,Oilcrops,Export,5.0,3.0,4.0,1.0,7.0,1.0,12.0,6.0,8.0,5.0,13.0,20.0,27.0,47.0,25.0,153.0,186.0,140.0
11386,Senegal,Treenuts,Production,13.0,10.0,11.0,11.0,12.0,14.0,15.0,8.0,8.0,9.0,9.0,10.0,10.0,10.0,11.0,12.0,14.0,13.0
11387,Senegal,Treenuts,Stock Variation,0.0,0.0,0.0,0.0,0.0,0.0,0.0,0.0,0.0,0.0,0.0,0.0,0.0,0.0,0.0,0.0,-1.0,0.0
11388,Senegal,Treenuts,Export,7.0,3.0,5.0,0.0,1.0,2.0,3.0,2.0,0.0,1.0,0.0,0.0,0.0,2.0,1.0,2.0,10.0,2.0
11389,Senegal,Treenuts,Domestic supply,7.0,7.0,8.0,14.0,15.0,15.0,14.0,9.0,10.0,10.0,12.0,12.0,14.0,12.0,17.0,13.0,11.0,15.0
11390,Senegal,Treenuts,Feed,0.0,0.0,0.0,0.0,0.0,0.0,0.0,0.0,0.0,0.0,0.0,0.0,0.0,0.0,0.0,0.0,0.0,0.0
11391,Senegal,Treenuts,Seed,0.0,0.0,0.0,0.0,0.0,0.0,0.0,0.0,0.0,0.0,0.0,0.0,0.0,0.0,0.0,0.0,0.0,0.0
11392,Senegal,Treenuts,Losses,0.0,0.0,0.0,0.0,0.0,0.0,0.0,0.0,0.0,0.0,0.0,0.0,0.0,0.0,1.0,1.0,1.0,1.0
11393,Senegal,Treenuts,Processing,0.0,0.0,0.0,0.0,0.0,0.0,0.0,0.0,0.0,0.0,0.0,0.0,0.0,0.0,0.0,0.0,0.0,0.0
11394,Senegal,Treenuts,Other uses (non-food),0.0,0.0,0.0,0.0,0.0,0.0,0.0,0.0,0.0,0.0,0.0,0.0,0.0,0.0,0.0,0.0,0.0,0.0
11395,Senegal,Treenuts,Human Consumption,7.0,7.0,8.0,14.0,15.0,15.0,14.0,9.0,10.0,10.0,12.0,12.0,14.0,12.0,16.0,13.0,11.0,14.0
11396,Senegal,Oilcrops,Production,766.0,653.0,217.0,367.0,485.0,568.0,393.0,276.0,560.0,755.0,935.0,401.0,520.0,509.0,826.0,1216.0,883.0,1084.0
11397,Senegal,Oilcrops,Import,4.0,5.0,5.0,7.0,7.0,13.0,16.0,24.0,18.0,25.0,40.0,33.0,39.0,34.0,29.0,31.0,32.0,23.0
11398,Senegal,Treenuts,Import,1.0,0.0,1.0,4.0,4.0,2.0,2.0,4.0,2.0,2.0,3.0,2.0,4.0,4.0,6.0,2.0,7.0,4.0
11399,Senegal,Cereals - Excluding Beer,Import,822.0,1051.0,1217.0,1305.0,1267.0,1359.0,1230.0,1636.0,1574.0,1359.0,1306.0,1426.0,1815.0,1899.0,2469.0,2666.0,2332.0,2867.0
11400,Senegal,Sugar Crops,Other uses (non-food),0.0,0.0,0.0,0.0,0.0,0.0,0.0,0.0,0.0,0.0,0.0,0.0,0.0,0.0,0.0,0.0,0.0,0.0
11401,Senegal,Sugar & Sweeteners,Processing,0.0,0.0,0.0,0.0,0.0,0.0,0.0,0.0,0.0,0.0,0.0,0.0,0.0,0.0,3.0,3.0,6.0,0.0
11402,Senegal,Vegetables,Import,75.0,72.0,78.0,82.0,111.0,142.0,122.0,142.0,168.0,210.0,177.0,177.0,179.0,195.0,174.0,217.0,224.0,273.0
11403,Senegal,Vegetables,Production,407.0,428.0,501.0,643.0,579.0,532.0,594.0,630.0,679.0,643.0,752.0,675.0,726.0,716.0,837.0,957.0,947.0,995.0
11404,Senegal,Fruits - Excluding Wine,Human Consumption,128.0,151.0,150.0,174.0,142.0,157.0,180.0,196.0,208.0,218.0,205.0,241.0,299.0,306.0,298.0,271.0,312.0,318.0
11405,Senegal,Fruits - Excluding Wine,Other uses (non-food),0.0,0.0,0.0,0.0,0.0,0.0,0.0,0.0,0.0,0.0,0.0,0.0,0.0,0.0,0.0,0.0,0.0,0.0
11406,Senegal,Fruits - Excluding Wine,Processing,0.0,0.0,0.0,0.0,0.0,0.0,0.0,0.0,0.0,0.0,0.0,0.0,0.0,0.0,0.0,0.0,0.0,0.0
11407,Senegal,Fruits - Excluding Wine,Losses,21.0,24.0,24.0,27.0,21.0,22.0,27.0,30.0,31.0,32.0,31.0,36.0,37.0,39.0,40.0,38.0,39.0,39.0
11408,Senegal,Fruits - Excluding Wine,Seed,0.0,0.0,0.0,0.0,0.0,0.0,0.0,0.0,0.0,0.0,0.0,0.0,0.0,0.0,0.0,0.0,0.0,0.0
11409,Senegal,Fruits - Excluding Wine,Feed,0.0,0.0,0.0,0.0,0.0,0.0,0.0,0.0,0.0,0.0,0.0,0.0,0.0,0.0,0.0,0.0,0.0,0.0
11410,Senegal,Fruits - Excluding Wine,Domestic supply,149.0,176.0,174.0,200.0,163.0,178.0,207.0,226.0,236.0,246.0,234.0,276.0,336.0,345.0,335.0,306.0,347.0,356.0
11411,Senegal,Fruits - Excluding Wine,Export,1.0,3.0,4.0,3.0,5.0,5.0,8.0,10.0,12.0,12.0,7.0,8.0,12.0,17.0,15.0,16.0,16.0,21.0
11412,Senegal,Fruits - Excluding Wine,Stock Variation,0.0,0.0,0.0,0.0,0.0,0.0,0.0,0.0,0.0,0.0,0.0,0.0,0.0,1.0,0.0,0.0,0.0,0.0
11413,Senegal,Vegetables,Stock Variation,0.0,0.0,0.0,0.0,0.0,0.0,0.0,0.0,-1.0,0.0,-1.0,0.0,0.0,0.0,0.0,0.0,0.0,0.0
11414,Senegal,Fruits - Excluding Wine,Import,17.0,23.0,26.0,31.0,39.0,41.0,41.0,53.0,57.0,48.0,46.0,56.0,108.0,109.0,83.0,62.0,99.0,122.0
11415,Senegal,Stimulants,Human Consumption,8.0,8.0,7.0,10.0,8.0,9.0,7.0,11.0,10.0,12.0,11.0,8.0,10.0,10.0,7.0,10.0,17.0,16.0
11416,Senegal,Stimulants,Other uses (non-food),0.0,0.0,0.0,0.0,0.0,0.0,0.0,0.0,0.0,0.0,0.0,0.0,0.0,0.0,0.0,0.0,0.0,0.0
11417,Senegal,Stimulants,Processing,0.0,0.0,0.0,0.0,0.0,0.0,0.0,0.0,0.0,0.0,0.0,0.0,0.0,0.0,0.0,0.0,0.0,0.0
11418,Senegal,Stimulants,Losses,0.0,0.0,0.0,0.0,0.0,0.0,0.0,0.0,0.0,0.0,0.0,0.0,0.0,0.0,0.0,0.0,0.0,0.0
11419,Senegal,Stimulants,Seed,0.0,0.0,0.0,0.0,0.0,0.0,0.0,0.0,0.0,0.0,0.0,0.0,0.0,0.0,0.0,0.0,0.0,0.0
11420,Senegal,Stimulants,Feed,0.0,0.0,0.0,0.0,0.0,0.0,0.0,0.0,0.0,0.0,0.0,0.0,0.0,0.0,0.0,0.0,0.0,0.0
11421,Senegal,Stimulants,Domestic supply,8.0,8.0,7.0,10.0,8.0,9.0,7.0,11.0,10.0,12.0,11.0,8.0,10.0,10.0,7.0,10.0,17.0,16.0
11422,Senegal,Stimulants,Export,0.0,0.0,0.0,1.0,1.0,1.0,2.0,1.0,1.0,1.0,1.0,3.0,2.0,3.0,3.0,3.0,1.0,2.0
11423,Senegal,Stimulants,Stock Variation,0.0,0.0,0.0,0.0,0.0,0.0,0.0,0.0,0.0,0.0,0.0,0.0,0.0,0.0,0.0,0.0,0.0,0.0
11424,Senegal,Stimulants,Import,8.0,9.0,7.0,10.0,9.0,10.0,10.0,12.0,11.0,13.0,12.0,12.0,12.0,14.0,10.0,13.0,18.0,18.0
11425,Senegal,Stimulants,Production,0.0,0.0,0.0,0.0,0.0,0.0,0.0,0.0,0.0,0.0,0.0,0.0,0.0,0.0,0.0,0.0,0.0,0.0
11426,Senegal,Fruits - Excluding Wine,Production,133.0,155.0,152.0,172.0,130.0,142.0,174.0,184.0,191.0,210.0,196.0,229.0,240.0,252.0,268.0,260.0,265.0,256.0
11427,Senegal,Sugar Crops,Human Consumption,0.0,0.0,0.0,0.0,0.0,0.0,0.0,0.0,0.0,0.0,0.0,0.0,0.0,0.0,0.0,0.0,0.0,0.0
11428,Senegal,Vegetables,Export,2.0,3.0,6.0,7.0,15.0,18.0,18.0,22.0,23.0,25.0,30.0,43.0,65.0,84.0,77.0,77.0,71.0,93.0
11429,Senegal,Vegetables,Feed,0.0,0.0,0.0,0.0,0.0,0.0,0.0,0.0,0.0,0.0,0.0,0.0,0.0,0.0,0.0,0.0,0.0,0.0
11430,Senegal,Sugar & Sweeteners,Losses,0.0,0.0,0.0,0.0,0.0,0.0,0.0,0.0,0.0,0.0,0.0,0.0,0.0,0.0,0.0,0.0,0.0,0.0
11431,Senegal,Sugar & Sweeteners,Seed,0.0,0.0,0.0,0.0,0.0,0.0,0.0,0.0,0.0,0.0,0.0,0.0,0.0,0.0,0.0,0.0,0.0,0.0
11432,Senegal,Sugar & Sweeteners,Feed,0.0,0.0,0.0,0.0,0.0,0.0,0.0,0.0,0.0,0.0,0.0,0.0,0.0,0.0,0.0,0.0,0.0,0.0
11433,Senegal,Sugar & Sweeteners,Domestic supply,116.0,152.0,136.0,140.0,125.0,135.0,186.0,187.0,169.0,193.0,244.0,268.0,264.0,291.0,212.0,236.0,274.0,327.0
11434,Senegal,Sugar & Sweeteners,Export,0.0,1.0,0.0,1.0,1.0,1.0,1.0,1.0,1.0,1.0,1.0,4.0,3.0,2.0,4.0,4.0,5.0,12.0
11435,Senegal,Sugar & Sweeteners,Stock Variation,0.0,0.0,0.0,0.0,11.0,-32.0,0.0,0.0,0.0,0.0,0.0,0.0,0.0,0.0,0.0,0.0,22.0,76.0
11436,Senegal,Sugar & Sweeteners,Import,26.0,68.0,52.0,59.0,35.0,77.0,90.0,90.0,68.0,100.0,140.0,165.0,156.0,181.0,99.0,122.0,172.0,287.0
11437,Senegal,Sugar & Sweeteners,Production,91.0,84.0,84.0,82.0,81.0,91.0,97.0,98.0,102.0,94.0,105.0,108.0,110.0,111.0,118.0,119.0,129.0,129.0
11438,Senegal,Vegetable Oils,Human Consumption,146.0,154.0,155.0,152.0,147.0,157.0,157.0,161.0,208.0,210.0,226.0,240.0,231.0,239.0,258.0,217.0,251.0,262.0
11439,Senegal,Vegetable Oils,Other uses (non-food),30.0,70.0,70.0,47.0,36.0,54.0,27.0,25.0,10.0,59.0,21.0,54.0,43.0,43.0,6.0,7.0,4.0,5.0
11440,Senegal,Vegetable Oils,Processing,0.0,0.0,0.0,0.0,0.0,0.0,0.0,0.0,0.0,0.0,0.0,0.0,0.0,0.0,0.0,0.0,0.0,0.0
11441,Senegal,Vegetables,Domestic supply,480.0,497.0,573.0,718.0,675.0,657.0,698.0,749.0,823.0,828.0,899.0,811.0,839.0,827.0,934.0,1096.0,1099.0,1175.0
11442,Senegal,Vegetable Oils,Losses,0.0,0.0,0.0,0.0,0.0,0.0,0.0,0.0,0.0,0.0,0.0,0.0,0.0,0.0,0.0,0.0,0.0,0.0
11443,Senegal,Vegetable Oils,Feed,0.0,0.0,0.0,0.0,0.0,0.0,0.0,0.0,0.0,0.0,0.0,0.0,0.0,0.0,0.0,0.0,0.0,0.0
11444,Senegal,Vegetable Oils,Domestic supply,176.0,225.0,225.0,199.0,184.0,211.0,184.0,187.0,218.0,269.0,248.0,294.0,274.0,282.0,265.0,225.0,255.0,266.0
11445,Senegal,Vegetable Oils,Export,130.0,114.0,84.0,40.0,24.0,24.0,67.0,71.0,13.0,32.0,58.0,67.0,19.0,21.0,34.0,63.0,23.0,26.0
11446,Senegal,Vegetable Oils,Stock Variation,34.0,-15.0,15.0,-20.0,-6.0,-23.0,28.0,-5.0,-25.0,5.0,8.0,9.0,-7.0,23.0,1.0,1.0,22.0,59.0
11447,Senegal,Vegetable Oils,Import,101.0,121.0,80.0,138.0,138.0,149.0,147.0,154.0,155.0,133.0,117.0,115.0,168.0,144.0,145.0,138.0,148.0,232.0
11448,Senegal,Vegetable Oils,Production,171.0,232.0,215.0,121.0,76.0,109.0,76.0,108.0,101.0,163.0,181.0,238.0,132.0,136.0,154.0,151.0,152.0,120.0
11449,Senegal,Vegetables,Human Consumption,448.0,461.0,530.0,660.0,626.0,605.0,648.0,693.0,763.0,769.0,833.0,756.0,789.0,769.0,848.0,995.0,999.0,1070.0
11450,Senegal,Vegetables,Other uses (non-food),0.0,0.0,0.0,0.0,0.0,0.0,0.0,0.0,0.0,0.0,0.0,0.0,0.0,0.0,0.0,0.0,0.0,0.0
11451,Senegal,Vegetables,Processing,0.0,0.0,0.0,0.0,0.0,0.0,0.0,0.0,0.0,0.0,0.0,0.0,0.0,0.0,0.0,0.0,0.0,0.0
11452,Senegal,Vegetables,Losses,32.0,35.0,43.0,58.0,50.0,52.0,51.0,58.0,63.0,61.0,68.0,63.0,66.0,64.0,88.0,103.0,101.0,106.0
11453,Senegal,Vegetables,Seed,0.0,0.0,0.0,0.0,0.0,0.0,0.0,0.0,0.0,0.0,0.0,0.0,0.0,0.0,0.0,0.0,0.0,0.0
11454,Senegal,Vegetable Oils,Seed,0.0,0.0,0.0,0.0,0.0,0.0,0.0,0.0,0.0,0.0,0.0,0.0,0.0,0.0,0.0,0.0,0.0,0.0
11455,Senegal,Cereals - Excluding Beer,Production,960.0,954.0,729.0,1376.0,987.0,1341.0,926.0,709.0,1608.0,1705.0,1568.0,966.0,1355.0,1127.0,1251.0,2152.0,1948.0,1693.0
11456,Senegal,Sugar & Sweeteners,Other uses (non-food),0.0,0.0,0.0,0.0,0.0,0.0,0.0,0.0,0.0,0.0,38.0,54.0,33.0,33.0,29.0,27.0,32.0,43.0
11457,Serbia,Milk - Excluding Butter,Feed,0.0,0.0,0.0,0.0,0.0,0.0,66.0,39.0,7.0,34.0,36.0,55.0,49.0,74.0,67.0,63.0,60.0,9.0
11458,Serbia,Milk - Excluding Butter,Losses,0.0,0.0,0.0,0.0,0.0,0.0,33.0,32.0,32.0,31.0,30.0,30.0,31.0,30.0,2.0,2.0,1.0,1.0
11459,Serbia,Milk - Excluding Butter,Processing,0.0,0.0,0.0,0.0,0.0,0.0,0.0,0.0,0.0,0.0,0.0,0.0,0.0,0.0,0.0,0.0,0.0,0.0
11460,Serbia,Milk - Excluding Butter,Human Consumption,0.0,0.0,0.0,0.0,0.0,0.0,1513.0,1543.0,1547.0,1431.0,1438.0,1411.0,1439.0,1413.0,1461.0,1484.0,1473.0,1529.0
11461,Serbia,Animal fats,Production,0.0,0.0,0.0,0.0,0.0,0.0,40.0,43.0,37.0,36.0,37.0,37.0,36.0,37.0,44.0,45.0,47.0,49.0
11462,Serbia,Animal fats,Import,0.0,0.0,0.0,0.0,0.0,0.0,3.0,3.0,4.0,5.0,8.0,10.0,12.0,14.0,18.0,19.0,18.0,21.0
11463,Serbia,Animal fats,Stock Variation,0.0,0.0,0.0,0.0,0.0,0.0,0.0,0.0,0.0,0.0,0.0,0.0,0.0,0.0,3.0,4.0,4.0,4.0
11464,Serbia,Animal fats,Export,0.0,0.0,0.0,0.0,0.0,0.0,4.0,5.0,4.0,2.0,3.0,5.0,5.0,6.0,8.0,5.0,6.0,8.0
11465,Serbia,Animal fats,Domestic supply,0.0,0.0,0.0,0.0,0.0,0.0,39.0,41.0,37.0,39.0,42.0,42.0,43.0,46.0,51.0,54.0,55.0,58.0
11466,Serbia,Animal fats,Losses,0.0,0.0,0.0,0.0,0.0,0.0,0.0,0.0,0.0,0.0,0.0,0.0,0.0,0.0,0.0,0.0,0.0,0.0
11467,Serbia,Animal fats,Processing,0.0,0.0,0.0,0.0,0.0,0.0,0.0,0.0,0.0,0.0,0.0,0.0,0.0,0.0,7.0,10.0,11.0,12.0
11468,Serbia,Animal fats,Other uses (non-food),0.0,0.0,0.0,0.0,0.0,0.0,22.0,22.0,21.0,20.0,21.0,20.0,20.0,21.0,18.0,17.0,17.0,18.0
11469,Serbia,Animal fats,Human Consumption,0.0,0.0,0.0,0.0,0.0,0.0,18.0,18.0,16.0,19.0,22.0,21.0,22.0,25.0,27.0,27.0,31.0,33.0
11470,Serbia,Offals,Production,0.0,0.0,0.0,0.0,0.0,0.0,77.0,77.0,74.0,76.0,81.0,77.0,72.0,91.0,40.0,37.0,39.0,38.0
11471,Serbia,Offals,Import,0.0,0.0,0.0,0.0,0.0,0.0,1.0,1.0,1.0,2.0,2.0,2.0,3.0,1.0,2.0,2.0,1.0,2.0
11472,Serbia,Offals,Export,0.0,0.0,0.0,0.0,0.0,0.0,2.0,2.0,2.0,1.0,2.0,2.0,2.0,2.0,4.0,5.0,6.0,7.0
11473,Serbia,Offals,Domestic supply,0.0,0.0,0.0,0.0,0.0,0.0,76.0,75.0,74.0,76.0,81.0,78.0,73.0,89.0,38.0,33.0,35.0,33.0
11474,Serbia,Offals,Losses,0.0,0.0,0.0,0.0,0.0,0.0,0.0,0.0,0.0,0.0,0.0,0.0,0.0,0.0,2.0,2.0,2.0,2.0
11475,Serbia,Milk - Excluding Butter,Domestic supply,0.0,0.0,0.0,0.0,0.0,0.0,1612.0,1615.0,1586.0,1496.0,1504.0,1496.0,1519.0,1516.0,1528.0,1549.0,1534.0,1539.0
11476,Serbia,Milk - Excluding Butter,Export,0.0,0.0,0.0,0.0,0.0,0.0,71.0,60.0,72.0,75.0,82.0,104.0,125.0,107.0,140.0,142.0,145.0,145.0
11477,Serbia,Milk - Excluding Butter,Stock Variation,0.0,0.0,0.0,0.0,0.0,0.0,0.0,0.0,0.0,0.0,0.0,0.0,0.0,0.0,15.0,10.0,6.0,8.0
11478,Serbia,Milk - Excluding Butter,Import,0.0,0.0,0.0,0.0,0.0,0.0,9.0,21.0,43.0,21.0,54.0,65.0,89.0,75.0,79.0,78.0,69.0,80.0
11479,Serbia,"Fish, Seafood",Production,0.0,0.0,0.0,0.0,0.0,0.0,7.0,9.0,11.0,11.0,13.0,13.0,12.0,11.0,11.0,11.0,9.0,7.0
11480,Serbia,"Fish, Seafood",Import,0.0,0.0,0.0,0.0,0.0,0.0,77.0,74.0,71.0,60.0,52.0,68.0,67.0,52.0,56.0,48.0,42.0,60.0
11481,Serbia,"Fish, Seafood",Stock Variation,0.0,0.0,0.0,0.0,0.0,0.0,0.0,0.0,0.0,0.0,0.0,0.0,0.0,0.0,0.0,0.0,0.0,0.0
11482,Serbia,"Fish, Seafood",Export,0.0,0.0,0.0,0.0,0.0,0.0,1.0,1.0,1.0,1.0,1.0,1.0,1.0,1.0,1.0,2.0,3.0,4.0
11483,Serbia,"Fish, Seafood",Domestic supply,0.0,0.0,0.0,0.0,0.0,0.0,84.0,82.0,80.0,71.0,64.0,80.0,78.0,62.0,65.0,57.0,48.0,64.0
11484,Serbia,"Fish, Seafood",Feed,0.0,0.0,0.0,0.0,0.0,0.0,36.0,21.0,17.0,16.0,9.0,8.0,9.0,7.0,6.0,8.0,7.0,10.0
11485,Serbia,"Fish, Seafood",Other uses (non-food),0.0,0.0,0.0,0.0,0.0,0.0,0.0,0.0,0.0,0.0,0.0,0.0,0.0,0.0,0.0,0.0,0.0,0.0
11486,Serbia,"Fish, Seafood",Human Consumption,0.0,0.0,0.0,0.0,0.0,0.0,47.0,61.0,63.0,55.0,55.0,72.0,70.0,55.0,59.0,49.0,41.0,55.0
11487,Serbia,Offals,Human Consumption,0.0,0.0,0.0,0.0,0.0,0.0,76.0,75.0,74.0,76.0,81.0,78.0,73.0,89.0,36.0,32.0,33.0,31.0
11488,Serbia,Eggs,Production,0.0,0.0,0.0,0.0,0.0,0.0,73.0,69.0,60.0,59.0,69.0,61.0,90.0,88.0,95.0,103.0,93.0,88.0
11489,Serbia,Eggs,Stock Variation,0.0,0.0,0.0,0.0,0.0,0.0,0.0,0.0,0.0,0.0,0.0,0.0,0.0,0.0,0.0,0.0,0.0,0.0
11490,Serbia,Eggs,Export,0.0,0.0,0.0,0.0,0.0,0.0,1.0,1.0,0.0,0.0,0.0,0.0,1.0,1.0,2.0,2.0,3.0,3.0
11491,Serbia,Eggs,Domestic supply,0.0,0.0,0.0,0.0,0.0,0.0,73.0,69.0,61.0,61.0,70.0,62.0,90.0,89.0,95.0,102.0,92.0,88.0
11492,Serbia,Eggs,Seed,0.0,0.0,0.0,0.0,0.0,0.0,3.0,3.0,3.0,4.0,4.0,3.0,3.0,4.0,5.0,6.0,5.0,4.0
11493,Serbia,Eggs,Losses,0.0,0.0,0.0,0.0,0.0,0.0,0.0,0.0,0.0,0.0,0.0,0.0,0.0,0.0,1.0,0.0,0.0,0.0
11494,Serbia,Eggs,Other uses (non-food),0.0,0.0,0.0,0.0,0.0,0.0,0.0,0.0,0.0,0.0,0.0,0.0,0.0,0.0,0.0,0.0,0.0,0.0
11495,Serbia,Eggs,Human Consumption,0.0,0.0,0.0,0.0,0.0,0.0,69.0,66.0,58.0,57.0,66.0,59.0,87.0,85.0,89.0,96.0,87.0,83.0
11496,Serbia,Milk - Excluding Butter,Production,0.0,0.0,0.0,0.0,0.0,0.0,1674.0,1655.0,1615.0,1550.0,1532.0,1535.0,1554.0,1548.0,1604.0,1622.0,1616.0,1612.0
11497,Serbia,Eggs,Import,0.0,0.0,0.0,0.0,0.0,0.0,1.0,1.0,1.0,2.0,1.0,1.0,2.0,2.0,2.0,1.0,2.0,3.0
11498,Serbia,"Aquatic Products, Other",Human Consumption,0.0,0.0,0.0,0.0,0.0,0.0,0.0,1.0,1.0,1.0,1.0,0.0,0.0,0.0,0.0,0.0,0.0,0.0
11499,Serbia,Meat,Production,0.0,0.0,0.0,0.0,0.0,0.0,434.0,474.0,463.0,457.0,471.0,478.0,493.0,498.0,512.0,464.0,490.0,492.0
11500,Serbia,Meat,Stock Variation,0.0,0.0,0.0,0.0,0.0,0.0,0.0,0.0,0.0,0.0,0.0,0.0,0.0,0.0,15.0,-2.0,27.0,32.0
11501,Serbia,Stimulants,Production,0.0,0.0,0.0,0.0,0.0,0.0,0.0,0.0,0.0,0.0,0.0,0.0,0.0,0.0,0.0,0.0,0.0,0.0
11502,Serbia,Stimulants,Import,0.0,0.0,0.0,0.0,0.0,0.0,58.0,61.0,68.0,53.0,54.0,61.0,67.0,71.0,41.0,47.0,41.0,40.0
11503,Serbia,Stimulants,Stock Variation,0.0,0.0,0.0,0.0,0.0,0.0,0.0,0.0,0.0,0.0,0.0,0.0,0.0,0.0,-1.0,1.0,0.0,0.0
11504,Serbia,Stimulants,Export,0.0,0.0,0.0,0.0,0.0,0.0,10.0,10.0,11.0,10.0,11.0,10.0,10.0,11.0,3.0,4.0,4.0,4.0
11505,Serbia,Stimulants,Domestic supply,0.0,0.0,0.0,0.0,0.0,0.0,48.0,51.0,58.0,43.0,43.0,51.0,57.0,60.0,39.0,43.0,37.0,37.0
11506,Serbia,Stimulants,Processing,0.0,0.0,0.0,0.0,0.0,0.0,0.0,0.0,0.0,0.0,0.0,0.0,0.0,0.0,5.0,6.0,4.0,5.0
11507,Serbia,Stimulants,Human Consumption,0.0,0.0,0.0,0.0,0.0,0.0,48.0,51.0,58.0,43.0,43.0,51.0,57.0,60.0,34.0,36.0,34.0,32.0
11508,Serbia,Fruits - Excluding Wine,Production,0.0,0.0,0.0,0.0,0.0,0.0,1527.0,1684.0,1619.0,1827.0,1355.0,1607.0,1171.0,1830.0,1261.0,1460.0,1491.0,1358.0
11509,Serbia,Fruits - Excluding Wine,Import,0.0,0.0,0.0,0.0,0.0,0.0,212.0,263.0,248.0,207.0,244.0,276.0,286.0,266.0,227.0,272.0,317.0,317.0
11510,Serbia,Fruits - Excluding Wine,Stock Variation,0.0,0.0,0.0,0.0,0.0,0.0,0.0,0.0,0.0,0.0,-2.0,-24.0,25.0,0.0,-51.0,28.0,-6.0,-7.0
11511,Serbia,Fruits - Excluding Wine,Export,0.0,0.0,0.0,0.0,0.0,0.0,380.0,468.0,320.0,350.0,464.0,524.0,408.0,528.0,493.0,562.0,637.0,666.0
11512,Serbia,Fruits - Excluding Wine,Domestic supply,0.0,0.0,0.0,0.0,0.0,0.0,1359.0,1478.0,1547.0,1684.0,1133.0,1336.0,1075.0,1568.0,1047.0,1143.0,1177.0,1016.0
11513,Serbia,Fruits - Excluding Wine,Losses,0.0,0.0,0.0,0.0,0.0,0.0,65.0,70.0,61.0,70.0,48.0,55.0,45.0,66.0,57.0,72.0,70.0,70.0
11514,Serbia,Fruits - Excluding Wine,Processing,0.0,0.0,0.0,0.0,0.0,0.0,305.0,343.0,350.0,417.0,463.0,442.0,443.0,458.0,243.0,255.0,248.0,243.0
11515,Serbia,Fruits - Excluding Wine,Human Consumption,0.0,0.0,0.0,0.0,0.0,0.0,988.0,1065.0,1136.0,1197.0,623.0,839.0,587.0,1045.0,764.0,841.0,891.0,786.0
11516,Serbia,Vegetables,Production,0.0,0.0,0.0,0.0,0.0,0.0,1359.0,1145.0,1295.0,1333.0,1352.0,1294.0,1049.0,1180.0,1019.0,1166.0,1221.0,1165.0
11517,Serbia,Vegetables,Import,0.0,0.0,0.0,0.0,0.0,0.0,96.0,87.0,109.0,79.0,107.0,103.0,94.0,108.0,101.0,106.0,94.0,98.0
11518,Serbia,Spices,Human Consumption,0.0,0.0,0.0,0.0,0.0,0.0,1.0,1.0,3.0,2.0,2.0,2.0,4.0,4.0,3.0,3.0,3.0,3.0
11519,Serbia,Spices,Losses,0.0,0.0,0.0,0.0,0.0,0.0,0.0,0.0,0.0,0.0,0.0,0.0,0.0,0.0,0.0,0.0,0.0,0.0
11520,Serbia,Spices,Domestic supply,0.0,0.0,0.0,0.0,0.0,0.0,1.0,1.0,3.0,2.0,2.0,2.0,4.0,4.0,3.0,3.0,3.0,3.0
11521,Serbia,Spices,Export,0.0,0.0,0.0,0.0,0.0,0.0,3.0,4.0,3.0,3.0,4.0,3.0,2.0,2.0,3.0,3.0,2.0,3.0
11522,Serbia,Meat,Export,0.0,0.0,0.0,0.0,0.0,0.0,24.0,27.0,20.0,15.0,16.0,15.0,18.0,17.0,39.0,34.0,30.0,37.0
11523,Serbia,Meat,Domestic supply,0.0,0.0,0.0,0.0,0.0,0.0,417.0,455.0,459.0,458.0,473.0,485.0,509.0,519.0,501.0,479.0,470.0,474.0
11524,Serbia,Meat,Processing,0.0,0.0,0.0,0.0,0.0,0.0,13.0,14.0,13.0,13.0,13.0,13.0,13.0,12.0,2.0,2.0,2.0,2.0
11525,Serbia,Meat,Human Consumption,0.0,0.0,0.0,0.0,0.0,0.0,404.0,442.0,446.0,445.0,459.0,472.0,497.0,507.0,500.0,477.0,468.0,472.0
11526,Serbia,Miscellaneous,Import,0.0,0.0,0.0,0.0,0.0,0.0,1.0,1.0,1.0,1.0,1.0,1.0,1.0,2.0,43.0,46.0,39.0,38.0
11527,Serbia,Miscellaneous,Stock Variation,0.0,0.0,0.0,0.0,0.0,0.0,0.0,0.0,0.0,0.0,0.0,0.0,0.0,0.0,0.0,0.0,0.0,0.0
11528,Serbia,Miscellaneous,Export,0.0,0.0,0.0,0.0,0.0,0.0,0.0,0.0,0.0,0.0,0.0,0.0,0.0,0.0,63.0,68.0,75.0,74.0
11529,Serbia,Miscellaneous,Domestic supply,0.0,0.0,0.0,0.0,0.0,0.0,1.0,1.0,1.0,1.0,1.0,1.0,1.0,1.0,-20.0,-22.0,-36.0,-36.0
11530,Serbia,Meat,Import,0.0,0.0,0.0,0.0,0.0,0.0,7.0,9.0,16.0,16.0,17.0,22.0,34.0,39.0,44.0,47.0,36.0,50.0
11531,Serbia,Miscellaneous,Human Consumption,0.0,0.0,0.0,0.0,0.0,0.0,1.0,1.0,1.0,1.0,1.0,1.0,1.0,1.0,1.0,1.0,0.0,1.0
11532,Serbia,Alcoholic Beverages,Stock Variation,0.0,0.0,0.0,0.0,0.0,0.0,0.0,0.0,0.0,0.0,0.0,0.0,0.0,0.0,-36.0,-10.0,-24.0,-18.0
11533,Serbia,Alcoholic Beverages,Export,0.0,0.0,0.0,0.0,0.0,0.0,113.0,131.0,136.0,131.0,123.0,141.0,153.0,135.0,138.0,142.0,146.0,150.0
11534,Serbia,Alcoholic Beverages,Domestic supply,0.0,0.0,0.0,0.0,0.0,0.0,780.0,793.0,785.0,723.0,747.0,750.0,773.0,748.0,565.0,574.0,587.0,590.0
11535,Serbia,Alcoholic Beverages,Other uses (non-food),0.0,0.0,0.0,0.0,0.0,0.0,4.0,5.0,8.0,8.0,7.0,8.0,8.0,6.0,7.0,8.0,11.0,12.0
11536,Serbia,Alcoholic Beverages,Human Consumption,0.0,0.0,0.0,0.0,0.0,0.0,776.0,789.0,777.0,715.0,740.0,742.0,765.0,741.0,557.0,566.0,575.0,578.0
11537,Serbia,Spices,Production,0.0,0.0,0.0,0.0,0.0,0.0,3.0,4.0,4.0,4.0,4.0,4.0,5.0,5.0,5.0,5.0,5.0,5.0
11538,Serbia,Spices,Import,0.0,0.0,0.0,0.0,0.0,0.0,1.0,1.0,1.0,1.0,1.0,1.0,1.0,1.0,1.0,1.0,1.0,2.0
11539,Serbia,Spices,Stock Variation,0.0,0.0,0.0,0.0,0.0,0.0,0.0,0.0,0.0,0.0,0.0,0.0,0.0,0.0,0.0,1.0,1.0,1.0
11540,Serbia,Alcoholic Beverages,Production,0.0,0.0,0.0,0.0,0.0,0.0,845.0,875.0,876.0,822.0,842.0,843.0,874.0,838.0,618.0,651.0,659.0,662.0
11541,Serbia,"Aquatic Products, Other",Other uses (non-food),0.0,0.0,0.0,0.0,0.0,0.0,0.0,0.0,0.0,0.0,0.0,0.0,0.0,0.0,0.0,0.0,0.0,0.0
11542,Serbia,"Aquatic Products, Other",Domestic supply,0.0,0.0,0.0,0.0,0.0,0.0,0.0,1.0,1.0,1.0,1.0,0.0,0.0,0.0,0.0,0.0,0.0,0.0
11543,Serbia,"Aquatic Products, Other",Export,0.0,0.0,0.0,0.0,0.0,0.0,0.0,0.0,0.0,0.0,0.0,0.0,0.0,0.0,0.0,0.0,0.0,0.0
11544,Serbia,Oilcrops,Losses,0.0,0.0,0.0,0.0,0.0,0.0,34.0,30.0,33.0,35.0,43.0,37.0,37.0,37.0,50.0,42.0,45.0,49.0
11545,Serbia,Oilcrops,Seed,0.0,0.0,0.0,0.0,0.0,0.0,8.0,8.0,8.0,9.0,9.0,9.0,9.0,9.0,15.0,12.0,6.0,6.0
11546,Serbia,Oilcrops,Feed,0.0,0.0,0.0,0.0,0.0,0.0,99.0,73.0,70.0,80.0,29.0,27.0,19.0,13.0,82.0,69.0,22.0,26.0
11547,Serbia,Oilcrops,Domestic supply,0.0,0.0,0.0,0.0,0.0,0.0,742.0,747.0,732.0,914.0,839.0,814.0,869.0,732.0,1016.0,885.0,932.0,936.0
11548,Serbia,Oilcrops,Export,0.0,0.0,0.0,0.0,0.0,0.0,22.0,21.0,27.0,42.0,78.0,106.0,88.0,197.0,103.0,265.0,330.0,316.0
11549,Serbia,Oilcrops,Stock Variation,0.0,0.0,0.0,0.0,0.0,0.0,-95.0,95.0,-156.0,96.0,-120.0,-53.0,200.0,-43.0,44.0,-56.0,51.0,4.0
11550,Serbia,Oilcrops,Import,0.0,0.0,0.0,0.0,0.0,0.0,35.0,44.0,55.0,84.0,92.0,53.0,86.0,43.0,58.0,143.0,40.0,174.0
11551,Serbia,Oilcrops,Production,0.0,0.0,0.0,0.0,0.0,0.0,824.0,629.0,860.0,775.0,946.0,920.0,670.0,929.0,1105.0,951.0,1272.0,1082.0
11552,Serbia,Treenuts,Human Consumption,0.0,0.0,0.0,0.0,0.0,0.0,28.0,29.0,29.0,29.0,26.0,29.0,18.0,24.0,20.0,19.0,14.0,17.0
11553,Serbia,Treenuts,Losses,0.0,0.0,0.0,0.0,0.0,0.0,0.0,0.0,0.0,0.0,0.0,0.0,0.0,0.0,1.0,1.0,1.0,1.0
11554,Serbia,Treenuts,Domestic supply,0.0,0.0,0.0,0.0,0.0,0.0,28.0,29.0,29.0,29.0,26.0,29.0,18.0,24.0,21.0,20.0,15.0,18.0
11555,Serbia,Treenuts,Export,0.0,0.0,0.0,0.0,0.0,0.0,0.0,0.0,1.0,1.0,1.0,1.0,1.0,2.0,1.0,1.0,1.0,1.0
11556,Serbia,Treenuts,Stock Variation,0.0,0.0,0.0,0.0,0.0,0.0,0.0,0.0,0.0,0.0,0.0,0.0,0.0,0.0,-3.0,3.0,4.0,1.0
11557,Serbia,Treenuts,Import,0.0,0.0,0.0,0.0,0.0,0.0,4.0,5.0,5.0,5.0,5.0,6.0,7.0,7.0,3.0,3.0,1.0,2.0
11558,Serbia,Treenuts,Production,0.0,0.0,0.0,0.0,0.0,0.0,24.0,25.0,24.0,25.0,21.0,24.0,13.0,18.0,16.0,21.0,18.0,16.0
11559,Serbia,Pulses,Human Consumption,0.0,0.0,0.0,0.0,0.0,0.0,84.0,74.0,91.0,90.0,85.0,89.0,57.0,56.0,34.0,27.0,24.0,24.0
11560,Serbia,Pulses,Losses,0.0,0.0,0.0,0.0,0.0,0.0,6.0,5.0,6.0,7.0,6.0,6.0,3.0,4.0,4.0,5.0,4.0,4.0
11561,Serbia,Oilcrops,Processing,0.0,0.0,0.0,0.0,0.0,0.0,581.0,604.0,593.0,772.0,743.0,723.0,779.0,653.0,710.0,877.0,988.0,980.0
11562,Serbia,Oilcrops,Other uses (non-food),0.0,0.0,0.0,0.0,0.0,0.0,8.0,19.0,14.0,7.0,4.0,4.0,8.0,5.0,240.0,16.0,1.0,3.0
11563,Serbia,Oilcrops,Human Consumption,0.0,0.0,0.0,0.0,0.0,0.0,13.0,13.0,13.0,10.0,12.0,14.0,17.0,14.0,15.0,17.0,14.0,17.0
11564,Serbia,Starchy Roots,Production,0.0,0.0,0.0,0.0,0.0,0.0,930.0,743.0,844.0,898.0,887.0,892.0,578.0,767.0,592.0,643.0,723.0,596.0
11565,Serbia,Sugar Crops,Human Consumption,0.0,0.0,0.0,0.0,0.0,0.0,0.0,0.0,0.0,0.0,0.0,0.0,0.0,0.0,0.0,0.0,0.0,0.0
11566,Serbia,Sugar Crops,Processing,0.0,0.0,0.0,0.0,0.0,0.0,3066.0,2813.0,2476.0,2702.0,3000.0,2400.0,2460.0,3072.0,3567.0,1989.0,2854.0,2358.0
11567,Serbia,Sugar Crops,Losses,0.0,0.0,0.0,0.0,0.0,0.0,0.0,0.0,0.0,0.0,0.0,0.0,0.0,0.0,175.0,109.0,134.0,125.0
11568,Serbia,Sugar Crops,Feed,0.0,0.0,0.0,0.0,0.0,0.0,43.0,2.0,3.0,1.0,1.0,1.0,11.0,108.0,45.0,27.0,0.0,0.0
11569,Serbia,Sugar Crops,Domestic supply,0.0,0.0,0.0,0.0,0.0,0.0,3109.0,2815.0,2479.0,2703.0,3001.0,2401.0,2471.0,3180.0,3786.0,2126.0,2988.0,2484.0
11570,Serbia,Sugar Crops,Export,0.0,0.0,0.0,0.0,0.0,0.0,80.0,88.0,123.0,95.0,324.0,433.0,12.0,0.0,34.0,47.0,31.0,30.0
11571,Serbia,Sugar Crops,Stock Variation,0.0,0.0,0.0,0.0,0.0,0.0,0.0,-303.0,303.0,0.0,0.0,0.0,0.0,0.0,-312.0,11.0,-335.0,0.0
11572,Serbia,Sugar Crops,Import,0.0,0.0,0.0,0.0,0.0,0.0,0.0,0.0,0.0,0.0,0.0,11.0,0.0,0.0,0.0,0.0,0.0,0.0
11573,Serbia,Pulses,Seed,0.0,0.0,0.0,0.0,0.0,0.0,2.0,2.0,2.0,2.0,2.0,1.0,1.0,1.0,2.0,2.0,2.0,2.0
11574,Serbia,Sugar Crops,Production,0.0,0.0,0.0,0.0,0.0,0.0,3189.0,3206.0,2300.0,2798.0,3325.0,2822.0,2483.0,3180.0,3507.0,2183.0,2684.0,2513.0
11575,Serbia,Starchy Roots,Other uses (non-food),0.0,0.0,0.0,0.0,0.0,0.0,1.0,1.0,1.0,1.0,1.0,1.0,1.0,1.0,1.0,1.0,1.0,1.0
11576,Serbia,Starchy Roots,Losses,0.0,0.0,0.0,0.0,0.0,0.0,28.0,22.0,26.0,27.0,27.0,27.0,18.0,24.0,18.0,20.0,22.0,18.0
11577,Serbia,Starchy Roots,Seed,0.0,0.0,0.0,0.0,0.0,0.0,41.0,41.0,39.0,38.0,39.0,26.0,25.0,26.0,21.0,46.0,45.0,38.0
11578,Serbia,Starchy Roots,Feed,0.0,0.0,0.0,0.0,0.0,0.0,458.0,329.0,427.0,462.0,453.0,477.0,181.0,376.0,263.0,284.0,308.0,216.0
11579,Serbia,Starchy Roots,Domestic supply,0.0,0.0,0.0,0.0,0.0,0.0,912.0,751.0,859.0,904.0,897.0,911.0,606.0,810.0,679.0,726.0,750.0,608.0
11580,Serbia,Starchy Roots,Export,0.0,0.0,0.0,0.0,0.0,0.0,39.0,14.0,11.0,14.0,13.0,10.0,7.0,9.0,5.0,2.0,7.0,19.0
11581,Serbia,Starchy Roots,Stock Variation,0.0,0.0,0.0,0.0,0.0,0.0,0.0,0.0,0.0,0.0,0.0,0.0,0.0,0.0,-58.0,-50.0,-15.0,-8.0
11582,Serbia,Starchy Roots,Import,0.0,0.0,0.0,0.0,0.0,0.0,21.0,22.0,26.0,20.0,22.0,29.0,35.0,52.0,34.0,35.0,19.0,23.0
11583,Serbia,Starchy Roots,Human Consumption,0.0,0.0,0.0,0.0,0.0,0.0,384.0,358.0,367.0,377.0,378.0,380.0,381.0,383.0,375.0,375.0,375.0,335.0
11584,Serbia,Pulses,Feed,0.0,0.0,0.0,0.0,0.0,0.0,46.0,36.0,45.0,49.0,51.0,45.0,36.0,43.0,43.0,43.0,43.0,43.0
11585,Serbia,Pulses,Domestic supply,0.0,0.0,0.0,0.0,0.0,0.0,138.0,117.0,144.0,148.0,144.0,141.0,98.0,104.0,84.0,77.0,74.0,73.0
11586,Serbia,Pulses,Export,0.0,0.0,0.0,0.0,0.0,0.0,0.0,0.0,0.0,0.0,1.0,1.0,1.0,1.0,0.0,1.0,1.0,1.0
11587,Serbia,Vegetables,Human Consumption,0.0,0.0,0.0,0.0,0.0,0.0,1220.0,1015.0,1164.0,1155.0,1164.0,1119.0,881.0,1017.0,855.0,958.0,994.0,973.0
11588,Serbia,Vegetables,Processing,0.0,0.0,0.0,0.0,0.0,0.0,0.0,0.0,0.0,0.0,0.0,0.0,0.0,0.0,21.0,19.0,25.0,11.0
11589,Serbia,Vegetables,Losses,0.0,0.0,0.0,0.0,0.0,0.0,137.0,114.0,134.0,135.0,139.0,133.0,107.0,122.0,102.0,117.0,122.0,117.0
11590,Serbia,Vegetables,Feed,0.0,0.0,0.0,0.0,0.0,0.0,2.0,2.0,4.0,4.0,3.0,3.0,5.0,5.0,4.0,4.0,4.0,4.0
11591,Serbia,Vegetables,Domestic supply,0.0,0.0,0.0,0.0,0.0,0.0,1359.0,1131.0,1301.0,1294.0,1307.0,1256.0,993.0,1144.0,964.0,1076.0,1104.0,1062.0
11592,Serbia,Vegetables,Export,0.0,0.0,0.0,0.0,0.0,0.0,96.0,101.0,102.0,118.0,153.0,141.0,149.0,145.0,129.0,160.0,187.0,202.0
11593,Serbia,Cereals - Excluding Beer,Production,0.0,0.0,0.0,0.0,0.0,0.0,8417.0,6261.0,8853.0,9004.0,9295.0,9082.0,6379.0,9124.0,10880.0,8461.0,10892.0,6817.0
11594,Serbia,Cereals - Excluding Beer,Import,0.0,0.0,0.0,0.0,0.0,0.0,88.0,82.0,74.0,43.0,42.0,83.0,75.0,81.0,68.0,73.0,67.0,70.0
11595,Serbia,Vegetable Oils,Production,0.0,0.0,0.0,0.0,0.0,0.0,170.0,179.0,182.0,244.0,232.0,222.0,232.0,220.0,284.0,331.0,343.0,350.0
11596,Serbia,Cereals - Excluding Beer,Stock Variation,0.0,0.0,0.0,0.0,0.0,0.0,-273.0,273.0,-401.0,-133.0,495.0,-39.0,-244.0,147.0,596.0,101.0,743.0,-773.0
11597,Serbia,Cereals - Excluding Beer,Domestic supply,0.0,0.0,0.0,0.0,0.0,0.0,6582.0,5451.0,7537.0,6783.0,7428.0,6893.0,3422.0,7069.0,7205.0,5453.0,6836.0,5151.0
11598,Serbia,Cereals - Excluding Beer,Feed,0.0,0.0,0.0,0.0,0.0,0.0,4612.0,3501.0,5469.0,4729.0,5235.0,4764.0,1327.0,4956.0,5009.0,3290.0,4607.0,2833.0
11599,Serbia,Cereals - Excluding Beer,Seed,0.0,0.0,0.0,0.0,0.0,0.0,162.0,151.0,164.0,147.0,148.0,160.0,167.0,163.0,219.0,215.0,216.0,222.0
11600,Serbia,Cereals - Excluding Beer,Losses,0.0,0.0,0.0,0.0,0.0,0.0,383.0,361.0,424.0,434.0,467.0,437.0,302.0,423.0,242.0,179.0,236.0,265.0
11601,Serbia,Cereals - Excluding Beer,Processing,0.0,0.0,0.0,0.0,0.0,0.0,165.0,209.0,260.0,243.0,242.0,242.0,251.0,248.0,230.0,238.0,242.0,228.0
11602,Serbia,Cereals - Excluding Beer,Other uses (non-food),0.0,0.0,0.0,0.0,0.0,0.0,1.0,2.0,2.0,2.0,2.0,1.0,2.0,2.0,221.0,252.0,273.0,168.0
11603,Serbia,Cereals - Excluding Beer,Human Consumption,0.0,0.0,0.0,0.0,0.0,0.0,1258.0,1226.0,1219.0,1228.0,1335.0,1289.0,1373.0,1277.0,1285.0,1283.0,1273.0,1283.0
11604,Serbia,"Aquatic Products, Other",Import,0.0,0.0,0.0,0.0,0.0,0.0,0.0,1.0,1.0,1.0,1.0,0.0,0.0,0.0,0.0,0.0,0.0,0.0
11605,Serbia,Cereals - Excluding Beer,Export,0.0,0.0,0.0,0.0,0.0,0.0,1650.0,1166.0,990.0,2131.0,2404.0,2233.0,2789.0,2282.0,3147.0,2980.0,3379.0,2510.0
11606,Serbia,Vegetables,Stock Variation,0.0,0.0,0.0,0.0,0.0,0.0,0.0,0.0,0.0,0.0,0.0,0.0,0.0,0.0,27.0,35.0,23.0,-1.0
11607,Serbia,Vegetable Oils,Import,0.0,0.0,0.0,0.0,0.0,0.0,61.0,52.0,55.0,58.0,46.0,37.0,38.0,55.0,43.0,52.0,43.0,55.0
11608,Serbia,Vegetable Oils,Export,0.0,0.0,0.0,0.0,0.0,0.0,50.0,125.0,130.0,150.0,167.0,175.0,181.0,183.0,161.0,202.0,240.0,222.0
11609,Serbia,Pulses,Stock Variation,0.0,0.0,0.0,0.0,0.0,0.0,0.0,0.0,0.0,0.0,0.0,0.0,0.0,0.0,-14.0,-1.0,-2.0,-2.0
11610,Serbia,Pulses,Import,0.0,0.0,0.0,0.0,0.0,0.0,10.0,13.0,14.0,12.0,12.0,15.0,19.0,15.0,16.0,19.0,14.0,14.0
11611,Serbia,Pulses,Production,0.0,0.0,0.0,0.0,0.0,0.0,128.0,104.0,130.0,136.0,133.0,127.0,81.0,89.0,54.0,58.0,59.0,58.0
11612,Serbia,Sugar & Sweeteners,Human Consumption,0.0,0.0,0.0,0.0,0.0,0.0,306.0,315.0,251.0,300.0,235.0,277.0,264.0,268.0,266.0,265.0,266.0,266.0
11613,Serbia,Sugar & Sweeteners,Other uses (non-food),0.0,0.0,0.0,0.0,0.0,0.0,11.0,11.0,14.0,12.0,12.0,15.0,23.0,34.0,34.0,54.0,141.0,131.0
11614,Serbia,Sugar & Sweeteners,Processing,0.0,0.0,0.0,0.0,0.0,0.0,0.0,0.0,0.0,0.0,0.0,0.0,0.0,0.0,1.0,0.0,1.0,1.0
11615,Serbia,Sugar & Sweeteners,Losses,0.0,0.0,0.0,0.0,0.0,0.0,0.0,0.0,0.0,0.0,0.0,0.0,0.0,0.0,0.0,1.0,0.0,0.0
11616,Serbia,Sugar & Sweeteners,Feed,0.0,0.0,0.0,0.0,0.0,0.0,0.0,0.0,0.0,0.0,0.0,0.0,0.0,0.0,0.0,0.0,0.0,0.0
11617,Serbia,Vegetable Oils,Stock Variation,0.0,0.0,0.0,0.0,0.0,0.0,-25.0,10.0,20.0,-25.0,10.0,17.0,0.0,0.0,20.0,-5.0,-19.0,34.0
11618,Serbia,Sugar & Sweeteners,Domestic supply,0.0,0.0,0.0,0.0,0.0,0.0,316.0,326.0,265.0,312.0,247.0,292.0,286.0,301.0,152.0,180.0,258.0,243.0
11619,Serbia,Sugar & Sweeteners,Stock Variation,0.0,0.0,0.0,0.0,0.0,0.0,0.0,0.0,0.0,0.0,0.0,0.0,0.0,-87.0,224.0,-24.0,41.0,124.0
11620,Serbia,Sugar & Sweeteners,Import,0.0,0.0,0.0,0.0,0.0,0.0,62.0,66.0,69.0,46.0,32.0,47.0,57.0,67.0,76.0,107.0,114.0,121.0
11621,Serbia,Sugar & Sweeteners,Production,0.0,0.0,0.0,0.0,0.0,0.0,539.0,545.0,524.0,591.0,652.0,588.0,559.0,677.0,741.0,465.0,634.0,643.0
11622,Serbia,Vegetable Oils,Human Consumption,0.0,0.0,0.0,0.0,0.0,0.0,115.0,90.0,99.0,98.0,93.0,73.0,62.0,54.0,65.0,70.0,66.0,61.0
11623,Serbia,Vegetable Oils,Other uses (non-food),0.0,0.0,0.0,0.0,0.0,0.0,41.0,30.0,27.0,29.0,28.0,28.0,28.0,40.0,34.0,38.0,29.0,36.0
11624,Serbia,Vegetable Oils,Processing,0.0,0.0,0.0,0.0,0.0,0.0,0.0,0.0,0.0,0.0,0.0,0.0,0.0,0.0,62.0,97.0,78.0,59.0
11625,Serbia,Vegetable Oils,Feed,0.0,0.0,0.0,0.0,0.0,0.0,0.0,0.0,0.0,0.0,0.0,0.0,0.0,0.0,0.0,0.0,0.0,0.0
11626,Serbia,Vegetable Oils,Domestic supply,0.0,0.0,0.0,0.0,0.0,0.0,156.0,116.0,126.0,127.0,121.0,100.0,89.0,92.0,146.0,185.0,164.0,148.0
11627,Serbia,Sugar & Sweeteners,Export,0.0,0.0,0.0,0.0,0.0,0.0,285.0,285.0,328.0,325.0,437.0,343.0,330.0,356.0,441.0,416.0,449.0,397.0
11628,Serbia,Vegetables,Export,0.0,0.0,0.0,0.0,0.0,0.0,96.0,101.0,102.0,118.0,153.0,141.0,149.0,145.0,129.0,160.0,187.0,202.0
11629,Serbia,Alcoholic Beverages,Import,0.0,0.0,0.0,0.0,0.0,0.0,48.0,50.0,45.0,32.0,29.0,48.0,51.0,44.0,49.0,56.0,49.0,60.0
11630,Serbia,Vegetables,Feed,0.0,0.0,0.0,0.0,0.0,0.0,2.0,2.0,4.0,4.0,3.0,3.0,5.0,5.0,4.0,4.0,4.0,4.0
11631,Serbia,Meat,Export,0.0,0.0,0.0,0.0,0.0,0.0,24.0,27.0,20.0,15.0,16.0,15.0,18.0,17.0,39.0,34.0,30.0,37.0
11632,Serbia,Meat,Stock Variation,0.0,0.0,0.0,0.0,0.0,0.0,0.0,0.0,0.0,0.0,0.0,0.0,0.0,0.0,15.0,-2.0,27.0,32.0
11633,Serbia,Meat,Import,0.0,0.0,0.0,0.0,0.0,0.0,7.0,9.0,16.0,16.0,17.0,22.0,34.0,39.0,44.0,47.0,36.0,50.0
11634,Serbia,Meat,Production,0.0,0.0,0.0,0.0,0.0,0.0,434.0,474.0,463.0,457.0,471.0,478.0,493.0,498.0,512.0,464.0,490.0,492.0
11635,Serbia,Offals,Human Consumption,0.0,0.0,0.0,0.0,0.0,0.0,76.0,75.0,74.0,76.0,81.0,78.0,73.0,89.0,36.0,32.0,33.0,31.0
11636,Serbia,Vegetables,Domestic supply,0.0,0.0,0.0,0.0,0.0,0.0,1359.0,1131.0,1301.0,1294.0,1307.0,1256.0,993.0,1144.0,964.0,1076.0,1104.0,1062.0
11637,Serbia,Offals,Domestic supply,0.0,0.0,0.0,0.0,0.0,0.0,76.0,75.0,74.0,76.0,81.0,78.0,73.0,89.0,38.0,33.0,35.0,33.0
11638,Serbia,Offals,Export,0.0,0.0,0.0,0.0,0.0,0.0,2.0,2.0,2.0,1.0,2.0,2.0,2.0,2.0,4.0,5.0,6.0,7.0
11639,Serbia,Offals,Import,0.0,0.0,0.0,0.0,0.0,0.0,1.0,1.0,1.0,2.0,2.0,2.0,3.0,1.0,2.0,2.0,1.0,2.0
11640,Serbia,Offals,Production,0.0,0.0,0.0,0.0,0.0,0.0,77.0,77.0,74.0,76.0,81.0,77.0,72.0,91.0,40.0,37.0,39.0,38.0
11641,Serbia,Animal fats,Human Consumption,0.0,0.0,0.0,0.0,0.0,0.0,18.0,18.0,16.0,19.0,22.0,21.0,22.0,25.0,27.0,27.0,31.0,33.0
11642,Serbia,Animal fats,Other uses (non-food),0.0,0.0,0.0,0.0,0.0,0.0,22.0,22.0,21.0,20.0,21.0,20.0,20.0,21.0,18.0,17.0,17.0,18.0
11643,Serbia,Animal fats,Processing,0.0,0.0,0.0,0.0,0.0,0.0,0.0,0.0,0.0,0.0,0.0,0.0,0.0,0.0,7.0,10.0,11.0,12.0
11644,Serbia,Animal fats,Losses,0.0,0.0,0.0,0.0,0.0,0.0,0.0,0.0,0.0,0.0,0.0,0.0,0.0,0.0,0.0,0.0,0.0,0.0
11645,Serbia,Animal fats,Domestic supply,0.0,0.0,0.0,0.0,0.0,0.0,39.0,41.0,37.0,39.0,42.0,42.0,43.0,46.0,51.0,54.0,55.0,58.0
11646,Serbia,Animal fats,Export,0.0,0.0,0.0,0.0,0.0,0.0,4.0,5.0,4.0,2.0,3.0,5.0,5.0,6.0,8.0,5.0,6.0,8.0
11647,Serbia,Animal fats,Stock Variation,0.0,0.0,0.0,0.0,0.0,0.0,0.0,0.0,0.0,0.0,0.0,0.0,0.0,0.0,3.0,4.0,4.0,4.0
11648,Serbia,Meat,Domestic supply,0.0,0.0,0.0,0.0,0.0,0.0,417.0,455.0,459.0,458.0,473.0,485.0,509.0,519.0,501.0,479.0,470.0,474.0
11649,Serbia,Meat,Processing,0.0,0.0,0.0,0.0,0.0,0.0,13.0,14.0,13.0,13.0,13.0,13.0,13.0,12.0,2.0,2.0,2.0,2.0
11650,Serbia,Meat,Human Consumption,0.0,0.0,0.0,0.0,0.0,0.0,404.0,442.0,446.0,445.0,459.0,472.0,497.0,507.0,500.0,477.0,468.0,472.0
11651,Serbia,Miscellaneous,Import,0.0,0.0,0.0,0.0,0.0,0.0,1.0,1.0,1.0,1.0,1.0,1.0,1.0,2.0,43.0,46.0,39.0,38.0
11652,Serbia,Spices,Human Consumption,0.0,0.0,0.0,0.0,0.0,0.0,1.0,1.0,3.0,2.0,2.0,2.0,4.0,4.0,3.0,3.0,3.0,3.0
11653,Serbia,Spices,Losses,0.0,0.0,0.0,0.0,0.0,0.0,0.0,0.0,0.0,0.0,0.0,0.0,0.0,0.0,0.0,0.0,0.0,0.0
11654,Serbia,Spices,Domestic supply,0.0,0.0,0.0,0.0,0.0,0.0,1.0,1.0,3.0,2.0,2.0,2.0,4.0,4.0,3.0,3.0,3.0,3.0
11655,Serbia,Spices,Export,0.0,0.0,0.0,0.0,0.0,0.0,3.0,4.0,3.0,3.0,4.0,3.0,2.0,2.0,3.0,3.0,2.0,3.0
11656,Serbia,Spices,Stock Variation,0.0,0.0,0.0,0.0,0.0,0.0,0.0,0.0,0.0,0.0,0.0,0.0,0.0,0.0,0.0,1.0,1.0,1.0
11657,Serbia,Spices,Import,0.0,0.0,0.0,0.0,0.0,0.0,1.0,1.0,1.0,1.0,1.0,1.0,1.0,1.0,1.0,1.0,1.0,2.0
11658,Serbia,Spices,Production,0.0,0.0,0.0,0.0,0.0,0.0,3.0,4.0,4.0,4.0,4.0,4.0,5.0,5.0,5.0,5.0,5.0,5.0
11659,Serbia,Alcoholic Beverages,Human Consumption,0.0,0.0,0.0,0.0,0.0,0.0,776.0,789.0,777.0,715.0,740.0,742.0,765.0,741.0,557.0,566.0,575.0,578.0
11660,Serbia,Animal fats,Import,0.0,0.0,0.0,0.0,0.0,0.0,3.0,3.0,4.0,5.0,8.0,10.0,12.0,14.0,18.0,19.0,18.0,21.0
11661,Serbia,Alcoholic Beverages,Other uses (non-food),0.0,0.0,0.0,0.0,0.0,0.0,4.0,5.0,8.0,8.0,7.0,8.0,8.0,6.0,7.0,8.0,11.0,12.0
11662,Serbia,Alcoholic Beverages,Export,0.0,0.0,0.0,0.0,0.0,0.0,113.0,131.0,136.0,131.0,123.0,141.0,153.0,135.0,138.0,142.0,146.0,150.0
11663,Serbia,Alcoholic Beverages,Stock Variation,0.0,0.0,0.0,0.0,0.0,0.0,0.0,0.0,0.0,0.0,0.0,0.0,0.0,0.0,-36.0,-10.0,-24.0,-18.0
11664,Serbia,Alcoholic Beverages,Import,0.0,0.0,0.0,0.0,0.0,0.0,48.0,50.0,45.0,32.0,29.0,48.0,51.0,44.0,49.0,56.0,49.0,60.0
11665,Serbia,Alcoholic Beverages,Production,0.0,0.0,0.0,0.0,0.0,0.0,845.0,875.0,876.0,822.0,842.0,843.0,874.0,838.0,618.0,651.0,659.0,662.0
11666,Serbia,Miscellaneous,Human Consumption,0.0,0.0,0.0,0.0,0.0,0.0,1.0,1.0,1.0,1.0,1.0,1.0,1.0,1.0,1.0,1.0,0.0,1.0
11667,Serbia,Miscellaneous,Domestic supply,0.0,0.0,0.0,0.0,0.0,0.0,1.0,1.0,1.0,1.0,1.0,1.0,1.0,1.0,-20.0,-22.0,-36.0,-36.0
11668,Serbia,Miscellaneous,Export,0.0,0.0,0.0,0.0,0.0,0.0,0.0,0.0,0.0,0.0,0.0,0.0,0.0,0.0,63.0,68.0,75.0,74.0
11669,Serbia,Miscellaneous,Stock Variation,0.0,0.0,0.0,0.0,0.0,0.0,0.0,0.0,0.0,0.0,0.0,0.0,0.0,0.0,0.0,0.0,0.0,0.0
11670,Serbia,Alcoholic Beverages,Domestic supply,0.0,0.0,0.0,0.0,0.0,0.0,780.0,793.0,785.0,723.0,747.0,750.0,773.0,748.0,565.0,574.0,587.0,590.0
11671,Serbia,Animal fats,Production,0.0,0.0,0.0,0.0,0.0,0.0,40.0,43.0,37.0,36.0,37.0,37.0,36.0,37.0,44.0,45.0,47.0,49.0
11672,Serbia,Milk - Excluding Butter,Human Consumption,0.0,0.0,0.0,0.0,0.0,0.0,1513.0,1543.0,1547.0,1431.0,1438.0,1411.0,1439.0,1413.0,1461.0,1484.0,1473.0,1529.0
11673,Serbia,Milk - Excluding Butter,Processing,0.0,0.0,0.0,0.0,0.0,0.0,0.0,0.0,0.0,0.0,0.0,0.0,0.0,0.0,0.0,0.0,0.0,0.0
11674,Serbia,"Fish, Seafood",Import,0.0,0.0,0.0,0.0,0.0,0.0,77.0,74.0,71.0,60.0,52.0,68.0,67.0,52.0,56.0,48.0,42.0,60.0
11675,Serbia,"Fish, Seafood",Production,0.0,0.0,0.0,0.0,0.0,0.0,7.0,9.0,11.0,11.0,13.0,13.0,12.0,11.0,11.0,11.0,9.0,7.0
11676,Serbia,"Aquatic Products, Other",Human Consumption,0.0,0.0,0.0,0.0,0.0,0.0,0.0,1.0,1.0,1.0,1.0,0.0,0.0,0.0,0.0,0.0,0.0,0.0
11677,Serbia,"Aquatic Products, Other",Other uses (non-food),0.0,0.0,0.0,0.0,0.0,0.0,0.0,0.0,0.0,0.0,0.0,0.0,0.0,0.0,0.0,0.0,0.0,0.0
11678,Serbia,"Aquatic Products, Other",Domestic supply,0.0,0.0,0.0,0.0,0.0,0.0,0.0,1.0,1.0,1.0,1.0,0.0,0.0,0.0,0.0,0.0,0.0,0.0
11679,Serbia,"Aquatic Products, Other",Export,0.0,0.0,0.0,0.0,0.0,0.0,0.0,0.0,0.0,0.0,0.0,0.0,0.0,0.0,0.0,0.0,0.0,0.0
11680,Serbia,"Aquatic Products, Other",Import,0.0,0.0,0.0,0.0,0.0,0.0,0.0,1.0,1.0,1.0,1.0,0.0,0.0,0.0,0.0,0.0,0.0,0.0
11681,Serbia,Cereals - Excluding Beer,Human Consumption,0.0,0.0,0.0,0.0,0.0,0.0,1258.0,1226.0,1219.0,1228.0,1335.0,1289.0,1373.0,1277.0,1285.0,1283.0,1273.0,1283.0
11682,Serbia,"Fish, Seafood",Stock Variation,0.0,0.0,0.0,0.0,0.0,0.0,0.0,0.0,0.0,0.0,0.0,0.0,0.0,0.0,0.0,0.0,0.0,0.0
11683,Serbia,Cereals - Excluding Beer,Other uses (non-food),0.0,0.0,0.0,0.0,0.0,0.0,1.0,2.0,2.0,2.0,2.0,1.0,2.0,2.0,221.0,252.0,273.0,168.0
11684,Serbia,Cereals - Excluding Beer,Losses,0.0,0.0,0.0,0.0,0.0,0.0,383.0,361.0,424.0,434.0,467.0,437.0,302.0,423.0,242.0,179.0,236.0,265.0
11685,Serbia,Cereals - Excluding Beer,Seed,0.0,0.0,0.0,0.0,0.0,0.0,162.0,151.0,164.0,147.0,148.0,160.0,167.0,163.0,219.0,215.0,216.0,222.0
11686,Serbia,Cereals - Excluding Beer,Feed,0.0,0.0,0.0,0.0,0.0,0.0,4612.0,3501.0,5469.0,4729.0,5235.0,4764.0,1327.0,4956.0,5009.0,3290.0,4607.0,2833.0
11687,Serbia,Cereals - Excluding Beer,Domestic supply,0.0,0.0,0.0,0.0,0.0,0.0,6582.0,5451.0,7537.0,6783.0,7428.0,6893.0,3422.0,7069.0,7205.0,5453.0,6836.0,5151.0
11688,Serbia,Cereals - Excluding Beer,Export,0.0,0.0,0.0,0.0,0.0,0.0,1650.0,1166.0,990.0,2131.0,2404.0,2233.0,2789.0,2282.0,3147.0,2980.0,3379.0,2510.0
11689,Serbia,Cereals - Excluding Beer,Stock Variation,0.0,0.0,0.0,0.0,0.0,0.0,-273.0,273.0,-401.0,-133.0,495.0,-39.0,-244.0,147.0,596.0,101.0,743.0,-773.0
11690,Serbia,Cereals - Excluding Beer,Import,0.0,0.0,0.0,0.0,0.0,0.0,88.0,82.0,74.0,43.0,42.0,83.0,75.0,81.0,68.0,73.0,67.0,70.0
11691,Serbia,Cereals - Excluding Beer,Production,0.0,0.0,0.0,0.0,0.0,0.0,8417.0,6261.0,8853.0,9004.0,9295.0,9082.0,6379.0,9124.0,10880.0,8461.0,10892.0,6817.0
11692,Serbia,Cereals - Excluding Beer,Processing,0.0,0.0,0.0,0.0,0.0,0.0,165.0,209.0,260.0,243.0,242.0,242.0,251.0,248.0,230.0,238.0,242.0,228.0
11693,Serbia,Stimulants,Production,0.0,0.0,0.0,0.0,0.0,0.0,0.0,0.0,0.0,0.0,0.0,0.0,0.0,0.0,0.0,0.0,0.0,0.0
11694,Serbia,"Fish, Seafood",Export,0.0,0.0,0.0,0.0,0.0,0.0,1.0,1.0,1.0,1.0,1.0,1.0,1.0,1.0,1.0,2.0,3.0,4.0
11695,Serbia,"Fish, Seafood",Feed,0.0,0.0,0.0,0.0,0.0,0.0,36.0,21.0,17.0,16.0,9.0,8.0,9.0,7.0,6.0,8.0,7.0,10.0
11696,Serbia,Milk - Excluding Butter,Losses,0.0,0.0,0.0,0.0,0.0,0.0,33.0,32.0,32.0,31.0,30.0,30.0,31.0,30.0,2.0,2.0,1.0,1.0
11697,Serbia,Milk - Excluding Butter,Feed,0.0,0.0,0.0,0.0,0.0,0.0,66.0,39.0,7.0,34.0,36.0,55.0,49.0,74.0,67.0,63.0,60.0,9.0
11698,Serbia,Milk - Excluding Butter,Domestic supply,0.0,0.0,0.0,0.0,0.0,0.0,1612.0,1615.0,1586.0,1496.0,1504.0,1496.0,1519.0,1516.0,1528.0,1549.0,1534.0,1539.0
11699,Serbia,Milk - Excluding Butter,Export,0.0,0.0,0.0,0.0,0.0,0.0,71.0,60.0,72.0,75.0,82.0,104.0,125.0,107.0,140.0,142.0,145.0,145.0
11700,Serbia,Milk - Excluding Butter,Stock Variation,0.0,0.0,0.0,0.0,0.0,0.0,0.0,0.0,0.0,0.0,0.0,0.0,0.0,0.0,15.0,10.0,6.0,8.0
11701,Serbia,Milk - Excluding Butter,Import,0.0,0.0,0.0,0.0,0.0,0.0,9.0,21.0,43.0,21.0,54.0,65.0,89.0,75.0,79.0,78.0,69.0,80.0
11702,Serbia,Milk - Excluding Butter,Production,0.0,0.0,0.0,0.0,0.0,0.0,1674.0,1655.0,1615.0,1550.0,1532.0,1535.0,1554.0,1548.0,1604.0,1622.0,1616.0,1612.0
11703,Serbia,Eggs,Human Consumption,0.0,0.0,0.0,0.0,0.0,0.0,69.0,66.0,58.0,57.0,66.0,59.0,87.0,85.0,89.0,96.0,87.0,83.0
11704,Serbia,"Fish, Seafood",Domestic supply,0.0,0.0,0.0,0.0,0.0,0.0,84.0,82.0,80.0,71.0,64.0,80.0,78.0,62.0,65.0,57.0,48.0,64.0
11705,Serbia,Eggs,Other uses (non-food),0.0,0.0,0.0,0.0,0.0,0.0,0.0,0.0,0.0,0.0,0.0,0.0,0.0,0.0,0.0,0.0,0.0,0.0
11706,Serbia,Eggs,Seed,0.0,0.0,0.0,0.0,0.0,0.0,3.0,3.0,3.0,4.0,4.0,3.0,3.0,4.0,5.0,6.0,5.0,4.0
11707,Serbia,Eggs,Domestic supply,0.0,0.0,0.0,0.0,0.0,0.0,73.0,69.0,61.0,61.0,70.0,62.0,90.0,89.0,95.0,102.0,92.0,88.0
11708,Serbia,Eggs,Export,0.0,0.0,0.0,0.0,0.0,0.0,1.0,1.0,0.0,0.0,0.0,0.0,1.0,1.0,2.0,2.0,3.0,3.0
11709,Serbia,Eggs,Stock Variation,0.0,0.0,0.0,0.0,0.0,0.0,0.0,0.0,0.0,0.0,0.0,0.0,0.0,0.0,0.0,0.0,0.0,0.0
11710,Serbia,Eggs,Import,0.0,0.0,0.0,0.0,0.0,0.0,1.0,1.0,1.0,2.0,1.0,1.0,2.0,2.0,2.0,1.0,2.0,3.0
11711,Serbia,Eggs,Production,0.0,0.0,0.0,0.0,0.0,0.0,73.0,69.0,60.0,59.0,69.0,61.0,90.0,88.0,95.0,103.0,93.0,88.0
11712,Serbia,"Fish, Seafood",Human Consumption,0.0,0.0,0.0,0.0,0.0,0.0,47.0,61.0,63.0,55.0,55.0,72.0,70.0,55.0,59.0,49.0,41.0,55.0
11713,Serbia,"Fish, Seafood",Other uses (non-food),0.0,0.0,0.0,0.0,0.0,0.0,0.0,0.0,0.0,0.0,0.0,0.0,0.0,0.0,0.0,0.0,0.0,0.0
11714,Serbia,Eggs,Losses,0.0,0.0,0.0,0.0,0.0,0.0,0.0,0.0,0.0,0.0,0.0,0.0,0.0,0.0,1.0,0.0,0.0,0.0
11715,Serbia,Stimulants,Import,0.0,0.0,0.0,0.0,0.0,0.0,58.0,61.0,68.0,53.0,54.0,61.0,67.0,71.0,41.0,47.0,41.0,40.0
11716,Serbia,Offals,Losses,0.0,0.0,0.0,0.0,0.0,0.0,0.0,0.0,0.0,0.0,0.0,0.0,0.0,0.0,2.0,2.0,2.0,2.0
11717,Serbia,Stimulants,Export,0.0,0.0,0.0,0.0,0.0,0.0,10.0,10.0,11.0,10.0,11.0,10.0,10.0,11.0,3.0,4.0,4.0,4.0
11718,Serbia,Pulses,Production,0.0,0.0,0.0,0.0,0.0,0.0,128.0,104.0,130.0,136.0,133.0,127.0,81.0,89.0,54.0,58.0,59.0,58.0
11719,Serbia,Pulses,Import,0.0,0.0,0.0,0.0,0.0,0.0,10.0,13.0,14.0,12.0,12.0,15.0,19.0,15.0,16.0,19.0,14.0,14.0
11720,Serbia,Pulses,Stock Variation,0.0,0.0,0.0,0.0,0.0,0.0,0.0,0.0,0.0,0.0,0.0,0.0,0.0,0.0,-14.0,-1.0,-2.0,-2.0
11721,Serbia,Pulses,Export,0.0,0.0,0.0,0.0,0.0,0.0,0.0,0.0,0.0,0.0,1.0,1.0,1.0,1.0,0.0,1.0,1.0,1.0
11722,Serbia,Pulses,Domestic supply,0.0,0.0,0.0,0.0,0.0,0.0,138.0,117.0,144.0,148.0,144.0,141.0,98.0,104.0,84.0,77.0,74.0,73.0
11723,Serbia,Pulses,Feed,0.0,0.0,0.0,0.0,0.0,0.0,46.0,36.0,45.0,49.0,51.0,45.0,36.0,43.0,43.0,43.0,43.0,43.0
11724,Serbia,Pulses,Seed,0.0,0.0,0.0,0.0,0.0,0.0,2.0,2.0,2.0,2.0,2.0,1.0,1.0,1.0,2.0,2.0,2.0,2.0
11725,Serbia,Pulses,Losses,0.0,0.0,0.0,0.0,0.0,0.0,6.0,5.0,6.0,7.0,6.0,6.0,3.0,4.0,4.0,5.0,4.0,4.0
11726,Serbia,Pulses,Human Consumption,0.0,0.0,0.0,0.0,0.0,0.0,84.0,74.0,91.0,90.0,85.0,89.0,57.0,56.0,34.0,27.0,24.0,24.0
11727,Serbia,Treenuts,Production,0.0,0.0,0.0,0.0,0.0,0.0,24.0,25.0,24.0,25.0,21.0,24.0,13.0,18.0,16.0,21.0,18.0,16.0
11728,Serbia,Treenuts,Import,0.0,0.0,0.0,0.0,0.0,0.0,4.0,5.0,5.0,5.0,5.0,6.0,7.0,7.0,3.0,3.0,1.0,2.0
11729,Serbia,Treenuts,Stock Variation,0.0,0.0,0.0,0.0,0.0,0.0,0.0,0.0,0.0,0.0,0.0,0.0,0.0,0.0,-3.0,3.0,4.0,1.0
11730,Serbia,Treenuts,Export,0.0,0.0,0.0,0.0,0.0,0.0,0.0,0.0,1.0,1.0,1.0,1.0,1.0,2.0,1.0,1.0,1.0,1.0
11731,Serbia,Treenuts,Domestic supply,0.0,0.0,0.0,0.0,0.0,0.0,28.0,29.0,29.0,29.0,26.0,29.0,18.0,24.0,21.0,20.0,15.0,18.0
11732,Serbia,Treenuts,Losses,0.0,0.0,0.0,0.0,0.0,0.0,0.0,0.0,0.0,0.0,0.0,0.0,0.0,0.0,1.0,1.0,1.0,1.0
11733,Serbia,Treenuts,Human Consumption,0.0,0.0,0.0,0.0,0.0,0.0,28.0,29.0,29.0,29.0,26.0,29.0,18.0,24.0,20.0,19.0,14.0,17.0
11734,Serbia,Oilcrops,Production,0.0,0.0,0.0,0.0,0.0,0.0,824.0,629.0,860.0,775.0,946.0,920.0,670.0,929.0,1105.0,951.0,1272.0,1082.0
11735,Serbia,Sugar & Sweeteners,Human Consumption,0.0,0.0,0.0,0.0,0.0,0.0,306.0,315.0,251.0,300.0,235.0,277.0,264.0,268.0,266.0,265.0,266.0,266.0
11736,Serbia,Sugar & Sweeteners,Other uses (non-food),0.0,0.0,0.0,0.0,0.0,0.0,11.0,11.0,14.0,12.0,12.0,15.0,23.0,34.0,34.0,54.0,141.0,131.0
11737,Serbia,Sugar & Sweeteners,Processing,0.0,0.0,0.0,0.0,0.0,0.0,0.0,0.0,0.0,0.0,0.0,0.0,0.0,0.0,1.0,0.0,1.0,1.0
11738,Serbia,Sugar & Sweeteners,Losses,0.0,0.0,0.0,0.0,0.0,0.0,0.0,0.0,0.0,0.0,0.0,0.0,0.0,0.0,0.0,1.0,0.0,0.0
11739,Serbia,Vegetables,Losses,0.0,0.0,0.0,0.0,0.0,0.0,137.0,114.0,134.0,135.0,139.0,133.0,107.0,122.0,102.0,117.0,122.0,117.0
11740,Serbia,Vegetables,Processing,0.0,0.0,0.0,0.0,0.0,0.0,0.0,0.0,0.0,0.0,0.0,0.0,0.0,0.0,21.0,19.0,25.0,11.0
11741,Serbia,Vegetables,Human Consumption,0.0,0.0,0.0,0.0,0.0,0.0,1220.0,1015.0,1164.0,1155.0,1164.0,1119.0,881.0,1017.0,855.0,958.0,994.0,973.0
11742,Serbia,Vegetable Oils,Production,0.0,0.0,0.0,0.0,0.0,0.0,170.0,179.0,182.0,244.0,232.0,222.0,232.0,220.0,284.0,331.0,343.0,350.0
11743,Serbia,Vegetable Oils,Import,0.0,0.0,0.0,0.0,0.0,0.0,61.0,52.0,55.0,58.0,46.0,37.0,38.0,55.0,43.0,52.0,43.0,55.0
11744,Serbia,Vegetable Oils,Stock Variation,0.0,0.0,0.0,0.0,0.0,0.0,-25.0,10.0,20.0,-25.0,10.0,17.0,0.0,0.0,20.0,-5.0,-19.0,34.0
11745,Serbia,Vegetable Oils,Export,0.0,0.0,0.0,0.0,0.0,0.0,50.0,125.0,130.0,150.0,167.0,175.0,181.0,183.0,161.0,202.0,240.0,222.0
11746,Serbia,Vegetable Oils,Domestic supply,0.0,0.0,0.0,0.0,0.0,0.0,156.0,116.0,126.0,127.0,121.0,100.0,89.0,92.0,146.0,185.0,164.0,148.0
11747,Serbia,Oilcrops,Import,0.0,0.0,0.0,0.0,0.0,0.0,35.0,44.0,55.0,84.0,92.0,53.0,86.0,43.0,58.0,143.0,40.0,174.0
11748,Serbia,Vegetable Oils,Feed,0.0,0.0,0.0,0.0,0.0,0.0,0.0,0.0,0.0,0.0,0.0,0.0,0.0,0.0,0.0,0.0,0.0,0.0
11749,Serbia,Vegetable Oils,Other uses (non-food),0.0,0.0,0.0,0.0,0.0,0.0,41.0,30.0,27.0,29.0,28.0,28.0,28.0,40.0,34.0,38.0,29.0,36.0
11750,Serbia,Stimulants,Stock Variation,0.0,0.0,0.0,0.0,0.0,0.0,0.0,0.0,0.0,0.0,0.0,0.0,0.0,0.0,-1.0,1.0,0.0,0.0
11751,Serbia,Sugar & Sweeteners,Production,0.0,0.0,0.0,0.0,0.0,0.0,539.0,545.0,524.0,591.0,652.0,588.0,559.0,677.0,741.0,465.0,634.0,643.0
11752,Serbia,Sugar & Sweeteners,Import,0.0,0.0,0.0,0.0,0.0,0.0,62.0,66.0,69.0,46.0,32.0,47.0,57.0,67.0,76.0,107.0,114.0,121.0
11753,Serbia,Sugar & Sweeteners,Stock Variation,0.0,0.0,0.0,0.0,0.0,0.0,0.0,0.0,0.0,0.0,0.0,0.0,0.0,-87.0,224.0,-24.0,41.0,124.0
11754,Serbia,Sugar & Sweeteners,Export,0.0,0.0,0.0,0.0,0.0,0.0,285.0,285.0,328.0,325.0,437.0,343.0,330.0,356.0,441.0,416.0,449.0,397.0
11755,Serbia,Sugar & Sweeteners,Domestic supply,0.0,0.0,0.0,0.0,0.0,0.0,316.0,326.0,265.0,312.0,247.0,292.0,286.0,301.0,152.0,180.0,258.0,243.0
11756,Serbia,Sugar & Sweeteners,Feed,0.0,0.0,0.0,0.0,0.0,0.0,0.0,0.0,0.0,0.0,0.0,0.0,0.0,0.0,0.0,0.0,0.0,0.0
11757,Serbia,Vegetable Oils,Processing,0.0,0.0,0.0,0.0,0.0,0.0,0.0,0.0,0.0,0.0,0.0,0.0,0.0,0.0,62.0,97.0,78.0,59.0
11758,Serbia,Oilcrops,Stock Variation,0.0,0.0,0.0,0.0,0.0,0.0,-95.0,95.0,-156.0,96.0,-120.0,-53.0,200.0,-43.0,44.0,-56.0,51.0,4.0
11759,Serbia,Vegetable Oils,Human Consumption,0.0,0.0,0.0,0.0,0.0,0.0,115.0,90.0,99.0,98.0,93.0,73.0,62.0,54.0,65.0,70.0,66.0,61.0
11760,Serbia,Oilcrops,Domestic supply,0.0,0.0,0.0,0.0,0.0,0.0,742.0,747.0,732.0,914.0,839.0,814.0,869.0,732.0,1016.0,885.0,932.0,936.0
11761,Serbia,Sugar Crops,Feed,0.0,0.0,0.0,0.0,0.0,0.0,43.0,2.0,3.0,1.0,1.0,1.0,11.0,108.0,45.0,27.0,0.0,0.0
11762,Serbia,Sugar Crops,Losses,0.0,0.0,0.0,0.0,0.0,0.0,0.0,0.0,0.0,0.0,0.0,0.0,0.0,0.0,175.0,109.0,134.0,125.0
11763,Serbia,Sugar Crops,Processing,0.0,0.0,0.0,0.0,0.0,0.0,3066.0,2813.0,2476.0,2702.0,3000.0,2400.0,2460.0,3072.0,3567.0,1989.0,2854.0,2358.0
11764,Serbia,Sugar Crops,Human Consumption,0.0,0.0,0.0,0.0,0.0,0.0,0.0,0.0,0.0,0.0,0.0,0.0,0.0,0.0,0.0,0.0,0.0,0.0
11765,Serbia,Vegetables,Stock Variation,0.0,0.0,0.0,0.0,0.0,0.0,0.0,0.0,0.0,0.0,0.0,0.0,0.0,0.0,27.0,35.0,23.0,-1.0
11766,Serbia,Vegetables,Import,0.0,0.0,0.0,0.0,0.0,0.0,96.0,87.0,109.0,79.0,107.0,103.0,94.0,108.0,101.0,106.0,94.0,98.0
11767,Serbia,Vegetables,Production,0.0,0.0,0.0,0.0,0.0,0.0,1359.0,1145.0,1295.0,1333.0,1352.0,1294.0,1049.0,1180.0,1019.0,1166.0,1221.0,1165.0
11768,Serbia,Fruits - Excluding Wine,Human Consumption,0.0,0.0,0.0,0.0,0.0,0.0,988.0,1065.0,1136.0,1197.0,623.0,839.0,587.0,1045.0,764.0,841.0,891.0,786.0
11769,Serbia,Sugar Crops,Domestic supply,0.0,0.0,0.0,0.0,0.0,0.0,3109.0,2815.0,2479.0,2703.0,3001.0,2401.0,2471.0,3180.0,3786.0,2126.0,2988.0,2484.0
11770,Serbia,Fruits - Excluding Wine,Processing,0.0,0.0,0.0,0.0,0.0,0.0,305.0,343.0,350.0,417.0,463.0,442.0,443.0,458.0,243.0,255.0,248.0,243.0
11771,Serbia,Fruits - Excluding Wine,Domestic supply,0.0,0.0,0.0,0.0,0.0,0.0,1359.0,1478.0,1547.0,1684.0,1133.0,1336.0,1075.0,1568.0,1047.0,1143.0,1177.0,1016.0
11772,Serbia,Fruits - Excluding Wine,Stock Variation,0.0,0.0,0.0,0.0,0.0,0.0,0.0,0.0,0.0,0.0,-2.0,-24.0,25.0,0.0,-51.0,28.0,-6.0,-7.0
11773,Serbia,Fruits - Excluding Wine,Import,0.0,0.0,0.0,0.0,0.0,0.0,212.0,263.0,248.0,207.0,244.0,276.0,286.0,266.0,227.0,272.0,317.0,317.0
11774,Serbia,Fruits - Excluding Wine,Production,0.0,0.0,0.0,0.0,0.0,0.0,1527.0,1684.0,1619.0,1827.0,1355.0,1607.0,1171.0,1830.0,1261.0,1460.0,1491.0,1358.0
11775,Serbia,Stimulants,Human Consumption,0.0,0.0,0.0,0.0,0.0,0.0,48.0,51.0,58.0,43.0,43.0,51.0,57.0,60.0,34.0,36.0,34.0,32.0
11776,Serbia,Stimulants,Processing,0.0,0.0,0.0,0.0,0.0,0.0,0.0,0.0,0.0,0.0,0.0,0.0,0.0,0.0,5.0,6.0,4.0,5.0
11777,Serbia,Stimulants,Domestic supply,0.0,0.0,0.0,0.0,0.0,0.0,48.0,51.0,58.0,43.0,43.0,51.0,57.0,60.0,39.0,43.0,37.0,37.0
11778,Serbia,Oilcrops,Export,0.0,0.0,0.0,0.0,0.0,0.0,22.0,21.0,27.0,42.0,78.0,106.0,88.0,197.0,103.0,265.0,330.0,316.0
11779,Serbia,Fruits - Excluding Wine,Losses,0.0,0.0,0.0,0.0,0.0,0.0,65.0,70.0,61.0,70.0,48.0,55.0,45.0,66.0,57.0,72.0,70.0,70.0
11780,Serbia,Sugar Crops,Export,0.0,0.0,0.0,0.0,0.0,0.0,80.0,88.0,123.0,95.0,324.0,433.0,12.0,0.0,34.0,47.0,31.0,30.0
11781,Serbia,Fruits - Excluding Wine,Export,0.0,0.0,0.0,0.0,0.0,0.0,380.0,468.0,320.0,350.0,464.0,524.0,408.0,528.0,493.0,562.0,637.0,666.0
11782,Serbia,Sugar Crops,Import,0.0,0.0,0.0,0.0,0.0,0.0,0.0,0.0,0.0,0.0,0.0,11.0,0.0,0.0,0.0,0.0,0.0,0.0
11783,Serbia,Oilcrops,Feed,0.0,0.0,0.0,0.0,0.0,0.0,99.0,73.0,70.0,80.0,29.0,27.0,19.0,13.0,82.0,69.0,22.0,26.0
11784,Serbia,Sugar Crops,Stock Variation,0.0,0.0,0.0,0.0,0.0,0.0,0.0,-303.0,303.0,0.0,0.0,0.0,0.0,0.0,-312.0,11.0,-335.0,0.0
11785,Serbia,Oilcrops,Seed,0.0,0.0,0.0,0.0,0.0,0.0,8.0,8.0,8.0,9.0,9.0,9.0,9.0,9.0,15.0,12.0,6.0,6.0
11786,Serbia,Oilcrops,Losses,0.0,0.0,0.0,0.0,0.0,0.0,34.0,30.0,33.0,35.0,43.0,37.0,37.0,37.0,50.0,42.0,45.0,49.0
11787,Serbia,Oilcrops,Processing,0.0,0.0,0.0,0.0,0.0,0.0,581.0,604.0,593.0,772.0,743.0,723.0,779.0,653.0,710.0,877.0,988.0,980.0
11788,Serbia,Oilcrops,Human Consumption,0.0,0.0,0.0,0.0,0.0,0.0,13.0,13.0,13.0,10.0,12.0,14.0,17.0,14.0,15.0,17.0,14.0,17.0
11789,Serbia,Starchy Roots,Production,0.0,0.0,0.0,0.0,0.0,0.0,930.0,743.0,844.0,898.0,887.0,892.0,578.0,767.0,592.0,643.0,723.0,596.0
11790,Serbia,Starchy Roots,Import,0.0,0.0,0.0,0.0,0.0,0.0,21.0,22.0,26.0,20.0,22.0,29.0,35.0,52.0,34.0,35.0,19.0,23.0
11791,Serbia,Starchy Roots,Stock Variation,0.0,0.0,0.0,0.0,0.0,0.0,0.0,0.0,0.0,0.0,0.0,0.0,0.0,0.0,-58.0,-50.0,-15.0,-8.0
11792,Serbia,Oilcrops,Other uses (non-food),0.0,0.0,0.0,0.0,0.0,0.0,8.0,19.0,14.0,7.0,4.0,4.0,8.0,5.0,240.0,16.0,1.0,3.0
11793,Serbia,Starchy Roots,Domestic supply,0.0,0.0,0.0,0.0,0.0,0.0,912.0,751.0,859.0,904.0,897.0,911.0,606.0,810.0,679.0,726.0,750.0,608.0
11794,Serbia,Starchy Roots,Feed,0.0,0.0,0.0,0.0,0.0,0.0,458.0,329.0,427.0,462.0,453.0,477.0,181.0,376.0,263.0,284.0,308.0,216.0
11795,Serbia,Starchy Roots,Seed,0.0,0.0,0.0,0.0,0.0,0.0,41.0,41.0,39.0,38.0,39.0,26.0,25.0,26.0,21.0,46.0,45.0,38.0
11796,Serbia,Starchy Roots,Losses,0.0,0.0,0.0,0.0,0.0,0.0,28.0,22.0,26.0,27.0,27.0,27.0,18.0,24.0,18.0,20.0,22.0,18.0
11797,Serbia,Starchy Roots,Other uses (non-food),0.0,0.0,0.0,0.0,0.0,0.0,1.0,1.0,1.0,1.0,1.0,1.0,1.0,1.0,1.0,1.0,1.0,1.0
11798,Serbia,Starchy Roots,Human Consumption,0.0,0.0,0.0,0.0,0.0,0.0,384.0,358.0,367.0,377.0,378.0,380.0,381.0,383.0,375.0,375.0,375.0,335.0
11799,Serbia,Starchy Roots,Export,0.0,0.0,0.0,0.0,0.0,0.0,39.0,14.0,11.0,14.0,13.0,10.0,7.0,9.0,5.0,2.0,7.0,19.0
11800,Serbia,Sugar Crops,Production,0.0,0.0,0.0,0.0,0.0,0.0,3189.0,3206.0,2300.0,2798.0,3325.0,2822.0,2483.0,3180.0,3507.0,2183.0,2684.0,2513.0
11801,Serbia and Montenegro,Stimulants,Export,2.0,3.0,6.0,2.0,6.0,9.0,0.0,0.0,0.0,0.0,0.0,0.0,0.0,0.0,0.0,0.0,0.0,0.0
11802,Serbia and Montenegro,Fruits - Excluding Wine,Human Consumption,704.0,905.0,778.0,1224.0,1245.0,746.0,0.0,0.0,0.0,0.0,0.0,0.0,0.0,0.0,0.0,0.0,0.0,0.0
11803,Serbia and Montenegro,Stimulants,Domestic supply,49.0,50.0,54.0,14.0,63.0,11.0,0.0,0.0,0.0,0.0,0.0,0.0,0.0,0.0,0.0,0.0,0.0,0.0
11804,Serbia and Montenegro,Stimulants,Human Consumption,49.0,50.0,54.0,14.0,63.0,11.0,0.0,0.0,0.0,0.0,0.0,0.0,0.0,0.0,0.0,0.0,0.0,0.0
11805,Serbia and Montenegro,Fruits - Excluding Wine,Production,1228.0,1215.0,1046.0,1718.0,1669.0,1130.0,0.0,0.0,0.0,0.0,0.0,0.0,0.0,0.0,0.0,0.0,0.0,0.0
11806,Serbia and Montenegro,Fruits - Excluding Wine,Import,98.0,210.0,319.0,131.0,253.0,212.0,0.0,0.0,0.0,0.0,0.0,0.0,0.0,0.0,0.0,0.0,0.0,0.0
11807,Serbia and Montenegro,Fruits - Excluding Wine,Domestic supply,1145.0,1225.0,1131.0,1625.0,1620.0,991.0,0.0,0.0,0.0,0.0,0.0,0.0,0.0,0.0,0.0,0.0,0.0,0.0
11808,Serbia and Montenegro,Fruits - Excluding Wine,Export,181.0,197.0,236.0,224.0,301.0,351.0,0.0,0.0,0.0,0.0,0.0,0.0,0.0,0.0,0.0,0.0,0.0,0.0
11809,Serbia and Montenegro,Fruits - Excluding Wine,Losses,65.0,67.0,76.0,92.0,84.0,61.0,0.0,0.0,0.0,0.0,0.0,0.0,0.0,0.0,0.0,0.0,0.0,0.0
11810,Serbia and Montenegro,Stimulants,Stock Variation,0.0,0.0,-2.0,0.0,-1.0,3.0,0.0,0.0,0.0,0.0,0.0,0.0,0.0,0.0,0.0,0.0,0.0,0.0
11811,Serbia and Montenegro,Fruits - Excluding Wine,Processing,373.0,329.0,276.0,310.0,293.0,188.0,0.0,0.0,0.0,0.0,0.0,0.0,0.0,0.0,0.0,0.0,0.0,0.0
11812,Serbia and Montenegro,Fruits - Excluding Wine,Other uses (non-food),0.0,0.0,0.0,0.0,0.0,0.0,0.0,0.0,0.0,0.0,0.0,0.0,0.0,0.0,0.0,0.0,0.0,0.0
11813,Serbia and Montenegro,Fruits - Excluding Wine,Stock Variation,0.0,-3.0,3.0,0.0,0.0,0.0,0.0,0.0,0.0,0.0,0.0,0.0,0.0,0.0,0.0,0.0,0.0,0.0
11814,Serbia and Montenegro,Stimulants,Import,51.0,54.0,61.0,17.0,69.0,17.0,0.0,0.0,0.0,0.0,0.0,0.0,0.0,0.0,0.0,0.0,0.0,0.0
11815,Serbia and Montenegro,Alcoholic Beverages,Other uses (non-food),14.0,37.0,39.0,29.0,14.0,13.0,0.0,0.0,0.0,0.0,0.0,0.0,0.0,0.0,0.0,0.0,0.0,0.0
11816,Serbia and Montenegro,Spices,Domestic supply,4.0,7.0,4.0,6.0,8.0,6.0,0.0,0.0,0.0,0.0,0.0,0.0,0.0,0.0,0.0,0.0,0.0,0.0
11817,Serbia and Montenegro,Spices,Export,2.0,2.0,2.0,2.0,3.0,3.0,0.0,0.0,0.0,0.0,0.0,0.0,0.0,0.0,0.0,0.0,0.0,0.0
11818,Serbia and Montenegro,Spices,Stock Variation,0.0,0.0,0.0,0.0,0.0,0.0,0.0,0.0,0.0,0.0,0.0,0.0,0.0,0.0,0.0,0.0,0.0,0.0
11819,Serbia and Montenegro,Spices,Import,0.0,1.0,0.0,0.0,2.0,0.0,0.0,0.0,0.0,0.0,0.0,0.0,0.0,0.0,0.0,0.0,0.0,0.0
11820,Serbia and Montenegro,Spices,Production,6.0,8.0,6.0,8.0,9.0,8.0,0.0,0.0,0.0,0.0,0.0,0.0,0.0,0.0,0.0,0.0,0.0,0.0
11821,Serbia and Montenegro,Alcoholic Beverages,Human Consumption,823.0,744.0,739.0,774.0,731.0,639.0,0.0,0.0,0.0,0.0,0.0,0.0,0.0,0.0,0.0,0.0,0.0,0.0
11822,Serbia and Montenegro,Alcoholic Beverages,Processing,40.0,45.0,45.0,101.0,97.0,50.0,0.0,0.0,0.0,0.0,0.0,0.0,0.0,0.0,0.0,0.0,0.0,0.0
11823,Serbia and Montenegro,Alcoholic Beverages,Losses,11.0,12.0,12.0,11.0,10.0,10.0,0.0,0.0,0.0,0.0,0.0,0.0,0.0,0.0,0.0,0.0,0.0,0.0
11824,Serbia and Montenegro,Alcoholic Beverages,Domestic supply,887.0,838.0,835.0,915.0,851.0,712.0,0.0,0.0,0.0,0.0,0.0,0.0,0.0,0.0,0.0,0.0,0.0,0.0
11825,Serbia and Montenegro,Alcoholic Beverages,Export,20.0,30.0,28.0,16.0,78.0,84.0,0.0,0.0,0.0,0.0,0.0,0.0,0.0,0.0,0.0,0.0,0.0,0.0
11826,Serbia and Montenegro,Vegetables,Production,1110.0,1196.0,1433.0,1200.0,1493.0,1431.0,0.0,0.0,0.0,0.0,0.0,0.0,0.0,0.0,0.0,0.0,0.0,0.0
11827,Serbia and Montenegro,Alcoholic Beverages,Import,18.0,37.0,45.0,34.0,34.0,38.0,0.0,0.0,0.0,0.0,0.0,0.0,0.0,0.0,0.0,0.0,0.0,0.0
11828,Serbia and Montenegro,Alcoholic Beverages,Stock Variation,-50.0,-30.0,0.0,10.0,45.0,65.0,0.0,0.0,0.0,0.0,0.0,0.0,0.0,0.0,0.0,0.0,0.0,0.0
11829,Serbia and Montenegro,Spices,Human Consumption,5.0,8.0,5.0,7.0,8.0,7.0,0.0,0.0,0.0,0.0,0.0,0.0,0.0,0.0,0.0,0.0,0.0,0.0
11830,Serbia and Montenegro,Vegetables,Import,43.0,68.0,81.0,100.0,103.0,101.0,0.0,0.0,0.0,0.0,0.0,0.0,0.0,0.0,0.0,0.0,0.0,0.0
11831,Serbia and Montenegro,Sugar & Sweeteners,Other uses (non-food),23.0,18.0,41.0,38.0,49.0,49.0,0.0,0.0,0.0,0.0,0.0,0.0,0.0,0.0,0.0,0.0,0.0,0.0
11832,Serbia and Montenegro,Vegetables,Export,53.0,82.0,91.0,50.0,92.0,95.0,0.0,0.0,0.0,0.0,0.0,0.0,0.0,0.0,0.0,0.0,0.0,0.0
11833,Serbia and Montenegro,Alcoholic Beverages,Production,937.0,862.0,820.0,888.0,851.0,692.0,0.0,0.0,0.0,0.0,0.0,0.0,0.0,0.0,0.0,0.0,0.0,0.0
11834,Serbia and Montenegro,Pulses,Human Consumption,54.0,83.0,86.0,69.0,91.0,85.0,0.0,0.0,0.0,0.0,0.0,0.0,0.0,0.0,0.0,0.0,0.0,0.0
11835,Serbia and Montenegro,Pulses,Losses,7.0,10.0,11.0,9.0,11.0,10.0,0.0,0.0,0.0,0.0,0.0,0.0,0.0,0.0,0.0,0.0,0.0,0.0
11836,Serbia and Montenegro,Pulses,Seed,3.0,3.0,3.0,3.0,3.0,3.0,0.0,0.0,0.0,0.0,0.0,0.0,0.0,0.0,0.0,0.0,0.0,0.0
11837,Serbia and Montenegro,Pulses,Feed,27.0,39.0,38.0,33.0,43.0,47.0,0.0,0.0,0.0,0.0,0.0,0.0,0.0,0.0,0.0,0.0,0.0,0.0
11838,Serbia and Montenegro,Pulses,Domestic supply,90.0,135.0,137.0,113.0,148.0,145.0,0.0,0.0,0.0,0.0,0.0,0.0,0.0,0.0,0.0,0.0,0.0,0.0
11839,Serbia and Montenegro,Pulses,Export,0.0,0.0,0.0,0.0,0.0,0.0,0.0,0.0,0.0,0.0,0.0,0.0,0.0,0.0,0.0,0.0,0.0,0.0
11840,Serbia and Montenegro,Pulses,Stock Variation,3.0,0.0,0.0,0.0,0.0,0.0,0.0,0.0,0.0,0.0,0.0,0.0,0.0,0.0,0.0,0.0,0.0,0.0
11841,Serbia and Montenegro,Pulses,Import,3.0,3.0,4.0,7.0,8.0,5.0,0.0,0.0,0.0,0.0,0.0,0.0,0.0,0.0,0.0,0.0,0.0,0.0
11842,Serbia and Montenegro,Pulses,Production,85.0,132.0,133.0,106.0,140.0,140.0,0.0,0.0,0.0,0.0,0.0,0.0,0.0,0.0,0.0,0.0,0.0,0.0
11843,Serbia and Montenegro,Sugar & Sweeteners,Human Consumption,256.0,265.0,260.0,326.0,306.0,354.0,0.0,0.0,0.0,0.0,0.0,0.0,0.0,0.0,0.0,0.0,0.0,0.0
11844,Serbia and Montenegro,Sugar & Sweeteners,Domestic supply,280.0,283.0,302.0,364.0,355.0,403.0,0.0,0.0,0.0,0.0,0.0,0.0,0.0,0.0,0.0,0.0,0.0,0.0
11845,Serbia and Montenegro,Sugar & Sweeteners,Export,5.0,78.0,162.0,113.0,226.0,270.0,0.0,0.0,0.0,0.0,0.0,0.0,0.0,0.0,0.0,0.0,0.0,0.0
11846,Serbia and Montenegro,Sugar & Sweeteners,Stock Variation,111.0,10.0,38.0,40.0,33.0,0.0,0.0,0.0,0.0,0.0,0.0,0.0,0.0,0.0,0.0,0.0,0.0,0.0
11847,Serbia and Montenegro,Sugar & Sweeteners,Import,40.0,125.0,138.0,197.0,90.0,176.0,0.0,0.0,0.0,0.0,0.0,0.0,0.0,0.0,0.0,0.0,0.0,0.0
11848,Serbia and Montenegro,Sugar & Sweeteners,Production,133.0,225.0,287.0,240.0,459.0,497.0,0.0,0.0,0.0,0.0,0.0,0.0,0.0,0.0,0.0,0.0,0.0,0.0
11849,Serbia and Montenegro,Vegetable Oils,Human Consumption,98.0,108.0,120.0,127.0,113.0,138.0,0.0,0.0,0.0,0.0,0.0,0.0,0.0,0.0,0.0,0.0,0.0,0.0
11850,Serbia and Montenegro,Vegetable Oils,Other uses (non-food),10.0,7.0,18.0,22.0,24.0,25.0,0.0,0.0,0.0,0.0,0.0,0.0,0.0,0.0,0.0,0.0,0.0,0.0
11851,Serbia and Montenegro,Vegetable Oils,Processing,0.0,0.0,0.0,0.0,0.0,0.0,0.0,0.0,0.0,0.0,0.0,0.0,0.0,0.0,0.0,0.0,0.0,0.0
11852,Serbia and Montenegro,Vegetable Oils,Domestic supply,108.0,112.0,137.0,150.0,137.0,163.0,0.0,0.0,0.0,0.0,0.0,0.0,0.0,0.0,0.0,0.0,0.0,0.0
11853,Serbia and Montenegro,Vegetable Oils,Export,34.0,36.0,28.0,15.0,85.0,59.0,0.0,0.0,0.0,0.0,0.0,0.0,0.0,0.0,0.0,0.0,0.0,0.0
11854,Serbia and Montenegro,Vegetable Oils,Stock Variation,26.0,8.0,-6.0,-15.0,21.0,-10.0,0.0,0.0,0.0,0.0,0.0,0.0,0.0,0.0,0.0,0.0,0.0,0.0
11855,Serbia and Montenegro,Vegetable Oils,Import,11.0,11.0,17.0,28.0,14.0,37.0,0.0,0.0,0.0,0.0,0.0,0.0,0.0,0.0,0.0,0.0,0.0,0.0
11856,Serbia and Montenegro,Vegetable Oils,Production,106.0,126.0,152.0,153.0,187.0,196.0,0.0,0.0,0.0,0.0,0.0,0.0,0.0,0.0,0.0,0.0,0.0,0.0
11857,Serbia and Montenegro,Vegetables,Human Consumption,987.0,1068.0,1275.0,1122.0,1348.0,1289.0,0.0,0.0,0.0,0.0,0.0,0.0,0.0,0.0,0.0,0.0,0.0,0.0
11858,Serbia and Montenegro,Vegetables,Processing,1.0,0.0,0.0,0.0,1.0,0.0,0.0,0.0,0.0,0.0,0.0,0.0,0.0,0.0,0.0,0.0,0.0,0.0
11859,Serbia and Montenegro,Vegetables,Losses,112.0,123.0,148.0,126.0,154.0,147.0,0.0,0.0,0.0,0.0,0.0,0.0,0.0,0.0,0.0,0.0,0.0,0.0
11860,Serbia and Montenegro,Vegetables,Feed,0.0,0.0,0.0,0.0,0.0,0.0,0.0,0.0,0.0,0.0,0.0,0.0,0.0,0.0,0.0,0.0,0.0,0.0
11861,Serbia and Montenegro,Vegetables,Domestic supply,1099.0,1182.0,1423.0,1251.0,1502.0,1437.0,0.0,0.0,0.0,0.0,0.0,0.0,0.0,0.0,0.0,0.0,0.0,0.0
11862,Serbia and Montenegro,Vegetables,Stock Variation,0.0,0.0,0.0,0.0,0.0,0.0,0.0,0.0,0.0,0.0,0.0,0.0,0.0,0.0,0.0,0.0,0.0,0.0
11863,Serbia and Montenegro,Miscellaneous,Human Consumption,0.0,0.0,0.0,1.0,0.0,0.0,0.0,0.0,0.0,0.0,0.0,0.0,0.0,0.0,0.0,0.0,0.0,0.0
11864,Serbia and Montenegro,Vegetable Oils,Production,106.0,126.0,152.0,153.0,187.0,196.0,0.0,0.0,0.0,0.0,0.0,0.0,0.0,0.0,0.0,0.0,0.0,0.0
11865,Serbia and Montenegro,Miscellaneous,Export,0.0,0.0,1.0,0.0,1.0,1.0,0.0,0.0,0.0,0.0,0.0,0.0,0.0,0.0,0.0,0.0,0.0,0.0
11866,Serbia and Montenegro,Eggs,Domestic supply,73.0,72.0,71.0,78.0,83.0,78.0,0.0,0.0,0.0,0.0,0.0,0.0,0.0,0.0,0.0,0.0,0.0,0.0
11867,Serbia and Montenegro,Eggs,Export,0.0,0.0,0.0,0.0,0.0,0.0,0.0,0.0,0.0,0.0,0.0,0.0,0.0,0.0,0.0,0.0,0.0,0.0
11868,Serbia and Montenegro,Eggs,Import,1.0,1.0,2.0,2.0,1.0,1.0,0.0,0.0,0.0,0.0,0.0,0.0,0.0,0.0,0.0,0.0,0.0,0.0
11869,Serbia and Montenegro,Eggs,Production,72.0,71.0,70.0,76.0,82.0,77.0,0.0,0.0,0.0,0.0,0.0,0.0,0.0,0.0,0.0,0.0,0.0,0.0
11870,Serbia and Montenegro,"Fish, Seafood",Human Consumption,18.0,30.0,39.0,30.0,52.0,47.0,0.0,0.0,0.0,0.0,0.0,0.0,0.0,0.0,0.0,0.0,0.0,0.0
11871,Serbia and Montenegro,"Fish, Seafood",Other uses (non-food),0.0,0.0,0.0,0.0,0.0,0.0,0.0,0.0,0.0,0.0,0.0,0.0,0.0,0.0,0.0,0.0,0.0,0.0
11872,Serbia and Montenegro,"Fish, Seafood",Feed,164.0,132.0,141.0,115.0,103.0,77.0,0.0,0.0,0.0,0.0,0.0,0.0,0.0,0.0,0.0,0.0,0.0,0.0
11873,Serbia and Montenegro,"Fish, Seafood",Domestic supply,182.0,161.0,179.0,145.0,155.0,124.0,0.0,0.0,0.0,0.0,0.0,0.0,0.0,0.0,0.0,0.0,0.0,0.0
11874,Serbia and Montenegro,"Fish, Seafood",Export,0.0,0.0,0.0,0.0,0.0,0.0,0.0,0.0,0.0,0.0,0.0,0.0,0.0,0.0,0.0,0.0,0.0,0.0
11875,Serbia and Montenegro,"Fish, Seafood",Stock Variation,0.0,0.0,0.0,0.0,0.0,0.0,0.0,0.0,0.0,0.0,0.0,0.0,0.0,0.0,0.0,0.0,0.0,0.0
11876,Serbia and Montenegro,"Fish, Seafood",Import,177.0,157.0,174.0,140.0,147.0,117.0,0.0,0.0,0.0,0.0,0.0,0.0,0.0,0.0,0.0,0.0,0.0,0.0
11877,Serbia and Montenegro,"Fish, Seafood",Production,5.0,4.0,4.0,4.0,7.0,7.0,0.0,0.0,0.0,0.0,0.0,0.0,0.0,0.0,0.0,0.0,0.0,0.0
11878,Serbia and Montenegro,"Aquatic Products, Other",Human Consumption,0.0,0.0,0.0,0.0,0.0,0.0,0.0,0.0,0.0,0.0,0.0,0.0,0.0,0.0,0.0,0.0,0.0,0.0
11879,Serbia and Montenegro,Eggs,Seed,4.0,4.0,4.0,3.0,4.0,4.0,0.0,0.0,0.0,0.0,0.0,0.0,0.0,0.0,0.0,0.0,0.0,0.0
11880,Serbia and Montenegro,"Aquatic Products, Other",Other uses (non-food),0.0,0.0,0.0,0.0,0.0,0.0,0.0,0.0,0.0,0.0,0.0,0.0,0.0,0.0,0.0,0.0,0.0,0.0
11881,Serbia and Montenegro,"Aquatic Products, Other",Import,0.0,0.0,0.0,0.0,0.0,0.0,0.0,0.0,0.0,0.0,0.0,0.0,0.0,0.0,0.0,0.0,0.0,0.0
11882,Serbia and Montenegro,Cereals - Excluding Beer,Human Consumption,1046.0,902.0,873.0,862.0,846.0,845.0,0.0,0.0,0.0,0.0,0.0,0.0,0.0,0.0,0.0,0.0,0.0,0.0
11883,Serbia and Montenegro,Cereals - Excluding Beer,Other uses (non-food),247.0,401.0,282.0,405.0,369.0,385.0,0.0,0.0,0.0,0.0,0.0,0.0,0.0,0.0,0.0,0.0,0.0,0.0
11884,Serbia and Montenegro,Cereals - Excluding Beer,Processing,152.0,135.0,130.0,131.0,134.0,129.0,0.0,0.0,0.0,0.0,0.0,0.0,0.0,0.0,0.0,0.0,0.0,0.0
11885,Serbia and Montenegro,Cereals - Excluding Beer,Losses,249.0,434.0,401.0,267.0,426.0,485.0,0.0,0.0,0.0,0.0,0.0,0.0,0.0,0.0,0.0,0.0,0.0,0.0
11886,Serbia and Montenegro,Cereals - Excluding Beer,Seed,246.0,246.0,224.0,227.0,200.0,199.0,0.0,0.0,0.0,0.0,0.0,0.0,0.0,0.0,0.0,0.0,0.0,0.0
11887,Serbia and Montenegro,Cereals - Excluding Beer,Feed,3072.0,6624.0,5465.0,3834.0,6853.0,6515.0,0.0,0.0,0.0,0.0,0.0,0.0,0.0,0.0,0.0,0.0,0.0,0.0
11888,Serbia and Montenegro,Cereals - Excluding Beer,Domestic supply,5010.0,8743.0,7373.0,5727.0,8827.0,8554.0,0.0,0.0,0.0,0.0,0.0,0.0,0.0,0.0,0.0,0.0,0.0,0.0
11889,Serbia and Montenegro,Cereals - Excluding Beer,Export,359.0,85.0,1018.0,278.0,404.0,1099.0,0.0,0.0,0.0,0.0,0.0,0.0,0.0,0.0,0.0,0.0,0.0,0.0
11890,Serbia and Montenegro,Cereals - Excluding Beer,Stock Variation,40.0,-500.0,0.0,300.0,-915.0,20.0,0.0,0.0,0.0,0.0,0.0,0.0,0.0,0.0,0.0,0.0,0.0,0.0
11891,Serbia and Montenegro,Cereals - Excluding Beer,Import,67.0,286.0,65.0,139.0,253.0,100.0,0.0,0.0,0.0,0.0,0.0,0.0,0.0,0.0,0.0,0.0,0.0,0.0
11892,Serbia and Montenegro,Cereals - Excluding Beer,Production,5262.0,9040.0,8328.0,5568.0,9893.0,9534.0,0.0,0.0,0.0,0.0,0.0,0.0,0.0,0.0,0.0,0.0,0.0,0.0
11893,Serbia and Montenegro,Treenuts,Production,25.0,16.0,11.0,26.0,23.0,22.0,0.0,0.0,0.0,0.0,0.0,0.0,0.0,0.0,0.0,0.0,0.0,0.0
11894,Serbia and Montenegro,"Aquatic Products, Other",Domestic supply,0.0,0.0,0.0,0.0,0.0,0.0,0.0,0.0,0.0,0.0,0.0,0.0,0.0,0.0,0.0,0.0,0.0,0.0
11895,Serbia and Montenegro,Eggs,Human Consumption,69.0,68.0,68.0,74.0,79.0,74.0,0.0,0.0,0.0,0.0,0.0,0.0,0.0,0.0,0.0,0.0,0.0,0.0
11896,Serbia and Montenegro,Milk - Excluding Butter,Production,1837.0,1845.0,1849.0,1847.0,1832.0,1859.0,0.0,0.0,0.0,0.0,0.0,0.0,0.0,0.0,0.0,0.0,0.0,0.0
11897,Serbia and Montenegro,Milk - Excluding Butter,Import,40.0,43.0,47.0,53.0,45.0,58.0,0.0,0.0,0.0,0.0,0.0,0.0,0.0,0.0,0.0,0.0,0.0,0.0
11898,Serbia and Montenegro,Miscellaneous,Stock Variation,0.0,0.0,0.0,0.0,0.0,0.0,0.0,0.0,0.0,0.0,0.0,0.0,0.0,0.0,0.0,0.0,0.0,0.0
11899,Serbia and Montenegro,Miscellaneous,Import,0.0,0.0,1.0,1.0,1.0,1.0,0.0,0.0,0.0,0.0,0.0,0.0,0.0,0.0,0.0,0.0,0.0,0.0
11900,Serbia and Montenegro,Meat,Human Consumption,949.0,856.0,928.0,872.0,833.0,858.0,0.0,0.0,0.0,0.0,0.0,0.0,0.0,0.0,0.0,0.0,0.0,0.0
11901,Serbia and Montenegro,Meat,Processing,0.0,0.0,0.0,0.0,0.0,0.0,0.0,0.0,0.0,0.0,0.0,0.0,0.0,0.0,0.0,0.0,0.0,0.0
11902,Serbia and Montenegro,Meat,Domestic supply,949.0,855.0,926.0,873.0,832.0,858.0,0.0,0.0,0.0,0.0,0.0,0.0,0.0,0.0,0.0,0.0,0.0,0.0
11903,Serbia and Montenegro,Meat,Export,13.0,6.0,5.0,1.0,8.0,12.0,0.0,0.0,0.0,0.0,0.0,0.0,0.0,0.0,0.0,0.0,0.0,0.0
11904,Serbia and Montenegro,Meat,Stock Variation,0.0,0.0,0.0,0.0,0.0,0.0,0.0,0.0,0.0,0.0,0.0,0.0,0.0,0.0,0.0,0.0,0.0,0.0
11905,Serbia and Montenegro,Meat,Import,16.0,20.0,35.0,29.0,27.0,39.0,0.0,0.0,0.0,0.0,0.0,0.0,0.0,0.0,0.0,0.0,0.0,0.0
11906,Serbia and Montenegro,Meat,Production,944.0,840.0,897.0,845.0,814.0,832.0,0.0,0.0,0.0,0.0,0.0,0.0,0.0,0.0,0.0,0.0,0.0,0.0
11907,Serbia and Montenegro,Offals,Human Consumption,44.0,42.0,42.0,38.0,38.0,38.0,0.0,0.0,0.0,0.0,0.0,0.0,0.0,0.0,0.0,0.0,0.0,0.0
11908,Serbia and Montenegro,Offals,Domestic supply,44.0,42.0,42.0,38.0,38.0,38.0,0.0,0.0,0.0,0.0,0.0,0.0,0.0,0.0,0.0,0.0,0.0,0.0
11909,Serbia and Montenegro,Offals,Export,1.0,1.0,1.0,1.0,1.0,2.0,0.0,0.0,0.0,0.0,0.0,0.0,0.0,0.0,0.0,0.0,0.0,0.0
11910,Serbia and Montenegro,Offals,Import,1.0,4.0,4.0,2.0,3.0,4.0,0.0,0.0,0.0,0.0,0.0,0.0,0.0,0.0,0.0,0.0,0.0,0.0
11911,Serbia and Montenegro,Offals,Production,43.0,39.0,38.0,37.0,36.0,35.0,0.0,0.0,0.0,0.0,0.0,0.0,0.0,0.0,0.0,0.0,0.0,0.0
11912,Serbia and Montenegro,Animal fats,Human Consumption,139.0,139.0,124.0,110.0,110.0,114.0,0.0,0.0,0.0,0.0,0.0,0.0,0.0,0.0,0.0,0.0,0.0,0.0
11913,Serbia and Montenegro,Animal fats,Other uses (non-food),19.0,17.0,31.0,35.0,26.0,25.0,0.0,0.0,0.0,0.0,0.0,0.0,0.0,0.0,0.0,0.0,0.0,0.0
11914,Serbia and Montenegro,Animal fats,Processing,0.0,0.0,0.0,0.0,0.0,0.0,0.0,0.0,0.0,0.0,0.0,0.0,0.0,0.0,0.0,0.0,0.0,0.0
11915,Serbia and Montenegro,Animal fats,Domestic supply,158.0,156.0,155.0,145.0,136.0,139.0,0.0,0.0,0.0,0.0,0.0,0.0,0.0,0.0,0.0,0.0,0.0,0.0
11916,Serbia and Montenegro,Animal fats,Export,8.0,8.0,11.0,5.0,10.0,8.0,0.0,0.0,0.0,0.0,0.0,0.0,0.0,0.0,0.0,0.0,0.0,0.0
11917,Serbia and Montenegro,Animal fats,Stock Variation,-2.0,11.0,0.0,-1.0,1.0,0.0,0.0,0.0,0.0,0.0,0.0,0.0,0.0,0.0,0.0,0.0,0.0,0.0
11918,Serbia and Montenegro,Animal fats,Import,5.0,6.0,12.0,5.0,4.0,6.0,0.0,0.0,0.0,0.0,0.0,0.0,0.0,0.0,0.0,0.0,0.0,0.0
11919,Serbia and Montenegro,Animal fats,Production,163.0,147.0,154.0,147.0,140.0,142.0,0.0,0.0,0.0,0.0,0.0,0.0,0.0,0.0,0.0,0.0,0.0,0.0
11920,Serbia and Montenegro,Milk - Excluding Butter,Human Consumption,1678.0,1686.0,1697.0,1699.0,1676.0,1697.0,0.0,0.0,0.0,0.0,0.0,0.0,0.0,0.0,0.0,0.0,0.0,0.0
11921,Serbia and Montenegro,Milk - Excluding Butter,Other uses (non-food),3.0,3.0,1.0,0.0,1.0,0.0,0.0,0.0,0.0,0.0,0.0,0.0,0.0,0.0,0.0,0.0,0.0,0.0
11922,Serbia and Montenegro,Milk - Excluding Butter,Processing,0.0,0.0,0.0,0.0,0.0,0.0,0.0,0.0,0.0,0.0,0.0,0.0,0.0,0.0,0.0,0.0,0.0,0.0
11923,Serbia and Montenegro,Milk - Excluding Butter,Losses,37.0,37.0,38.0,38.0,37.0,38.0,0.0,0.0,0.0,0.0,0.0,0.0,0.0,0.0,0.0,0.0,0.0,0.0
11924,Serbia and Montenegro,Milk - Excluding Butter,Feed,152.0,153.0,154.0,158.0,153.0,162.0,0.0,0.0,0.0,0.0,0.0,0.0,0.0,0.0,0.0,0.0,0.0,0.0
11925,Serbia and Montenegro,Milk - Excluding Butter,Domestic supply,1870.0,1881.0,1890.0,1895.0,1867.0,1897.0,0.0,0.0,0.0,0.0,0.0,0.0,0.0,0.0,0.0,0.0,0.0,0.0
11926,Serbia and Montenegro,Milk - Excluding Butter,Export,7.0,7.0,6.0,5.0,10.0,20.0,0.0,0.0,0.0,0.0,0.0,0.0,0.0,0.0,0.0,0.0,0.0,0.0
11927,Serbia and Montenegro,Miscellaneous,Domestic supply,0.0,0.0,0.0,1.0,0.0,0.0,0.0,0.0,0.0,0.0,0.0,0.0,0.0,0.0,0.0,0.0,0.0,0.0
11928,Serbia and Montenegro,Treenuts,Import,1.0,2.0,3.0,5.0,4.0,5.0,0.0,0.0,0.0,0.0,0.0,0.0,0.0,0.0,0.0,0.0,0.0,0.0
11929,Serbia and Montenegro,Oilcrops,Export,15.0,6.0,9.0,13.0,17.0,18.0,0.0,0.0,0.0,0.0,0.0,0.0,0.0,0.0,0.0,0.0,0.0,0.0
11930,Serbia and Montenegro,Treenuts,Domestic supply,26.0,18.0,14.0,31.0,27.0,27.0,0.0,0.0,0.0,0.0,0.0,0.0,0.0,0.0,0.0,0.0,0.0,0.0
11931,Serbia and Montenegro,Cereals - Excluding Beer,Seed,246.0,246.0,224.0,227.0,200.0,199.0,0.0,0.0,0.0,0.0,0.0,0.0,0.0,0.0,0.0,0.0,0.0,0.0
11932,Serbia and Montenegro,Cereals - Excluding Beer,Feed,3072.0,6624.0,5465.0,3834.0,6853.0,6515.0,0.0,0.0,0.0,0.0,0.0,0.0,0.0,0.0,0.0,0.0,0.0,0.0
11933,Serbia and Montenegro,Cereals - Excluding Beer,Domestic supply,5010.0,8743.0,7373.0,5727.0,8827.0,8554.0,0.0,0.0,0.0,0.0,0.0,0.0,0.0,0.0,0.0,0.0,0.0,0.0
11934,Serbia and Montenegro,Cereals - Excluding Beer,Export,359.0,85.0,1018.0,278.0,404.0,1099.0,0.0,0.0,0.0,0.0,0.0,0.0,0.0,0.0,0.0,0.0,0.0,0.0
11935,Serbia and Montenegro,Cereals - Excluding Beer,Stock Variation,40.0,-500.0,0.0,300.0,-915.0,20.0,0.0,0.0,0.0,0.0,0.0,0.0,0.0,0.0,0.0,0.0,0.0,0.0
11936,Serbia and Montenegro,Cereals - Excluding Beer,Import,67.0,286.0,65.0,139.0,253.0,100.0,0.0,0.0,0.0,0.0,0.0,0.0,0.0,0.0,0.0,0.0,0.0,0.0
11937,Serbia and Montenegro,Cereals - Excluding Beer,Losses,249.0,434.0,401.0,267.0,426.0,485.0,0.0,0.0,0.0,0.0,0.0,0.0,0.0,0.0,0.0,0.0,0.0,0.0
11938,Serbia and Montenegro,Cereals - Excluding Beer,Production,5262.0,9040.0,8328.0,5568.0,9893.0,9534.0,0.0,0.0,0.0,0.0,0.0,0.0,0.0,0.0,0.0,0.0,0.0,0.0
11939,Serbia and Montenegro,Vegetable Oils,Export,34.0,36.0,28.0,15.0,85.0,59.0,0.0,0.0,0.0,0.0,0.0,0.0,0.0,0.0,0.0,0.0,0.0,0.0
11940,Serbia and Montenegro,Vegetable Oils,Domestic supply,108.0,112.0,137.0,150.0,137.0,163.0,0.0,0.0,0.0,0.0,0.0,0.0,0.0,0.0,0.0,0.0,0.0,0.0
11941,Serbia and Montenegro,Vegetable Oils,Processing,0.0,0.0,0.0,0.0,0.0,0.0,0.0,0.0,0.0,0.0,0.0,0.0,0.0,0.0,0.0,0.0,0.0,0.0
11942,Serbia and Montenegro,Vegetable Oils,Other uses (non-food),10.0,7.0,18.0,22.0,24.0,25.0,0.0,0.0,0.0,0.0,0.0,0.0,0.0,0.0,0.0,0.0,0.0,0.0
11943,Serbia and Montenegro,Vegetable Oils,Human Consumption,98.0,108.0,120.0,127.0,113.0,138.0,0.0,0.0,0.0,0.0,0.0,0.0,0.0,0.0,0.0,0.0,0.0,0.0
11944,Serbia and Montenegro,Sugar & Sweeteners,Production,133.0,225.0,287.0,240.0,459.0,497.0,0.0,0.0,0.0,0.0,0.0,0.0,0.0,0.0,0.0,0.0,0.0,0.0
11945,Serbia and Montenegro,Vegetable Oils,Stock Variation,26.0,8.0,-6.0,-15.0,21.0,-10.0,0.0,0.0,0.0,0.0,0.0,0.0,0.0,0.0,0.0,0.0,0.0,0.0
11946,Serbia and Montenegro,Cereals - Excluding Beer,Processing,152.0,135.0,130.0,131.0,134.0,129.0,0.0,0.0,0.0,0.0,0.0,0.0,0.0,0.0,0.0,0.0,0.0,0.0
11947,Serbia and Montenegro,Cereals - Excluding Beer,Other uses (non-food),247.0,401.0,282.0,405.0,369.0,385.0,0.0,0.0,0.0,0.0,0.0,0.0,0.0,0.0,0.0,0.0,0.0,0.0
11948,Serbia and Montenegro,Cereals - Excluding Beer,Human Consumption,1046.0,902.0,873.0,862.0,846.0,845.0,0.0,0.0,0.0,0.0,0.0,0.0,0.0,0.0,0.0,0.0,0.0,0.0
11949,Serbia and Montenegro,Eggs,Export,0.0,0.0,0.0,0.0,0.0,0.0,0.0,0.0,0.0,0.0,0.0,0.0,0.0,0.0,0.0,0.0,0.0,0.0
11950,Serbia and Montenegro,Eggs,Import,1.0,1.0,2.0,2.0,1.0,1.0,0.0,0.0,0.0,0.0,0.0,0.0,0.0,0.0,0.0,0.0,0.0,0.0
11951,Serbia and Montenegro,Eggs,Production,72.0,71.0,70.0,76.0,82.0,77.0,0.0,0.0,0.0,0.0,0.0,0.0,0.0,0.0,0.0,0.0,0.0,0.0
11952,Serbia and Montenegro,"Fish, Seafood",Human Consumption,18.0,30.0,39.0,30.0,52.0,47.0,0.0,0.0,0.0,0.0,0.0,0.0,0.0,0.0,0.0,0.0,0.0,0.0
11953,Serbia and Montenegro,"Fish, Seafood",Other uses (non-food),0.0,0.0,0.0,0.0,0.0,0.0,0.0,0.0,0.0,0.0,0.0,0.0,0.0,0.0,0.0,0.0,0.0,0.0
11954,Serbia and Montenegro,"Fish, Seafood",Feed,164.0,132.0,141.0,115.0,103.0,77.0,0.0,0.0,0.0,0.0,0.0,0.0,0.0,0.0,0.0,0.0,0.0,0.0
11955,Serbia and Montenegro,"Fish, Seafood",Domestic supply,182.0,161.0,179.0,145.0,155.0,124.0,0.0,0.0,0.0,0.0,0.0,0.0,0.0,0.0,0.0,0.0,0.0,0.0
11956,Serbia and Montenegro,"Fish, Seafood",Export,0.0,0.0,0.0,0.0,0.0,0.0,0.0,0.0,0.0,0.0,0.0,0.0,0.0,0.0,0.0,0.0,0.0,0.0
11957,Serbia and Montenegro,"Fish, Seafood",Stock Variation,0.0,0.0,0.0,0.0,0.0,0.0,0.0,0.0,0.0,0.0,0.0,0.0,0.0,0.0,0.0,0.0,0.0,0.0
11958,Serbia and Montenegro,"Fish, Seafood",Import,177.0,157.0,174.0,140.0,147.0,117.0,0.0,0.0,0.0,0.0,0.0,0.0,0.0,0.0,0.0,0.0,0.0,0.0
11959,Serbia and Montenegro,"Fish, Seafood",Production,5.0,4.0,4.0,4.0,7.0,7.0,0.0,0.0,0.0,0.0,0.0,0.0,0.0,0.0,0.0,0.0,0.0,0.0
11960,Serbia and Montenegro,"Aquatic Products, Other",Human Consumption,0.0,0.0,0.0,0.0,0.0,0.0,0.0,0.0,0.0,0.0,0.0,0.0,0.0,0.0,0.0,0.0,0.0,0.0
11961,Serbia and Montenegro,"Aquatic Products, Other",Other uses (non-food),0.0,0.0,0.0,0.0,0.0,0.0,0.0,0.0,0.0,0.0,0.0,0.0,0.0,0.0,0.0,0.0,0.0,0.0
11962,Serbia and Montenegro,"Aquatic Products, Other",Domestic supply,0.0,0.0,0.0,0.0,0.0,0.0,0.0,0.0,0.0,0.0,0.0,0.0,0.0,0.0,0.0,0.0,0.0,0.0
11963,Serbia and Montenegro,"Aquatic Products, Other",Import,0.0,0.0,0.0,0.0,0.0,0.0,0.0,0.0,0.0,0.0,0.0,0.0,0.0,0.0,0.0,0.0,0.0,0.0
11964,Serbia and Montenegro,Sugar & Sweeteners,Import,40.0,125.0,138.0,197.0,90.0,176.0,0.0,0.0,0.0,0.0,0.0,0.0,0.0,0.0,0.0,0.0,0.0,0.0
11965,Serbia and Montenegro,Sugar & Sweeteners,Stock Variation,111.0,10.0,38.0,40.0,33.0,0.0,0.0,0.0,0.0,0.0,0.0,0.0,0.0,0.0,0.0,0.0,0.0,0.0
11966,Serbia and Montenegro,Sugar & Sweeteners,Export,5.0,78.0,162.0,113.0,226.0,270.0,0.0,0.0,0.0,0.0,0.0,0.0,0.0,0.0,0.0,0.0,0.0,0.0
11967,Serbia and Montenegro,Sugar & Sweeteners,Domestic supply,280.0,283.0,302.0,364.0,355.0,403.0,0.0,0.0,0.0,0.0,0.0,0.0,0.0,0.0,0.0,0.0,0.0,0.0
11968,Serbia and Montenegro,Oilcrops,Import,13.0,25.0,27.0,10.0,15.0,18.0,0.0,0.0,0.0,0.0,0.0,0.0,0.0,0.0,0.0,0.0,0.0,0.0
11969,Serbia and Montenegro,Oilcrops,Stock Variation,1.0,-37.0,21.0,19.0,-40.0,40.0,0.0,0.0,0.0,0.0,0.0,0.0,0.0,0.0,0.0,0.0,0.0,0.0
11970,Serbia and Montenegro,Oilcrops,Domestic supply,499.0,516.0,568.0,601.0,720.0,767.0,0.0,0.0,0.0,0.0,0.0,0.0,0.0,0.0,0.0,0.0,0.0,0.0
11971,Serbia and Montenegro,Oilcrops,Feed,132.0,57.0,50.0,76.0,45.0,19.0,0.0,0.0,0.0,0.0,0.0,0.0,0.0,0.0,0.0,0.0,0.0,0.0
11972,Serbia and Montenegro,Oilcrops,Seed,5.0,6.0,7.0,7.0,7.0,7.0,0.0,0.0,0.0,0.0,0.0,0.0,0.0,0.0,0.0,0.0,0.0,0.0
11973,Serbia and Montenegro,Oilcrops,Losses,19.0,21.0,23.0,23.0,29.0,31.0,0.0,0.0,0.0,0.0,0.0,0.0,0.0,0.0,0.0,0.0,0.0,0.0
11974,Serbia and Montenegro,Oilcrops,Processing,337.0,420.0,485.0,490.0,587.0,621.0,0.0,0.0,0.0,0.0,0.0,0.0,0.0,0.0,0.0,0.0,0.0,0.0
11975,Serbia and Montenegro,Oilcrops,Other uses (non-food),0.0,0.0,0.0,0.0,46.0,79.0,0.0,0.0,0.0,0.0,0.0,0.0,0.0,0.0,0.0,0.0,0.0,0.0
11976,Serbia and Montenegro,Oilcrops,Human Consumption,9.0,13.0,4.0,5.0,5.0,10.0,0.0,0.0,0.0,0.0,0.0,0.0,0.0,0.0,0.0,0.0,0.0,0.0
11977,Serbia and Montenegro,Starchy Roots,Production,690.0,1015.0,1030.0,803.0,1092.0,1102.0,0.0,0.0,0.0,0.0,0.0,0.0,0.0,0.0,0.0,0.0,0.0,0.0
11978,Serbia and Montenegro,Starchy Roots,Import,13.0,28.0,12.0,15.0,27.0,12.0,0.0,0.0,0.0,0.0,0.0,0.0,0.0,0.0,0.0,0.0,0.0,0.0
11979,Serbia and Montenegro,Starchy Roots,Stock Variation,0.0,-18.0,80.0,-4.0,-39.0,5.0,0.0,0.0,0.0,0.0,0.0,0.0,0.0,0.0,0.0,0.0,0.0,0.0
11980,Serbia and Montenegro,Starchy Roots,Export,1.0,4.0,59.0,35.0,14.0,53.0,0.0,0.0,0.0,0.0,0.0,0.0,0.0,0.0,0.0,0.0,0.0,0.0
11981,Serbia and Montenegro,Starchy Roots,Domestic supply,702.0,1021.0,1063.0,779.0,1066.0,1066.0,0.0,0.0,0.0,0.0,0.0,0.0,0.0,0.0,0.0,0.0,0.0,0.0
11982,Serbia and Montenegro,Starchy Roots,Feed,100.0,252.0,300.0,150.0,333.0,335.0,0.0,0.0,0.0,0.0,0.0,0.0,0.0,0.0,0.0,0.0,0.0,0.0
11983,Serbia and Montenegro,Oilcrops,Production,502.0,533.0,531.0,585.0,764.0,725.0,0.0,0.0,0.0,0.0,0.0,0.0,0.0,0.0,0.0,0.0,0.0,0.0
11984,Serbia and Montenegro,Eggs,Domestic supply,73.0,72.0,71.0,78.0,83.0,78.0,0.0,0.0,0.0,0.0,0.0,0.0,0.0,0.0,0.0,0.0,0.0,0.0
11985,Serbia and Montenegro,Treenuts,Human Consumption,24.0,17.0,13.0,30.0,26.0,26.0,0.0,0.0,0.0,0.0,0.0,0.0,0.0,0.0,0.0,0.0,0.0,0.0
11986,Serbia and Montenegro,Treenuts,Losses,1.0,1.0,0.0,1.0,1.0,1.0,0.0,0.0,0.0,0.0,0.0,0.0,0.0,0.0,0.0,0.0,0.0,0.0
11987,Serbia and Montenegro,Sugar & Sweeteners,Other uses (non-food),23.0,18.0,41.0,38.0,49.0,49.0,0.0,0.0,0.0,0.0,0.0,0.0,0.0,0.0,0.0,0.0,0.0,0.0
11988,Serbia and Montenegro,Sugar & Sweeteners,Human Consumption,256.0,265.0,260.0,326.0,306.0,354.0,0.0,0.0,0.0,0.0,0.0,0.0,0.0,0.0,0.0,0.0,0.0,0.0
11989,Serbia and Montenegro,Pulses,Production,85.0,132.0,133.0,106.0,140.0,140.0,0.0,0.0,0.0,0.0,0.0,0.0,0.0,0.0,0.0,0.0,0.0,0.0
11990,Serbia and Montenegro,Pulses,Import,3.0,3.0,4.0,7.0,8.0,5.0,0.0,0.0,0.0,0.0,0.0,0.0,0.0,0.0,0.0,0.0,0.0,0.0
11991,Serbia and Montenegro,Pulses,Stock Variation,3.0,0.0,0.0,0.0,0.0,0.0,0.0,0.0,0.0,0.0,0.0,0.0,0.0,0.0,0.0,0.0,0.0,0.0
11992,Serbia and Montenegro,Pulses,Export,0.0,0.0,0.0,0.0,0.0,0.0,0.0,0.0,0.0,0.0,0.0,0.0,0.0,0.0,0.0,0.0,0.0,0.0
11993,Serbia and Montenegro,Pulses,Domestic supply,90.0,135.0,137.0,113.0,148.0,145.0,0.0,0.0,0.0,0.0,0.0,0.0,0.0,0.0,0.0,0.0,0.0,0.0
11994,Serbia and Montenegro,Pulses,Feed,27.0,39.0,38.0,33.0,43.0,47.0,0.0,0.0,0.0,0.0,0.0,0.0,0.0,0.0,0.0,0.0,0.0,0.0
11995,Serbia and Montenegro,Pulses,Seed,3.0,3.0,3.0,3.0,3.0,3.0,0.0,0.0,0.0,0.0,0.0,0.0,0.0,0.0,0.0,0.0,0.0,0.0
11996,Serbia and Montenegro,Treenuts,Export,0.0,0.0,0.0,0.0,1.0,0.0,0.0,0.0,0.0,0.0,0.0,0.0,0.0,0.0,0.0,0.0,0.0,0.0
11997,Serbia and Montenegro,Pulses,Human Consumption,54.0,83.0,86.0,69.0,91.0,85.0,0.0,0.0,0.0,0.0,0.0,0.0,0.0,0.0,0.0,0.0,0.0,0.0
11998,Serbia and Montenegro,Treenuts,Production,25.0,16.0,11.0,26.0,23.0,22.0,0.0,0.0,0.0,0.0,0.0,0.0,0.0,0.0,0.0,0.0,0.0,0.0
11999,Serbia and Montenegro,Treenuts,Import,1.0,2.0,3.0,5.0,4.0,5.0,0.0,0.0,0.0,0.0,0.0,0.0,0.0,0.0,0.0,0.0,0.0,0.0
12000,Serbia and Montenegro,Treenuts,Export,0.0,0.0,0.0,0.0,1.0,0.0,0.0,0.0,0.0,0.0,0.0,0.0,0.0,0.0,0.0,0.0,0.0,0.0
12001,Serbia and Montenegro,Treenuts,Domestic supply,26.0,18.0,14.0,31.0,27.0,27.0,0.0,0.0,0.0,0.0,0.0,0.0,0.0,0.0,0.0,0.0,0.0,0.0
12002,Serbia and Montenegro,Treenuts,Processing,0.0,0.0,0.0,0.0,0.0,0.0,0.0,0.0,0.0,0.0,0.0,0.0,0.0,0.0,0.0,0.0,0.0,0.0
12003,Serbia and Montenegro,Starchy Roots,Seed,187.0,203.0,197.0,199.0,191.0,191.0,0.0,0.0,0.0,0.0,0.0,0.0,0.0,0.0,0.0,0.0,0.0,0.0
12004,Serbia and Montenegro,Eggs,Seed,4.0,4.0,4.0,3.0,4.0,4.0,0.0,0.0,0.0,0.0,0.0,0.0,0.0,0.0,0.0,0.0,0.0,0.0
12005,Serbia and Montenegro,Milk - Excluding Butter,Production,1837.0,1845.0,1849.0,1847.0,1832.0,1859.0,0.0,0.0,0.0,0.0,0.0,0.0,0.0,0.0,0.0,0.0,0.0,0.0
12006,Serbia and Montenegro,Stimulants,Domestic supply,49.0,50.0,54.0,14.0,63.0,11.0,0.0,0.0,0.0,0.0,0.0,0.0,0.0,0.0,0.0,0.0,0.0,0.0
12007,Serbia and Montenegro,Stimulants,Export,2.0,3.0,6.0,2.0,6.0,9.0,0.0,0.0,0.0,0.0,0.0,0.0,0.0,0.0,0.0,0.0,0.0,0.0
12008,Serbia and Montenegro,Stimulants,Stock Variation,0.0,0.0,-2.0,0.0,-1.0,3.0,0.0,0.0,0.0,0.0,0.0,0.0,0.0,0.0,0.0,0.0,0.0,0.0
12009,Serbia and Montenegro,Stimulants,Import,51.0,54.0,61.0,17.0,69.0,17.0,0.0,0.0,0.0,0.0,0.0,0.0,0.0,0.0,0.0,0.0,0.0,0.0
12010,Serbia and Montenegro,Spices,Human Consumption,5.0,8.0,5.0,7.0,8.0,7.0,0.0,0.0,0.0,0.0,0.0,0.0,0.0,0.0,0.0,0.0,0.0,0.0
12011,Serbia and Montenegro,Spices,Domestic supply,4.0,7.0,4.0,6.0,8.0,6.0,0.0,0.0,0.0,0.0,0.0,0.0,0.0,0.0,0.0,0.0,0.0,0.0
12012,Serbia and Montenegro,Stimulants,Human Consumption,49.0,50.0,54.0,14.0,63.0,11.0,0.0,0.0,0.0,0.0,0.0,0.0,0.0,0.0,0.0,0.0,0.0,0.0
12013,Serbia and Montenegro,Spices,Export,2.0,2.0,2.0,2.0,3.0,3.0,0.0,0.0,0.0,0.0,0.0,0.0,0.0,0.0,0.0,0.0,0.0,0.0
12014,Serbia and Montenegro,Spices,Import,0.0,1.0,0.0,0.0,2.0,0.0,0.0,0.0,0.0,0.0,0.0,0.0,0.0,0.0,0.0,0.0,0.0,0.0
12015,Serbia and Montenegro,Spices,Production,6.0,8.0,6.0,8.0,9.0,8.0,0.0,0.0,0.0,0.0,0.0,0.0,0.0,0.0,0.0,0.0,0.0,0.0
12016,Serbia and Montenegro,Alcoholic Beverages,Human Consumption,823.0,744.0,739.0,774.0,731.0,639.0,0.0,0.0,0.0,0.0,0.0,0.0,0.0,0.0,0.0,0.0,0.0,0.0
12017,Serbia and Montenegro,Alcoholic Beverages,Other uses (non-food),14.0,37.0,39.0,29.0,14.0,13.0,0.0,0.0,0.0,0.0,0.0,0.0,0.0,0.0,0.0,0.0,0.0,0.0
12018,Serbia and Montenegro,Alcoholic Beverages,Processing,40.0,45.0,45.0,101.0,97.0,50.0,0.0,0.0,0.0,0.0,0.0,0.0,0.0,0.0,0.0,0.0,0.0,0.0
12019,Serbia and Montenegro,Alcoholic Beverages,Losses,11.0,12.0,12.0,11.0,10.0,10.0,0.0,0.0,0.0,0.0,0.0,0.0,0.0,0.0,0.0,0.0,0.0,0.0
12020,Serbia and Montenegro,Spices,Stock Variation,0.0,0.0,0.0,0.0,0.0,0.0,0.0,0.0,0.0,0.0,0.0,0.0,0.0,0.0,0.0,0.0,0.0,0.0
12021,Serbia and Montenegro,Fruits - Excluding Wine,Production,1228.0,1215.0,1046.0,1718.0,1669.0,1130.0,0.0,0.0,0.0,0.0,0.0,0.0,0.0,0.0,0.0,0.0,0.0,0.0
12022,Serbia and Montenegro,Fruits - Excluding Wine,Import,98.0,210.0,319.0,131.0,253.0,212.0,0.0,0.0,0.0,0.0,0.0,0.0,0.0,0.0,0.0,0.0,0.0,0.0
12023,Serbia and Montenegro,Fruits - Excluding Wine,Stock Variation,0.0,-3.0,3.0,0.0,0.0,0.0,0.0,0.0,0.0,0.0,0.0,0.0,0.0,0.0,0.0,0.0,0.0,0.0
12024,Serbia and Montenegro,Vegetables,Human Consumption,987.0,1068.0,1275.0,1122.0,1348.0,1289.0,0.0,0.0,0.0,0.0,0.0,0.0,0.0,0.0,0.0,0.0,0.0,0.0
12025,Serbia and Montenegro,Vegetables,Processing,1.0,0.0,0.0,0.0,1.0,0.0,0.0,0.0,0.0,0.0,0.0,0.0,0.0,0.0,0.0,0.0,0.0,0.0
12026,Serbia and Montenegro,Vegetables,Losses,112.0,123.0,148.0,126.0,154.0,147.0,0.0,0.0,0.0,0.0,0.0,0.0,0.0,0.0,0.0,0.0,0.0,0.0
12027,Serbia and Montenegro,Vegetables,Feed,0.0,0.0,0.0,0.0,0.0,0.0,0.0,0.0,0.0,0.0,0.0,0.0,0.0,0.0,0.0,0.0,0.0,0.0
12028,Serbia and Montenegro,Vegetables,Domestic supply,1099.0,1182.0,1423.0,1251.0,1502.0,1437.0,0.0,0.0,0.0,0.0,0.0,0.0,0.0,0.0,0.0,0.0,0.0,0.0
12029,Serbia and Montenegro,Vegetables,Export,53.0,82.0,91.0,50.0,92.0,95.0,0.0,0.0,0.0,0.0,0.0,0.0,0.0,0.0,0.0,0.0,0.0,0.0
12030,Serbia and Montenegro,Vegetables,Stock Variation,0.0,0.0,0.0,0.0,0.0,0.0,0.0,0.0,0.0,0.0,0.0,0.0,0.0,0.0,0.0,0.0,0.0,0.0
12031,Serbia and Montenegro,Vegetables,Import,43.0,68.0,81.0,100.0,103.0,101.0,0.0,0.0,0.0,0.0,0.0,0.0,0.0,0.0,0.0,0.0,0.0,0.0
12032,Serbia and Montenegro,Vegetables,Production,1110.0,1196.0,1433.0,1200.0,1493.0,1431.0,0.0,0.0,0.0,0.0,0.0,0.0,0.0,0.0,0.0,0.0,0.0,0.0
12033,Serbia and Montenegro,Fruits - Excluding Wine,Human Consumption,704.0,905.0,778.0,1224.0,1245.0,746.0,0.0,0.0,0.0,0.0,0.0,0.0,0.0,0.0,0.0,0.0,0.0,0.0
12034,Serbia and Montenegro,Fruits - Excluding Wine,Other uses (non-food),0.0,0.0,0.0,0.0,0.0,0.0,0.0,0.0,0.0,0.0,0.0,0.0,0.0,0.0,0.0,0.0,0.0,0.0
12035,Serbia and Montenegro,Fruits - Excluding Wine,Processing,373.0,329.0,276.0,310.0,293.0,188.0,0.0,0.0,0.0,0.0,0.0,0.0,0.0,0.0,0.0,0.0,0.0,0.0
12036,Serbia and Montenegro,Fruits - Excluding Wine,Losses,65.0,67.0,76.0,92.0,84.0,61.0,0.0,0.0,0.0,0.0,0.0,0.0,0.0,0.0,0.0,0.0,0.0,0.0
12037,Serbia and Montenegro,Fruits - Excluding Wine,Domestic supply,1145.0,1225.0,1131.0,1625.0,1620.0,991.0,0.0,0.0,0.0,0.0,0.0,0.0,0.0,0.0,0.0,0.0,0.0,0.0
12038,Serbia and Montenegro,Fruits - Excluding Wine,Export,181.0,197.0,236.0,224.0,301.0,351.0,0.0,0.0,0.0,0.0,0.0,0.0,0.0,0.0,0.0,0.0,0.0,0.0
12039,Serbia and Montenegro,Alcoholic Beverages,Domestic supply,887.0,838.0,835.0,915.0,851.0,712.0,0.0,0.0,0.0,0.0,0.0,0.0,0.0,0.0,0.0,0.0,0.0,0.0
12040,Serbia and Montenegro,Alcoholic Beverages,Export,20.0,30.0,28.0,16.0,78.0,84.0,0.0,0.0,0.0,0.0,0.0,0.0,0.0,0.0,0.0,0.0,0.0,0.0
12041,Serbia and Montenegro,Alcoholic Beverages,Stock Variation,-50.0,-30.0,0.0,10.0,45.0,65.0,0.0,0.0,0.0,0.0,0.0,0.0,0.0,0.0,0.0,0.0,0.0,0.0
12042,Serbia and Montenegro,Alcoholic Beverages,Import,18.0,37.0,45.0,34.0,34.0,38.0,0.0,0.0,0.0,0.0,0.0,0.0,0.0,0.0,0.0,0.0,0.0,0.0
12043,Serbia and Montenegro,Animal fats,Other uses (non-food),19.0,17.0,31.0,35.0,26.0,25.0,0.0,0.0,0.0,0.0,0.0,0.0,0.0,0.0,0.0,0.0,0.0,0.0
12044,Serbia and Montenegro,Animal fats,Processing,0.0,0.0,0.0,0.0,0.0,0.0,0.0,0.0,0.0,0.0,0.0,0.0,0.0,0.0,0.0,0.0,0.0,0.0
12045,Serbia and Montenegro,Animal fats,Domestic supply,158.0,156.0,155.0,145.0,136.0,139.0,0.0,0.0,0.0,0.0,0.0,0.0,0.0,0.0,0.0,0.0,0.0,0.0
12046,Serbia and Montenegro,Animal fats,Export,8.0,8.0,11.0,5.0,10.0,8.0,0.0,0.0,0.0,0.0,0.0,0.0,0.0,0.0,0.0,0.0,0.0,0.0
12047,Serbia and Montenegro,Animal fats,Stock Variation,-2.0,11.0,0.0,-1.0,1.0,0.0,0.0,0.0,0.0,0.0,0.0,0.0,0.0,0.0,0.0,0.0,0.0,0.0
12048,Serbia and Montenegro,Animal fats,Import,5.0,6.0,12.0,5.0,4.0,6.0,0.0,0.0,0.0,0.0,0.0,0.0,0.0,0.0,0.0,0.0,0.0,0.0
12049,Serbia and Montenegro,Animal fats,Production,163.0,147.0,154.0,147.0,140.0,142.0,0.0,0.0,0.0,0.0,0.0,0.0,0.0,0.0,0.0,0.0,0.0,0.0
12050,Serbia and Montenegro,Milk - Excluding Butter,Human Consumption,1678.0,1686.0,1697.0,1699.0,1676.0,1697.0,0.0,0.0,0.0,0.0,0.0,0.0,0.0,0.0,0.0,0.0,0.0,0.0
12051,Serbia and Montenegro,Milk - Excluding Butter,Other uses (non-food),3.0,3.0,1.0,0.0,1.0,0.0,0.0,0.0,0.0,0.0,0.0,0.0,0.0,0.0,0.0,0.0,0.0,0.0
12052,Serbia and Montenegro,Milk - Excluding Butter,Processing,0.0,0.0,0.0,0.0,0.0,0.0,0.0,0.0,0.0,0.0,0.0,0.0,0.0,0.0,0.0,0.0,0.0,0.0
12053,Serbia and Montenegro,Milk - Excluding Butter,Losses,37.0,37.0,38.0,38.0,37.0,38.0,0.0,0.0,0.0,0.0,0.0,0.0,0.0,0.0,0.0,0.0,0.0,0.0
12054,Serbia and Montenegro,Milk - Excluding Butter,Feed,152.0,153.0,154.0,158.0,153.0,162.0,0.0,0.0,0.0,0.0,0.0,0.0,0.0,0.0,0.0,0.0,0.0,0.0
12055,Serbia and Montenegro,Milk - Excluding Butter,Domestic supply,1870.0,1881.0,1890.0,1895.0,1867.0,1897.0,0.0,0.0,0.0,0.0,0.0,0.0,0.0,0.0,0.0,0.0,0.0,0.0
12056,Serbia and Montenegro,Milk - Excluding Butter,Export,7.0,7.0,6.0,5.0,10.0,20.0,0.0,0.0,0.0,0.0,0.0,0.0,0.0,0.0,0.0,0.0,0.0,0.0
12057,Serbia and Montenegro,Milk - Excluding Butter,Import,40.0,43.0,47.0,53.0,45.0,58.0,0.0,0.0,0.0,0.0,0.0,0.0,0.0,0.0,0.0,0.0,0.0,0.0
12058,Serbia and Montenegro,Animal fats,Human Consumption,139.0,139.0,124.0,110.0,110.0,114.0,0.0,0.0,0.0,0.0,0.0,0.0,0.0,0.0,0.0,0.0,0.0,0.0
12059,Serbia and Montenegro,Eggs,Human Consumption,69.0,68.0,68.0,74.0,79.0,74.0,0.0,0.0,0.0,0.0,0.0,0.0,0.0,0.0,0.0,0.0,0.0,0.0
12060,Serbia and Montenegro,Offals,Production,43.0,39.0,38.0,37.0,36.0,35.0,0.0,0.0,0.0,0.0,0.0,0.0,0.0,0.0,0.0,0.0,0.0,0.0
12061,Serbia and Montenegro,Offals,Export,1.0,1.0,1.0,1.0,1.0,2.0,0.0,0.0,0.0,0.0,0.0,0.0,0.0,0.0,0.0,0.0,0.0,0.0
12062,Serbia and Montenegro,Alcoholic Beverages,Production,937.0,862.0,820.0,888.0,851.0,692.0,0.0,0.0,0.0,0.0,0.0,0.0,0.0,0.0,0.0,0.0,0.0,0.0
12063,Serbia and Montenegro,Miscellaneous,Human Consumption,0.0,0.0,0.0,1.0,0.0,0.0,0.0,0.0,0.0,0.0,0.0,0.0,0.0,0.0,0.0,0.0,0.0,0.0
12064,Serbia and Montenegro,Miscellaneous,Domestic supply,0.0,0.0,0.0,1.0,0.0,0.0,0.0,0.0,0.0,0.0,0.0,0.0,0.0,0.0,0.0,0.0,0.0,0.0
12065,Serbia and Montenegro,Miscellaneous,Export,0.0,0.0,1.0,0.0,1.0,1.0,0.0,0.0,0.0,0.0,0.0,0.0,0.0,0.0,0.0,0.0,0.0,0.0
12066,Serbia and Montenegro,Miscellaneous,Stock Variation,0.0,0.0,0.0,0.0,0.0,0.0,0.0,0.0,0.0,0.0,0.0,0.0,0.0,0.0,0.0,0.0,0.0,0.0
12067,Serbia and Montenegro,Miscellaneous,Import,0.0,0.0,1.0,1.0,1.0,1.0,0.0,0.0,0.0,0.0,0.0,0.0,0.0,0.0,0.0,0.0,0.0,0.0
12068,Serbia and Montenegro,Meat,Human Consumption,949.0,856.0,928.0,872.0,833.0,858.0,0.0,0.0,0.0,0.0,0.0,0.0,0.0,0.0,0.0,0.0,0.0,0.0
12069,Serbia and Montenegro,Meat,Processing,0.0,0.0,0.0,0.0,0.0,0.0,0.0,0.0,0.0,0.0,0.0,0.0,0.0,0.0,0.0,0.0,0.0,0.0
12070,Serbia and Montenegro,Meat,Domestic supply,949.0,855.0,926.0,873.0,832.0,858.0,0.0,0.0,0.0,0.0,0.0,0.0,0.0,0.0,0.0,0.0,0.0,0.0
12071,Serbia and Montenegro,Meat,Export,13.0,6.0,5.0,1.0,8.0,12.0,0.0,0.0,0.0,0.0,0.0,0.0,0.0,0.0,0.0,0.0,0.0,0.0
12072,Serbia and Montenegro,Meat,Stock Variation,0.0,0.0,0.0,0.0,0.0,0.0,0.0,0.0,0.0,0.0,0.0,0.0,0.0,0.0,0.0,0.0,0.0,0.0
12073,Serbia and Montenegro,Meat,Import,16.0,20.0,35.0,29.0,27.0,39.0,0.0,0.0,0.0,0.0,0.0,0.0,0.0,0.0,0.0,0.0,0.0,0.0
12074,Serbia and Montenegro,Meat,Production,944.0,840.0,897.0,845.0,814.0,832.0,0.0,0.0,0.0,0.0,0.0,0.0,0.0,0.0,0.0,0.0,0.0,0.0
12075,Serbia and Montenegro,Offals,Human Consumption,44.0,42.0,42.0,38.0,38.0,38.0,0.0,0.0,0.0,0.0,0.0,0.0,0.0,0.0,0.0,0.0,0.0,0.0
12076,Serbia and Montenegro,Offals,Domestic supply,44.0,42.0,42.0,38.0,38.0,38.0,0.0,0.0,0.0,0.0,0.0,0.0,0.0,0.0,0.0,0.0,0.0,0.0
12077,Serbia and Montenegro,Offals,Import,1.0,4.0,4.0,2.0,3.0,4.0,0.0,0.0,0.0,0.0,0.0,0.0,0.0,0.0,0.0,0.0,0.0,0.0
12078,Serbia and Montenegro,Starchy Roots,Losses,42.0,62.0,62.0,24.0,33.0,33.0,0.0,0.0,0.0,0.0,0.0,0.0,0.0,0.0,0.0,0.0,0.0,0.0
12079,Serbia and Montenegro,Pulses,Losses,7.0,10.0,11.0,9.0,11.0,10.0,0.0,0.0,0.0,0.0,0.0,0.0,0.0,0.0,0.0,0.0,0.0,0.0
12080,Serbia and Montenegro,Starchy Roots,Other uses (non-food),0.0,0.0,0.0,0.0,0.0,0.0,0.0,0.0,0.0,0.0,0.0,0.0,0.0,0.0,0.0,0.0,0.0,0.0
12081,Serbia and Montenegro,Starchy Roots,Losses,42.0,62.0,62.0,24.0,33.0,33.0,0.0,0.0,0.0,0.0,0.0,0.0,0.0,0.0,0.0,0.0,0.0,0.0
12082,Serbia and Montenegro,Starchy Roots,Seed,187.0,203.0,197.0,199.0,191.0,191.0,0.0,0.0,0.0,0.0,0.0,0.0,0.0,0.0,0.0,0.0,0.0,0.0
12083,Serbia and Montenegro,Starchy Roots,Feed,100.0,252.0,300.0,150.0,333.0,335.0,0.0,0.0,0.0,0.0,0.0,0.0,0.0,0.0,0.0,0.0,0.0,0.0
12084,Serbia and Montenegro,Starchy Roots,Domestic supply,702.0,1021.0,1063.0,779.0,1066.0,1066.0,0.0,0.0,0.0,0.0,0.0,0.0,0.0,0.0,0.0,0.0,0.0,0.0
12085,Serbia and Montenegro,Starchy Roots,Export,1.0,4.0,59.0,35.0,14.0,53.0,0.0,0.0,0.0,0.0,0.0,0.0,0.0,0.0,0.0,0.0,0.0,0.0
12086,Serbia and Montenegro,Starchy Roots,Stock Variation,0.0,-18.0,80.0,-4.0,-39.0,5.0,0.0,0.0,0.0,0.0,0.0,0.0,0.0,0.0,0.0,0.0,0.0,0.0
12087,Serbia and Montenegro,Starchy Roots,Import,13.0,28.0,12.0,15.0,27.0,12.0,0.0,0.0,0.0,0.0,0.0,0.0,0.0,0.0,0.0,0.0,0.0,0.0
12088,Serbia and Montenegro,Starchy Roots,Production,690.0,1015.0,1030.0,803.0,1092.0,1102.0,0.0,0.0,0.0,0.0,0.0,0.0,0.0,0.0,0.0,0.0,0.0,0.0
12089,Serbia and Montenegro,Oilcrops,Human Consumption,9.0,13.0,4.0,5.0,5.0,10.0,0.0,0.0,0.0,0.0,0.0,0.0,0.0,0.0,0.0,0.0,0.0,0.0
12090,Serbia and Montenegro,Oilcrops,Other uses (non-food),0.0,0.0,0.0,0.0,46.0,79.0,0.0,0.0,0.0,0.0,0.0,0.0,0.0,0.0,0.0,0.0,0.0,0.0
12091,Serbia and Montenegro,Starchy Roots,Other uses (non-food),0.0,0.0,0.0,0.0,0.0,0.0,0.0,0.0,0.0,0.0,0.0,0.0,0.0,0.0,0.0,0.0,0.0,0.0
12092,Serbia and Montenegro,Oilcrops,Processing,337.0,420.0,485.0,490.0,587.0,621.0,0.0,0.0,0.0,0.0,0.0,0.0,0.0,0.0,0.0,0.0,0.0,0.0
12093,Serbia and Montenegro,Oilcrops,Seed,5.0,6.0,7.0,7.0,7.0,7.0,0.0,0.0,0.0,0.0,0.0,0.0,0.0,0.0,0.0,0.0,0.0,0.0
12094,Serbia and Montenegro,Oilcrops,Feed,132.0,57.0,50.0,76.0,45.0,19.0,0.0,0.0,0.0,0.0,0.0,0.0,0.0,0.0,0.0,0.0,0.0,0.0
12095,Serbia and Montenegro,Oilcrops,Domestic supply,499.0,516.0,568.0,601.0,720.0,767.0,0.0,0.0,0.0,0.0,0.0,0.0,0.0,0.0,0.0,0.0,0.0,0.0
12096,Serbia and Montenegro,Oilcrops,Export,15.0,6.0,9.0,13.0,17.0,18.0,0.0,0.0,0.0,0.0,0.0,0.0,0.0,0.0,0.0,0.0,0.0,0.0
12097,Serbia and Montenegro,Oilcrops,Stock Variation,1.0,-37.0,21.0,19.0,-40.0,40.0,0.0,0.0,0.0,0.0,0.0,0.0,0.0,0.0,0.0,0.0,0.0,0.0
12098,Serbia and Montenegro,Oilcrops,Import,13.0,25.0,27.0,10.0,15.0,18.0,0.0,0.0,0.0,0.0,0.0,0.0,0.0,0.0,0.0,0.0,0.0,0.0
12099,Serbia and Montenegro,Oilcrops,Production,502.0,533.0,531.0,585.0,764.0,725.0,0.0,0.0,0.0,0.0,0.0,0.0,0.0,0.0,0.0,0.0,0.0,0.0
12100,Serbia and Montenegro,Treenuts,Human Consumption,24.0,17.0,13.0,30.0,26.0,26.0,0.0,0.0,0.0,0.0,0.0,0.0,0.0,0.0,0.0,0.0,0.0,0.0
12101,Serbia and Montenegro,Treenuts,Processing,0.0,0.0,0.0,0.0,0.0,0.0,0.0,0.0,0.0,0.0,0.0,0.0,0.0,0.0,0.0,0.0,0.0,0.0
12102,Serbia and Montenegro,Treenuts,Losses,1.0,1.0,0.0,1.0,1.0,1.0,0.0,0.0,0.0,0.0,0.0,0.0,0.0,0.0,0.0,0.0,0.0,0.0
12103,Serbia and Montenegro,Oilcrops,Losses,19.0,21.0,23.0,23.0,29.0,31.0,0.0,0.0,0.0,0.0,0.0,0.0,0.0,0.0,0.0,0.0,0.0,0.0
12104,Serbia and Montenegro,Starchy Roots,Human Consumption,371.0,501.0,500.0,403.0,503.0,502.0,0.0,0.0,0.0,0.0,0.0,0.0,0.0,0.0,0.0,0.0,0.0,0.0
12105,Serbia and Montenegro,Starchy Roots,Processing,2.0,3.0,3.0,3.0,5.0,5.0,0.0,0.0,0.0,0.0,0.0,0.0,0.0,0.0,0.0,0.0,0.0,0.0
12106,Serbia and Montenegro,Sugar Crops,Import,0.0,0.0,0.0,0.0,0.0,0.0,0.0,0.0,0.0,0.0,0.0,0.0,0.0,0.0,0.0,0.0,0.0,0.0
12107,Serbia and Montenegro,Starchy Roots,Human Consumption,371.0,501.0,500.0,403.0,503.0,502.0,0.0,0.0,0.0,0.0,0.0,0.0,0.0,0.0,0.0,0.0,0.0,0.0
12108,Serbia and Montenegro,Sugar Crops,Production,1070.0,1806.0,2098.0,1738.0,2643.0,3101.0,0.0,0.0,0.0,0.0,0.0,0.0,0.0,0.0,0.0,0.0,0.0,0.0
12109,Serbia and Montenegro,Sugar Crops,Import,0.0,0.0,0.0,0.0,0.0,0.0,0.0,0.0,0.0,0.0,0.0,0.0,0.0,0.0,0.0,0.0,0.0,0.0
12110,Serbia and Montenegro,Sugar Crops,Export,0.0,0.0,0.0,0.0,0.0,33.0,0.0,0.0,0.0,0.0,0.0,0.0,0.0,0.0,0.0,0.0,0.0,0.0
12111,Serbia and Montenegro,Sugar Crops,Domestic supply,1070.0,1806.0,2098.0,1738.0,2643.0,3068.0,0.0,0.0,0.0,0.0,0.0,0.0,0.0,0.0,0.0,0.0,0.0,0.0
12112,Serbia and Montenegro,Sugar Crops,Feed,107.0,181.0,210.0,174.0,264.0,310.0,0.0,0.0,0.0,0.0,0.0,0.0,0.0,0.0,0.0,0.0,0.0,0.0
12113,Serbia and Montenegro,Sugar Crops,Processing,963.0,1626.0,1888.0,1564.0,2379.0,2758.0,0.0,0.0,0.0,0.0,0.0,0.0,0.0,0.0,0.0,0.0,0.0,0.0
12114,Serbia and Montenegro,Sugar Crops,Production,1070.0,1806.0,2098.0,1738.0,2643.0,3101.0,0.0,0.0,0.0,0.0,0.0,0.0,0.0,0.0,0.0,0.0,0.0,0.0
12115,Serbia and Montenegro,Starchy Roots,Processing,2.0,3.0,3.0,3.0,5.0,5.0,0.0,0.0,0.0,0.0,0.0,0.0,0.0,0.0,0.0,0.0,0.0,0.0
12116,Serbia and Montenegro,Sugar Crops,Feed,107.0,181.0,210.0,174.0,264.0,310.0,0.0,0.0,0.0,0.0,0.0,0.0,0.0,0.0,0.0,0.0,0.0,0.0
12117,Serbia and Montenegro,Sugar Crops,Export,0.0,0.0,0.0,0.0,0.0,33.0,0.0,0.0,0.0,0.0,0.0,0.0,0.0,0.0,0.0,0.0,0.0,0.0
12118,Serbia and Montenegro,Sugar Crops,Domestic supply,1070.0,1806.0,2098.0,1738.0,2643.0,3068.0,0.0,0.0,0.0,0.0,0.0,0.0,0.0,0.0,0.0,0.0,0.0,0.0
12119,Serbia and Montenegro,Sugar Crops,Processing,963.0,1626.0,1888.0,1564.0,2379.0,2758.0,0.0,0.0,0.0,0.0,0.0,0.0,0.0,0.0,0.0,0.0,0.0,0.0
12120,Serbia and Montenegro,Vegetable Oils,Import,11.0,11.0,17.0,28.0,14.0,37.0,0.0,0.0,0.0,0.0,0.0,0.0,0.0,0.0,0.0,0.0,0.0,0.0
12121,Sierra Leone,Sugar & Sweeteners,Production,7.0,6.0,7.0,6.0,7.0,7.0,7.0,7.0,7.0,7.0,9.0,9.0,7.0,7.0,7.0,7.0,7.0,7.0
12122,Sierra Leone,Vegetable Oils,Human Consumption,53.0,52.0,57.0,56.0,61.0,62.0,67.0,71.0,73.0,76.0,80.0,81.0,85.0,88.0,94.0,95.0,95.0,100.0
12123,Sierra Leone,Vegetable Oils,Other uses (non-food),0.0,2.0,6.0,6.0,5.0,5.0,10.0,9.0,7.0,9.0,11.0,10.0,11.0,14.0,13.0,12.0,16.0,16.0
12124,Sierra Leone,Vegetable Oils,Feed,0.0,0.0,0.0,0.0,0.0,0.0,0.0,0.0,0.0,0.0,0.0,0.0,0.0,0.0,0.0,0.0,0.0,0.0
12125,Sierra Leone,Sugar & Sweeteners,Import,14.0,15.0,20.0,18.0,40.0,20.0,29.0,26.0,27.0,24.0,14.0,25.0,27.0,42.0,24.0,54.0,42.0,51.0
12126,Sierra Leone,Vegetable Oils,Import,10.0,10.0,19.0,11.0,12.0,10.0,8.0,12.0,13.0,14.0,17.0,15.0,15.0,22.0,29.0,29.0,28.0,30.0
12127,Sierra Leone,Vegetable Oils,Domestic supply,53.0,54.0,64.0,62.0,66.0,67.0,78.0,80.0,79.0,86.0,91.0,91.0,96.0,102.0,107.0,107.0,112.0,117.0
12128,Sierra Leone,Vegetables,Export,0.0,0.0,0.0,0.0,0.0,0.0,0.0,0.0,0.0,0.0,0.0,0.0,0.0,0.0,0.0,5.0,6.0,0.0
12129,Sierra Leone,Vegetables,Domestic supply,188.0,224.0,228.0,245.0,267.0,271.0,272.0,285.0,297.0,303.0,377.0,359.0,372.0,382.0,360.0,370.0,374.0,398.0
12130,Sierra Leone,Vegetable Oils,Export,0.0,0.0,0.0,0.0,0.0,0.0,0.0,0.0,0.0,0.0,0.0,0.0,1.0,0.0,1.0,1.0,1.0,3.0
12131,Sierra Leone,Vegetables,Losses,18.0,21.0,22.0,24.0,26.0,26.0,27.0,27.0,28.0,29.0,36.0,34.0,34.0,35.0,37.0,38.0,39.0,40.0
12132,Sierra Leone,Vegetables,Human Consumption,170.0,202.0,206.0,222.0,241.0,244.0,245.0,258.0,268.0,274.0,341.0,325.0,338.0,347.0,323.0,332.0,339.0,358.0
12133,Sierra Leone,Vegetable Oils,Production,46.0,47.0,51.0,52.0,57.0,56.0,67.0,63.0,65.0,70.0,74.0,76.0,80.0,84.0,83.0,85.0,84.0,91.0
12134,Sierra Leone,Vegetable Oils,Stock Variation,-3.0,-2.0,-6.0,-2.0,-3.0,2.0,3.0,6.0,1.0,2.0,1.0,1.0,2.0,-4.0,5.0,6.0,0.0,1.0
12135,Sierra Leone,Sugar & Sweeteners,Stock Variation,0.0,0.0,-3.0,3.0,-19.0,1.0,0.0,4.0,3.0,8.0,0.0,0.0,3.0,-9.0,-14.0,6.0,-7.0,7.0
12136,Sierra Leone,Sugar & Sweeteners,Losses,0.0,0.0,0.0,0.0,0.0,0.0,0.0,0.0,0.0,0.0,0.0,0.0,0.0,0.0,0.0,0.0,0.0,0.0
12137,Sierra Leone,Sugar & Sweeteners,Domestic supply,21.0,21.0,24.0,27.0,27.0,28.0,36.0,37.0,37.0,38.0,23.0,34.0,33.0,37.0,45.0,54.0,55.0,51.0
12138,Sierra Leone,Oilcrops,Seed,2.0,4.0,5.0,6.0,7.0,7.0,4.0,4.0,5.0,5.0,6.0,5.0,4.0,4.0,6.0,6.0,5.0,5.0
12139,Sierra Leone,Oilcrops,Losses,1.0,2.0,4.0,4.0,6.0,10.0,7.0,4.0,3.0,3.0,4.0,4.0,5.0,6.0,10.0,9.0,8.0,5.0
12140,Sierra Leone,Oilcrops,Processing,22.0,23.0,33.0,36.0,42.0,45.0,50.0,36.0,38.0,46.0,49.0,49.0,52.0,54.0,293.0,299.0,297.0,327.0
12141,Sierra Leone,Oilcrops,Other uses (non-food),0.0,0.0,0.0,0.0,0.0,0.0,0.0,0.0,0.0,0.0,0.0,0.0,0.0,0.0,0.0,1.0,0.0,2.0
12142,Sierra Leone,Oilcrops,Human Consumption,12.0,20.0,28.0,30.0,40.0,45.0,48.0,24.0,26.0,26.0,31.0,33.0,33.0,34.0,47.0,47.0,43.0,47.0
12143,Sierra Leone,Starchy Roots,Production,345.0,428.0,511.0,1915.0,1973.0,1223.0,1565.0,2007.0,2105.0,2994.0,3459.0,3674.0,3809.0,4039.0,4323.0,4884.0,4770.0,5012.0
12144,Sierra Leone,Starchy Roots,Import,1.0,1.0,2.0,1.0,1.0,1.0,1.0,1.0,2.0,2.0,2.0,2.0,3.0,2.0,3.0,2.0,2.0,2.0
12145,Sierra Leone,Starchy Roots,Stock Variation,0.0,0.0,0.0,-400.0,-160.0,60.0,0.0,0.0,0.0,-400.0,-400.0,-400.0,-320.0,-300.0,-33.0,-39.0,-38.0,3.0
12146,Sierra Leone,Starchy Roots,Export,0.0,0.0,0.0,0.0,0.0,0.0,0.0,0.0,0.0,0.0,0.0,0.0,0.0,0.0,3.0,5.0,1.0,0.0
12147,Sierra Leone,Starchy Roots,Domestic supply,346.0,429.0,513.0,1516.0,1814.0,1284.0,1566.0,2008.0,2107.0,2596.0,3061.0,3276.0,3492.0,3741.0,4357.0,4921.0,4810.0,5011.0
12148,Sierra Leone,Starchy Roots,Feed,18.0,24.0,28.0,160.0,400.0,320.0,420.0,540.0,600.0,520.0,680.0,720.0,800.0,880.0,1267.0,1501.0,1444.0,1579.0
12149,Sierra Leone,Starchy Roots,Losses,66.0,131.0,171.0,972.0,1001.0,479.0,614.0,886.0,969.0,1461.0,1687.0,1794.0,1859.0,1973.0,2101.0,2390.0,2337.0,2455.0
12150,Sierra Leone,Starchy Roots,Human Consumption,262.0,274.0,314.0,385.0,413.0,486.0,531.0,582.0,538.0,615.0,694.0,762.0,833.0,888.0,988.0,1030.0,1029.0,977.0
12151,Sierra Leone,Sugar Crops,Production,81.0,69.0,69.0,69.0,70.0,70.0,70.0,70.0,70.0,70.0,76.0,77.0,77.0,77.0,77.0,78.0,77.0,78.0
12152,Sierra Leone,Sugar Crops,Import,0.0,0.0,0.0,0.0,0.0,0.0,0.0,0.0,0.0,0.0,0.0,0.0,0.0,0.0,0.0,0.0,0.0,0.0
12153,Sierra Leone,Sugar Crops,Stock Variation,0.0,0.0,0.0,0.0,0.0,0.0,0.0,0.0,0.0,0.0,0.0,0.0,0.0,0.0,0.0,0.0,0.0,0.0
12154,Sierra Leone,Sugar Crops,Domestic supply,81.0,69.0,69.0,69.0,70.0,70.0,70.0,70.0,70.0,70.0,76.0,77.0,77.0,77.0,77.0,78.0,77.0,78.0
12155,Sierra Leone,Sugar Crops,Feed,0.0,0.0,0.0,0.0,0.0,0.0,0.0,0.0,0.0,0.0,0.0,0.0,0.0,0.0,4.0,5.0,4.0,4.0
12156,Sierra Leone,Sugar Crops,Losses,8.0,7.0,7.0,7.0,7.0,7.0,7.0,7.0,7.0,7.0,8.0,8.0,8.0,8.0,4.0,4.0,4.0,4.0
12157,Sierra Leone,Sugar Crops,Processing,73.0,62.0,62.0,62.0,63.0,63.0,63.0,63.0,63.0,63.0,68.0,69.0,69.0,69.0,69.0,69.0,69.0,69.0
12158,Sierra Leone,Sugar Crops,Human Consumption,0.0,0.0,0.0,0.0,0.0,0.0,0.0,0.0,0.0,0.0,0.0,0.0,0.0,0.0,0.0,0.0,0.0,0.0
12159,Sierra Leone,Oilcrops,Feed,0.0,0.0,0.0,0.0,0.0,0.0,0.0,0.0,0.0,0.0,0.0,0.0,0.0,0.0,2.0,0.0,0.0,0.0
12160,Sierra Leone,Oilcrops,Domestic supply,37.0,48.0,69.0,77.0,94.0,107.0,109.0,69.0,72.0,80.0,89.0,90.0,95.0,97.0,357.0,363.0,353.0,386.0
12161,Sierra Leone,Oilcrops,Export,0.0,0.0,0.0,0.0,0.0,0.0,0.0,0.0,0.0,0.0,0.0,0.0,0.0,0.0,0.0,0.0,1.0,0.0
12162,Sierra Leone,Oilcrops,Stock Variation,0.0,0.0,0.0,0.0,0.0,0.0,0.0,0.0,0.0,0.0,0.0,0.0,0.0,0.0,-53.0,-58.0,-69.0,-82.0
12163,Sierra Leone,Sugar & Sweeteners,Feed,0.0,0.0,0.0,0.0,0.0,0.0,0.0,0.0,0.0,0.0,0.0,0.0,0.0,0.0,0.0,0.0,0.0,0.0
12164,Sierra Leone,Vegetables,Stock Variation,0.0,0.0,0.0,0.0,0.0,0.0,0.0,0.0,0.0,0.0,0.0,0.0,0.0,0.0,0.0,0.0,0.0,0.0
12165,Sierra Leone,Sugar & Sweeteners,Other uses (non-food),0.0,0.0,1.0,0.0,0.0,0.0,0.0,1.0,0.0,1.0,1.0,1.0,1.0,1.0,1.0,1.0,1.0,1.0
12166,Sierra Leone,Sugar & Sweeteners,Human Consumption,21.0,21.0,23.0,27.0,27.0,27.0,36.0,36.0,37.0,38.0,22.0,33.0,32.0,37.0,44.0,53.0,55.0,50.0
12167,Sierra Leone,Pulses,Production,43.0,42.0,50.0,59.0,63.0,67.0,69.0,73.0,76.0,79.0,70.0,74.0,78.0,78.0,79.0,82.0,81.0,82.0
12168,Sierra Leone,Pulses,Import,8.0,25.0,15.0,10.0,5.0,5.0,2.0,3.0,5.0,2.0,2.0,2.0,2.0,4.0,1.0,3.0,1.0,0.0
12169,Sierra Leone,Pulses,Stock Variation,0.0,-4.0,1.0,-2.0,-1.0,-1.0,2.0,1.0,-1.0,2.0,1.0,1.0,0.0,0.0,-2.0,2.0,-3.0,-1.0
12170,Sierra Leone,Pulses,Export,0.0,0.0,0.0,0.0,0.0,0.0,0.0,0.0,0.0,0.0,0.0,0.0,0.0,0.0,0.0,0.0,0.0,0.0
12171,Sierra Leone,Pulses,Domestic supply,51.0,63.0,66.0,66.0,68.0,71.0,74.0,77.0,80.0,84.0,74.0,77.0,80.0,82.0,81.0,83.0,84.0,82.0
12172,Sierra Leone,Pulses,Feed,0.0,0.0,0.0,0.0,0.0,0.0,0.0,0.0,0.0,0.0,0.0,0.0,0.0,0.0,0.0,0.0,1.0,0.0
12173,Sierra Leone,Sugar & Sweeteners,Export,0.0,0.0,0.0,0.0,0.0,0.0,0.0,0.0,0.0,0.0,0.0,0.0,4.0,3.0,0.0,0.0,0.0,0.0
12174,Sierra Leone,Pulses,Seed,3.0,3.0,3.0,4.0,4.0,4.0,4.0,4.0,5.0,5.0,5.0,5.0,5.0,5.0,4.0,4.0,4.0,4.0
12175,Sierra Leone,Pulses,Human Consumption,43.0,54.0,57.0,56.0,57.0,60.0,62.0,66.0,67.0,71.0,62.0,65.0,67.0,69.0,70.0,70.0,71.0,70.0
12176,Sierra Leone,Treenuts,Production,5.0,6.0,6.0,6.0,6.0,6.0,7.0,7.0,7.0,7.0,7.0,9.0,7.0,6.0,8.0,8.0,8.0,8.0
12177,Sierra Leone,Treenuts,Import,0.0,0.0,0.0,0.0,0.0,0.0,1.0,0.0,0.0,0.0,0.0,0.0,0.0,0.0,0.0,0.0,0.0,0.0
12178,Sierra Leone,Treenuts,Stock Variation,0.0,0.0,0.0,0.0,0.0,0.0,0.0,0.0,0.0,0.0,0.0,0.0,0.0,0.0,0.0,0.0,0.0,0.0
12179,Sierra Leone,Treenuts,Export,0.0,0.0,0.0,0.0,0.0,0.0,0.0,0.0,0.0,0.0,0.0,0.0,0.0,0.0,1.0,0.0,0.0,0.0
12180,Sierra Leone,Treenuts,Domestic supply,5.0,5.0,6.0,6.0,6.0,6.0,7.0,7.0,7.0,7.0,7.0,9.0,7.0,6.0,7.0,8.0,8.0,8.0
12181,Sierra Leone,Treenuts,Losses,0.0,0.0,0.0,0.0,0.0,0.0,0.0,0.0,0.0,0.0,0.0,0.0,0.0,0.0,0.0,0.0,0.0,0.0
12182,Sierra Leone,Treenuts,Human Consumption,5.0,5.0,6.0,6.0,6.0,6.0,7.0,6.0,7.0,7.0,7.0,8.0,6.0,6.0,7.0,8.0,8.0,8.0
12183,Sierra Leone,Oilcrops,Production,37.0,49.0,68.0,77.0,94.0,107.0,109.0,69.0,72.0,80.0,89.0,90.0,95.0,97.0,303.0,305.0,284.0,305.0
12184,Sierra Leone,Oilcrops,Import,0.0,0.0,0.0,0.0,0.0,0.0,0.0,0.0,0.0,0.0,0.0,0.0,0.0,0.0,2.0,0.0,0.0,0.0
12185,Sierra Leone,Pulses,Losses,5.0,6.0,6.0,7.0,7.0,7.0,7.0,8.0,8.0,8.0,7.0,8.0,8.0,8.0,8.0,8.0,8.0,8.0
12186,Sierra Leone,Vegetables,Import,6.0,11.0,9.0,10.0,9.0,7.0,4.0,12.0,13.0,13.0,13.0,20.0,29.0,27.0,25.0,31.0,28.0,38.0
12187,Sierra Leone,Fruits - Excluding Wine,Export,0.0,0.0,0.0,0.0,0.0,0.0,0.0,0.0,0.0,0.0,0.0,0.0,0.0,0.0,0.0,0.0,9.0,0.0
12188,Sierra Leone,Fruits - Excluding Wine,Human Consumption,155.0,161.0,170.0,175.0,184.0,192.0,197.0,202.0,207.0,213.0,212.0,224.0,230.0,231.0,239.0,244.0,247.0,253.0
12189,Sierra Leone,Eggs,Import,2.0,2.0,1.0,1.0,1.0,1.0,0.0,1.0,3.0,2.0,2.0,2.0,2.0,3.0,3.0,5.0,5.0,2.0
12190,Sierra Leone,Eggs,Stock Variation,0.0,0.0,0.0,0.0,0.0,0.0,0.0,0.0,0.0,0.0,0.0,0.0,0.0,0.0,0.0,0.0,0.0,0.0
12191,Sierra Leone,Eggs,Domestic supply,6.0,4.0,3.0,3.0,4.0,5.0,5.0,7.0,10.0,12.0,13.0,14.0,14.0,15.0,15.0,17.0,18.0,14.0
12192,Sierra Leone,Eggs,Feed,0.0,0.0,0.0,0.0,0.0,0.0,0.0,0.0,0.0,0.0,0.0,0.0,0.0,0.0,0.0,1.0,1.0,0.0
12193,Sierra Leone,Eggs,Seed,0.0,0.0,0.0,0.0,0.0,0.0,0.0,1.0,1.0,1.0,1.0,1.0,1.0,1.0,1.0,1.0,1.0,1.0
12194,Sierra Leone,Eggs,Losses,1.0,1.0,0.0,0.0,1.0,1.0,1.0,1.0,1.0,2.0,2.0,2.0,2.0,2.0,2.0,3.0,3.0,2.0
12195,Sierra Leone,Eggs,Human Consumption,5.0,3.0,2.0,3.0,3.0,4.0,4.0,6.0,8.0,9.0,10.0,11.0,11.0,12.0,11.0,13.0,13.0,11.0
12196,Sierra Leone,Milk - Excluding Butter,Production,10.0,8.0,8.0,9.0,10.0,13.0,19.0,18.0,20.0,24.0,27.0,29.0,30.0,30.0,167.0,181.0,176.0,176.0
12197,Sierra Leone,Milk - Excluding Butter,Import,2.0,2.0,15.0,13.0,15.0,11.0,13.0,13.0,9.0,9.0,8.0,11.0,19.0,14.0,4.0,5.0,4.0,4.0
12198,Sierra Leone,Eggs,Production,5.0,2.0,2.0,2.0,3.0,4.0,5.0,6.0,7.0,10.0,11.0,12.0,12.0,12.0,12.0,12.0,13.0,12.0
12199,Sierra Leone,Milk - Excluding Butter,Stock Variation,0.0,0.0,0.0,0.0,0.0,0.0,0.0,0.0,0.0,0.0,0.0,0.0,0.0,0.0,0.0,0.0,0.0,0.0
12200,Sierra Leone,Milk - Excluding Butter,Domestic supply,12.0,10.0,23.0,21.0,25.0,24.0,31.0,31.0,29.0,33.0,35.0,41.0,48.0,44.0,171.0,180.0,180.0,180.0
12201,Sierra Leone,Milk - Excluding Butter,Feed,0.0,0.0,0.0,0.0,0.0,0.0,0.0,0.0,0.0,0.0,0.0,0.0,0.0,0.0,0.0,0.0,0.0,0.0
12202,Sierra Leone,Milk - Excluding Butter,Losses,1.0,0.0,0.0,1.0,1.0,1.0,1.0,1.0,1.0,1.0,1.0,1.0,2.0,2.0,8.0,9.0,9.0,9.0
12203,Sierra Leone,Milk - Excluding Butter,Human Consumption,12.0,9.0,22.0,21.0,25.0,23.0,30.0,30.0,28.0,32.0,33.0,39.0,47.0,43.0,163.0,171.0,171.0,171.0
12204,Sierra Leone,Animal fats,Production,0.0,0.0,0.0,0.0,0.0,0.0,0.0,0.0,0.0,0.0,1.0,1.0,1.0,1.0,1.0,1.0,1.0,1.0
12205,Sierra Leone,Animal fats,Import,0.0,0.0,0.0,0.0,0.0,0.0,0.0,0.0,0.0,0.0,1.0,0.0,1.0,3.0,1.0,0.0,0.0,0.0
12206,Sierra Leone,Animal fats,Stock Variation,0.0,0.0,0.0,0.0,0.0,0.0,0.0,0.0,0.0,0.0,0.0,0.0,0.0,0.0,0.0,0.0,0.0,0.0
12207,Sierra Leone,Animal fats,Export,0.0,0.0,0.0,0.0,0.0,0.0,0.0,0.0,0.0,0.0,0.0,0.0,0.0,0.0,0.0,0.0,0.0,0.0
12208,Sierra Leone,Animal fats,Domestic supply,0.0,0.0,1.0,0.0,0.0,0.0,0.0,1.0,1.0,1.0,1.0,1.0,2.0,3.0,2.0,1.0,1.0,1.0
12209,Sierra Leone,Milk - Excluding Butter,Export,0.0,0.0,0.0,0.0,0.0,0.0,0.0,0.0,0.0,0.0,0.0,0.0,0.0,0.0,0.0,6.0,0.0,0.0
12210,Sierra Leone,"Fish, Seafood",Human Consumption,69.0,71.0,77.0,93.0,131.0,142.0,144.0,142.0,201.0,197.0,196.0,201.0,199.0,197.0,203.0,198.0,197.0,197.0
12211,Sierra Leone,"Fish, Seafood",Other uses (non-food),0.0,0.0,0.0,0.0,0.0,0.0,0.0,0.0,0.0,0.0,0.0,0.0,0.0,0.0,0.0,0.0,0.0,0.0
12212,Sierra Leone,"Fish, Seafood",Feed,0.0,0.0,0.0,2.0,0.0,0.0,0.0,0.0,0.0,0.0,0.0,0.0,0.0,0.0,0.0,0.0,0.0,0.0
12213,Sierra Leone,Cereals - Excluding Beer,Production,156.0,235.0,326.0,348.0,438.0,579.0,805.0,460.0,533.0,690.0,814.0,890.0,881.0,958.0,1308.0,976.0,1653.0,1503.0
12214,Sierra Leone,Cereals - Excluding Beer,Import,163.0,225.0,241.0,227.0,93.0,153.0,210.0,178.0,275.0,161.0,170.0,246.0,311.0,336.0,549.0,562.0,401.0,678.0
12215,Sierra Leone,Cereals - Excluding Beer,Stock Variation,229.0,129.0,30.0,46.0,111.0,-36.0,-281.0,114.0,-40.0,-42.0,-87.0,-174.0,-98.0,-145.0,66.0,-277.0,22.0,76.0
12216,Sierra Leone,Cereals - Excluding Beer,Export,0.0,0.0,0.0,0.0,0.0,0.0,0.0,0.0,0.0,0.0,0.0,0.0,0.0,0.0,1.0,0.0,0.0,0.0
12217,Sierra Leone,Cereals - Excluding Beer,Domestic supply,548.0,589.0,597.0,621.0,643.0,696.0,734.0,752.0,769.0,809.0,897.0,962.0,1095.0,1149.0,1791.0,1815.0,2031.0,2105.0
12218,Sierra Leone,Cereals - Excluding Beer,Feed,6.0,24.0,9.0,13.0,24.0,26.0,32.0,8.0,9.0,18.0,22.0,23.0,21.0,21.0,16.0,12.0,13.0,12.0
12219,Sierra Leone,Cereals - Excluding Beer,Seed,21.0,29.0,31.0,38.0,46.0,52.0,31.0,34.0,36.0,39.0,43.0,51.0,47.0,46.0,74.0,55.0,95.0,85.0
12220,Sierra Leone,Treenuts,Losses,0.0,0.0,0.0,0.0,0.0,0.0,0.0,0.0,0.0,0.0,0.0,0.0,0.0,0.0,0.0,0.0,0.0,0.0
12221,Sierra Leone,Cereals - Excluding Beer,Losses,35.0,39.0,44.0,46.0,53.0,68.0,90.0,71.0,70.0,81.0,112.0,123.0,123.0,133.0,162.0,119.0,208.0,188.0
12222,Sierra Leone,Cereals - Excluding Beer,Processing,1.0,2.0,2.0,2.0,1.0,2.0,2.0,2.0,2.0,2.0,2.0,2.0,3.0,3.0,5.0,5.0,5.0,3.0
12223,Sierra Leone,Cereals - Excluding Beer,Other uses (non-food),0.0,0.0,0.0,0.0,0.0,0.0,0.0,0.0,0.0,0.0,0.0,18.0,143.0,172.0,153.0,171.0,183.0,249.0
12224,Sierra Leone,Cereals - Excluding Beer,Human Consumption,486.0,495.0,512.0,522.0,519.0,548.0,579.0,637.0,652.0,669.0,718.0,746.0,758.0,773.0,1467.0,1464.0,1540.0,1568.0
12225,Sierra Leone,"Aquatic Products, Other",Import,0.0,0.0,0.0,0.0,0.0,0.0,0.0,0.0,0.0,0.0,0.0,0.0,0.0,0.0,0.0,0.0,0.0,0.0
12226,Sierra Leone,"Aquatic Products, Other",Domestic supply,0.0,0.0,0.0,0.0,0.0,0.0,0.0,0.0,0.0,0.0,0.0,0.0,0.0,0.0,0.0,0.0,0.0,0.0
12227,Sierra Leone,"Aquatic Products, Other",Other uses (non-food),0.0,0.0,0.0,0.0,0.0,0.0,0.0,0.0,0.0,0.0,0.0,0.0,0.0,0.0,0.0,0.0,0.0,0.0
12228,Sierra Leone,"Aquatic Products, Other",Human Consumption,0.0,0.0,0.0,0.0,0.0,0.0,0.0,0.0,0.0,0.0,0.0,0.0,0.0,0.0,0.0,0.0,0.0,0.0
12229,Sierra Leone,"Fish, Seafood",Production,75.0,75.0,83.0,97.0,134.0,146.0,148.0,145.0,204.0,200.0,200.0,204.0,204.0,200.0,207.0,202.0,202.0,202.0
12230,Sierra Leone,"Fish, Seafood",Import,1.0,2.0,2.0,5.0,2.0,2.0,1.0,3.0,2.0,3.0,2.0,2.0,2.0,2.0,2.0,2.0,2.0,2.0
12231,Sierra Leone,"Fish, Seafood",Stock Variation,0.0,0.0,0.0,0.0,0.0,0.0,0.0,0.0,0.0,0.0,0.0,0.0,0.0,0.0,0.0,0.0,0.0,0.0
12232,Sierra Leone,"Fish, Seafood",Export,7.0,6.0,8.0,6.0,6.0,6.0,6.0,6.0,6.0,6.0,6.0,6.0,6.0,6.0,6.0,6.0,7.0,7.0
12233,Sierra Leone,"Fish, Seafood",Domestic supply,69.0,71.0,77.0,95.0,131.0,142.0,144.0,142.0,201.0,197.0,196.0,201.0,199.0,197.0,203.0,198.0,197.0,197.0
12234,Sierra Leone,Animal fats,Feed,0.0,0.0,0.0,0.0,0.0,0.0,0.0,0.0,0.0,0.0,0.0,0.0,0.0,0.0,0.0,0.0,0.0,0.0
12235,Sierra Leone,Animal fats,Losses,0.0,0.0,0.0,0.0,0.0,0.0,0.0,0.0,0.0,0.0,0.0,0.0,0.0,0.0,0.0,0.0,0.0,0.0
12236,Sierra Leone,Animal fats,Other uses (non-food),0.0,0.0,0.0,0.0,0.0,0.0,0.0,0.0,0.0,0.0,0.0,0.0,0.0,0.0,0.0,0.0,0.0,0.0
12237,Sierra Leone,Animal fats,Human Consumption,0.0,0.0,1.0,0.0,0.0,0.0,0.0,1.0,1.0,1.0,1.0,1.0,2.0,3.0,2.0,1.0,1.0,1.0
12238,Sierra Leone,Spices,Production,5.0,5.0,5.0,5.0,4.0,4.0,4.0,5.0,5.0,5.0,5.0,7.0,7.0,7.0,6.0,6.0,6.0,6.0
12239,Sierra Leone,Spices,Import,0.0,0.0,0.0,0.0,0.0,0.0,0.0,0.0,0.0,0.0,0.0,0.0,0.0,0.0,0.0,0.0,0.0,0.0
12240,Sierra Leone,Spices,Stock Variation,0.0,0.0,0.0,0.0,0.0,0.0,0.0,0.0,0.0,0.0,0.0,0.0,0.0,0.0,0.0,0.0,0.0,0.0
12241,Sierra Leone,Spices,Export,0.0,0.0,0.0,0.0,0.0,0.0,0.0,0.0,0.0,0.0,0.0,0.0,0.0,0.0,0.0,0.0,0.0,0.0
12242,Sierra Leone,Spices,Domestic supply,5.0,5.0,5.0,5.0,4.0,4.0,4.0,5.0,5.0,5.0,5.0,6.0,7.0,7.0,6.0,6.0,6.0,6.0
12243,Sierra Leone,Spices,Losses,0.0,0.0,0.0,0.0,0.0,0.0,0.0,0.0,0.0,0.0,0.0,0.0,0.0,0.0,0.0,0.0,0.0,0.0
12244,Sierra Leone,Spices,Other uses (non-food),1.0,1.0,1.0,1.0,1.0,1.0,1.0,1.0,1.0,1.0,1.0,1.0,1.0,1.0,1.0,1.0,1.0,1.0
12245,Sierra Leone,Spices,Human Consumption,4.0,4.0,4.0,4.0,3.0,3.0,3.0,4.0,4.0,5.0,5.0,6.0,6.0,6.0,5.0,5.0,5.0,5.0
12246,Sierra Leone,Stimulants,Production,27.0,23.0,19.0,29.0,32.0,35.0,34.0,35.0,32.0,32.0,51.0,51.0,53.0,51.0,52.0,48.0,49.0,73.0
12247,Sierra Leone,Stimulants,Import,0.0,0.0,2.0,1.0,1.0,1.0,1.0,1.0,1.0,1.0,1.0,2.0,1.0,1.0,1.0,1.0,1.0,1.0
12248,Sierra Leone,Stimulants,Export,4.0,4.0,6.0,7.0,8.0,12.0,12.0,16.0,12.0,17.0,13.0,13.0,15.0,12.0,11.0,8.0,13.0,39.0
12249,Sierra Leone,Stimulants,Domestic supply,22.0,19.0,11.0,18.0,20.0,23.0,23.0,22.0,24.0,21.0,38.0,40.0,39.0,40.0,42.0,41.0,37.0,35.0
12250,Sierra Leone,Stimulants,Losses,0.0,0.0,0.0,0.0,0.0,0.0,0.0,0.0,0.0,0.0,0.0,0.0,0.0,0.0,3.0,3.0,3.0,3.0
12251,Sierra Leone,Stimulants,Processing,0.0,0.0,0.0,0.0,0.0,0.0,0.0,0.0,0.0,0.0,0.0,0.0,0.0,0.0,2.0,4.0,1.0,0.0
12252,Sierra Leone,Stimulants,Other uses (non-food),16.0,14.0,5.0,11.0,12.0,15.0,15.0,14.0,15.0,12.0,29.0,30.0,29.0,29.0,30.0,29.0,27.0,27.0
12253,Sierra Leone,Stimulants,Human Consumption,6.0,6.0,7.0,7.0,8.0,7.0,8.0,8.0,9.0,10.0,10.0,10.0,10.0,11.0,6.0,5.0,6.0,6.0
12254,Sierra Leone,Fruits - Excluding Wine,Production,170.0,177.0,184.0,189.0,200.0,210.0,216.0,222.0,225.0,233.0,233.0,245.0,252.0,252.0,263.0,268.0,274.0,280.0
12255,Sierra Leone,Fruits - Excluding Wine,Import,0.0,0.0,2.0,3.0,2.0,2.0,1.0,1.0,3.0,1.0,1.0,1.0,2.0,2.0,2.0,3.0,2.0,1.0
12256,Sierra Leone,Fruits - Excluding Wine,Stock Variation,0.0,0.0,0.0,0.0,0.0,0.0,0.0,0.0,0.0,0.0,0.0,0.0,0.0,0.0,0.0,0.0,0.0,0.0
12257,Sierra Leone,Fruits - Excluding Wine,Domestic supply,171.0,177.0,186.0,192.0,202.0,211.0,217.0,223.0,228.0,234.0,233.0,246.0,253.0,254.0,265.0,271.0,267.0,281.0
12258,Sierra Leone,Fruits - Excluding Wine,Losses,16.0,16.0,17.0,17.0,18.0,19.0,20.0,20.0,21.0,21.0,21.0,22.0,23.0,23.0,27.0,27.0,28.0,28.0
12259,Sierra Leone,Alcoholic Beverages,Human Consumption,187.0,210.0,213.0,223.0,226.0,227.0,233.0,244.0,250.0,255.0,255.0,259.0,253.0,259.0,31.0,37.0,30.0,24.0
12260,Sierra Leone,Vegetables,Production,182.0,213.0,219.0,235.0,258.0,264.0,268.0,273.0,284.0,290.0,365.0,340.0,344.0,355.0,335.0,344.0,352.0,360.0
12261,Sierra Leone,Alcoholic Beverages,Other uses (non-food),0.0,0.0,1.0,1.0,1.0,2.0,2.0,2.0,2.0,3.0,4.0,6.0,7.0,8.0,9.0,5.0,9.0,5.0
12262,Sierra Leone,Alcoholic Beverages,Export,0.0,0.0,0.0,0.0,0.0,0.0,0.0,0.0,0.0,0.0,0.0,0.0,0.0,0.0,0.0,6.0,0.0,3.0
12263,Sierra Leone,Offals,Production,2.0,2.0,2.0,2.0,2.0,2.0,3.0,3.0,3.0,3.0,4.0,4.0,4.0,4.0,4.0,4.0,4.0,4.0
12264,Sierra Leone,Offals,Import,0.0,0.0,0.0,0.0,0.0,0.0,0.0,0.0,0.0,0.0,0.0,0.0,0.0,0.0,2.0,2.0,2.0,3.0
12265,Sierra Leone,Offals,Stock Variation,0.0,0.0,0.0,0.0,0.0,0.0,0.0,0.0,0.0,0.0,0.0,0.0,0.0,0.0,0.0,0.0,0.0,0.0
12266,Sierra Leone,Offals,Domestic supply,2.0,2.0,2.0,2.0,2.0,2.0,3.0,3.0,3.0,3.0,4.0,4.0,4.0,4.0,6.0,6.0,6.0,7.0
12267,Sierra Leone,Offals,Losses,0.0,0.0,0.0,0.0,0.0,0.0,0.0,0.0,0.0,0.0,0.0,0.0,0.0,0.0,0.0,0.0,0.0,0.0
12268,Sierra Leone,Offals,Human Consumption,2.0,2.0,2.0,2.0,2.0,2.0,3.0,3.0,3.0,3.0,4.0,4.0,4.0,4.0,6.0,6.0,6.0,7.0
12269,Sierra Leone,Meat,Production,19.0,12.0,13.0,17.0,20.0,23.0,26.0,28.0,32.0,37.0,40.0,42.0,44.0,45.0,47.0,45.0,45.0,44.0
12270,Sierra Leone,Meat,Import,1.0,0.0,10.0,6.0,4.0,3.0,4.0,7.0,7.0,6.0,9.0,12.0,23.0,20.0,13.0,23.0,20.0,19.0
12271,Sierra Leone,Meat,Stock Variation,0.0,0.0,0.0,0.0,0.0,0.0,0.0,0.0,0.0,0.0,0.0,0.0,0.0,0.0,0.0,0.0,0.0,0.0
12272,Sierra Leone,Meat,Export,0.0,0.0,0.0,0.0,0.0,0.0,0.0,0.0,0.0,0.0,0.0,0.0,0.0,0.0,0.0,0.0,0.0,0.0
12273,Sierra Leone,Meat,Domestic supply,20.0,12.0,23.0,24.0,24.0,26.0,30.0,36.0,39.0,43.0,49.0,54.0,67.0,65.0,60.0,68.0,65.0,63.0
12274,Sierra Leone,Meat,Losses,0.0,0.0,0.0,0.0,0.0,0.0,0.0,0.0,0.0,0.0,0.0,0.0,0.0,0.0,2.0,2.0,2.0,2.0
12275,Sierra Leone,Meat,Human Consumption,20.0,12.0,23.0,24.0,24.0,26.0,30.0,36.0,39.0,43.0,49.0,54.0,67.0,65.0,58.0,67.0,63.0,62.0
12276,Sierra Leone,Miscellaneous,Import,0.0,0.0,0.0,0.0,0.0,0.0,0.0,0.0,0.0,0.0,0.0,0.0,0.0,1.0,14.0,17.0,18.0,20.0
12277,Sierra Leone,Miscellaneous,Stock Variation,0.0,0.0,0.0,0.0,0.0,0.0,0.0,0.0,0.0,0.0,0.0,0.0,0.0,0.0,0.0,0.0,0.0,0.0
12278,Sierra Leone,Miscellaneous,Export,0.0,0.0,0.0,0.0,0.0,0.0,0.0,0.0,0.0,0.0,0.0,0.0,0.0,0.0,1.0,5.0,0.0,0.0
12279,Sierra Leone,Miscellaneous,Domestic supply,0.0,0.0,0.0,0.0,0.0,0.0,0.0,0.0,0.0,0.0,0.0,0.0,0.0,1.0,13.0,12.0,18.0,20.0
12280,Sierra Leone,Miscellaneous,Human Consumption,0.0,0.0,0.0,0.0,0.0,0.0,0.0,0.0,0.0,0.0,0.0,0.0,0.0,1.0,13.0,12.0,18.0,20.0
12281,Sierra Leone,Alcoholic Beverages,Production,183.0,208.0,208.0,218.0,222.0,223.0,229.0,239.0,243.0,250.0,249.0,251.0,243.0,246.0,20.0,20.0,20.0,20.0
12282,Sierra Leone,Alcoholic Beverages,Import,4.0,3.0,6.0,5.0,6.0,5.0,5.0,7.0,9.0,8.0,9.0,14.0,18.0,21.0,20.0,28.0,19.0,11.0
12283,Sierra Leone,Alcoholic Beverages,Stock Variation,0.0,0.0,0.0,0.0,0.0,0.0,0.0,0.0,0.0,0.0,0.0,0.0,0.0,0.0,0.0,0.0,0.0,0.0
12284,Sierra Leone,Alcoholic Beverages,Domestic supply,187.0,210.0,214.0,223.0,228.0,228.0,234.0,246.0,252.0,258.0,258.0,265.0,261.0,267.0,40.0,42.0,39.0,28.0
12285,Sierra Leone,Stimulants,Stock Variation,-2.0,0.0,-4.0,-5.0,-4.0,-1.0,-1.0,2.0,4.0,5.0,0.0,0.0,0.0,0.0,0.0,0.0,0.0,-1.0
12286,Sierra Leone,Treenuts,Human Consumption,5.0,5.0,6.0,6.0,6.0,6.0,7.0,6.0,7.0,7.0,7.0,8.0,6.0,6.0,7.0,8.0,8.0,8.0
12287,Sierra Leone,Cereals - Excluding Beer,Import,163.0,225.0,241.0,227.0,93.0,153.0,210.0,178.0,275.0,161.0,170.0,246.0,311.0,336.0,549.0,562.0,401.0,678.0
12288,Sierra Leone,Vegetable Oils,Import,10.0,10.0,19.0,11.0,12.0,10.0,8.0,12.0,13.0,14.0,17.0,15.0,15.0,22.0,29.0,29.0,28.0,30.0
12289,Sierra Leone,Vegetable Oils,Stock Variation,-3.0,-2.0,-6.0,-2.0,-3.0,2.0,3.0,6.0,1.0,2.0,1.0,1.0,2.0,-4.0,5.0,6.0,0.0,1.0
12290,Sierra Leone,Vegetable Oils,Export,0.0,0.0,0.0,0.0,0.0,0.0,0.0,0.0,0.0,0.0,0.0,0.0,1.0,0.0,1.0,1.0,1.0,3.0
12291,Sierra Leone,Vegetable Oils,Domestic supply,53.0,54.0,64.0,62.0,66.0,67.0,78.0,80.0,79.0,86.0,91.0,91.0,96.0,102.0,107.0,107.0,112.0,117.0
12292,Sierra Leone,Vegetable Oils,Feed,0.0,0.0,0.0,0.0,0.0,0.0,0.0,0.0,0.0,0.0,0.0,0.0,0.0,0.0,0.0,0.0,0.0,0.0
12293,Sierra Leone,Vegetable Oils,Human Consumption,53.0,52.0,57.0,56.0,61.0,62.0,67.0,71.0,73.0,76.0,80.0,81.0,85.0,88.0,94.0,95.0,95.0,100.0
12294,Sierra Leone,Sugar & Sweeteners,Production,7.0,6.0,7.0,6.0,7.0,7.0,7.0,7.0,7.0,7.0,9.0,9.0,7.0,7.0,7.0,7.0,7.0,7.0
12295,Sierra Leone,Vegetable Oils,Production,46.0,47.0,51.0,52.0,57.0,56.0,67.0,63.0,65.0,70.0,74.0,76.0,80.0,84.0,83.0,85.0,84.0,91.0
12296,Sierra Leone,Sugar & Sweeteners,Import,14.0,15.0,20.0,18.0,40.0,20.0,29.0,26.0,27.0,24.0,14.0,25.0,27.0,42.0,24.0,54.0,42.0,51.0
12297,Sierra Leone,Sugar & Sweeteners,Export,0.0,0.0,0.0,0.0,0.0,0.0,0.0,0.0,0.0,0.0,0.0,0.0,4.0,3.0,0.0,0.0,0.0,0.0
12298,Sierra Leone,Sugar & Sweeteners,Domestic supply,21.0,21.0,24.0,27.0,27.0,28.0,36.0,37.0,37.0,38.0,23.0,34.0,33.0,37.0,45.0,54.0,55.0,51.0
12299,Sierra Leone,Sugar & Sweeteners,Feed,0.0,0.0,0.0,0.0,0.0,0.0,0.0,0.0,0.0,0.0,0.0,0.0,0.0,0.0,0.0,0.0,0.0,0.0
12300,Sierra Leone,Sugar & Sweeteners,Losses,0.0,0.0,0.0,0.0,0.0,0.0,0.0,0.0,0.0,0.0,0.0,0.0,0.0,0.0,0.0,0.0,0.0,0.0
12301,Sierra Leone,Sugar & Sweeteners,Other uses (non-food),0.0,0.0,1.0,0.0,0.0,0.0,0.0,1.0,0.0,1.0,1.0,1.0,1.0,1.0,1.0,1.0,1.0,1.0
12302,Sierra Leone,Sugar & Sweeteners,Human Consumption,21.0,21.0,23.0,27.0,27.0,27.0,36.0,36.0,37.0,38.0,22.0,33.0,32.0,37.0,44.0,53.0,55.0,50.0
12303,Sierra Leone,Pulses,Production,43.0,42.0,50.0,59.0,63.0,67.0,69.0,73.0,76.0,79.0,70.0,74.0,78.0,78.0,79.0,82.0,81.0,82.0
12304,Sierra Leone,Sugar & Sweeteners,Stock Variation,0.0,0.0,-3.0,3.0,-19.0,1.0,0.0,4.0,3.0,8.0,0.0,0.0,3.0,-9.0,-14.0,6.0,-7.0,7.0
12305,Sierra Leone,Vegetables,Human Consumption,170.0,202.0,206.0,222.0,241.0,244.0,245.0,258.0,268.0,274.0,341.0,325.0,338.0,347.0,323.0,332.0,339.0,358.0
12306,Sierra Leone,Vegetables,Losses,18.0,21.0,22.0,24.0,26.0,26.0,27.0,27.0,28.0,29.0,36.0,34.0,34.0,35.0,37.0,38.0,39.0,40.0
12307,Sierra Leone,Vegetables,Domestic supply,188.0,224.0,228.0,245.0,267.0,271.0,272.0,285.0,297.0,303.0,377.0,359.0,372.0,382.0,360.0,370.0,374.0,398.0
12308,Sierra Leone,Stimulants,Export,4.0,4.0,6.0,7.0,8.0,12.0,12.0,16.0,12.0,17.0,13.0,13.0,15.0,12.0,11.0,8.0,13.0,39.0
12309,Sierra Leone,Stimulants,Domestic supply,22.0,19.0,11.0,18.0,20.0,23.0,23.0,22.0,24.0,21.0,38.0,40.0,39.0,40.0,42.0,41.0,37.0,35.0
12310,Sierra Leone,Stimulants,Losses,0.0,0.0,0.0,0.0,0.0,0.0,0.0,0.0,0.0,0.0,0.0,0.0,0.0,0.0,3.0,3.0,3.0,3.0
12311,Sierra Leone,Stimulants,Processing,0.0,0.0,0.0,0.0,0.0,0.0,0.0,0.0,0.0,0.0,0.0,0.0,0.0,0.0,2.0,4.0,1.0,0.0
12312,Sierra Leone,Stimulants,Other uses (non-food),16.0,14.0,5.0,11.0,12.0,15.0,15.0,14.0,15.0,12.0,29.0,30.0,29.0,29.0,30.0,29.0,27.0,27.0
12313,Sierra Leone,Stimulants,Human Consumption,6.0,6.0,7.0,7.0,8.0,7.0,8.0,8.0,9.0,10.0,10.0,10.0,10.0,11.0,6.0,5.0,6.0,6.0
12314,Sierra Leone,Fruits - Excluding Wine,Production,170.0,177.0,184.0,189.0,200.0,210.0,216.0,222.0,225.0,233.0,233.0,245.0,252.0,252.0,263.0,268.0,274.0,280.0
12315,Sierra Leone,Fruits - Excluding Wine,Import,0.0,0.0,2.0,3.0,2.0,2.0,1.0,1.0,3.0,1.0,1.0,1.0,2.0,2.0,2.0,3.0,2.0,1.0
12316,Sierra Leone,Fruits - Excluding Wine,Stock Variation,0.0,0.0,0.0,0.0,0.0,0.0,0.0,0.0,0.0,0.0,0.0,0.0,0.0,0.0,0.0,0.0,0.0,0.0
12317,Sierra Leone,Fruits - Excluding Wine,Export,0.0,0.0,0.0,0.0,0.0,0.0,0.0,0.0,0.0,0.0,0.0,0.0,0.0,0.0,0.0,0.0,9.0,0.0
12318,Sierra Leone,Fruits - Excluding Wine,Domestic supply,171.0,177.0,186.0,192.0,202.0,211.0,217.0,223.0,228.0,234.0,233.0,246.0,253.0,254.0,265.0,271.0,267.0,281.0
12319,Sierra Leone,Fruits - Excluding Wine,Losses,16.0,16.0,17.0,17.0,18.0,19.0,20.0,20.0,21.0,21.0,21.0,22.0,23.0,23.0,27.0,27.0,28.0,28.0
12320,Sierra Leone,Fruits - Excluding Wine,Human Consumption,155.0,161.0,170.0,175.0,184.0,192.0,197.0,202.0,207.0,213.0,212.0,224.0,230.0,231.0,239.0,244.0,247.0,253.0
12321,Sierra Leone,Vegetables,Production,182.0,213.0,219.0,235.0,258.0,264.0,268.0,273.0,284.0,290.0,365.0,340.0,344.0,355.0,335.0,344.0,352.0,360.0
12322,Sierra Leone,Vegetables,Import,6.0,11.0,9.0,10.0,9.0,7.0,4.0,12.0,13.0,13.0,13.0,20.0,29.0,27.0,25.0,31.0,28.0,38.0
12323,Sierra Leone,Vegetables,Stock Variation,0.0,0.0,0.0,0.0,0.0,0.0,0.0,0.0,0.0,0.0,0.0,0.0,0.0,0.0,0.0,0.0,0.0,0.0
12324,Sierra Leone,Vegetables,Export,0.0,0.0,0.0,0.0,0.0,0.0,0.0,0.0,0.0,0.0,0.0,0.0,0.0,0.0,0.0,5.0,6.0,0.0
12325,Sierra Leone,Pulses,Import,8.0,25.0,15.0,10.0,5.0,5.0,2.0,3.0,5.0,2.0,2.0,2.0,2.0,4.0,1.0,3.0,1.0,0.0
12326,Sierra Leone,Stimulants,Stock Variation,-2.0,0.0,-4.0,-5.0,-4.0,-1.0,-1.0,2.0,4.0,5.0,0.0,0.0,0.0,0.0,0.0,0.0,0.0,-1.0
12327,Sierra Leone,Pulses,Stock Variation,0.0,-4.0,1.0,-2.0,-1.0,-1.0,2.0,1.0,-1.0,2.0,1.0,1.0,0.0,0.0,-2.0,2.0,-3.0,-1.0
12328,Sierra Leone,Pulses,Domestic supply,51.0,63.0,66.0,66.0,68.0,71.0,74.0,77.0,80.0,84.0,74.0,77.0,80.0,82.0,81.0,83.0,84.0,82.0
12329,Sierra Leone,Starchy Roots,Production,345.0,428.0,511.0,1915.0,1973.0,1223.0,1565.0,2007.0,2105.0,2994.0,3459.0,3674.0,3809.0,4039.0,4323.0,4884.0,4770.0,5012.0
12330,Sierra Leone,Starchy Roots,Import,1.0,1.0,2.0,1.0,1.0,1.0,1.0,1.0,2.0,2.0,2.0,2.0,3.0,2.0,3.0,2.0,2.0,2.0
12331,Sierra Leone,Starchy Roots,Stock Variation,0.0,0.0,0.0,-400.0,-160.0,60.0,0.0,0.0,0.0,-400.0,-400.0,-400.0,-320.0,-300.0,-33.0,-39.0,-38.0,3.0
12332,Sierra Leone,Starchy Roots,Export,0.0,0.0,0.0,0.0,0.0,0.0,0.0,0.0,0.0,0.0,0.0,0.0,0.0,0.0,3.0,5.0,1.0,0.0
12333,Sierra Leone,Starchy Roots,Domestic supply,346.0,429.0,513.0,1516.0,1814.0,1284.0,1566.0,2008.0,2107.0,2596.0,3061.0,3276.0,3492.0,3741.0,4357.0,4921.0,4810.0,5011.0
12334,Sierra Leone,Starchy Roots,Feed,18.0,24.0,28.0,160.0,400.0,320.0,420.0,540.0,600.0,520.0,680.0,720.0,800.0,880.0,1267.0,1501.0,1444.0,1579.0
12335,Sierra Leone,Starchy Roots,Losses,66.0,131.0,171.0,972.0,1001.0,479.0,614.0,886.0,969.0,1461.0,1687.0,1794.0,1859.0,1973.0,2101.0,2390.0,2337.0,2455.0
12336,Sierra Leone,Oilcrops,Human Consumption,12.0,20.0,28.0,30.0,40.0,45.0,48.0,24.0,26.0,26.0,31.0,33.0,33.0,34.0,47.0,47.0,43.0,47.0
12337,Sierra Leone,Starchy Roots,Human Consumption,262.0,274.0,314.0,385.0,413.0,486.0,531.0,582.0,538.0,615.0,694.0,762.0,833.0,888.0,988.0,1030.0,1029.0,977.0
12338,Sierra Leone,Sugar Crops,Import,0.0,0.0,0.0,0.0,0.0,0.0,0.0,0.0,0.0,0.0,0.0,0.0,0.0,0.0,0.0,0.0,0.0,0.0
12339,Sierra Leone,Sugar Crops,Stock Variation,0.0,0.0,0.0,0.0,0.0,0.0,0.0,0.0,0.0,0.0,0.0,0.0,0.0,0.0,0.0,0.0,0.0,0.0
12340,Sierra Leone,Sugar Crops,Domestic supply,81.0,69.0,69.0,69.0,70.0,70.0,70.0,70.0,70.0,70.0,76.0,77.0,77.0,77.0,77.0,78.0,77.0,78.0
12341,Sierra Leone,Sugar Crops,Feed,0.0,0.0,0.0,0.0,0.0,0.0,0.0,0.0,0.0,0.0,0.0,0.0,0.0,0.0,4.0,5.0,4.0,4.0
12342,Sierra Leone,Sugar Crops,Losses,8.0,7.0,7.0,7.0,7.0,7.0,7.0,7.0,7.0,7.0,8.0,8.0,8.0,8.0,4.0,4.0,4.0,4.0
12343,Sierra Leone,Sugar Crops,Processing,73.0,62.0,62.0,62.0,63.0,63.0,63.0,63.0,63.0,63.0,68.0,69.0,69.0,69.0,69.0,69.0,69.0,69.0
12344,Sierra Leone,Sugar Crops,Human Consumption,0.0,0.0,0.0,0.0,0.0,0.0,0.0,0.0,0.0,0.0,0.0,0.0,0.0,0.0,0.0,0.0,0.0,0.0
12345,Sierra Leone,Sugar Crops,Production,81.0,69.0,69.0,69.0,70.0,70.0,70.0,70.0,70.0,70.0,76.0,77.0,77.0,77.0,77.0,78.0,77.0,78.0
12346,Sierra Leone,Oilcrops,Other uses (non-food),0.0,0.0,0.0,0.0,0.0,0.0,0.0,0.0,0.0,0.0,0.0,0.0,0.0,0.0,0.0,1.0,0.0,2.0
12347,Sierra Leone,Oilcrops,Processing,22.0,23.0,33.0,36.0,42.0,45.0,50.0,36.0,38.0,46.0,49.0,49.0,52.0,54.0,293.0,299.0,297.0,327.0
12348,Sierra Leone,Oilcrops,Losses,1.0,2.0,4.0,4.0,6.0,10.0,7.0,4.0,3.0,3.0,4.0,4.0,5.0,6.0,10.0,9.0,8.0,5.0
12349,Sierra Leone,Pulses,Feed,0.0,0.0,0.0,0.0,0.0,0.0,0.0,0.0,0.0,0.0,0.0,0.0,0.0,0.0,0.0,0.0,1.0,0.0
12350,Sierra Leone,Pulses,Seed,3.0,3.0,3.0,4.0,4.0,4.0,4.0,4.0,5.0,5.0,5.0,5.0,5.0,5.0,4.0,4.0,4.0,4.0
12351,Sierra Leone,Pulses,Losses,5.0,6.0,6.0,7.0,7.0,7.0,7.0,8.0,8.0,8.0,7.0,8.0,8.0,8.0,8.0,8.0,8.0,8.0
12352,Sierra Leone,Pulses,Human Consumption,43.0,54.0,57.0,56.0,57.0,60.0,62.0,66.0,67.0,71.0,62.0,65.0,67.0,69.0,70.0,70.0,71.0,70.0
12353,Sierra Leone,Treenuts,Production,5.0,6.0,6.0,6.0,6.0,6.0,7.0,7.0,7.0,7.0,7.0,9.0,7.0,6.0,8.0,8.0,8.0,8.0
12354,Sierra Leone,Treenuts,Import,0.0,0.0,0.0,0.0,0.0,0.0,1.0,0.0,0.0,0.0,0.0,0.0,0.0,0.0,0.0,0.0,0.0,0.0
12355,Sierra Leone,Treenuts,Stock Variation,0.0,0.0,0.0,0.0,0.0,0.0,0.0,0.0,0.0,0.0,0.0,0.0,0.0,0.0,0.0,0.0,0.0,0.0
12356,Sierra Leone,Treenuts,Export,0.0,0.0,0.0,0.0,0.0,0.0,0.0,0.0,0.0,0.0,0.0,0.0,0.0,0.0,1.0,0.0,0.0,0.0
12357,Sierra Leone,Treenuts,Domestic supply,5.0,5.0,6.0,6.0,6.0,6.0,7.0,7.0,7.0,7.0,7.0,9.0,7.0,6.0,7.0,8.0,8.0,8.0
12358,Sierra Leone,Cereals - Excluding Beer,Production,156.0,235.0,326.0,348.0,438.0,579.0,805.0,460.0,533.0,690.0,814.0,890.0,881.0,958.0,1308.0,976.0,1653.0,1503.0
12359,Sierra Leone,Oilcrops,Production,37.0,49.0,68.0,77.0,94.0,107.0,109.0,69.0,72.0,80.0,89.0,90.0,95.0,97.0,303.0,305.0,284.0,305.0
12360,Sierra Leone,Oilcrops,Import,0.0,0.0,0.0,0.0,0.0,0.0,0.0,0.0,0.0,0.0,0.0,0.0,0.0,0.0,2.0,0.0,0.0,0.0
12361,Sierra Leone,Oilcrops,Stock Variation,0.0,0.0,0.0,0.0,0.0,0.0,0.0,0.0,0.0,0.0,0.0,0.0,0.0,0.0,-53.0,-58.0,-69.0,-82.0
12362,Sierra Leone,Oilcrops,Export,0.0,0.0,0.0,0.0,0.0,0.0,0.0,0.0,0.0,0.0,0.0,0.0,0.0,0.0,0.0,0.0,1.0,0.0
12363,Sierra Leone,Oilcrops,Domestic supply,37.0,48.0,69.0,77.0,94.0,107.0,109.0,69.0,72.0,80.0,89.0,90.0,95.0,97.0,357.0,363.0,353.0,386.0
12364,Sierra Leone,Oilcrops,Feed,0.0,0.0,0.0,0.0,0.0,0.0,0.0,0.0,0.0,0.0,0.0,0.0,0.0,0.0,2.0,0.0,0.0,0.0
12365,Sierra Leone,Oilcrops,Seed,2.0,4.0,5.0,6.0,7.0,7.0,4.0,4.0,5.0,5.0,6.0,5.0,4.0,4.0,6.0,6.0,5.0,5.0
12366,Sierra Leone,Pulses,Export,0.0,0.0,0.0,0.0,0.0,0.0,0.0,0.0,0.0,0.0,0.0,0.0,0.0,0.0,0.0,0.0,0.0,0.0
12367,Sierra Leone,Stimulants,Import,0.0,0.0,2.0,1.0,1.0,1.0,1.0,1.0,1.0,1.0,1.0,2.0,1.0,1.0,1.0,1.0,1.0,1.0
12368,Sierra Leone,Vegetable Oils,Other uses (non-food),0.0,2.0,6.0,6.0,5.0,5.0,10.0,9.0,7.0,9.0,11.0,10.0,11.0,14.0,13.0,12.0,16.0,16.0
12369,Sierra Leone,Spices,Human Consumption,4.0,4.0,4.0,4.0,3.0,3.0,3.0,4.0,4.0,5.0,5.0,6.0,6.0,6.0,5.0,5.0,5.0,5.0
12370,Sierra Leone,Cereals - Excluding Beer,Seed,21.0,29.0,31.0,38.0,46.0,52.0,31.0,34.0,36.0,39.0,43.0,51.0,47.0,46.0,74.0,55.0,95.0,85.0
12371,Sierra Leone,Cereals - Excluding Beer,Feed,6.0,24.0,9.0,13.0,24.0,26.0,32.0,8.0,9.0,18.0,22.0,23.0,21.0,21.0,16.0,12.0,13.0,12.0
12372,Sierra Leone,Cereals - Excluding Beer,Domestic supply,548.0,589.0,597.0,621.0,643.0,696.0,734.0,752.0,769.0,809.0,897.0,962.0,1095.0,1149.0,1791.0,1815.0,2031.0,2105.0
12373,Sierra Leone,Cereals - Excluding Beer,Export,0.0,0.0,0.0,0.0,0.0,0.0,0.0,0.0,0.0,0.0,0.0,0.0,0.0,0.0,1.0,0.0,0.0,0.0
12374,Sierra Leone,Cereals - Excluding Beer,Stock Variation,229.0,129.0,30.0,46.0,111.0,-36.0,-281.0,114.0,-40.0,-42.0,-87.0,-174.0,-98.0,-145.0,66.0,-277.0,22.0,76.0
12375,Sierra Leone,Eggs,Losses,1.0,1.0,0.0,0.0,1.0,1.0,1.0,1.0,1.0,2.0,2.0,2.0,2.0,2.0,2.0,3.0,3.0,2.0
12376,Sierra Leone,Eggs,Human Consumption,5.0,3.0,2.0,3.0,3.0,4.0,4.0,6.0,8.0,9.0,10.0,11.0,11.0,12.0,11.0,13.0,13.0,11.0
12377,Sierra Leone,Cereals - Excluding Beer,Losses,35.0,39.0,44.0,46.0,53.0,68.0,90.0,71.0,70.0,81.0,112.0,123.0,123.0,133.0,162.0,119.0,208.0,188.0
12378,Sierra Leone,Milk - Excluding Butter,Production,10.0,8.0,8.0,9.0,10.0,13.0,19.0,18.0,20.0,24.0,27.0,29.0,30.0,30.0,167.0,181.0,176.0,176.0
12379,Sierra Leone,Milk - Excluding Butter,Stock Variation,0.0,0.0,0.0,0.0,0.0,0.0,0.0,0.0,0.0,0.0,0.0,0.0,0.0,0.0,0.0,0.0,0.0,0.0
12380,Sierra Leone,Milk - Excluding Butter,Export,0.0,0.0,0.0,0.0,0.0,0.0,0.0,0.0,0.0,0.0,0.0,0.0,0.0,0.0,0.0,6.0,0.0,0.0
12381,Sierra Leone,Milk - Excluding Butter,Domestic supply,12.0,10.0,23.0,21.0,25.0,24.0,31.0,31.0,29.0,33.0,35.0,41.0,48.0,44.0,171.0,180.0,180.0,180.0
12382,Sierra Leone,Milk - Excluding Butter,Feed,0.0,0.0,0.0,0.0,0.0,0.0,0.0,0.0,0.0,0.0,0.0,0.0,0.0,0.0,0.0,0.0,0.0,0.0
12383,Sierra Leone,Milk - Excluding Butter,Losses,1.0,0.0,0.0,1.0,1.0,1.0,1.0,1.0,1.0,1.0,1.0,1.0,2.0,2.0,8.0,9.0,9.0,9.0
12384,Sierra Leone,Milk - Excluding Butter,Human Consumption,12.0,9.0,22.0,21.0,25.0,23.0,30.0,30.0,28.0,32.0,33.0,39.0,47.0,43.0,163.0,171.0,171.0,171.0
12385,Sierra Leone,Animal fats,Production,0.0,0.0,0.0,0.0,0.0,0.0,0.0,0.0,0.0,0.0,1.0,1.0,1.0,1.0,1.0,1.0,1.0,1.0
12386,Sierra Leone,Milk - Excluding Butter,Import,2.0,2.0,15.0,13.0,15.0,11.0,13.0,13.0,9.0,9.0,8.0,11.0,19.0,14.0,4.0,5.0,4.0,4.0
12387,Sierra Leone,Cereals - Excluding Beer,Processing,1.0,2.0,2.0,2.0,1.0,2.0,2.0,2.0,2.0,2.0,2.0,2.0,3.0,3.0,5.0,5.0,5.0,3.0
12388,Sierra Leone,Cereals - Excluding Beer,Other uses (non-food),0.0,0.0,0.0,0.0,0.0,0.0,0.0,0.0,0.0,0.0,0.0,18.0,143.0,172.0,153.0,171.0,183.0,249.0
12389,Sierra Leone,Cereals - Excluding Beer,Human Consumption,486.0,495.0,512.0,522.0,519.0,548.0,579.0,637.0,652.0,669.0,718.0,746.0,758.0,773.0,1467.0,1464.0,1540.0,1568.0
12390,Sierra Leone,Eggs,Feed,0.0,0.0,0.0,0.0,0.0,0.0,0.0,0.0,0.0,0.0,0.0,0.0,0.0,0.0,0.0,1.0,1.0,0.0
12391,Sierra Leone,Eggs,Import,2.0,2.0,1.0,1.0,1.0,1.0,0.0,1.0,3.0,2.0,2.0,2.0,2.0,3.0,3.0,5.0,5.0,2.0
12392,Sierra Leone,Eggs,Production,5.0,2.0,2.0,2.0,3.0,4.0,5.0,6.0,7.0,10.0,11.0,12.0,12.0,12.0,12.0,12.0,13.0,12.0
12393,Sierra Leone,"Fish, Seafood",Human Consumption,69.0,71.0,77.0,93.0,131.0,142.0,144.0,142.0,201.0,197.0,196.0,201.0,199.0,197.0,203.0,198.0,197.0,197.0
12394,Sierra Leone,"Fish, Seafood",Other uses (non-food),0.0,0.0,0.0,0.0,0.0,0.0,0.0,0.0,0.0,0.0,0.0,0.0,0.0,0.0,0.0,0.0,0.0,0.0
12395,Sierra Leone,"Fish, Seafood",Feed,0.0,0.0,0.0,2.0,0.0,0.0,0.0,0.0,0.0,0.0,0.0,0.0,0.0,0.0,0.0,0.0,0.0,0.0
12396,Sierra Leone,"Fish, Seafood",Domestic supply,69.0,71.0,77.0,95.0,131.0,142.0,144.0,142.0,201.0,197.0,196.0,201.0,199.0,197.0,203.0,198.0,197.0,197.0
12397,Sierra Leone,"Fish, Seafood",Export,7.0,6.0,8.0,6.0,6.0,6.0,6.0,6.0,6.0,6.0,6.0,6.0,6.0,6.0,6.0,6.0,7.0,7.0
12398,Sierra Leone,"Fish, Seafood",Stock Variation,0.0,0.0,0.0,0.0,0.0,0.0,0.0,0.0,0.0,0.0,0.0,0.0,0.0,0.0,0.0,0.0,0.0,0.0
12399,Sierra Leone,"Fish, Seafood",Import,1.0,2.0,2.0,5.0,2.0,2.0,1.0,3.0,2.0,3.0,2.0,2.0,2.0,2.0,2.0,2.0,2.0,2.0
12400,Sierra Leone,Stimulants,Production,27.0,23.0,19.0,29.0,32.0,35.0,34.0,35.0,32.0,32.0,51.0,51.0,53.0,51.0,52.0,48.0,49.0,73.0
12401,Sierra Leone,"Fish, Seafood",Production,75.0,75.0,83.0,97.0,134.0,146.0,148.0,145.0,204.0,200.0,200.0,204.0,204.0,200.0,207.0,202.0,202.0,202.0
12402,Sierra Leone,Eggs,Seed,0.0,0.0,0.0,0.0,0.0,0.0,0.0,1.0,1.0,1.0,1.0,1.0,1.0,1.0,1.0,1.0,1.0,1.0
12403,Sierra Leone,"Aquatic Products, Other",Human Consumption,0.0,0.0,0.0,0.0,0.0,0.0,0.0,0.0,0.0,0.0,0.0,0.0,0.0,0.0,0.0,0.0,0.0,0.0
12404,Sierra Leone,"Aquatic Products, Other",Other uses (non-food),0.0,0.0,0.0,0.0,0.0,0.0,0.0,0.0,0.0,0.0,0.0,0.0,0.0,0.0,0.0,0.0,0.0,0.0
12405,Sierra Leone,"Aquatic Products, Other",Domestic supply,0.0,0.0,0.0,0.0,0.0,0.0,0.0,0.0,0.0,0.0,0.0,0.0,0.0,0.0,0.0,0.0,0.0,0.0
12406,Sierra Leone,"Aquatic Products, Other",Import,0.0,0.0,0.0,0.0,0.0,0.0,0.0,0.0,0.0,0.0,0.0,0.0,0.0,0.0,0.0,0.0,0.0,0.0
12407,Sierra Leone,Animal fats,Import,0.0,0.0,0.0,0.0,0.0,0.0,0.0,0.0,0.0,0.0,1.0,0.0,1.0,3.0,1.0,0.0,0.0,0.0
12408,Sierra Leone,Eggs,Domestic supply,6.0,4.0,3.0,3.0,4.0,5.0,5.0,7.0,10.0,12.0,13.0,14.0,14.0,15.0,15.0,17.0,18.0,14.0
12409,Sierra Leone,Animal fats,Stock Variation,0.0,0.0,0.0,0.0,0.0,0.0,0.0,0.0,0.0,0.0,0.0,0.0,0.0,0.0,0.0,0.0,0.0,0.0
12410,Sierra Leone,Animal fats,Domestic supply,0.0,0.0,1.0,0.0,0.0,0.0,0.0,1.0,1.0,1.0,1.0,1.0,2.0,3.0,2.0,1.0,1.0,1.0
12411,Sierra Leone,Miscellaneous,Domestic supply,0.0,0.0,0.0,0.0,0.0,0.0,0.0,0.0,0.0,0.0,0.0,0.0,0.0,1.0,13.0,12.0,18.0,20.0
12412,Sierra Leone,Miscellaneous,Human Consumption,0.0,0.0,0.0,0.0,0.0,0.0,0.0,0.0,0.0,0.0,0.0,0.0,0.0,1.0,13.0,12.0,18.0,20.0
12413,Sierra Leone,Alcoholic Beverages,Production,183.0,208.0,208.0,218.0,222.0,223.0,229.0,239.0,243.0,250.0,249.0,251.0,243.0,246.0,20.0,20.0,20.0,20.0
12414,Sierra Leone,Alcoholic Beverages,Import,4.0,3.0,6.0,5.0,6.0,5.0,5.0,7.0,9.0,8.0,9.0,14.0,18.0,21.0,20.0,28.0,19.0,11.0
12415,Sierra Leone,Alcoholic Beverages,Stock Variation,0.0,0.0,0.0,0.0,0.0,0.0,0.0,0.0,0.0,0.0,0.0,0.0,0.0,0.0,0.0,0.0,0.0,0.0
12416,Sierra Leone,Alcoholic Beverages,Export,0.0,0.0,0.0,0.0,0.0,0.0,0.0,0.0,0.0,0.0,0.0,0.0,0.0,0.0,0.0,6.0,0.0,3.0
12417,Sierra Leone,Alcoholic Beverages,Domestic supply,187.0,210.0,214.0,223.0,228.0,228.0,234.0,246.0,252.0,258.0,258.0,265.0,261.0,267.0,40.0,42.0,39.0,28.0
12418,Sierra Leone,Miscellaneous,Export,0.0,0.0,0.0,0.0,0.0,0.0,0.0,0.0,0.0,0.0,0.0,0.0,0.0,0.0,1.0,5.0,0.0,0.0
12419,Sierra Leone,Alcoholic Beverages,Other uses (non-food),0.0,0.0,1.0,1.0,1.0,2.0,2.0,2.0,2.0,3.0,4.0,6.0,7.0,8.0,9.0,5.0,9.0,5.0
12420,Sierra Leone,Spices,Production,5.0,5.0,5.0,5.0,4.0,4.0,4.0,5.0,5.0,5.0,5.0,7.0,7.0,7.0,6.0,6.0,6.0,6.0
12421,Sierra Leone,Spices,Import,0.0,0.0,0.0,0.0,0.0,0.0,0.0,0.0,0.0,0.0,0.0,0.0,0.0,0.0,0.0,0.0,0.0,0.0
12422,Sierra Leone,Spices,Stock Variation,0.0,0.0,0.0,0.0,0.0,0.0,0.0,0.0,0.0,0.0,0.0,0.0,0.0,0.0,0.0,0.0,0.0,0.0
12423,Sierra Leone,Spices,Export,0.0,0.0,0.0,0.0,0.0,0.0,0.0,0.0,0.0,0.0,0.0,0.0,0.0,0.0,0.0,0.0,0.0,0.0
12424,Sierra Leone,Spices,Domestic supply,5.0,5.0,5.0,5.0,4.0,4.0,4.0,5.0,5.0,5.0,5.0,6.0,7.0,7.0,6.0,6.0,6.0,6.0
12425,Sierra Leone,Spices,Losses,0.0,0.0,0.0,0.0,0.0,0.0,0.0,0.0,0.0,0.0,0.0,0.0,0.0,0.0,0.0,0.0,0.0,0.0
12426,Sierra Leone,Spices,Other uses (non-food),1.0,1.0,1.0,1.0,1.0,1.0,1.0,1.0,1.0,1.0,1.0,1.0,1.0,1.0,1.0,1.0,1.0,1.0
12427,Sierra Leone,Alcoholic Beverages,Human Consumption,187.0,210.0,213.0,223.0,226.0,227.0,233.0,244.0,250.0,255.0,255.0,259.0,253.0,259.0,31.0,37.0,30.0,24.0
12428,Sierra Leone,Animal fats,Export,0.0,0.0,0.0,0.0,0.0,0.0,0.0,0.0,0.0,0.0,0.0,0.0,0.0,0.0,0.0,0.0,0.0,0.0
12429,Sierra Leone,Miscellaneous,Stock Variation,0.0,0.0,0.0,0.0,0.0,0.0,0.0,0.0,0.0,0.0,0.0,0.0,0.0,0.0,0.0,0.0,0.0,0.0
12430,Sierra Leone,Meat,Human Consumption,20.0,12.0,23.0,24.0,24.0,26.0,30.0,36.0,39.0,43.0,49.0,54.0,67.0,65.0,58.0,67.0,63.0,62.0
12431,Sierra Leone,Animal fats,Feed,0.0,0.0,0.0,0.0,0.0,0.0,0.0,0.0,0.0,0.0,0.0,0.0,0.0,0.0,0.0,0.0,0.0,0.0
12432,Sierra Leone,Animal fats,Losses,0.0,0.0,0.0,0.0,0.0,0.0,0.0,0.0,0.0,0.0,0.0,0.0,0.0,0.0,0.0,0.0,0.0,0.0
12433,Sierra Leone,Animal fats,Other uses (non-food),0.0,0.0,0.0,0.0,0.0,0.0,0.0,0.0,0.0,0.0,0.0,0.0,0.0,0.0,0.0,0.0,0.0,0.0
12434,Sierra Leone,Animal fats,Human Consumption,0.0,0.0,1.0,0.0,0.0,0.0,0.0,1.0,1.0,1.0,1.0,1.0,2.0,3.0,2.0,1.0,1.0,1.0
12435,Sierra Leone,Offals,Production,2.0,2.0,2.0,2.0,2.0,2.0,3.0,3.0,3.0,3.0,4.0,4.0,4.0,4.0,4.0,4.0,4.0,4.0
12436,Sierra Leone,Offals,Import,0.0,0.0,0.0,0.0,0.0,0.0,0.0,0.0,0.0,0.0,0.0,0.0,0.0,0.0,2.0,2.0,2.0,3.0
12437,Sierra Leone,Offals,Stock Variation,0.0,0.0,0.0,0.0,0.0,0.0,0.0,0.0,0.0,0.0,0.0,0.0,0.0,0.0,0.0,0.0,0.0,0.0
12438,Sierra Leone,Offals,Domestic supply,2.0,2.0,2.0,2.0,2.0,2.0,3.0,3.0,3.0,3.0,4.0,4.0,4.0,4.0,6.0,6.0,6.0,7.0
12439,Sierra Leone,Miscellaneous,Import,0.0,0.0,0.0,0.0,0.0,0.0,0.0,0.0,0.0,0.0,0.0,0.0,0.0,1.0,14.0,17.0,18.0,20.0
12440,Sierra Leone,Offals,Losses,0.0,0.0,0.0,0.0,0.0,0.0,0.0,0.0,0.0,0.0,0.0,0.0,0.0,0.0,0.0,0.0,0.0,0.0
12441,Sierra Leone,Offals,Human Consumption,2.0,2.0,2.0,2.0,2.0,2.0,3.0,3.0,3.0,3.0,4.0,4.0,4.0,4.0,6.0,6.0,6.0,7.0
12442,Sierra Leone,Meat,Production,19.0,12.0,13.0,17.0,20.0,23.0,26.0,28.0,32.0,37.0,40.0,42.0,44.0,45.0,47.0,45.0,45.0,44.0
12443,Sierra Leone,Meat,Import,1.0,0.0,10.0,6.0,4.0,3.0,4.0,7.0,7.0,6.0,9.0,12.0,23.0,20.0,13.0,23.0,20.0,19.0
12444,Sierra Leone,Meat,Stock Variation,0.0,0.0,0.0,0.0,0.0,0.0,0.0,0.0,0.0,0.0,0.0,0.0,0.0,0.0,0.0,0.0,0.0,0.0
12445,Sierra Leone,Meat,Export,0.0,0.0,0.0,0.0,0.0,0.0,0.0,0.0,0.0,0.0,0.0,0.0,0.0,0.0,0.0,0.0,0.0,0.0
12446,Sierra Leone,Meat,Domestic supply,20.0,12.0,23.0,24.0,24.0,26.0,30.0,36.0,39.0,43.0,49.0,54.0,67.0,65.0,60.0,68.0,65.0,63.0
12447,Sierra Leone,Meat,Losses,0.0,0.0,0.0,0.0,0.0,0.0,0.0,0.0,0.0,0.0,0.0,0.0,0.0,0.0,2.0,2.0,2.0,2.0
12448,Sierra Leone,Eggs,Stock Variation,0.0,0.0,0.0,0.0,0.0,0.0,0.0,0.0,0.0,0.0,0.0,0.0,0.0,0.0,0.0,0.0,0.0,0.0
12449,Slovakia,Pulses,Stock Variation,7.0,-1.0,1.0,1.0,-12.0,-7.0,0.0,-4.0,5.0,6.0,5.0,6.0,0.0,0.0,3.0,9.0,4.0,4.0
12450,Slovakia,Pulses,Import,6.0,11.0,10.0,8.0,9.0,7.0,8.0,9.0,11.0,8.0,8.0,7.0,7.0,8.0,9.0,7.0,8.0,8.0
12451,Slovakia,Oilcrops,Processing,158.0,152.0,216.0,199.0,250.0,304.0,328.0,299.0,316.0,310.0,261.0,215.0,196.0,185.0,271.0,240.0,296.0,301.0
12452,Slovakia,Pulses,Domestic supply,27.0,24.0,27.0,24.0,27.0,26.0,32.0,23.0,30.0,26.0,29.0,28.0,13.0,13.0,17.0,19.0,19.0,20.0
12453,Slovakia,Oilcrops,Human Consumption,9.0,9.0,12.0,15.0,11.0,12.0,12.0,12.0,15.0,15.0,19.0,14.0,13.0,16.0,17.0,18.0,16.0,15.0
12454,Slovakia,Oilcrops,Other uses (non-food),1.0,1.0,1.0,1.0,1.0,1.0,1.0,1.0,1.0,1.0,1.0,0.0,1.0,1.0,1.0,1.0,1.0,1.0
12455,Slovakia,Pulses,Production,26.0,30.0,34.0,27.0,39.0,35.0,33.0,24.0,18.0,15.0,19.0,18.0,10.0,9.0,15.0,27.0,26.0,26.0
12456,Slovakia,Oilcrops,Losses,6.0,9.0,10.0,6.0,11.0,10.0,12.0,12.0,15.0,15.0,15.0,16.0,18.0,14.0,25.0,18.0,21.0,21.0
12457,Slovakia,Oilcrops,Seed,1.0,1.0,3.0,2.0,2.0,3.0,2.0,2.0,2.0,2.0,2.0,2.0,3.0,3.0,1.0,1.0,3.0,3.0
12458,Slovakia,Oilcrops,Feed,4.0,6.0,7.0,26.0,8.0,17.0,7.0,5.0,4.0,3.0,4.0,7.0,3.0,4.0,7.0,7.0,10.0,5.0
12459,Slovakia,Oilcrops,Domestic supply,178.0,178.0,248.0,249.0,283.0,346.0,360.0,330.0,354.0,346.0,303.0,254.0,234.0,223.0,258.0,258.0,347.0,347.0
12460,Slovakia,Oilcrops,Export,94.0,178.0,151.0,92.0,181.0,163.0,165.0,220.0,243.0,329.0,372.0,458.0,845.0,697.0,434.0,419.0,435.0,489.0
12461,Slovakia,Oilcrops,Stock Variation,-5.0,-36.0,-28.0,-18.0,-54.0,5.0,-29.0,47.0,-86.0,28.0,107.0,-17.0,435.0,240.0,169.0,-16.0,125.0,62.0
12462,Slovakia,Oilcrops,Import,16.0,19.0,31.0,32.0,38.0,49.0,38.0,34.0,47.0,49.0,65.0,152.0,189.0,67.0,122.0,98.0,129.0,122.0
12463,Slovakia,Oilcrops,Production,261.0,374.0,396.0,327.0,480.0,455.0,516.0,469.0,635.0,598.0,503.0,576.0,454.0,612.0,739.0,563.0,778.0,776.0
12464,Slovakia,Treenuts,Human Consumption,6.0,7.0,8.0,10.0,12.0,10.0,11.0,13.0,13.0,13.0,13.0,13.0,16.0,15.0,9.0,6.0,11.0,8.0
12465,Slovakia,Treenuts,Losses,0.0,0.0,0.0,0.0,0.0,0.0,0.0,0.0,0.0,0.0,0.0,0.0,0.0,0.0,0.0,0.0,0.0,0.0
12466,Slovakia,Treenuts,Seed,0.0,0.0,0.0,0.0,0.0,0.0,0.0,0.0,0.0,0.0,0.0,0.0,0.0,0.0,0.0,0.0,0.0,0.0
12467,Slovakia,Treenuts,Domestic supply,6.0,7.0,8.0,10.0,12.0,10.0,11.0,13.0,13.0,13.0,13.0,13.0,16.0,15.0,9.0,6.0,11.0,8.0
12468,Slovakia,Treenuts,Export,2.0,2.0,4.0,9.0,6.0,8.0,7.0,10.0,8.0,6.0,6.0,7.0,6.0,8.0,4.0,5.0,5.0,6.0
12469,Slovakia,Treenuts,Stock Variation,0.0,-2.0,0.0,2.0,0.0,0.0,0.0,0.0,0.0,0.0,0.0,0.0,0.0,0.0,1.0,0.0,0.0,0.0
12470,Slovakia,Treenuts,Import,5.0,6.0,9.0,14.0,17.0,16.0,16.0,21.0,19.0,18.0,18.0,19.0,20.0,22.0,14.0,11.0,16.0,14.0
12471,Slovakia,Treenuts,Production,3.0,4.0,3.0,3.0,1.0,1.0,1.0,1.0,1.0,1.0,1.0,1.0,1.0,1.0,0.0,0.0,0.0,0.0
12472,Slovakia,Pulses,Human Consumption,10.0,10.0,11.0,10.0,9.0,9.0,11.0,9.0,9.0,8.0,8.0,9.0,7.0,7.0,7.0,7.0,7.0,7.0
12473,Slovakia,Pulses,Losses,1.0,1.0,2.0,1.0,1.0,1.0,2.0,2.0,4.0,3.0,2.0,2.0,1.0,1.0,1.0,1.0,1.0,1.0
12474,Slovakia,Pulses,Seed,1.0,1.0,2.0,2.0,2.0,1.0,1.0,1.0,1.0,1.0,1.0,1.0,1.0,1.0,1.0,1.0,1.0,1.0
12475,Slovakia,Pulses,Feed,14.0,11.0,12.0,11.0,15.0,14.0,17.0,11.0,15.0,15.0,19.0,17.0,4.0,5.0,8.0,9.0,9.0,10.0
12476,Slovakia,Pulses,Export,12.0,16.0,18.0,13.0,9.0,9.0,10.0,6.0,4.0,2.0,3.0,3.0,4.0,4.0,4.0,6.0,11.0,10.0
12477,Slovakia,Sugar & Sweeteners,Human Consumption,196.0,176.0,172.0,169.0,212.0,257.0,239.0,220.0,277.0,282.0,285.0,264.0,242.0,271.0,294.0,225.0,386.0,414.0
12478,Slovakia,Vegetable Oils,Domestic supply,75.0,85.0,81.0,80.0,111.0,149.0,170.0,149.0,193.0,214.0,149.0,118.0,105.0,121.0,115.0,139.0,163.0,178.0
12479,Slovakia,Sugar & Sweeteners,Processing,11.0,10.0,0.0,0.0,9.0,7.0,9.0,20.0,26.0,30.0,30.0,26.0,23.0,33.0,93.0,112.0,120.0,91.0
12480,Slovakia,Starchy Roots,Production,419.0,323.0,484.0,392.0,382.0,301.0,263.0,288.0,245.0,216.0,126.0,217.0,166.0,164.0,179.0,145.0,177.0,150.0
12481,Slovakia,Fruits - Excluding Wine,Losses,22.0,17.0,17.0,19.0,16.0,17.0,16.0,17.0,20.0,18.0,19.0,18.0,18.0,18.0,14.0,16.0,17.0,18.0
12482,Slovakia,Fruits - Excluding Wine,Processing,96.0,81.0,65.0,84.0,85.0,96.0,73.0,68.0,75.0,64.0,50.0,53.0,35.0,30.0,42.0,37.0,41.0,43.0
12483,Slovakia,Fruits - Excluding Wine,Human Consumption,355.0,288.0,305.0,321.0,276.0,329.0,311.0,340.0,356.0,368.0,346.0,336.0,286.0,316.0,247.0,276.0,252.0,266.0
12484,Slovakia,Vegetables,Production,419.0,405.0,313.0,337.0,343.0,341.0,353.0,310.0,335.0,301.0,272.0,268.0,93.0,84.0,111.0,96.0,119.0,100.0
12485,Slovakia,Vegetables,Import,115.0,118.0,139.0,146.0,159.0,173.0,221.0,255.0,296.0,298.0,310.0,320.0,309.0,318.0,294.0,308.0,334.0,323.0
12486,Slovakia,Vegetables,Stock Variation,1.0,1.0,0.0,0.0,0.0,0.0,0.0,0.0,0.0,0.0,0.0,0.0,0.0,0.0,2.0,2.0,13.0,11.0
12487,Slovakia,Vegetables,Export,56.0,74.0,66.0,67.0,38.0,67.0,76.0,51.0,65.0,50.0,47.0,37.0,41.0,53.0,41.0,59.0,48.0,52.0
12488,Slovakia,Vegetables,Domestic supply,479.0,449.0,386.0,416.0,464.0,447.0,498.0,514.0,567.0,550.0,535.0,550.0,361.0,349.0,362.0,342.0,392.0,360.0
12489,Slovakia,Vegetables,Feed,0.0,0.0,0.0,0.0,0.0,0.0,0.0,0.0,0.0,0.0,0.0,0.0,0.0,0.0,0.0,0.0,0.0,0.0
12490,Slovakia,Vegetables,Losses,35.0,35.0,20.0,21.0,28.0,44.0,35.0,33.0,37.0,34.0,32.0,32.0,20.0,19.0,20.0,19.0,21.0,18.0
12491,Slovakia,Vegetables,Human Consumption,444.0,415.0,366.0,395.0,437.0,404.0,463.0,481.0,530.0,516.0,503.0,518.0,341.0,330.0,342.0,325.0,372.0,342.0
12492,Slovakia,Vegetable Oils,Production,62.0,60.0,80.0,76.0,96.0,118.0,128.0,125.0,123.0,122.0,103.0,80.0,73.0,74.0,99.0,93.0,111.0,111.0
12493,Slovakia,Vegetable Oils,Import,54.0,70.0,42.0,49.0,71.0,70.0,95.0,66.0,108.0,157.0,150.0,146.0,186.0,185.0,197.0,178.0,171.0,113.0
12494,Slovakia,Vegetable Oils,Stock Variation,-1.0,-1.0,-3.0,-3.0,7.0,6.0,-12.0,0.0,-7.0,20.0,-43.0,-39.0,67.0,15.0,42.0,0.0,2.0,6.0
12495,Slovakia,Vegetable Oils,Export,39.0,44.0,37.0,42.0,63.0,45.0,41.0,41.0,31.0,85.0,60.0,70.0,221.0,153.0,140.0,132.0,116.0,40.0
12496,Slovakia,Vegetable Oils,Processing,2.0,0.0,3.0,3.0,3.0,3.0,3.0,5.0,4.0,3.0,3.0,1.0,3.0,4.0,15.0,16.0,16.0,22.0
12497,Slovakia,Vegetable Oils,Other uses (non-food),10.0,19.0,17.0,16.0,36.0,76.0,109.0,87.0,131.0,146.0,80.0,44.0,19.0,54.0,41.0,43.0,48.0,48.0
12498,Slovakia,Vegetable Oils,Human Consumption,63.0,65.0,61.0,61.0,72.0,70.0,58.0,57.0,58.0,65.0,66.0,73.0,83.0,63.0,58.0,85.0,100.0,108.0
12499,Slovakia,Sugar & Sweeteners,Production,191.0,223.0,215.0,214.0,337.0,341.0,301.0,245.0,222.0,255.0,317.0,373.0,355.0,412.0,488.0,448.0,488.0,414.0
12500,Slovakia,Sugar & Sweeteners,Import,75.0,100.0,91.0,110.0,125.0,176.0,168.0,143.0,211.0,223.0,308.0,240.0,293.0,280.0,395.0,421.0,480.0,486.0
12501,Slovakia,Sugar & Sweeteners,Stock Variation,4.0,-79.0,-22.0,-64.0,-74.0,2.0,119.0,154.0,21.0,77.0,85.0,82.0,316.0,96.0,45.0,54.0,51.0,-23.0
12502,Slovakia,Sugar & Sweeteners,Export,66.0,56.0,118.0,90.0,165.0,253.0,340.0,302.0,139.0,239.0,391.0,403.0,694.0,480.0,444.0,472.0,406.0,412.0
12503,Slovakia,Sugar & Sweeteners,Domestic supply,203.0,188.0,166.0,170.0,223.0,266.0,247.0,240.0,315.0,317.0,319.0,292.0,269.0,308.0,393.0,343.0,512.0,510.0
12504,Slovakia,Sugar & Sweeteners,Feed,0.0,0.0,0.0,0.0,0.0,0.0,0.0,0.0,0.0,0.0,0.0,0.0,0.0,0.0,0.0,0.0,0.0,0.0
12505,Slovakia,Fruits - Excluding Wine,Seed,0.0,0.0,0.0,0.0,0.0,0.0,0.0,0.0,0.0,0.0,0.0,0.0,0.0,0.0,0.0,0.0,0.0,0.0
12506,Slovakia,Sugar & Sweeteners,Losses,0.0,0.0,0.0,0.0,0.0,0.0,0.0,0.0,0.0,0.0,0.0,0.0,0.0,0.0,0.0,0.0,0.0,0.0
12507,Slovakia,Sugar & Sweeteners,Other uses (non-food),1.0,1.0,1.0,1.0,2.0,1.0,1.0,1.0,13.0,4.0,3.0,2.0,4.0,4.0,7.0,5.0,6.0,6.0
12508,Slovakia,Starchy Roots,Import,86.0,44.0,66.0,70.0,78.0,95.0,103.0,85.0,93.0,84.0,120.0,104.0,83.0,90.0,80.0,90.0,87.0,89.0
12509,Slovakia,Meat,Export,3.0,5.0,7.0,9.0,22.0,39.0,48.0,52.0,52.0,44.0,76.0,60.0,75.0,86.0,79.0,93.0,101.0,88.0
12510,Slovakia,Starchy Roots,Export,0.0,1.0,1.0,3.0,4.0,5.0,8.0,15.0,34.0,36.0,29.0,12.0,9.0,3.0,8.0,12.0,14.0,14.0
12511,Slovakia,Animal fats,Stock Variation,2.0,-1.0,2.0,0.0,0.0,0.0,0.0,0.0,0.0,0.0,0.0,0.0,0.0,0.0,1.0,2.0,5.0,5.0
12512,Slovakia,Animal fats,Export,24.0,5.0,24.0,25.0,32.0,34.0,36.0,33.0,35.0,30.0,32.0,40.0,40.0,40.0,22.0,19.0,16.0,13.0
12513,Slovakia,Animal fats,Domestic supply,76.0,93.0,94.0,98.0,90.0,69.0,80.0,84.0,62.0,85.0,88.0,83.0,87.0,89.0,87.0,91.0,96.0,103.0
12514,Slovakia,Animal fats,Losses,0.0,0.0,0.0,1.0,1.0,0.0,1.0,0.0,0.0,0.0,0.0,1.0,1.0,0.0,1.0,1.0,1.0,1.0
12515,Slovakia,Animal fats,Processing,0.0,0.0,0.0,0.0,4.0,0.0,0.0,0.0,0.0,1.0,1.0,1.0,0.0,0.0,0.0,1.0,0.0,0.0
12516,Slovakia,Animal fats,Other uses (non-food),2.0,1.0,0.0,1.0,3.0,9.0,1.0,1.0,1.0,1.0,0.0,0.0,1.0,0.0,0.0,0.0,0.0,0.0
12517,Slovakia,Animal fats,Human Consumption,74.0,92.0,93.0,96.0,83.0,59.0,79.0,83.0,61.0,83.0,85.0,81.0,86.0,89.0,86.0,90.0,94.0,102.0
12518,Slovakia,Offals,Production,11.0,10.0,10.0,9.0,8.0,7.0,6.0,6.0,5.0,7.0,7.0,5.0,8.0,7.0,6.0,7.0,7.0,8.0
12519,Slovakia,Offals,Import,4.0,6.0,7.0,8.0,5.0,7.0,5.0,5.0,7.0,6.0,6.0,7.0,4.0,5.0,5.0,7.0,6.0,13.0
12520,Slovakia,Offals,Stock Variation,0.0,0.0,0.0,0.0,0.0,0.0,0.0,0.0,0.0,0.0,0.0,0.0,0.0,0.0,0.0,0.0,0.0,0.0
12521,Slovakia,Offals,Export,0.0,0.0,0.0,0.0,1.0,3.0,2.0,3.0,2.0,5.0,3.0,3.0,4.0,4.0,4.0,1.0,1.0,2.0
12522,Slovakia,Offals,Domestic supply,15.0,16.0,17.0,17.0,12.0,11.0,10.0,9.0,10.0,8.0,9.0,9.0,8.0,8.0,7.0,13.0,11.0,18.0
12523,Slovakia,Offals,Feed,0.0,0.0,0.0,0.0,0.0,0.0,0.0,0.0,0.0,0.0,0.0,0.0,0.0,0.0,0.0,1.0,1.0,3.0
12524,Slovakia,Offals,Losses,0.0,0.0,0.0,0.0,0.0,0.0,0.0,0.0,0.0,0.0,0.0,0.0,0.0,0.0,0.0,0.0,0.0,0.0
12525,Slovakia,Offals,Human Consumption,15.0,16.0,17.0,17.0,12.0,11.0,10.0,9.0,10.0,8.0,9.0,9.0,8.0,8.0,6.0,12.0,11.0,15.0
12526,Slovakia,Meat,Production,280.0,256.0,288.0,309.0,281.0,261.0,238.0,227.0,206.0,189.0,177.0,167.0,154.0,148.0,138.0,126.0,137.0,145.0
12527,Slovakia,Meat,Import,35.0,43.0,49.0,50.0,75.0,132.0,144.0,148.0,176.0,186.0,219.0,226.0,200.0,237.0,212.0,240.0,297.0,294.0
12528,Slovakia,Meat,Stock Variation,0.0,0.0,0.0,0.0,0.0,0.0,0.0,0.0,0.0,0.0,0.0,0.0,0.0,0.0,-2.0,5.0,22.0,29.0
12529,Slovakia,Fruits - Excluding Wine,Domestic supply,474.0,387.0,388.0,423.0,377.0,442.0,401.0,425.0,451.0,450.0,414.0,407.0,339.0,364.0,303.0,328.0,310.0,328.0
12530,Slovakia,Meat,Domestic supply,312.0,295.0,330.0,350.0,334.0,354.0,334.0,324.0,330.0,330.0,320.0,333.0,279.0,298.0,273.0,268.0,312.0,321.0
12531,Slovakia,Meat,Processing,0.0,0.0,0.0,0.0,0.0,0.0,0.0,0.0,0.0,2.0,3.0,0.0,4.0,4.0,3.0,4.0,4.0,5.0
12532,Slovakia,Meat,Human Consumption,312.0,295.0,330.0,350.0,334.0,354.0,334.0,324.0,330.0,328.0,317.0,332.0,275.0,294.0,276.0,274.0,314.0,323.0
12533,Slovakia,Miscellaneous,Import,2.0,2.0,2.0,2.0,2.0,3.0,3.0,2.0,3.0,3.0,3.0,3.0,3.0,2.0,84.0,84.0,91.0,89.0
12534,Slovakia,Miscellaneous,Stock Variation,0.0,0.0,0.0,0.0,0.0,0.0,0.0,0.0,0.0,0.0,0.0,0.0,0.0,0.0,0.0,0.0,0.0,-2.0
12535,Slovakia,Miscellaneous,Export,0.0,0.0,0.0,0.0,0.0,0.0,0.0,0.0,0.0,0.0,0.0,0.0,0.0,0.0,64.0,69.0,80.0,88.0
12536,Slovakia,Miscellaneous,Domestic supply,2.0,2.0,2.0,2.0,2.0,3.0,3.0,2.0,3.0,3.0,3.0,3.0,3.0,2.0,20.0,15.0,11.0,2.0
12537,Slovakia,Miscellaneous,Human Consumption,2.0,2.0,2.0,2.0,2.0,3.0,3.0,2.0,3.0,3.0,3.0,3.0,3.0,2.0,20.0,15.0,11.0,2.0
12538,Slovakia,Animal fats,Import,23.0,24.0,36.0,37.0,37.0,33.0,52.0,54.0,41.0,61.0,66.0,68.0,74.0,80.0,41.0,45.0,49.0,51.0
12539,Slovakia,Animal fats,Production,75.0,75.0,80.0,85.0,85.0,70.0,64.0,63.0,56.0,54.0,54.0,54.0,53.0,49.0,68.0,67.0,68.0,70.0
12540,Slovakia,Milk - Excluding Butter,Human Consumption,608.0,653.0,635.0,583.0,540.0,718.0,719.0,661.0,680.0,748.0,786.0,718.0,602.0,780.0,753.0,690.0,902.0,860.0
12541,Slovakia,Milk - Excluding Butter,Other uses (non-food),2.0,14.0,7.0,7.0,5.0,6.0,9.0,10.0,8.0,9.0,8.0,7.0,18.0,13.0,24.0,25.0,30.0,32.0
12542,Slovakia,Starchy Roots,Domestic supply,442.0,415.0,476.0,439.0,413.0,395.0,393.0,384.0,355.0,345.0,301.0,314.0,317.0,319.0,296.0,295.0,297.0,297.0
12543,Slovakia,Starchy Roots,Feed,8.0,4.0,8.0,2.0,3.0,2.0,2.0,2.0,2.0,2.0,2.0,2.0,2.0,2.0,2.0,1.0,1.0,1.0
12544,Slovakia,Starchy Roots,Seed,18.0,20.0,19.0,19.0,16.0,15.0,14.0,14.0,14.0,14.0,14.0,13.0,13.0,13.0,15.0,13.0,14.0,12.0
12545,Slovakia,Starchy Roots,Losses,13.0,10.0,10.0,10.0,10.0,5.0,4.0,4.0,4.0,4.0,2.0,2.0,2.0,2.0,5.0,4.0,5.0,4.0
12546,Slovakia,Starchy Roots,Processing,14.0,14.0,15.0,18.0,21.0,27.0,33.0,24.0,14.0,11.0,6.0,5.0,18.0,18.0,2.0,2.0,3.0,3.0
12547,Slovakia,Starchy Roots,Other uses (non-food),0.0,0.0,0.0,0.0,0.0,0.0,0.0,2.0,0.0,0.0,0.0,0.0,0.0,0.0,0.0,0.0,0.0,0.0
12548,Slovakia,Starchy Roots,Human Consumption,389.0,367.0,423.0,389.0,364.0,347.0,340.0,338.0,322.0,314.0,286.0,292.0,283.0,285.0,273.0,274.0,275.0,276.0
12549,Slovakia,Sugar Crops,Production,961.0,1286.0,1346.0,1172.0,1599.0,1733.0,1371.0,847.0,679.0,899.0,978.0,1161.0,894.0,1145.0,1550.0,1205.0,1507.0,1231.0
12550,Slovakia,Sugar Crops,Import,0.0,0.0,0.0,0.0,0.0,0.0,0.0,0.0,6.0,0.0,3.0,1.0,0.0,0.0,0.0,0.0,0.0,1.0
12551,Slovakia,Sugar Crops,Export,0.0,0.0,0.0,0.0,0.0,0.0,0.0,0.0,1.0,1.0,0.0,0.0,3.0,0.0,7.0,8.0,7.0,10.0
12552,Slovakia,Sugar Crops,Domestic supply,961.0,1286.0,1346.0,1172.0,1599.0,1733.0,1371.0,847.0,685.0,898.0,981.0,1162.0,891.0,1145.0,1544.0,1197.0,1500.0,1221.0
12553,Slovakia,Sugar Crops,Feed,0.0,0.0,0.0,0.0,0.0,0.0,0.0,0.0,0.0,0.0,0.0,0.0,0.0,0.0,132.0,41.0,143.0,34.0
12554,Slovakia,Sugar Crops,Losses,0.0,0.0,0.0,0.0,0.0,0.0,0.0,0.0,0.0,0.0,0.0,0.0,0.0,0.0,0.0,0.0,0.0,0.0
12555,Slovakia,Starchy Roots,Stock Variation,-63.0,49.0,-73.0,-21.0,-43.0,4.0,35.0,26.0,51.0,81.0,83.0,4.0,78.0,67.0,-45.0,-72.0,-47.0,-72.0
12556,Slovakia,Sugar Crops,Processing,961.0,1286.0,1346.0,1172.0,1599.0,1733.0,1371.0,847.0,685.0,898.0,981.0,1162.0,891.0,1145.0,1412.0,1156.0,1357.0,1187.0
12557,Slovakia,Eggs,Feed,0.0,0.0,0.0,0.0,0.0,0.0,0.0,0.0,0.0,0.0,0.0,0.0,0.0,0.0,0.0,0.0,0.0,0.0
12558,Slovakia,Eggs,Seed,2.0,2.0,2.0,2.0,2.0,3.0,4.0,4.0,4.0,4.0,4.0,3.0,4.0,3.0,2.0,2.0,2.0,3.0
12559,Slovakia,Eggs,Losses,1.0,1.0,1.0,1.0,1.0,1.0,2.0,2.0,2.0,2.0,2.0,2.0,2.0,2.0,3.0,3.0,4.0,4.0
12560,Slovakia,Eggs,Other uses (non-food),0.0,0.0,0.0,0.0,0.0,0.0,0.0,0.0,0.0,0.0,0.0,0.0,0.0,0.0,0.0,0.0,0.0,0.0
12561,Slovakia,Eggs,Human Consumption,62.0,64.0,66.0,66.0,65.0,68.0,69.0,77.0,80.0,82.0,68.0,67.0,73.0,87.0,62.0,58.0,64.0,70.0
12562,Slovakia,Milk - Excluding Butter,Production,1091.0,1169.0,1218.0,1162.0,1097.0,1118.0,1109.0,1091.0,1074.0,974.0,935.0,945.0,945.0,976.0,951.0,966.0,975.0,951.0
12563,Slovakia,Milk - Excluding Butter,Import,88.0,98.0,85.0,97.0,119.0,270.0,324.0,470.0,498.0,542.0,648.0,617.0,599.0,714.0,891.0,901.0,990.0,1044.0
12564,Slovakia,Milk - Excluding Butter,Stock Variation,0.0,0.0,0.0,0.0,0.0,0.0,0.0,0.0,0.0,0.0,0.0,0.0,0.0,0.0,20.0,-6.0,13.0,25.0
12565,Slovakia,Milk - Excluding Butter,Export,207.0,203.0,230.0,299.0,266.0,418.0,417.0,619.0,687.0,577.0,584.0,611.0,677.0,678.0,720.0,831.0,686.0,705.0
12566,Slovakia,Milk - Excluding Butter,Domestic supply,972.0,1065.0,1073.0,960.0,950.0,971.0,1016.0,942.0,885.0,939.0,1000.0,951.0,867.0,1012.0,1102.0,1043.0,1265.0,1265.0
12567,Slovakia,Milk - Excluding Butter,Feed,357.0,392.0,426.0,363.0,399.0,242.0,283.0,267.0,193.0,179.0,201.0,222.0,243.0,215.0,330.0,330.0,331.0,369.0
12568,Slovakia,Milk - Excluding Butter,Losses,6.0,6.0,6.0,6.0,6.0,4.0,4.0,4.0,4.0,3.0,3.0,3.0,3.0,3.0,0.0,0.0,0.0,0.0
12569,Slovakia,Milk - Excluding Butter,Processing,0.0,0.0,1.0,0.0,0.0,0.0,0.0,0.0,0.0,0.0,1.0,1.0,1.0,1.0,0.0,0.0,2.0,4.0
12570,Slovakia,Eggs,Domestic supply,66.0,67.0,69.0,70.0,68.0,72.0,75.0,83.0,86.0,87.0,74.0,72.0,79.0,93.0,67.0,62.0,69.0,76.0
12571,Slovakia,Fruits - Excluding Wine,Export,29.0,54.0,44.0,78.0,70.0,70.0,107.0,98.0,113.0,92.0,97.0,121.0,142.0,141.0,81.0,75.0,80.0,80.0
12572,Slovakia,"Fish, Seafood",Import,76.0,72.0,75.0,67.0,63.0,62.0,64.0,46.0,46.0,41.0,47.0,47.0,42.0,49.0,49.0,53.0,50.0,53.0
12573,Slovakia,Fruits - Excluding Wine,Import,249.0,242.0,255.0,294.0,277.0,351.0,364.0,385.0,387.0,391.0,403.0,390.0,377.0,396.0,298.0,318.0,352.0,355.0
12574,Slovakia,Cereals - Excluding Beer,Seed,156.0,163.0,129.0,190.0,204.0,183.0,184.0,184.0,224.0,180.0,206.0,184.0,205.0,183.0,144.0,133.0,135.0,134.0
12575,Slovakia,Cereals - Excluding Beer,Losses,153.0,150.0,156.0,115.0,131.0,133.0,122.0,111.0,154.0,129.0,91.0,125.0,102.0,104.0,179.0,128.0,154.0,125.0
12576,Slovakia,Cereals - Excluding Beer,Processing,163.0,193.0,182.0,199.0,255.0,190.0,189.0,188.0,192.0,183.0,390.0,444.0,497.0,505.0,502.0,436.0,447.0,388.0
12577,Slovakia,Cereals - Excluding Beer,Other uses (non-food),2.0,12.0,25.0,11.0,38.0,31.0,6.0,1.0,15.0,11.0,91.0,131.0,198.0,253.0,188.0,175.0,214.0,177.0
12578,Slovakia,Cereals - Excluding Beer,Human Consumption,690.0,685.0,673.0,676.0,685.0,653.0,657.0,679.0,682.0,649.0,669.0,703.0,723.0,753.0,700.0,610.0,515.0,405.0
12579,Slovakia,"Aquatic Products, Other",Import,0.0,0.0,0.0,0.0,0.0,0.0,0.0,0.0,0.0,0.0,0.0,0.0,0.0,0.0,0.0,0.0,0.0,0.0
12580,Slovakia,"Aquatic Products, Other",Export,0.0,0.0,0.0,0.0,0.0,0.0,0.0,0.0,0.0,0.0,0.0,0.0,0.0,0.0,0.0,0.0,0.0,0.0
12581,Slovakia,"Aquatic Products, Other",Domestic supply,0.0,0.0,0.0,0.0,0.0,0.0,0.0,0.0,0.0,0.0,0.0,0.0,0.0,0.0,0.0,0.0,0.0,0.0
12582,Slovakia,"Aquatic Products, Other",Other uses (non-food),0.0,0.0,0.0,0.0,0.0,0.0,0.0,0.0,0.0,0.0,0.0,0.0,0.0,0.0,0.0,0.0,0.0,0.0
12583,Slovakia,"Aquatic Products, Other",Human Consumption,0.0,0.0,0.0,0.0,0.0,0.0,0.0,0.0,0.0,0.0,0.0,0.0,0.0,0.0,0.0,0.0,0.0,0.0
12584,Slovakia,"Fish, Seafood",Production,2.0,3.0,3.0,3.0,3.0,3.0,3.0,3.0,3.0,3.0,2.0,3.0,3.0,3.0,3.0,3.0,4.0,5.0
12585,Slovakia,Alcoholic Beverages,Production,520.0,519.0,536.0,530.0,467.0,453.0,420.0,411.0,413.0,350.0,409.0,415.0,421.0,408.0,422.0,352.0,413.0,401.0
12586,Slovakia,"Fish, Seafood",Stock Variation,0.0,0.0,0.0,0.0,0.0,0.0,0.0,0.0,0.0,0.0,0.0,0.0,0.0,0.0,0.0,0.0,0.0,0.0
12587,Slovakia,"Fish, Seafood",Export,1.0,1.0,1.0,1.0,2.0,3.0,5.0,3.0,3.0,3.0,3.0,5.0,3.0,4.0,5.0,4.0,3.0,4.0
12588,Slovakia,"Fish, Seafood",Domestic supply,77.0,74.0,77.0,68.0,64.0,61.0,62.0,46.0,45.0,42.0,46.0,45.0,42.0,49.0,48.0,52.0,51.0,54.0
12589,Slovakia,"Fish, Seafood",Feed,40.0,39.0,40.0,28.0,22.0,19.0,14.0,5.0,3.0,2.0,3.0,2.0,1.0,1.0,2.0,1.0,1.0,1.0
12590,Slovakia,"Fish, Seafood",Other uses (non-food),0.0,0.0,0.0,0.0,0.0,0.0,0.0,0.0,0.0,0.0,1.0,0.0,0.0,0.0,0.0,0.0,0.0,0.0
12591,Slovakia,"Fish, Seafood",Human Consumption,37.0,35.0,37.0,39.0,41.0,42.0,48.0,42.0,42.0,39.0,43.0,42.0,41.0,47.0,46.0,51.0,50.0,53.0
12592,Slovakia,Eggs,Production,63.0,66.0,68.0,71.0,68.0,67.0,76.0,78.0,76.0,76.0,76.0,80.0,80.0,81.0,70.0,67.0,72.0,75.0
12593,Slovakia,Eggs,Import,4.0,2.0,2.0,2.0,3.0,11.0,9.0,12.0,21.0,21.0,13.0,12.0,12.0,21.0,7.0,8.0,7.0,9.0
12594,Slovakia,Eggs,Stock Variation,0.0,0.0,0.0,0.0,0.0,0.0,0.0,0.0,0.0,0.0,0.0,0.0,0.0,0.0,0.0,0.0,0.0,0.0
12595,Slovakia,Eggs,Export,1.0,1.0,1.0,3.0,3.0,6.0,11.0,7.0,10.0,9.0,15.0,20.0,13.0,10.0,10.0,12.0,10.0,8.0
12596,Slovakia,Eggs,Domestic supply,66.0,67.0,69.0,70.0,68.0,72.0,75.0,83.0,86.0,87.0,74.0,72.0,79.0,93.0,67.0,62.0,69.0,76.0
12597,Slovakia,Eggs,Feed,0.0,0.0,0.0,0.0,0.0,0.0,0.0,0.0,0.0,0.0,0.0,0.0,0.0,0.0,0.0,0.0,0.0,0.0
12598,Slovakia,Eggs,Seed,2.0,2.0,2.0,2.0,2.0,3.0,4.0,4.0,4.0,4.0,4.0,3.0,4.0,3.0,2.0,2.0,2.0,3.0
12599,Slovakia,Eggs,Losses,1.0,1.0,1.0,1.0,1.0,1.0,2.0,2.0,2.0,2.0,2.0,2.0,2.0,2.0,3.0,3.0,4.0,4.0
12600,Slovakia,Eggs,Other uses (non-food),0.0,0.0,0.0,0.0,0.0,0.0,0.0,0.0,0.0,0.0,0.0,0.0,0.0,0.0,0.0,0.0,0.0,0.0
12601,Slovakia,Cereals - Excluding Beer,Feed,1280.0,1618.0,1464.0,1258.0,1386.0,1143.0,1169.0,1046.0,1113.0,1299.0,1550.0,1662.0,1035.0,980.0,1242.0,802.0,1026.0,586.0
12602,Slovakia,Cereals - Excluding Beer,Domestic supply,2445.0,2821.0,2630.0,2450.0,2698.0,2334.0,2326.0,2210.0,2376.0,2444.0,2984.0,3247.0,2752.0,2777.0,2955.0,2278.0,2486.0,1762.0
12603,Slovakia,Cereals - Excluding Beer,Export,530.0,276.0,416.0,612.0,454.0,925.0,1607.0,936.0,831.0,1214.0,1133.0,1289.0,1328.0,1485.0,1648.0,2418.0,2672.0,2500.0
12604,Slovakia,Cereals - Excluding Beer,Stock Variation,473.0,-781.0,-305.0,371.0,-795.0,-488.0,763.0,-77.0,-1545.0,-33.0,1046.0,133.0,486.0,378.0,575.0,-307.0,178.0,-208.0
12605,Slovakia,Eggs,Import,4.0,2.0,2.0,2.0,3.0,11.0,9.0,12.0,21.0,21.0,13.0,12.0,12.0,21.0,7.0,8.0,7.0,9.0
12606,Slovakia,Eggs,Production,63.0,66.0,68.0,71.0,68.0,67.0,76.0,78.0,76.0,76.0,76.0,80.0,80.0,81.0,70.0,67.0,72.0,75.0
12607,Slovakia,"Fish, Seafood",Human Consumption,37.0,35.0,37.0,39.0,41.0,42.0,48.0,42.0,42.0,39.0,43.0,42.0,41.0,47.0,46.0,51.0,50.0,53.0
12608,Slovakia,"Fish, Seafood",Other uses (non-food),0.0,0.0,0.0,0.0,0.0,0.0,0.0,0.0,0.0,0.0,1.0,0.0,0.0,0.0,0.0,0.0,0.0,0.0
12609,Slovakia,"Fish, Seafood",Feed,40.0,39.0,40.0,28.0,22.0,19.0,14.0,5.0,3.0,2.0,3.0,2.0,1.0,1.0,2.0,1.0,1.0,1.0
12610,Slovakia,"Fish, Seafood",Domestic supply,77.0,74.0,77.0,68.0,64.0,61.0,62.0,46.0,45.0,42.0,46.0,45.0,42.0,49.0,48.0,52.0,51.0,54.0
12611,Slovakia,"Fish, Seafood",Export,1.0,1.0,1.0,1.0,2.0,3.0,5.0,3.0,3.0,3.0,3.0,5.0,3.0,4.0,5.0,4.0,3.0,4.0
12612,Slovakia,"Fish, Seafood",Stock Variation,0.0,0.0,0.0,0.0,0.0,0.0,0.0,0.0,0.0,0.0,0.0,0.0,0.0,0.0,0.0,0.0,0.0,0.0
12613,Slovakia,"Fish, Seafood",Import,76.0,72.0,75.0,67.0,63.0,62.0,64.0,46.0,46.0,41.0,47.0,47.0,42.0,49.0,49.0,53.0,50.0,53.0
12614,Slovakia,"Fish, Seafood",Production,2.0,3.0,3.0,3.0,3.0,3.0,3.0,3.0,3.0,3.0,2.0,3.0,3.0,3.0,3.0,3.0,4.0,5.0
12615,Slovakia,"Aquatic Products, Other",Human Consumption,0.0,0.0,0.0,0.0,0.0,0.0,0.0,0.0,0.0,0.0,0.0,0.0,0.0,0.0,0.0,0.0,0.0,0.0
12616,Slovakia,"Aquatic Products, Other",Other uses (non-food),0.0,0.0,0.0,0.0,0.0,0.0,0.0,0.0,0.0,0.0,0.0,0.0,0.0,0.0,0.0,0.0,0.0,0.0
12617,Slovakia,"Aquatic Products, Other",Domestic supply,0.0,0.0,0.0,0.0,0.0,0.0,0.0,0.0,0.0,0.0,0.0,0.0,0.0,0.0,0.0,0.0,0.0,0.0
12618,Slovakia,Eggs,Human Consumption,62.0,64.0,66.0,66.0,65.0,68.0,69.0,77.0,80.0,82.0,68.0,67.0,73.0,87.0,62.0,58.0,64.0,70.0
12619,Slovakia,"Aquatic Products, Other",Export,0.0,0.0,0.0,0.0,0.0,0.0,0.0,0.0,0.0,0.0,0.0,0.0,0.0,0.0,0.0,0.0,0.0,0.0
12620,Slovakia,Cereals - Excluding Beer,Human Consumption,690.0,685.0,673.0,676.0,685.0,653.0,657.0,679.0,682.0,649.0,669.0,703.0,723.0,753.0,700.0,610.0,515.0,405.0
12621,Slovakia,Cereals - Excluding Beer,Other uses (non-food),2.0,12.0,25.0,11.0,38.0,31.0,6.0,1.0,15.0,11.0,91.0,131.0,198.0,253.0,188.0,175.0,214.0,177.0
12622,Slovakia,Cereals - Excluding Beer,Processing,163.0,193.0,182.0,199.0,255.0,190.0,189.0,188.0,192.0,183.0,390.0,444.0,497.0,505.0,502.0,436.0,447.0,388.0
12623,Slovakia,Cereals - Excluding Beer,Losses,153.0,150.0,156.0,115.0,131.0,133.0,122.0,111.0,154.0,129.0,91.0,125.0,102.0,104.0,179.0,128.0,154.0,125.0
12624,Slovakia,Cereals - Excluding Beer,Seed,156.0,163.0,129.0,190.0,204.0,183.0,184.0,184.0,224.0,180.0,206.0,184.0,205.0,183.0,144.0,133.0,135.0,134.0
12625,Slovakia,Cereals - Excluding Beer,Feed,1280.0,1618.0,1464.0,1258.0,1386.0,1143.0,1169.0,1046.0,1113.0,1299.0,1550.0,1662.0,1035.0,980.0,1242.0,802.0,1026.0,586.0
12626,Slovakia,Cereals - Excluding Beer,Domestic supply,2445.0,2821.0,2630.0,2450.0,2698.0,2334.0,2326.0,2210.0,2376.0,2444.0,2984.0,3247.0,2752.0,2777.0,2955.0,2278.0,2486.0,1762.0
12627,Slovakia,Cereals - Excluding Beer,Export,530.0,276.0,416.0,612.0,454.0,925.0,1607.0,936.0,831.0,1214.0,1133.0,1289.0,1328.0,1485.0,1648.0,2418.0,2672.0,2500.0
12628,Slovakia,Cereals - Excluding Beer,Stock Variation,473.0,-781.0,-305.0,371.0,-795.0,-488.0,763.0,-77.0,-1545.0,-33.0,1046.0,133.0,486.0,378.0,575.0,-307.0,178.0,-208.0
12629,Slovakia,Cereals - Excluding Beer,Import,298.0,463.0,155.0,200.0,150.0,162.0,242.0,430.0,615.0,358.0,514.0,686.0,559.0,472.0,463.0,576.0,481.0,564.0
12630,Slovakia,Cereals - Excluding Beer,Production,2204.0,3414.0,3196.0,2491.0,3798.0,3585.0,2929.0,2793.0,4137.0,3333.0,2557.0,3717.0,3036.0,3412.0,4714.0,3812.0,4855.0,3490.0
12631,Slovakia,Cereals - Excluding Beer,Production,2204.0,3414.0,3196.0,2491.0,3798.0,3585.0,2929.0,2793.0,4137.0,3333.0,2557.0,3717.0,3036.0,3412.0,4714.0,3812.0,4855.0,3490.0
12632,Slovakia,Cereals - Excluding Beer,Import,298.0,463.0,155.0,200.0,150.0,162.0,242.0,430.0,615.0,358.0,514.0,686.0,559.0,472.0,463.0,576.0,481.0,564.0
12633,Slovakia,"Aquatic Products, Other",Import,0.0,0.0,0.0,0.0,0.0,0.0,0.0,0.0,0.0,0.0,0.0,0.0,0.0,0.0,0.0,0.0,0.0,0.0
12634,Slovakia,Fruits - Excluding Wine,Stock Variation,0.0,0.0,0.0,-1.0,-1.0,-11.0,0.0,5.0,7.0,0.0,0.0,0.0,0.0,0.0,8.0,18.0,26.0,32.0
12635,Slovakia,Milk - Excluding Butter,Production,1091.0,1169.0,1218.0,1162.0,1097.0,1118.0,1109.0,1091.0,1074.0,974.0,935.0,945.0,945.0,976.0,951.0,966.0,975.0,951.0
12636,Slovakia,Milk - Excluding Butter,Stock Variation,0.0,0.0,0.0,0.0,0.0,0.0,0.0,0.0,0.0,0.0,0.0,0.0,0.0,0.0,20.0,-6.0,13.0,25.0
12637,Slovakia,Miscellaneous,Stock Variation,0.0,0.0,0.0,0.0,0.0,0.0,0.0,0.0,0.0,0.0,0.0,0.0,0.0,0.0,0.0,0.0,0.0,-2.0
12638,Slovakia,Miscellaneous,Export,0.0,0.0,0.0,0.0,0.0,0.0,0.0,0.0,0.0,0.0,0.0,0.0,0.0,0.0,64.0,69.0,80.0,88.0
12639,Slovakia,Miscellaneous,Domestic supply,2.0,2.0,2.0,2.0,2.0,3.0,3.0,2.0,3.0,3.0,3.0,3.0,3.0,2.0,20.0,15.0,11.0,2.0
12640,Slovakia,Miscellaneous,Human Consumption,2.0,2.0,2.0,2.0,2.0,3.0,3.0,2.0,3.0,3.0,3.0,3.0,3.0,2.0,20.0,15.0,11.0,2.0
12641,Slovakia,Alcoholic Beverages,Production,520.0,519.0,536.0,530.0,467.0,453.0,420.0,411.0,413.0,350.0,409.0,415.0,421.0,408.0,422.0,352.0,413.0,401.0
12642,Slovakia,Alcoholic Beverages,Import,84.0,80.0,73.0,76.0,69.0,85.0,129.0,170.0,159.0,173.0,184.0,221.0,187.0,215.0,235.0,288.0,264.0,288.0
12643,Slovakia,Alcoholic Beverages,Stock Variation,-20.0,-3.0,-3.0,-3.0,21.0,20.0,4.0,25.0,53.0,105.0,24.0,-7.0,45.0,12.0,18.0,4.0,35.0,39.0
12644,Slovakia,Alcoholic Beverages,Export,28.0,29.0,32.0,38.0,24.0,23.0,20.0,66.0,87.0,83.0,108.0,104.0,105.0,122.0,113.0,133.0,134.0,162.0
12645,Slovakia,Alcoholic Beverages,Domestic supply,556.0,568.0,575.0,565.0,533.0,535.0,534.0,539.0,538.0,545.0,508.0,525.0,549.0,513.0,526.0,504.0,508.0,488.0
12646,Slovakia,Alcoholic Beverages,Processing,5.0,5.0,5.0,5.0,5.0,13.0,13.0,17.0,20.0,22.0,34.0,40.0,52.0,48.0,55.0,50.0,52.0,45.0
12647,Slovakia,Alcoholic Beverages,Other uses (non-food),6.0,8.0,2.0,2.0,6.0,7.0,5.0,3.0,4.0,4.0,10.0,7.0,6.0,11.0,7.0,0.0,0.0,0.0
12648,Slovakia,Alcoholic Beverages,Human Consumption,545.0,555.0,568.0,558.0,522.0,515.0,515.0,520.0,514.0,520.0,464.0,478.0,491.0,454.0,464.0,466.0,461.0,460.0
12649,Slovakia,Spices,Production,0.0,0.0,0.0,0.0,0.0,0.0,0.0,0.0,0.0,0.0,0.0,0.0,0.0,0.0,0.0,0.0,0.0,1.0
12650,Slovakia,Spices,Import,2.0,2.0,2.0,2.0,3.0,2.0,3.0,4.0,4.0,4.0,4.0,4.0,4.0,5.0,5.0,5.0,4.0,4.0
12651,Slovakia,Spices,Stock Variation,0.0,0.0,0.0,0.0,0.0,0.0,0.0,0.0,0.0,0.0,0.0,0.0,0.0,0.0,0.0,0.0,0.0,0.0
12652,Slovakia,Spices,Export,0.0,0.0,0.0,0.0,0.0,1.0,0.0,1.0,0.0,0.0,1.0,1.0,1.0,1.0,1.0,1.0,1.0,1.0
12653,Slovakia,Spices,Domestic supply,2.0,2.0,2.0,2.0,3.0,2.0,3.0,3.0,3.0,3.0,4.0,4.0,4.0,4.0,4.0,3.0,3.0,3.0
12654,Slovakia,Spices,Losses,0.0,0.0,0.0,0.0,0.0,0.0,0.0,0.0,0.0,0.0,0.0,0.0,0.0,0.0,0.0,0.0,0.0,0.0
12655,Slovakia,Spices,Human Consumption,2.0,2.0,2.0,2.0,3.0,2.0,3.0,3.0,3.0,3.0,4.0,4.0,4.0,4.0,4.0,3.0,3.0,3.0
12656,Slovakia,Stimulants,Production,0.0,0.0,0.0,0.0,0.0,0.0,0.0,0.0,0.0,0.0,0.0,0.0,0.0,0.0,0.0,0.0,0.0,0.0
12657,Slovakia,Stimulants,Import,38.0,35.0,47.0,46.0,45.0,60.0,88.0,79.0,84.0,82.0,70.0,87.0,89.0,97.0,57.0,57.0,65.0,53.0
12658,Slovakia,Stimulants,Stock Variation,-3.0,9.0,4.0,6.0,17.0,-7.0,-23.0,-12.0,-3.0,10.0,12.0,5.0,0.0,-5.0,16.0,15.0,-8.0,-12.0
12659,Slovakia,Stimulants,Export,10.0,19.0,25.0,25.0,36.0,28.0,38.0,31.0,44.0,63.0,48.0,53.0,64.0,57.0,21.0,22.0,50.0,42.0
12660,Slovakia,Stimulants,Domestic supply,25.0,26.0,26.0,27.0,26.0,25.0,27.0,36.0,37.0,29.0,34.0,40.0,26.0,35.0,20.0,20.0,23.0,23.0
12661,Slovakia,Stimulants,Processing,0.0,0.0,0.0,0.0,0.0,0.0,0.0,0.0,0.0,0.0,0.0,0.0,0.0,0.0,3.0,3.0,4.0,4.0
12662,Slovakia,Stimulants,Human Consumption,25.0,26.0,26.0,27.0,26.0,25.0,27.0,36.0,37.0,29.0,34.0,40.0,26.0,35.0,18.0,17.0,19.0,19.0
12663,Slovakia,Fruits - Excluding Wine,Production,254.0,199.0,177.0,208.0,170.0,172.0,144.0,133.0,169.0,151.0,110.0,138.0,103.0,109.0,95.0,104.0,63.0,84.0
12664,Slovakia,Miscellaneous,Import,2.0,2.0,2.0,2.0,2.0,3.0,3.0,2.0,3.0,3.0,3.0,3.0,3.0,2.0,84.0,84.0,91.0,89.0
12665,Slovakia,Meat,Human Consumption,312.0,295.0,330.0,350.0,334.0,354.0,334.0,324.0,330.0,328.0,317.0,332.0,275.0,294.0,276.0,274.0,314.0,323.0
12666,Slovakia,Meat,Processing,0.0,0.0,0.0,0.0,0.0,0.0,0.0,0.0,0.0,2.0,3.0,0.0,4.0,4.0,3.0,4.0,4.0,5.0
12667,Slovakia,Meat,Domestic supply,312.0,295.0,330.0,350.0,334.0,354.0,334.0,324.0,330.0,330.0,320.0,333.0,279.0,298.0,273.0,268.0,312.0,321.0
12668,Slovakia,Milk - Excluding Butter,Export,207.0,203.0,230.0,299.0,266.0,418.0,417.0,619.0,687.0,577.0,584.0,611.0,677.0,678.0,720.0,831.0,686.0,705.0
12669,Slovakia,Milk - Excluding Butter,Domestic supply,972.0,1065.0,1073.0,960.0,950.0,971.0,1016.0,942.0,885.0,939.0,1000.0,951.0,867.0,1012.0,1102.0,1043.0,1265.0,1265.0
12670,Slovakia,Milk - Excluding Butter,Feed,357.0,392.0,426.0,363.0,399.0,242.0,283.0,267.0,193.0,179.0,201.0,222.0,243.0,215.0,330.0,330.0,331.0,369.0
12671,Slovakia,Milk - Excluding Butter,Losses,6.0,6.0,6.0,6.0,6.0,4.0,4.0,4.0,4.0,3.0,3.0,3.0,3.0,3.0,0.0,0.0,0.0,0.0
12672,Slovakia,Milk - Excluding Butter,Processing,0.0,0.0,1.0,0.0,0.0,0.0,0.0,0.0,0.0,0.0,1.0,1.0,1.0,1.0,0.0,0.0,2.0,4.0
12673,Slovakia,Milk - Excluding Butter,Other uses (non-food),2.0,14.0,7.0,7.0,5.0,6.0,9.0,10.0,8.0,9.0,8.0,7.0,18.0,13.0,24.0,25.0,30.0,32.0
12674,Slovakia,Milk - Excluding Butter,Human Consumption,608.0,653.0,635.0,583.0,540.0,718.0,719.0,661.0,680.0,748.0,786.0,718.0,602.0,780.0,753.0,690.0,902.0,860.0
12675,Slovakia,Animal fats,Production,75.0,75.0,80.0,85.0,85.0,70.0,64.0,63.0,56.0,54.0,54.0,54.0,53.0,49.0,68.0,67.0,68.0,70.0
12676,Slovakia,Animal fats,Import,23.0,24.0,36.0,37.0,37.0,33.0,52.0,54.0,41.0,61.0,66.0,68.0,74.0,80.0,41.0,45.0,49.0,51.0
12677,Slovakia,Animal fats,Stock Variation,2.0,-1.0,2.0,0.0,0.0,0.0,0.0,0.0,0.0,0.0,0.0,0.0,0.0,0.0,1.0,2.0,5.0,5.0
12678,Slovakia,Animal fats,Export,24.0,5.0,24.0,25.0,32.0,34.0,36.0,33.0,35.0,30.0,32.0,40.0,40.0,40.0,22.0,19.0,16.0,13.0
12679,Slovakia,Animal fats,Domestic supply,76.0,93.0,94.0,98.0,90.0,69.0,80.0,84.0,62.0,85.0,88.0,83.0,87.0,89.0,87.0,91.0,96.0,103.0
12680,Slovakia,Animal fats,Losses,0.0,0.0,0.0,1.0,1.0,0.0,1.0,0.0,0.0,0.0,0.0,1.0,1.0,0.0,1.0,1.0,1.0,1.0
12681,Slovakia,Milk - Excluding Butter,Import,88.0,98.0,85.0,97.0,119.0,270.0,324.0,470.0,498.0,542.0,648.0,617.0,599.0,714.0,891.0,901.0,990.0,1044.0
12682,Slovakia,Animal fats,Processing,0.0,0.0,0.0,0.0,4.0,0.0,0.0,0.0,0.0,1.0,1.0,1.0,0.0,0.0,0.0,1.0,0.0,0.0
12683,Slovakia,Animal fats,Human Consumption,74.0,92.0,93.0,96.0,83.0,59.0,79.0,83.0,61.0,83.0,85.0,81.0,86.0,89.0,86.0,90.0,94.0,102.0
12684,Slovakia,Offals,Production,11.0,10.0,10.0,9.0,8.0,7.0,6.0,6.0,5.0,7.0,7.0,5.0,8.0,7.0,6.0,7.0,7.0,8.0
12685,Slovakia,Offals,Import,4.0,6.0,7.0,8.0,5.0,7.0,5.0,5.0,7.0,6.0,6.0,7.0,4.0,5.0,5.0,7.0,6.0,13.0
12686,Slovakia,Offals,Stock Variation,0.0,0.0,0.0,0.0,0.0,0.0,0.0,0.0,0.0,0.0,0.0,0.0,0.0,0.0,0.0,0.0,0.0,0.0
12687,Slovakia,Offals,Export,0.0,0.0,0.0,0.0,1.0,3.0,2.0,3.0,2.0,5.0,3.0,3.0,4.0,4.0,4.0,1.0,1.0,2.0
12688,Slovakia,Offals,Domestic supply,15.0,16.0,17.0,17.0,12.0,11.0,10.0,9.0,10.0,8.0,9.0,9.0,8.0,8.0,7.0,13.0,11.0,18.0
12689,Slovakia,Offals,Feed,0.0,0.0,0.0,0.0,0.0,0.0,0.0,0.0,0.0,0.0,0.0,0.0,0.0,0.0,0.0,1.0,1.0,3.0
12690,Slovakia,Offals,Losses,0.0,0.0,0.0,0.0,0.0,0.0,0.0,0.0,0.0,0.0,0.0,0.0,0.0,0.0,0.0,0.0,0.0,0.0
12691,Slovakia,Offals,Human Consumption,15.0,16.0,17.0,17.0,12.0,11.0,10.0,9.0,10.0,8.0,9.0,9.0,8.0,8.0,6.0,12.0,11.0,15.0
12692,Slovakia,Meat,Production,280.0,256.0,288.0,309.0,281.0,261.0,238.0,227.0,206.0,189.0,177.0,167.0,154.0,148.0,138.0,126.0,137.0,145.0
12693,Slovakia,Meat,Import,35.0,43.0,49.0,50.0,75.0,132.0,144.0,148.0,176.0,186.0,219.0,226.0,200.0,237.0,212.0,240.0,297.0,294.0
12694,Slovakia,Meat,Stock Variation,0.0,0.0,0.0,0.0,0.0,0.0,0.0,0.0,0.0,0.0,0.0,0.0,0.0,0.0,-2.0,5.0,22.0,29.0
12695,Slovakia,Meat,Export,3.0,5.0,7.0,9.0,22.0,39.0,48.0,52.0,52.0,44.0,76.0,60.0,75.0,86.0,79.0,93.0,101.0,88.0
12696,Slovakia,Animal fats,Other uses (non-food),2.0,1.0,0.0,1.0,3.0,9.0,1.0,1.0,1.0,1.0,0.0,0.0,1.0,0.0,0.0,0.0,0.0,0.0
12697,Slovakia,Alcoholic Beverages,Import,84.0,80.0,73.0,76.0,69.0,85.0,129.0,170.0,159.0,173.0,184.0,221.0,187.0,215.0,235.0,288.0,264.0,288.0
12698,Slovakia,Treenuts,Stock Variation,0.0,-2.0,0.0,2.0,0.0,0.0,0.0,0.0,0.0,0.0,0.0,0.0,0.0,0.0,1.0,0.0,0.0,0.0
12699,Slovakia,Alcoholic Beverages,Export,28.0,29.0,32.0,38.0,24.0,23.0,20.0,66.0,87.0,83.0,108.0,104.0,105.0,122.0,113.0,133.0,134.0,162.0
12700,Slovakia,Oilcrops,Export,94.0,178.0,151.0,92.0,181.0,163.0,165.0,220.0,243.0,329.0,372.0,458.0,845.0,697.0,434.0,419.0,435.0,489.0
12701,Slovakia,Oilcrops,Stock Variation,-5.0,-36.0,-28.0,-18.0,-54.0,5.0,-29.0,47.0,-86.0,28.0,107.0,-17.0,435.0,240.0,169.0,-16.0,125.0,62.0
12702,Slovakia,Oilcrops,Import,16.0,19.0,31.0,32.0,38.0,49.0,38.0,34.0,47.0,49.0,65.0,152.0,189.0,67.0,122.0,98.0,129.0,122.0
12703,Slovakia,Oilcrops,Production,261.0,374.0,396.0,327.0,480.0,455.0,516.0,469.0,635.0,598.0,503.0,576.0,454.0,612.0,739.0,563.0,778.0,776.0
12704,Slovakia,Treenuts,Human Consumption,6.0,7.0,8.0,10.0,12.0,10.0,11.0,13.0,13.0,13.0,13.0,13.0,16.0,15.0,9.0,6.0,11.0,8.0
12705,Slovakia,Treenuts,Losses,0.0,0.0,0.0,0.0,0.0,0.0,0.0,0.0,0.0,0.0,0.0,0.0,0.0,0.0,0.0,0.0,0.0,0.0
12706,Slovakia,Treenuts,Seed,0.0,0.0,0.0,0.0,0.0,0.0,0.0,0.0,0.0,0.0,0.0,0.0,0.0,0.0,0.0,0.0,0.0,0.0
12707,Slovakia,Treenuts,Domestic supply,6.0,7.0,8.0,10.0,12.0,10.0,11.0,13.0,13.0,13.0,13.0,13.0,16.0,15.0,9.0,6.0,11.0,8.0
12708,Slovakia,Treenuts,Export,2.0,2.0,4.0,9.0,6.0,8.0,7.0,10.0,8.0,6.0,6.0,7.0,6.0,8.0,4.0,5.0,5.0,6.0
12709,Slovakia,Eggs,Stock Variation,0.0,0.0,0.0,0.0,0.0,0.0,0.0,0.0,0.0,0.0,0.0,0.0,0.0,0.0,0.0,0.0,0.0,0.0
12710,Slovakia,Oilcrops,Domestic supply,178.0,178.0,248.0,249.0,283.0,346.0,360.0,330.0,354.0,346.0,303.0,254.0,234.0,223.0,258.0,258.0,347.0,347.0
12711,Slovakia,Treenuts,Import,5.0,6.0,9.0,14.0,17.0,16.0,16.0,21.0,19.0,18.0,18.0,19.0,20.0,22.0,14.0,11.0,16.0,14.0
12712,Slovakia,Pulses,Human Consumption,10.0,10.0,11.0,10.0,9.0,9.0,11.0,9.0,9.0,8.0,8.0,9.0,7.0,7.0,7.0,7.0,7.0,7.0
12713,Slovakia,Pulses,Losses,1.0,1.0,2.0,1.0,1.0,1.0,2.0,2.0,4.0,3.0,2.0,2.0,1.0,1.0,1.0,1.0,1.0,1.0
12714,Slovakia,Pulses,Seed,1.0,1.0,2.0,2.0,2.0,1.0,1.0,1.0,1.0,1.0,1.0,1.0,1.0,1.0,1.0,1.0,1.0,1.0
12715,Slovakia,Pulses,Feed,14.0,11.0,12.0,11.0,15.0,14.0,17.0,11.0,15.0,15.0,19.0,17.0,4.0,5.0,8.0,9.0,9.0,10.0
12716,Slovakia,Pulses,Domestic supply,27.0,24.0,27.0,24.0,27.0,26.0,32.0,23.0,30.0,26.0,29.0,28.0,13.0,13.0,17.0,19.0,19.0,20.0
12717,Slovakia,Pulses,Export,12.0,16.0,18.0,13.0,9.0,9.0,10.0,6.0,4.0,2.0,3.0,3.0,4.0,4.0,4.0,6.0,11.0,10.0
12718,Slovakia,Pulses,Stock Variation,7.0,-1.0,1.0,1.0,-12.0,-7.0,0.0,-4.0,5.0,6.0,5.0,6.0,0.0,0.0,3.0,9.0,4.0,4.0
12719,Slovakia,Pulses,Import,6.0,11.0,10.0,8.0,9.0,7.0,8.0,9.0,11.0,8.0,8.0,7.0,7.0,8.0,9.0,7.0,8.0,8.0
12720,Slovakia,Pulses,Production,26.0,30.0,34.0,27.0,39.0,35.0,33.0,24.0,18.0,15.0,19.0,18.0,10.0,9.0,15.0,27.0,26.0,26.0
12721,Slovakia,Sugar & Sweeteners,Human Consumption,196.0,176.0,172.0,169.0,212.0,257.0,239.0,220.0,277.0,282.0,285.0,264.0,242.0,271.0,294.0,225.0,386.0,414.0
12722,Slovakia,Treenuts,Production,3.0,4.0,3.0,3.0,1.0,1.0,1.0,1.0,1.0,1.0,1.0,1.0,1.0,1.0,0.0,0.0,0.0,0.0
12723,Slovakia,Sugar & Sweeteners,Other uses (non-food),1.0,1.0,1.0,1.0,2.0,1.0,1.0,1.0,13.0,4.0,3.0,2.0,4.0,4.0,7.0,5.0,6.0,6.0
12724,Slovakia,Oilcrops,Feed,4.0,6.0,7.0,26.0,8.0,17.0,7.0,5.0,4.0,3.0,4.0,7.0,3.0,4.0,7.0,7.0,10.0,5.0
12725,Slovakia,Oilcrops,Losses,6.0,9.0,10.0,6.0,11.0,10.0,12.0,12.0,15.0,15.0,15.0,16.0,18.0,14.0,25.0,18.0,21.0,21.0
12726,Slovakia,Alcoholic Beverages,Stock Variation,-20.0,-3.0,-3.0,-3.0,21.0,20.0,4.0,25.0,53.0,105.0,24.0,-7.0,45.0,12.0,18.0,4.0,35.0,39.0
12727,Slovakia,Sugar Crops,Processing,961.0,1286.0,1346.0,1172.0,1599.0,1733.0,1371.0,847.0,685.0,898.0,981.0,1162.0,891.0,1145.0,1412.0,1156.0,1357.0,1187.0
12728,Slovakia,Sugar Crops,Losses,0.0,0.0,0.0,0.0,0.0,0.0,0.0,0.0,0.0,0.0,0.0,0.0,0.0,0.0,0.0,0.0,0.0,0.0
12729,Slovakia,Sugar Crops,Feed,0.0,0.0,0.0,0.0,0.0,0.0,0.0,0.0,0.0,0.0,0.0,0.0,0.0,0.0,132.0,41.0,143.0,34.0
12730,Slovakia,Sugar Crops,Domestic supply,961.0,1286.0,1346.0,1172.0,1599.0,1733.0,1371.0,847.0,685.0,898.0,981.0,1162.0,891.0,1145.0,1544.0,1197.0,1500.0,1221.0
12731,Slovakia,Sugar Crops,Export,0.0,0.0,0.0,0.0,0.0,0.0,0.0,0.0,1.0,1.0,0.0,0.0,3.0,0.0,7.0,8.0,7.0,10.0
12732,Slovakia,Sugar Crops,Import,0.0,0.0,0.0,0.0,0.0,0.0,0.0,0.0,6.0,0.0,3.0,1.0,0.0,0.0,0.0,0.0,0.0,1.0
12733,Slovakia,Sugar Crops,Production,961.0,1286.0,1346.0,1172.0,1599.0,1733.0,1371.0,847.0,679.0,899.0,978.0,1161.0,894.0,1145.0,1550.0,1205.0,1507.0,1231.0
12734,Slovakia,Starchy Roots,Human Consumption,389.0,367.0,423.0,389.0,364.0,347.0,340.0,338.0,322.0,314.0,286.0,292.0,283.0,285.0,273.0,274.0,275.0,276.0
12735,Slovakia,Starchy Roots,Other uses (non-food),0.0,0.0,0.0,0.0,0.0,0.0,0.0,2.0,0.0,0.0,0.0,0.0,0.0,0.0,0.0,0.0,0.0,0.0
12736,Slovakia,Oilcrops,Seed,1.0,1.0,3.0,2.0,2.0,3.0,2.0,2.0,2.0,2.0,2.0,2.0,3.0,3.0,1.0,1.0,3.0,3.0
12737,Slovakia,Starchy Roots,Processing,14.0,14.0,15.0,18.0,21.0,27.0,33.0,24.0,14.0,11.0,6.0,5.0,18.0,18.0,2.0,2.0,3.0,3.0
12738,Slovakia,Starchy Roots,Seed,18.0,20.0,19.0,19.0,16.0,15.0,14.0,14.0,14.0,14.0,14.0,13.0,13.0,13.0,15.0,13.0,14.0,12.0
12739,Slovakia,Starchy Roots,Feed,8.0,4.0,8.0,2.0,3.0,2.0,2.0,2.0,2.0,2.0,2.0,2.0,2.0,2.0,2.0,1.0,1.0,1.0
12740,Slovakia,Starchy Roots,Domestic supply,442.0,415.0,476.0,439.0,413.0,395.0,393.0,384.0,355.0,345.0,301.0,314.0,317.0,319.0,296.0,295.0,297.0,297.0
12741,Slovakia,Starchy Roots,Export,0.0,1.0,1.0,3.0,4.0,5.0,8.0,15.0,34.0,36.0,29.0,12.0,9.0,3.0,8.0,12.0,14.0,14.0
12742,Slovakia,Starchy Roots,Stock Variation,-63.0,49.0,-73.0,-21.0,-43.0,4.0,35.0,26.0,51.0,81.0,83.0,4.0,78.0,67.0,-45.0,-72.0,-47.0,-72.0
12743,Slovakia,Starchy Roots,Import,86.0,44.0,66.0,70.0,78.0,95.0,103.0,85.0,93.0,84.0,120.0,104.0,83.0,90.0,80.0,90.0,87.0,89.0
12744,Slovakia,Starchy Roots,Production,419.0,323.0,484.0,392.0,382.0,301.0,263.0,288.0,245.0,216.0,126.0,217.0,166.0,164.0,179.0,145.0,177.0,150.0
12745,Slovakia,Oilcrops,Human Consumption,9.0,9.0,12.0,15.0,11.0,12.0,12.0,12.0,15.0,15.0,19.0,14.0,13.0,16.0,17.0,18.0,16.0,15.0
12746,Slovakia,Oilcrops,Other uses (non-food),1.0,1.0,1.0,1.0,1.0,1.0,1.0,1.0,1.0,1.0,1.0,0.0,1.0,1.0,1.0,1.0,1.0,1.0
12747,Slovakia,Oilcrops,Processing,158.0,152.0,216.0,199.0,250.0,304.0,328.0,299.0,316.0,310.0,261.0,215.0,196.0,185.0,271.0,240.0,296.0,301.0
12748,Slovakia,Starchy Roots,Losses,13.0,10.0,10.0,10.0,10.0,5.0,4.0,4.0,4.0,4.0,2.0,2.0,2.0,2.0,5.0,4.0,5.0,4.0
12749,Slovakia,Sugar & Sweeteners,Processing,11.0,10.0,0.0,0.0,9.0,7.0,9.0,20.0,26.0,30.0,30.0,26.0,23.0,33.0,93.0,112.0,120.0,91.0
12750,Slovakia,Eggs,Export,1.0,1.0,1.0,3.0,3.0,6.0,11.0,7.0,10.0,9.0,15.0,20.0,13.0,10.0,10.0,12.0,10.0,8.0
12751,Slovakia,Sugar & Sweeteners,Feed,0.0,0.0,0.0,0.0,0.0,0.0,0.0,0.0,0.0,0.0,0.0,0.0,0.0,0.0,0.0,0.0,0.0,0.0
12752,Slovakia,Fruits - Excluding Wine,Export,29.0,54.0,44.0,78.0,70.0,70.0,107.0,98.0,113.0,92.0,97.0,121.0,142.0,141.0,81.0,75.0,80.0,80.0
12753,Slovakia,Fruits - Excluding Wine,Stock Variation,0.0,0.0,0.0,-1.0,-1.0,-11.0,0.0,5.0,7.0,0.0,0.0,0.0,0.0,0.0,8.0,18.0,26.0,32.0
12754,Slovakia,Fruits - Excluding Wine,Import,249.0,242.0,255.0,294.0,277.0,351.0,364.0,385.0,387.0,391.0,403.0,390.0,377.0,396.0,298.0,318.0,352.0,355.0
12755,Slovakia,Fruits - Excluding Wine,Production,254.0,199.0,177.0,208.0,170.0,172.0,144.0,133.0,169.0,151.0,110.0,138.0,103.0,109.0,95.0,104.0,63.0,84.0
12756,Slovakia,Stimulants,Human Consumption,25.0,26.0,26.0,27.0,26.0,25.0,27.0,36.0,37.0,29.0,34.0,40.0,26.0,35.0,18.0,17.0,19.0,19.0
12757,Slovakia,Stimulants,Processing,0.0,0.0,0.0,0.0,0.0,0.0,0.0,0.0,0.0,0.0,0.0,0.0,0.0,0.0,3.0,3.0,4.0,4.0
12758,Slovakia,Stimulants,Domestic supply,25.0,26.0,26.0,27.0,26.0,25.0,27.0,36.0,37.0,29.0,34.0,40.0,26.0,35.0,20.0,20.0,23.0,23.0
12759,Slovakia,Stimulants,Export,10.0,19.0,25.0,25.0,36.0,28.0,38.0,31.0,44.0,63.0,48.0,53.0,64.0,57.0,21.0,22.0,50.0,42.0
12760,Slovakia,Stimulants,Stock Variation,-3.0,9.0,4.0,6.0,17.0,-7.0,-23.0,-12.0,-3.0,10.0,12.0,5.0,0.0,-5.0,16.0,15.0,-8.0,-12.0
12761,Slovakia,Stimulants,Import,38.0,35.0,47.0,46.0,45.0,60.0,88.0,79.0,84.0,82.0,70.0,87.0,89.0,97.0,57.0,57.0,65.0,53.0
12762,Slovakia,Fruits - Excluding Wine,Domestic supply,474.0,387.0,388.0,423.0,377.0,442.0,401.0,425.0,451.0,450.0,414.0,407.0,339.0,364.0,303.0,328.0,310.0,328.0
12763,Slovakia,Stimulants,Production,0.0,0.0,0.0,0.0,0.0,0.0,0.0,0.0,0.0,0.0,0.0,0.0,0.0,0.0,0.0,0.0,0.0,0.0
12764,Slovakia,Spices,Losses,0.0,0.0,0.0,0.0,0.0,0.0,0.0,0.0,0.0,0.0,0.0,0.0,0.0,0.0,0.0,0.0,0.0,0.0
12765,Slovakia,Spices,Domestic supply,2.0,2.0,2.0,2.0,3.0,2.0,3.0,3.0,3.0,3.0,4.0,4.0,4.0,4.0,4.0,3.0,3.0,3.0
12766,Slovakia,Spices,Export,0.0,0.0,0.0,0.0,0.0,1.0,0.0,1.0,0.0,0.0,1.0,1.0,1.0,1.0,1.0,1.0,1.0,1.0
12767,Slovakia,Spices,Stock Variation,0.0,0.0,0.0,0.0,0.0,0.0,0.0,0.0,0.0,0.0,0.0,0.0,0.0,0.0,0.0,0.0,0.0,0.0
12768,Slovakia,Spices,Import,2.0,2.0,2.0,2.0,3.0,2.0,3.0,4.0,4.0,4.0,4.0,4.0,4.0,5.0,5.0,5.0,4.0,4.0
12769,Slovakia,Spices,Production,0.0,0.0,0.0,0.0,0.0,0.0,0.0,0.0,0.0,0.0,0.0,0.0,0.0,0.0,0.0,0.0,0.0,1.0
12770,Slovakia,Alcoholic Beverages,Other uses (non-food),6.0,8.0,2.0,2.0,6.0,7.0,5.0,3.0,4.0,4.0,10.0,7.0,6.0,11.0,7.0,0.0,0.0,0.0
12771,Slovakia,Alcoholic Beverages,Processing,5.0,5.0,5.0,5.0,5.0,13.0,13.0,17.0,20.0,22.0,34.0,40.0,52.0,48.0,55.0,50.0,52.0,45.0
12772,Slovakia,Sugar & Sweeteners,Losses,0.0,0.0,0.0,0.0,0.0,0.0,0.0,0.0,0.0,0.0,0.0,0.0,0.0,0.0,0.0,0.0,0.0,0.0
12773,Slovakia,Alcoholic Beverages,Domestic supply,556.0,568.0,575.0,565.0,533.0,535.0,534.0,539.0,538.0,545.0,508.0,525.0,549.0,513.0,526.0,504.0,508.0,488.0
12774,Slovakia,Spices,Human Consumption,2.0,2.0,2.0,2.0,3.0,2.0,3.0,3.0,3.0,3.0,4.0,4.0,4.0,4.0,4.0,3.0,3.0,3.0
12775,Slovakia,Fruits - Excluding Wine,Seed,0.0,0.0,0.0,0.0,0.0,0.0,0.0,0.0,0.0,0.0,0.0,0.0,0.0,0.0,0.0,0.0,0.0,0.0
12776,Slovakia,Alcoholic Beverages,Human Consumption,545.0,555.0,568.0,558.0,522.0,515.0,515.0,520.0,514.0,520.0,464.0,478.0,491.0,454.0,464.0,466.0,461.0,460.0
12777,Slovakia,Fruits - Excluding Wine,Processing,96.0,81.0,65.0,84.0,85.0,96.0,73.0,68.0,75.0,64.0,50.0,53.0,35.0,30.0,42.0,37.0,41.0,43.0
12778,Slovakia,Fruits - Excluding Wine,Losses,22.0,17.0,17.0,19.0,16.0,17.0,16.0,17.0,20.0,18.0,19.0,18.0,18.0,18.0,14.0,16.0,17.0,18.0
12779,Slovakia,Sugar & Sweeteners,Domestic supply,203.0,188.0,166.0,170.0,223.0,266.0,247.0,240.0,315.0,317.0,319.0,292.0,269.0,308.0,393.0,343.0,512.0,510.0
12780,Slovakia,Sugar & Sweeteners,Stock Variation,4.0,-79.0,-22.0,-64.0,-74.0,2.0,119.0,154.0,21.0,77.0,85.0,82.0,316.0,96.0,45.0,54.0,51.0,-23.0
12781,Slovakia,Sugar & Sweeteners,Production,191.0,223.0,215.0,214.0,337.0,341.0,301.0,245.0,222.0,255.0,317.0,373.0,355.0,412.0,488.0,448.0,488.0,414.0
12782,Slovakia,Vegetable Oils,Human Consumption,63.0,65.0,61.0,61.0,72.0,70.0,58.0,57.0,58.0,65.0,66.0,73.0,83.0,63.0,58.0,85.0,100.0,108.0
12783,Slovakia,Vegetable Oils,Other uses (non-food),10.0,19.0,17.0,16.0,36.0,76.0,109.0,87.0,131.0,146.0,80.0,44.0,19.0,54.0,41.0,43.0,48.0,48.0
12784,Slovakia,Vegetable Oils,Processing,2.0,0.0,3.0,3.0,3.0,3.0,3.0,5.0,4.0,3.0,3.0,1.0,3.0,4.0,15.0,16.0,16.0,22.0
12785,Slovakia,Vegetable Oils,Domestic supply,75.0,85.0,81.0,80.0,111.0,149.0,170.0,149.0,193.0,214.0,149.0,118.0,105.0,121.0,115.0,139.0,163.0,178.0
12786,Slovakia,Vegetable Oils,Export,39.0,44.0,37.0,42.0,63.0,45.0,41.0,41.0,31.0,85.0,60.0,70.0,221.0,153.0,140.0,132.0,116.0,40.0
12787,Slovakia,Vegetable Oils,Stock Variation,-1.0,-1.0,-3.0,-3.0,7.0,6.0,-12.0,0.0,-7.0,20.0,-43.0,-39.0,67.0,15.0,42.0,0.0,2.0,6.0
12788,Slovakia,Sugar & Sweeteners,Import,75.0,100.0,91.0,110.0,125.0,176.0,168.0,143.0,211.0,223.0,308.0,240.0,293.0,280.0,395.0,421.0,480.0,486.0
12789,Slovakia,Vegetable Oils,Production,62.0,60.0,80.0,76.0,96.0,118.0,128.0,125.0,123.0,122.0,103.0,80.0,73.0,74.0,99.0,93.0,111.0,111.0
12790,Slovakia,Fruits - Excluding Wine,Human Consumption,355.0,288.0,305.0,321.0,276.0,329.0,311.0,340.0,356.0,368.0,346.0,336.0,286.0,316.0,247.0,276.0,252.0,266.0
12791,Slovakia,Vegetable Oils,Import,54.0,70.0,42.0,49.0,71.0,70.0,95.0,66.0,108.0,157.0,150.0,146.0,186.0,185.0,197.0,178.0,171.0,113.0
12792,Slovakia,Vegetables,Production,419.0,405.0,313.0,337.0,343.0,341.0,353.0,310.0,335.0,301.0,272.0,268.0,93.0,84.0,111.0,96.0,119.0,100.0
12793,Slovakia,Vegetables,Import,115.0,118.0,139.0,146.0,159.0,173.0,221.0,255.0,296.0,298.0,310.0,320.0,309.0,318.0,294.0,308.0,334.0,323.0
12794,Slovakia,Vegetables,Stock Variation,1.0,1.0,0.0,0.0,0.0,0.0,0.0,0.0,0.0,0.0,0.0,0.0,0.0,0.0,2.0,2.0,13.0,11.0
12795,Slovakia,Sugar & Sweeteners,Export,66.0,56.0,118.0,90.0,165.0,253.0,340.0,302.0,139.0,239.0,391.0,403.0,694.0,480.0,444.0,472.0,406.0,412.0
12796,Slovakia,Vegetables,Domestic supply,479.0,449.0,386.0,416.0,464.0,447.0,498.0,514.0,567.0,550.0,535.0,550.0,361.0,349.0,362.0,342.0,392.0,360.0
12797,Slovakia,Vegetables,Feed,0.0,0.0,0.0,0.0,0.0,0.0,0.0,0.0,0.0,0.0,0.0,0.0,0.0,0.0,0.0,0.0,0.0,0.0
12798,Slovakia,Vegetables,Losses,35.0,35.0,20.0,21.0,28.0,44.0,35.0,33.0,37.0,34.0,32.0,32.0,20.0,19.0,20.0,19.0,21.0,18.0
12799,Slovakia,Vegetables,Export,56.0,74.0,66.0,67.0,38.0,67.0,76.0,51.0,65.0,50.0,47.0,37.0,41.0,53.0,41.0,59.0,48.0,52.0
12800,Slovakia,Vegetables,Human Consumption,444.0,415.0,366.0,395.0,437.0,404.0,463.0,481.0,530.0,516.0,503.0,518.0,341.0,330.0,342.0,325.0,372.0,342.0
12801,Slovenia,Sugar & Sweeteners,Other uses (non-food),84.0,62.0,84.0,86.0,105.0,39.0,51.0,26.0,36.0,62.0,30.0,70.0,48.0,34.0,40.0,45.0,34.0,44.0
12802,Slovenia,Vegetable Oils,Import,62.0,63.0,68.0,62.0,59.0,71.0,78.0,77.0,68.0,72.0,83.0,70.0,69.0,83.0,79.0,87.0,91.0,70.0
12803,Slovenia,Vegetable Oils,Stock Variation,6.0,1.0,-1.0,3.0,5.0,2.0,0.0,0.0,-1.0,-3.0,-2.0,-1.0,-1.0,5.0,6.0,4.0,4.0,7.0
12804,Slovenia,Vegetable Oils,Export,28.0,13.0,16.0,13.0,13.0,16.0,16.0,24.0,18.0,19.0,21.0,27.0,23.0,42.0,34.0,42.0,38.0,22.0
12805,Slovenia,Vegetable Oils,Domestic supply,44.0,52.0,52.0,53.0,53.0,59.0,65.0,57.0,53.0,54.0,63.0,47.0,48.0,51.0,44.0,44.0,52.0,45.0
12806,Slovenia,Vegetable Oils,Feed,0.0,0.0,0.0,0.0,0.0,0.0,0.0,1.0,2.0,2.0,1.0,1.0,1.0,0.0,0.0,1.0,1.0,0.0
12807,Slovenia,Vegetable Oils,Processing,0.0,0.0,0.0,0.0,0.0,0.0,0.0,0.0,0.0,0.0,0.0,0.0,0.0,0.0,10.0,11.0,11.0,11.0
12808,Slovenia,Vegetable Oils,Other uses (non-food),20.0,27.0,26.0,26.0,25.0,33.0,39.0,31.0,25.0,27.0,35.0,18.0,20.0,21.0,17.0,17.0,23.0,16.0
12809,Slovenia,Sugar & Sweeteners,Production,92.0,89.0,98.0,91.0,116.0,91.0,94.0,16.0,15.0,15.0,15.0,16.0,16.0,17.0,13.0,14.0,15.0,14.0
12810,Slovenia,Sugar & Sweeteners,Import,72.0,48.0,58.0,62.0,71.0,69.0,129.0,185.0,130.0,158.0,147.0,218.0,191.0,151.0,242.0,230.0,206.0,210.0
12811,Slovenia,Sugar & Sweeteners,Stock Variation,7.0,0.0,0.0,0.0,0.0,-17.0,0.0,17.0,0.0,0.0,-4.0,-4.0,0.0,0.0,-7.0,-4.0,-22.0,-14.0
12812,Slovenia,Sugar & Sweeteners,Export,34.0,27.0,27.0,24.0,34.0,56.0,125.0,143.0,58.0,60.0,73.0,106.0,101.0,75.0,128.0,107.0,121.0,98.0
12813,Slovenia,Sugar & Sweeteners,Feed,0.0,0.0,0.0,0.0,0.0,0.0,0.0,0.0,0.0,0.0,0.0,0.0,0.0,0.0,0.0,0.0,0.0,0.0
12814,Slovenia,Sugar & Sweeteners,Losses,0.0,0.0,0.0,0.0,0.0,0.0,0.0,0.0,0.0,0.0,0.0,0.0,0.0,0.0,0.0,0.0,0.0,0.0
12815,Slovenia,Sugar & Sweeteners,Processing,11.0,9.0,5.0,3.0,2.0,1.0,1.0,1.0,1.0,1.0,1.0,1.0,2.0,2.0,1.0,2.0,1.0,2.0
12816,Slovenia,Vegetable Oils,Production,3.0,0.0,0.0,0.0,2.0,1.0,2.0,5.0,4.0,4.0,4.0,4.0,4.0,5.0,5.0,3.0,3.0,4.0
12817,Slovenia,Vegetable Oils,Human Consumption,24.0,25.0,26.0,27.0,28.0,26.0,26.0,25.0,26.0,26.0,27.0,27.0,27.0,30.0,16.0,16.0,17.0,18.0
12818,Slovenia,Sugar & Sweeteners,Domestic supply,137.0,110.0,130.0,129.0,153.0,87.0,98.0,75.0,87.0,113.0,85.0,124.0,106.0,93.0,133.0,141.0,122.0,140.0
12819,Slovenia,Fruits - Excluding Wine,Losses,71.0,33.0,38.0,35.0,43.0,40.0,39.0,41.0,41.0,42.0,44.0,35.0,31.0,33.0,35.0,42.0,33.0,42.0
12820,Slovenia,Vegetables,Losses,18.0,14.0,15.0,15.0,17.0,18.0,20.0,19.0,22.0,25.0,23.0,20.0,21.0,20.0,19.0,21.0,21.0,20.0
12821,Slovenia,Sugar & Sweeteners,Human Consumption,42.0,40.0,40.0,40.0,45.0,48.0,46.0,48.0,49.0,50.0,54.0,53.0,56.0,57.0,92.0,94.0,86.0,95.0
12822,Slovenia,Stimulants,Stock Variation,-6.0,2.0,2.0,2.0,0.0,0.0,0.0,0.0,0.0,0.0,0.0,0.0,0.0,0.0,0.0,0.0,0.0,0.0
12823,Slovenia,Stimulants,Export,10.0,2.0,2.0,2.0,4.0,4.0,4.0,4.0,7.0,8.0,7.0,6.0,8.0,15.0,6.0,5.0,9.0,14.0
12824,Slovenia,Stimulants,Domestic supply,22.0,21.0,22.0,20.0,17.0,19.0,20.0,22.0,23.0,24.0,23.0,22.0,19.0,21.0,12.0,12.0,12.0,12.0
12825,Slovenia,Stimulants,Processing,0.0,0.0,0.0,0.0,0.0,0.0,0.0,0.0,0.0,0.0,0.0,0.0,0.0,0.0,2.0,2.0,2.0,2.0
12826,Slovenia,Stimulants,Human Consumption,22.0,21.0,22.0,20.0,17.0,19.0,20.0,22.0,23.0,24.0,23.0,22.0,19.0,21.0,10.0,10.0,10.0,10.0
12827,Slovenia,Fruits - Excluding Wine,Production,298.0,211.0,301.0,237.0,321.0,260.0,260.0,271.0,235.0,240.0,259.0,260.0,172.0,198.0,222.0,267.0,182.0,199.0
12828,Slovenia,Fruits - Excluding Wine,Import,217.0,125.0,147.0,145.0,166.0,202.0,207.0,225.0,265.0,270.0,249.0,241.0,236.0,247.0,214.0,247.0,264.0,328.0
12829,Slovenia,Fruits - Excluding Wine,Stock Variation,-40.0,40.0,-30.0,30.0,-20.0,10.0,-10.0,0.0,-5.0,-6.0,-14.0,-3.0,45.0,-5.0,5.0,6.0,-8.0,4.0
12830,Slovenia,Fruits - Excluding Wine,Export,27.0,37.0,31.0,46.0,40.0,79.0,114.0,151.0,165.0,154.0,163.0,172.0,154.0,126.0,126.0,162.0,157.0,198.0
12831,Slovenia,Fruits - Excluding Wine,Domestic supply,448.0,339.0,386.0,366.0,428.0,393.0,343.0,345.0,330.0,351.0,331.0,326.0,299.0,313.0,305.0,345.0,298.0,325.0
12832,Slovenia,Fruits - Excluding Wine,Processing,63.0,75.0,53.0,51.0,59.0,49.0,41.0,49.0,42.0,42.0,37.0,43.0,42.0,38.0,29.0,51.0,39.0,38.0
12833,Slovenia,Fruits - Excluding Wine,Human Consumption,314.0,232.0,295.0,281.0,326.0,304.0,262.0,254.0,248.0,270.0,251.0,250.0,229.0,243.0,241.0,252.0,225.0,245.0
12834,Slovenia,Vegetables,Production,80.0,62.0,72.0,66.0,83.0,89.0,80.0,66.0,77.0,85.0,61.0,79.0,71.0,69.0,84.0,97.0,107.0,98.0
12835,Slovenia,Vegetables,Import,110.0,94.0,94.0,106.0,105.0,116.0,144.0,161.0,173.0,199.0,199.0,180.0,190.0,198.0,177.0,176.0,177.0,178.0
12836,Slovenia,Vegetables,Stock Variation,0.0,0.0,0.0,0.0,0.0,0.0,0.0,0.0,0.0,0.0,0.0,0.0,0.0,0.0,1.0,3.0,6.0,4.0
12837,Slovenia,Vegetables,Export,23.0,4.0,3.0,3.0,4.0,12.0,28.0,52.0,55.0,79.0,83.0,74.0,86.0,81.0,70.0,68.0,64.0,60.0
12838,Slovenia,Vegetables,Domestic supply,167.0,152.0,163.0,169.0,184.0,193.0,196.0,175.0,195.0,205.0,177.0,185.0,175.0,187.0,190.0,203.0,214.0,211.0
12839,Slovenia,Vegetables,Feed,0.0,0.0,0.0,0.0,0.0,0.0,0.0,0.0,0.0,0.0,0.0,0.0,0.0,0.0,0.0,0.0,0.0,0.0
12840,Slovenia,Vegetables,Human Consumption,150.0,138.0,148.0,154.0,167.0,175.0,176.0,155.0,173.0,179.0,154.0,165.0,155.0,166.0,171.0,182.0,193.0,191.0
12841,Slovenia,Pulses,Production,1.0,1.0,1.0,1.0,2.0,6.0,10.0,6.0,4.0,2.0,2.0,3.0,2.0,1.0,2.0,2.0,3.0,3.0
12842,Slovenia,Oilcrops,Processing,1.0,1.0,3.0,1.0,6.0,5.0,6.0,13.0,12.0,6.0,4.0,5.0,5.0,6.0,5.0,2.0,2.0,4.0
12843,Slovenia,Pulses,Stock Variation,0.0,0.0,0.0,0.0,0.0,-3.0,-8.0,-3.0,-2.0,0.0,1.0,1.0,1.0,2.0,-2.0,-1.0,-1.0,-1.0
12844,Slovenia,Oilcrops,Human Consumption,13.0,4.0,3.0,3.0,3.0,4.0,5.0,5.0,5.0,6.0,6.0,7.0,7.0,7.0,6.0,6.0,7.0,5.0
12845,Slovenia,Starchy Roots,Production,186.0,148.0,166.0,108.0,171.0,145.0,107.0,131.0,132.0,140.0,125.0,117.0,99.0,81.0,107.0,108.0,101.0,93.0
12846,Slovenia,Starchy Roots,Import,45.0,27.0,30.0,33.0,45.0,41.0,61.0,60.0,56.0,59.0,55.0,64.0,56.0,58.0,40.0,38.0,49.0,61.0
12847,Slovenia,Starchy Roots,Stock Variation,0.0,0.0,-20.0,20.0,-20.0,0.0,0.0,-30.0,0.0,-10.0,0.0,0.0,20.0,30.0,-3.0,-1.0,1.0,2.0
12848,Slovenia,Starchy Roots,Domestic supply,231.0,167.0,175.0,157.0,194.0,171.0,159.0,146.0,175.0,175.0,164.0,154.0,158.0,156.0,138.0,136.0,132.0,134.0
12849,Slovenia,Starchy Roots,Feed,27.0,24.0,23.0,23.0,47.0,58.0,25.0,20.0,40.0,40.0,30.0,28.0,30.0,28.0,20.0,24.0,22.0,23.0
12850,Slovenia,Starchy Roots,Seed,16.0,14.0,14.0,14.0,13.0,12.0,11.0,9.0,8.0,8.0,7.0,7.0,7.0,7.0,9.0,8.0,7.0,3.0
12851,Slovenia,Starchy Roots,Losses,8.0,6.0,7.0,5.0,8.0,7.0,5.0,7.0,7.0,7.0,7.0,5.0,3.0,3.0,6.0,6.0,6.0,5.0
12852,Slovenia,Oilcrops,Other uses (non-food),0.0,1.0,1.0,1.0,0.0,1.0,1.0,1.0,1.0,1.0,1.0,1.0,1.0,1.0,1.0,1.0,1.0,1.0
12853,Slovenia,Starchy Roots,Processing,14.0,5.0,4.0,4.0,3.0,2.0,15.0,3.0,3.0,4.0,3.0,2.0,4.0,4.0,0.0,1.0,1.0,1.0
12854,Slovenia,Starchy Roots,Human Consumption,166.0,117.0,127.0,111.0,124.0,92.0,103.0,107.0,117.0,115.0,116.0,112.0,115.0,114.0,103.0,98.0,97.0,102.0
12855,Slovenia,Sugar Crops,Production,349.0,186.0,232.0,202.0,213.0,260.0,262.0,0.0,0.0,0.0,0.0,0.0,0.0,0.0,0.0,0.0,0.0,0.0
12856,Slovenia,Sugar Crops,Import,0.0,0.0,0.0,0.0,57.0,131.0,14.0,0.0,0.0,0.0,0.0,0.0,0.0,0.0,0.0,5.0,3.0,5.0
12857,Slovenia,Sugar Crops,Export,0.0,0.0,0.0,0.0,0.0,0.0,0.0,0.0,0.0,0.0,0.0,0.0,0.0,0.0,0.0,4.0,2.0,5.0
12858,Slovenia,Sugar Crops,Domestic supply,349.0,186.0,232.0,202.0,270.0,391.0,276.0,0.0,0.0,0.0,0.0,0.0,0.0,0.0,0.0,1.0,1.0,0.0
12859,Slovenia,Sugar Crops,Feed,0.0,0.0,0.0,0.0,0.0,0.0,0.0,0.0,0.0,0.0,0.0,0.0,0.0,0.0,0.0,1.0,1.0,0.0
12860,Slovenia,Sugar Crops,Losses,0.0,0.0,0.0,0.0,0.0,0.0,0.0,0.0,0.0,0.0,0.0,0.0,0.0,0.0,0.0,0.0,0.0,0.0
12861,Slovenia,Sugar Crops,Processing,349.0,186.0,232.0,202.0,270.0,391.0,276.0,0.0,0.0,0.0,0.0,0.0,0.0,0.0,0.0,0.0,0.0,0.0
12862,Slovenia,Starchy Roots,Other uses (non-food),0.0,0.0,0.0,0.0,0.0,0.0,0.0,0.0,0.0,0.0,0.0,0.0,0.0,0.0,0.0,0.0,0.0,0.0
12863,Slovenia,Stimulants,Import,38.0,20.0,21.0,20.0,22.0,23.0,24.0,26.0,29.0,32.0,30.0,28.0,27.0,36.0,18.0,18.0,21.0,26.0
12864,Slovenia,Oilcrops,Losses,0.0,0.0,0.0,0.0,0.0,0.0,1.0,0.0,1.0,0.0,3.0,4.0,5.0,2.0,1.0,0.0,0.0,0.0
12865,Slovenia,Oilcrops,Seed,0.0,0.0,0.0,0.0,0.0,0.0,0.0,0.0,0.0,0.0,0.0,0.0,0.0,0.0,0.0,1.0,1.0,0.0
12866,Slovenia,Pulses,Export,2.0,0.0,0.0,0.0,0.0,0.0,0.0,1.0,0.0,1.0,1.0,0.0,1.0,1.0,1.0,2.0,3.0,2.0
12867,Slovenia,Pulses,Domestic supply,5.0,4.0,4.0,4.0,5.0,5.0,5.0,5.0,5.0,5.0,5.0,6.0,5.0,5.0,6.0,6.0,6.0,6.0
12868,Slovenia,Pulses,Feed,3.0,1.0,1.0,1.0,1.0,1.0,0.0,1.0,0.0,1.0,1.0,1.0,1.0,1.0,1.0,1.0,2.0,2.0
12869,Slovenia,Pulses,Seed,0.0,0.0,0.0,0.0,0.0,0.0,0.0,0.0,0.0,0.0,0.0,0.0,0.0,0.0,0.0,0.0,0.0,0.0
12870,Slovenia,Pulses,Losses,0.0,0.0,0.0,0.0,0.0,0.0,0.0,0.0,0.0,0.0,0.0,0.0,0.0,0.0,0.0,0.0,0.0,0.0
12871,Slovenia,Pulses,Human Consumption,2.0,2.0,3.0,3.0,4.0,4.0,4.0,4.0,4.0,4.0,4.0,5.0,4.0,4.0,4.0,4.0,4.0,4.0
12872,Slovenia,Treenuts,Production,3.0,2.0,2.0,3.0,4.0,3.0,3.0,3.0,3.0,3.0,3.0,3.0,5.0,4.0,4.0,5.0,6.0,7.0
12873,Slovenia,Treenuts,Import,4.0,4.0,4.0,4.0,4.0,4.0,4.0,4.0,5.0,5.0,6.0,6.0,6.0,8.0,5.0,5.0,5.0,5.0
12874,Slovenia,Treenuts,Stock Variation,1.0,0.0,0.0,0.0,0.0,0.0,0.0,0.0,0.0,0.0,0.0,0.0,0.0,0.0,0.0,1.0,2.0,3.0
12875,Slovenia,Treenuts,Export,1.0,0.0,0.0,0.0,0.0,0.0,0.0,0.0,1.0,1.0,1.0,2.0,2.0,2.0,2.0,2.0,2.0,1.0
12876,Slovenia,Treenuts,Domestic supply,7.0,6.0,7.0,7.0,8.0,7.0,7.0,7.0,7.0,8.0,8.0,8.0,9.0,10.0,7.0,7.0,7.0,8.0
12877,Slovenia,Treenuts,Losses,0.0,0.0,0.0,0.0,0.0,0.0,0.0,0.0,0.0,0.0,0.0,0.0,0.0,0.0,0.0,0.0,0.0,0.0
12878,Slovenia,Treenuts,Human Consumption,7.0,6.0,7.0,7.0,8.0,7.0,6.0,7.0,7.0,8.0,8.0,8.0,9.0,10.0,6.0,7.0,7.0,8.0
12879,Slovenia,Oilcrops,Production,2.0,2.0,8.0,6.0,8.0,9.0,8.0,17.0,14.0,12.0,18.0,17.0,19.0,18.0,22.0,10.0,18.0,19.0
12880,Slovenia,Oilcrops,Import,19.0,7.0,7.0,6.0,6.0,7.0,26.0,9.0,96.0,15.0,289.0,350.0,230.0,69.0,67.0,63.0,57.0,67.0
12881,Slovenia,Oilcrops,Stock Variation,-1.0,0.0,-1.0,0.0,-2.0,2.0,0.0,-1.0,2.0,0.0,0.0,-1.0,-1.0,0.0,0.0,4.0,-2.0,0.0
12882,Slovenia,Oilcrops,Export,3.0,2.0,6.0,6.0,1.0,7.0,21.0,5.0,91.0,13.0,292.0,348.0,228.0,70.0,75.0,55.0,65.0,87.0
12883,Slovenia,Oilcrops,Domestic supply,17.0,7.0,8.0,6.0,11.0,10.0,13.0,19.0,20.0,14.0,16.0,18.0,19.0,17.0,15.0,14.0,12.0,0.0
12884,Slovenia,Oilcrops,Feed,4.0,2.0,1.0,1.0,1.0,1.0,1.0,1.0,1.0,1.0,1.0,1.0,1.0,0.0,3.0,4.0,2.0,1.0
12885,Slovenia,Pulses,Import,6.0,3.0,3.0,3.0,4.0,3.0,3.0,3.0,3.0,3.0,3.0,3.0,3.0,4.0,3.0,4.0,5.0,4.0
12886,Slovenia,Stimulants,Production,0.0,0.0,0.0,0.0,0.0,0.0,0.0,0.0,0.0,0.0,0.0,0.0,0.0,0.0,0.0,0.0,0.0,0.0
12887,Slovenia,Meat,Stock Variation,-1.0,1.0,0.0,0.0,0.0,0.0,0.0,0.0,0.0,0.0,0.0,0.0,0.0,0.0,2.0,6.0,7.0,11.0
12888,Slovenia,Spices,Losses,0.0,0.0,0.0,0.0,0.0,0.0,0.0,0.0,0.0,0.0,0.0,0.0,0.0,0.0,0.0,0.0,0.0,0.0
12889,Slovenia,"Fish, Seafood",Feed,14.0,16.0,11.0,7.0,4.0,4.0,3.0,3.0,2.0,1.0,1.0,1.0,1.0,1.0,1.0,1.0,1.0,1.0
12890,Slovenia,"Fish, Seafood",Other uses (non-food),0.0,0.0,0.0,0.0,0.0,0.0,0.0,0.0,0.0,0.0,0.0,0.0,0.0,0.0,0.0,0.0,0.0,0.0
12891,Slovenia,"Fish, Seafood",Human Consumption,13.0,15.0,15.0,17.0,19.0,18.0,20.0,21.0,22.0,22.0,23.0,23.0,21.0,22.0,23.0,23.0,24.0,25.0
12892,Slovenia,Eggs,Production,23.0,23.0,23.0,18.0,15.0,14.0,14.0,16.0,19.0,22.0,22.0,21.0,22.0,19.0,21.0,20.0,23.0,23.0
12893,Slovenia,Eggs,Import,4.0,1.0,2.0,1.0,1.0,2.0,2.0,3.0,3.0,3.0,4.0,3.0,3.0,3.0,3.0,3.0,3.0,3.0
12894,Slovenia,Eggs,Stock Variation,0.0,0.0,0.0,0.0,0.0,0.0,0.0,0.0,0.0,0.0,0.0,0.0,0.0,0.0,0.0,0.0,0.0,0.0
12895,Slovenia,Eggs,Export,1.0,1.0,1.0,2.0,2.0,1.0,2.0,2.0,2.0,2.0,2.0,2.0,2.0,1.0,2.0,2.0,2.0,2.0
12896,Slovenia,Eggs,Domestic supply,25.0,23.0,23.0,17.0,14.0,15.0,15.0,17.0,20.0,23.0,23.0,22.0,24.0,21.0,23.0,22.0,24.0,25.0
12897,Slovenia,"Fish, Seafood",Domestic supply,27.0,31.0,26.0,24.0,23.0,22.0,23.0,24.0,24.0,23.0,24.0,24.0,22.0,22.0,24.0,24.0,25.0,26.0
12898,Slovenia,Eggs,Feed,0.0,0.0,0.0,0.0,0.0,0.0,0.0,0.0,0.0,0.0,0.0,0.0,0.0,0.0,0.0,1.0,1.0,1.0
12899,Slovenia,Eggs,Losses,0.0,0.0,0.0,0.0,0.0,0.0,0.0,0.0,0.0,0.0,0.0,0.0,0.0,0.0,1.0,1.0,1.0,1.0
12900,Slovenia,Eggs,Other uses (non-food),0.0,0.0,0.0,0.0,0.0,0.0,0.0,0.0,0.0,0.0,0.0,0.0,0.0,0.0,0.0,0.0,0.0,0.0
12901,Slovenia,Eggs,Human Consumption,25.0,21.0,21.0,15.0,12.0,13.0,13.0,15.0,18.0,21.0,21.0,20.0,22.0,19.0,20.0,18.0,20.0,20.0
12902,Slovenia,Milk - Excluding Butter,Production,652.0,656.0,730.0,664.0,653.0,661.0,661.0,644.0,668.0,656.0,628.0,603.0,623.0,597.0,619.0,633.0,651.0,651.0
12903,Slovenia,Milk - Excluding Butter,Import,83.0,25.0,30.0,40.0,51.0,93.0,150.0,171.0,214.0,214.0,257.0,237.0,253.0,260.0,215.0,241.0,262.0,268.0
12904,Slovenia,Milk - Excluding Butter,Stock Variation,0.0,0.0,0.0,0.0,0.0,0.0,0.0,0.0,0.0,0.0,0.0,0.0,0.0,0.0,-11.0,1.0,1.0,1.0
12905,Slovenia,Milk - Excluding Butter,Domestic supply,544.0,565.0,646.0,560.0,576.0,589.0,577.0,557.0,613.0,597.0,570.0,541.0,555.0,536.0,534.0,521.0,520.0,524.0
12906,Slovenia,Milk - Excluding Butter,Feed,89.0,64.0,128.0,75.0,64.0,87.0,77.0,48.0,70.0,61.0,52.0,33.0,38.0,30.0,29.0,27.0,27.0,24.0
12907,Slovenia,Eggs,Seed,1.0,2.0,2.0,2.0,2.0,2.0,2.0,1.0,2.0,2.0,2.0,2.0,2.0,2.0,2.0,2.0,2.0,2.0
12908,Slovenia,Milk - Excluding Butter,Losses,13.0,13.0,15.0,13.0,13.0,14.0,14.0,14.0,14.0,14.0,7.0,7.0,14.0,13.0,11.0,11.0,12.0,11.0
12909,Slovenia,"Fish, Seafood",Export,4.0,4.0,4.0,4.0,8.0,16.0,13.0,11.0,10.0,9.0,10.0,9.0,7.0,10.0,12.0,15.0,20.0,17.0
12910,Slovenia,"Fish, Seafood",Import,28.0,32.0,27.0,25.0,29.0,35.0,34.0,32.0,31.0,29.0,31.0,31.0,27.0,31.0,35.0,38.0,43.0,41.0
12911,Slovenia,Cereals - Excluding Beer,Production,497.0,500.0,614.0,401.0,586.0,579.0,496.0,534.0,582.0,536.0,572.0,611.0,580.0,461.0,653.0,628.0,643.0,552.0
12912,Slovenia,Cereals - Excluding Beer,Import,374.0,542.0,470.0,481.0,563.0,466.0,578.0,571.0,548.0,527.0,548.0,634.0,502.0,636.0,711.0,594.0,715.0,894.0
12913,Slovenia,Cereals - Excluding Beer,Stock Variation,188.0,-15.0,-5.0,20.0,0.0,0.0,-20.0,0.0,3.0,-3.0,0.0,-110.0,20.0,40.0,43.0,2.0,20.0,3.0
12914,Slovenia,Cereals - Excluding Beer,Export,99.0,20.0,19.0,16.0,20.0,44.0,92.0,57.0,124.0,183.0,265.0,254.0,281.0,292.0,397.0,356.0,477.0,641.0
12915,Slovenia,Cereals - Excluding Beer,Domestic supply,959.0,1006.0,1060.0,886.0,1129.0,1001.0,963.0,1048.0,1009.0,877.0,854.0,880.0,822.0,845.0,925.0,865.0,860.0,802.0
12916,Slovenia,Cereals - Excluding Beer,Feed,517.0,517.0,580.0,422.0,629.0,550.0,489.0,571.0,532.0,409.0,377.0,376.0,327.0,337.0,401.0,361.0,342.0,305.0
12917,Slovenia,Cereals - Excluding Beer,Seed,16.0,15.0,15.0,15.0,14.0,14.0,15.0,16.0,15.0,14.0,14.0,15.0,14.0,15.0,12.0,15.0,12.0,9.0
12918,Slovenia,Cereals - Excluding Beer,Losses,118.0,111.0,112.0,94.0,121.0,109.0,114.0,115.0,118.0,110.0,116.0,130.0,114.0,121.0,136.0,119.0,133.0,139.0
12919,Slovenia,"Fish, Seafood",Stock Variation,0.0,0.0,0.0,0.0,0.0,0.0,-1.0,0.0,0.0,0.0,0.0,0.0,0.0,0.0,0.0,0.0,0.0,0.0
12920,Slovenia,Cereals - Excluding Beer,Processing,66.0,82.0,81.0,77.0,102.0,72.0,68.0,54.0,53.0,53.0,50.0,55.0,53.0,55.0,53.0,54.0,55.0,45.0
12921,Slovenia,Cereals - Excluding Beer,Human Consumption,241.0,279.0,269.0,274.0,260.0,252.0,274.0,278.0,277.0,277.0,283.0,291.0,300.0,303.0,304.0,300.0,304.0,291.0
12922,Slovenia,"Aquatic Products, Other",Production,0.0,0.0,0.0,0.0,0.0,0.0,0.0,0.0,0.0,0.0,0.0,0.0,0.0,0.0,0.0,0.0,0.0,0.0
12923,Slovenia,"Aquatic Products, Other",Import,0.0,0.0,0.0,0.0,0.0,0.0,0.0,0.0,0.0,0.0,0.0,0.0,0.0,0.0,0.0,0.0,0.0,0.0
12924,Slovenia,"Aquatic Products, Other",Export,0.0,0.0,0.0,0.0,0.0,0.0,0.0,0.0,0.0,0.0,0.0,0.0,0.0,0.0,0.0,0.0,0.0,0.0
12925,Slovenia,"Aquatic Products, Other",Domestic supply,0.0,0.0,0.0,0.0,0.0,0.0,0.0,0.0,0.0,0.0,0.0,0.0,0.0,0.0,0.0,0.0,0.0,0.0
12926,Slovenia,"Aquatic Products, Other",Other uses (non-food),0.0,0.0,0.0,0.0,0.0,0.0,0.0,0.0,0.0,0.0,0.0,0.0,0.0,0.0,0.0,0.0,0.0,0.0
12927,Slovenia,"Aquatic Products, Other",Human Consumption,0.0,0.0,0.0,0.0,0.0,0.0,0.0,0.0,0.0,0.0,0.0,0.0,0.0,0.0,0.0,0.0,0.0,0.0
12928,Slovenia,"Fish, Seafood",Production,3.0,3.0,3.0,3.0,3.0,3.0,2.0,2.0,2.0,2.0,2.0,2.0,2.0,2.0,2.0,2.0,2.0,2.0
12929,Slovenia,Cereals - Excluding Beer,Other uses (non-food),0.0,3.0,3.0,3.0,3.0,3.0,3.0,14.0,14.0,14.0,14.0,14.0,14.0,14.0,18.0,18.0,15.0,14.0
12930,Slovenia,Milk - Excluding Butter,Processing,0.0,0.0,0.0,0.0,0.0,0.0,0.0,0.0,0.0,0.0,0.0,0.0,0.0,0.0,30.0,28.0,28.0,0.0
12931,Slovenia,Milk - Excluding Butter,Other uses (non-food),1.0,7.0,6.0,6.0,4.0,4.0,3.0,3.0,2.0,2.0,1.0,2.0,7.0,6.0,0.0,0.0,0.0,0.0
12932,Slovenia,Milk - Excluding Butter,Human Consumption,441.0,481.0,497.0,466.0,495.0,484.0,482.0,493.0,527.0,520.0,510.0,499.0,497.0,487.0,464.0,454.0,454.0,467.0
12933,Slovenia,Miscellaneous,Import,2.0,1.0,1.0,1.0,1.0,1.0,1.0,1.0,1.0,2.0,2.0,2.0,2.0,3.0,42.0,44.0,49.0,51.0
12934,Slovenia,Miscellaneous,Stock Variation,0.0,0.0,0.0,0.0,0.0,0.0,0.0,0.0,0.0,0.0,0.0,0.0,0.0,0.0,0.0,0.0,0.0,0.0
12935,Slovenia,Miscellaneous,Export,0.0,2.0,2.0,3.0,5.0,7.0,8.0,5.0,4.0,4.0,4.0,4.0,4.0,5.0,22.0,26.0,29.0,29.0
12936,Slovenia,Miscellaneous,Domestic supply,2.0,-1.0,-1.0,-2.0,-4.0,-6.0,-6.0,-3.0,-3.0,-1.0,-1.0,-1.0,-2.0,-2.0,20.0,18.0,21.0,22.0
12937,Slovenia,Miscellaneous,Human Consumption,2.0,0.0,0.0,0.0,0.0,0.0,0.0,0.0,0.0,0.0,0.0,0.0,0.0,0.0,22.0,20.0,22.0,23.0
12938,Slovenia,Alcoholic Beverages,Production,194.0,274.0,256.0,242.0,246.0,232.0,220.0,225.0,223.0,224.0,211.0,227.0,217.0,225.0,219.0,237.0,227.0,180.0
12939,Slovenia,Alcoholic Beverages,Import,65.0,18.0,18.0,20.0,23.0,32.0,38.0,44.0,50.0,48.0,46.0,47.0,49.0,47.0,55.0,65.0,74.0,87.0
12940,Slovenia,Alcoholic Beverages,Stock Variation,0.0,-10.0,10.0,0.0,0.0,0.0,0.0,0.0,-18.0,-15.0,-1.0,-3.0,9.0,4.0,-21.0,10.0,27.0,-14.0
12941,Slovenia,Meat,Human Consumption,184.0,172.0,163.0,185.0,178.0,183.0,175.0,170.0,179.0,179.0,176.0,168.0,162.0,148.0,154.0,152.0,158.0,159.0
12942,Slovenia,Alcoholic Beverages,Export,47.0,104.0,95.0,82.0,56.0,34.0,46.0,47.0,57.0,58.0,55.0,61.0,66.0,80.0,93.0,87.0,66.0,74.0
12943,Slovenia,Alcoholic Beverages,Losses,5.0,12.0,11.0,12.0,16.0,9.0,11.0,10.0,8.0,7.0,7.0,11.0,13.0,12.0,11.0,14.0,13.0,12.0
12944,Slovenia,Alcoholic Beverages,Other uses (non-food),5.0,4.0,5.0,5.0,4.0,4.0,5.0,5.0,5.0,4.0,4.0,5.0,6.0,5.0,5.0,5.0,6.0,5.0
12945,Slovenia,Alcoholic Beverages,Human Consumption,202.0,161.0,173.0,162.0,193.0,216.0,195.0,209.0,187.0,189.0,189.0,194.0,191.0,179.0,187.0,185.0,188.0,190.0
12946,Slovenia,Spices,Production,1.0,1.0,1.0,1.0,1.0,1.0,1.0,1.0,1.0,1.0,1.0,1.0,1.0,1.0,1.0,1.0,1.0,1.0
12947,Slovenia,Spices,Import,2.0,1.0,1.0,1.0,1.0,1.0,1.0,1.0,1.0,2.0,1.0,2.0,1.0,2.0,2.0,3.0,3.0,4.0
12948,Slovenia,Spices,Stock Variation,0.0,0.0,0.0,0.0,0.0,0.0,0.0,0.0,0.0,0.0,0.0,0.0,0.0,0.0,0.0,0.0,0.0,0.0
12949,Slovenia,Spices,Export,0.0,0.0,0.0,0.0,0.0,0.0,0.0,0.0,0.0,0.0,0.0,0.0,1.0,1.0,1.0,2.0,2.0,3.0
12950,Slovenia,Spices,Domestic supply,3.0,2.0,2.0,2.0,2.0,2.0,2.0,2.0,2.0,3.0,2.0,3.0,2.0,2.0,2.0,2.0,2.0,2.0
12951,Slovenia,Alcoholic Beverages,Domestic supply,212.0,177.0,189.0,180.0,213.0,230.0,211.0,223.0,199.0,200.0,200.0,211.0,210.0,196.0,203.0,204.0,207.0,207.0
12952,Slovenia,Meat,Processing,0.0,0.0,0.0,0.0,1.0,1.0,1.0,1.0,0.0,0.0,1.0,1.0,1.0,1.0,1.0,2.0,2.0,2.0
12953,Slovenia,Meat,Domestic supply,184.0,172.0,163.0,185.0,179.0,183.0,176.0,171.0,180.0,179.0,178.0,169.0,163.0,149.0,156.0,153.0,159.0,159.0
12954,Slovenia,Meat,Export,3.0,36.0,30.0,32.0,32.0,34.0,36.0,41.0,46.0,41.0,47.0,49.0,50.0,48.0,52.0,58.0,62.0,69.0
12955,Slovenia,Animal fats,Production,42.0,45.0,36.0,42.0,44.0,40.0,37.0,37.0,37.0,36.0,36.0,36.0,35.0,33.0,39.0,37.0,37.0,40.0
12956,Slovenia,Animal fats,Import,11.0,3.0,3.0,3.0,3.0,2.0,3.0,5.0,7.0,6.0,4.0,5.0,4.0,4.0,5.0,7.0,10.0,10.0
12957,Slovenia,Animal fats,Stock Variation,21.0,0.0,0.0,0.0,0.0,0.0,0.0,0.0,-2.0,0.0,-1.0,1.0,0.0,0.0,0.0,0.0,0.0,0.0
12958,Slovenia,Animal fats,Export,40.0,6.0,6.0,6.0,6.0,8.0,5.0,3.0,4.0,4.0,5.0,6.0,3.0,1.0,2.0,2.0,3.0,2.0
12959,Slovenia,Animal fats,Domestic supply,35.0,41.0,32.0,38.0,40.0,35.0,36.0,39.0,39.0,38.0,35.0,36.0,36.0,36.0,43.0,42.0,45.0,48.0
12960,Slovenia,Animal fats,Feed,0.0,0.0,0.0,0.0,0.0,0.0,0.0,0.0,0.0,0.0,0.0,0.0,0.0,0.0,0.0,0.0,0.0,0.0
12961,Slovenia,Animal fats,Losses,0.0,0.0,0.0,0.0,0.0,0.0,0.0,0.0,0.0,0.0,0.0,0.0,0.0,0.0,0.0,0.0,0.0,0.0
12962,Slovenia,Animal fats,Processing,0.0,0.0,0.0,0.0,0.0,0.0,0.0,0.0,0.0,0.0,0.0,0.0,0.0,0.0,0.0,0.0,0.0,0.0
12963,Slovenia,Animal fats,Other uses (non-food),9.0,6.0,5.0,8.0,8.0,5.0,5.0,6.0,6.0,5.0,5.0,5.0,5.0,5.0,4.0,5.0,5.0,5.0
12964,Slovenia,Animal fats,Human Consumption,26.0,35.0,27.0,30.0,32.0,30.0,31.0,33.0,33.0,33.0,30.0,31.0,31.0,32.0,39.0,37.0,40.0,43.0
12965,Slovenia,Offals,Production,12.0,13.0,12.0,14.0,14.0,13.0,11.0,11.0,10.0,9.0,9.0,9.0,8.0,8.0,9.0,10.0,10.0,10.0
12966,Slovenia,Offals,Import,4.0,1.0,1.0,1.0,1.0,2.0,2.0,2.0,3.0,3.0,2.0,2.0,2.0,2.0,2.0,2.0,2.0,3.0
12967,Slovenia,Offals,Stock Variation,0.0,0.0,0.0,0.0,0.0,0.0,0.0,0.0,0.0,0.0,0.0,0.0,0.0,0.0,0.0,0.0,0.0,0.0
12968,Slovenia,Offals,Export,0.0,1.0,1.0,1.0,2.0,2.0,2.0,1.0,2.0,2.0,2.0,3.0,2.0,3.0,3.0,3.0,4.0,6.0
12969,Slovenia,Offals,Domestic supply,16.0,13.0,12.0,13.0,13.0,12.0,12.0,11.0,11.0,10.0,9.0,8.0,8.0,7.0,8.0,9.0,8.0,7.0
12970,Slovenia,Offals,Losses,0.0,0.0,0.0,0.0,0.0,0.0,0.0,0.0,0.0,0.0,0.0,0.0,0.0,0.0,0.0,0.0,0.0,0.0
12971,Slovenia,Offals,Human Consumption,16.0,13.0,12.0,13.0,13.0,12.0,12.0,11.0,11.0,10.0,9.0,8.0,8.0,7.0,8.0,9.0,8.0,7.0
12972,Slovenia,Meat,Production,159.0,176.0,160.0,184.0,173.0,165.0,153.0,148.0,152.0,142.0,143.0,135.0,130.0,121.0,123.0,121.0,132.0,140.0
12973,Slovenia,Meat,Import,29.0,31.0,33.0,32.0,38.0,52.0,59.0,64.0,73.0,79.0,81.0,83.0,83.0,76.0,87.0,95.0,97.0,99.0
12974,Slovenia,Spices,Human Consumption,3.0,2.0,2.0,2.0,2.0,2.0,2.0,2.0,2.0,3.0,2.0,3.0,2.0,2.0,2.0,2.0,2.0,2.0
12975,Slovenia,Milk - Excluding Butter,Export,191.0,115.0,115.0,144.0,128.0,165.0,234.0,257.0,269.0,272.0,315.0,299.0,321.0,321.0,310.0,352.0,393.0,394.0
12976,Slovenia,Starchy Roots,Export,0.0,9.0,1.0,3.0,2.0,15.0,9.0,15.0,12.0,14.0,16.0,28.0,17.0,14.0,11.0,11.0,17.0,18.0
12977,Slovenia,Cereals - Excluding Beer,Import,374.0,542.0,470.0,481.0,563.0,466.0,578.0,571.0,548.0,527.0,548.0,634.0,502.0,636.0,711.0,594.0,715.0,894.0
12978,Slovenia,Vegetable Oils,Import,62.0,63.0,68.0,62.0,59.0,71.0,78.0,77.0,68.0,72.0,83.0,70.0,69.0,83.0,79.0,87.0,91.0,70.0
12979,Slovenia,Vegetable Oils,Stock Variation,6.0,1.0,-1.0,3.0,5.0,2.0,0.0,0.0,-1.0,-3.0,-2.0,-1.0,-1.0,5.0,6.0,4.0,4.0,7.0
12980,Slovenia,Vegetable Oils,Export,28.0,13.0,16.0,13.0,13.0,16.0,16.0,24.0,18.0,19.0,21.0,27.0,23.0,42.0,34.0,42.0,38.0,22.0
12981,Slovenia,Vegetable Oils,Domestic supply,44.0,52.0,52.0,53.0,53.0,59.0,65.0,57.0,53.0,54.0,63.0,47.0,48.0,51.0,44.0,44.0,52.0,45.0
12982,Slovenia,Vegetable Oils,Feed,0.0,0.0,0.0,0.0,0.0,0.0,0.0,1.0,2.0,2.0,1.0,1.0,1.0,0.0,0.0,1.0,1.0,0.0
12983,Slovenia,Vegetable Oils,Processing,0.0,0.0,0.0,0.0,0.0,0.0,0.0,0.0,0.0,0.0,0.0,0.0,0.0,0.0,10.0,11.0,11.0,11.0
12984,Slovenia,Vegetable Oils,Other uses (non-food),20.0,27.0,26.0,26.0,25.0,33.0,39.0,31.0,25.0,27.0,35.0,18.0,20.0,21.0,17.0,17.0,23.0,16.0
12985,Slovenia,Vegetable Oils,Human Consumption,24.0,25.0,26.0,27.0,28.0,26.0,26.0,25.0,26.0,26.0,27.0,27.0,27.0,30.0,16.0,16.0,17.0,18.0
12986,Slovenia,Vegetable Oils,Production,3.0,0.0,0.0,0.0,2.0,1.0,2.0,5.0,4.0,4.0,4.0,4.0,4.0,5.0,5.0,3.0,3.0,4.0
12987,Slovenia,Sugar & Sweeteners,Production,92.0,89.0,98.0,91.0,116.0,91.0,94.0,16.0,15.0,15.0,15.0,16.0,16.0,17.0,13.0,14.0,15.0,14.0
12988,Slovenia,Sugar & Sweeteners,Stock Variation,7.0,0.0,0.0,0.0,0.0,-17.0,0.0,17.0,0.0,0.0,-4.0,-4.0,0.0,0.0,-7.0,-4.0,-22.0,-14.0
12989,Slovenia,Sugar & Sweeteners,Export,34.0,27.0,27.0,24.0,34.0,56.0,125.0,143.0,58.0,60.0,73.0,106.0,101.0,75.0,128.0,107.0,121.0,98.0
12990,Slovenia,Sugar & Sweeteners,Domestic supply,137.0,110.0,130.0,129.0,153.0,87.0,98.0,75.0,87.0,113.0,85.0,124.0,106.0,93.0,133.0,141.0,122.0,140.0
12991,Slovenia,Sugar & Sweeteners,Feed,0.0,0.0,0.0,0.0,0.0,0.0,0.0,0.0,0.0,0.0,0.0,0.0,0.0,0.0,0.0,0.0,0.0,0.0
12992,Slovenia,Sugar & Sweeteners,Losses,0.0,0.0,0.0,0.0,0.0,0.0,0.0,0.0,0.0,0.0,0.0,0.0,0.0,0.0,0.0,0.0,0.0,0.0
12993,Slovenia,Sugar & Sweeteners,Processing,11.0,9.0,5.0,3.0,2.0,1.0,1.0,1.0,1.0,1.0,1.0,1.0,2.0,2.0,1.0,2.0,1.0,2.0
12994,Slovenia,Sugar & Sweeteners,Other uses (non-food),84.0,62.0,84.0,86.0,105.0,39.0,51.0,26.0,36.0,62.0,30.0,70.0,48.0,34.0,40.0,45.0,34.0,44.0
12995,Slovenia,Sugar & Sweeteners,Human Consumption,42.0,40.0,40.0,40.0,45.0,48.0,46.0,48.0,49.0,50.0,54.0,53.0,56.0,57.0,92.0,94.0,86.0,95.0
12996,Slovenia,Sugar & Sweeteners,Import,72.0,48.0,58.0,62.0,71.0,69.0,129.0,185.0,130.0,158.0,147.0,218.0,191.0,151.0,242.0,230.0,206.0,210.0
12997,Slovenia,Pulses,Production,1.0,1.0,1.0,1.0,2.0,6.0,10.0,6.0,4.0,2.0,2.0,3.0,2.0,1.0,2.0,2.0,3.0,3.0
12998,Slovenia,Vegetables,Human Consumption,150.0,138.0,148.0,154.0,167.0,175.0,176.0,155.0,173.0,179.0,154.0,165.0,155.0,166.0,171.0,182.0,193.0,191.0
12999,Slovenia,Vegetables,Feed,0.0,0.0,0.0,0.0,0.0,0.0,0.0,0.0,0.0,0.0,0.0,0.0,0.0,0.0,0.0,0.0,0.0,0.0
13000,Slovenia,Stimulants,Stock Variation,-6.0,2.0,2.0,2.0,0.0,0.0,0.0,0.0,0.0,0.0,0.0,0.0,0.0,0.0,0.0,0.0,0.0,0.0
13001,Slovenia,Stimulants,Export,10.0,2.0,2.0,2.0,4.0,4.0,4.0,4.0,7.0,8.0,7.0,6.0,8.0,15.0,6.0,5.0,9.0,14.0
13002,Slovenia,Stimulants,Domestic supply,22.0,21.0,22.0,20.0,17.0,19.0,20.0,22.0,23.0,24.0,23.0,22.0,19.0,21.0,12.0,12.0,12.0,12.0
13003,Slovenia,Stimulants,Processing,0.0,0.0,0.0,0.0,0.0,0.0,0.0,0.0,0.0,0.0,0.0,0.0,0.0,0.0,2.0,2.0,2.0,2.0
13004,Slovenia,Stimulants,Human Consumption,22.0,21.0,22.0,20.0,17.0,19.0,20.0,22.0,23.0,24.0,23.0,22.0,19.0,21.0,10.0,10.0,10.0,10.0
13005,Slovenia,Fruits - Excluding Wine,Production,298.0,211.0,301.0,237.0,321.0,260.0,260.0,271.0,235.0,240.0,259.0,260.0,172.0,198.0,222.0,267.0,182.0,199.0
13006,Slovenia,Fruits - Excluding Wine,Import,217.0,125.0,147.0,145.0,166.0,202.0,207.0,225.0,265.0,270.0,249.0,241.0,236.0,247.0,214.0,247.0,264.0,328.0
13007,Slovenia,Fruits - Excluding Wine,Stock Variation,-40.0,40.0,-30.0,30.0,-20.0,10.0,-10.0,0.0,-5.0,-6.0,-14.0,-3.0,45.0,-5.0,5.0,6.0,-8.0,4.0
13008,Slovenia,Vegetables,Losses,18.0,14.0,15.0,15.0,17.0,18.0,20.0,19.0,22.0,25.0,23.0,20.0,21.0,20.0,19.0,21.0,21.0,20.0
13009,Slovenia,Fruits - Excluding Wine,Export,27.0,37.0,31.0,46.0,40.0,79.0,114.0,151.0,165.0,154.0,163.0,172.0,154.0,126.0,126.0,162.0,157.0,198.0
13010,Slovenia,Fruits - Excluding Wine,Losses,71.0,33.0,38.0,35.0,43.0,40.0,39.0,41.0,41.0,42.0,44.0,35.0,31.0,33.0,35.0,42.0,33.0,42.0
13011,Slovenia,Fruits - Excluding Wine,Processing,63.0,75.0,53.0,51.0,59.0,49.0,41.0,49.0,42.0,42.0,37.0,43.0,42.0,38.0,29.0,51.0,39.0,38.0
13012,Slovenia,Fruits - Excluding Wine,Human Consumption,314.0,232.0,295.0,281.0,326.0,304.0,262.0,254.0,248.0,270.0,251.0,250.0,229.0,243.0,241.0,252.0,225.0,245.0
13013,Slovenia,Vegetables,Production,80.0,62.0,72.0,66.0,83.0,89.0,80.0,66.0,77.0,85.0,61.0,79.0,71.0,69.0,84.0,97.0,107.0,98.0
13014,Slovenia,Vegetables,Import,110.0,94.0,94.0,106.0,105.0,116.0,144.0,161.0,173.0,199.0,199.0,180.0,190.0,198.0,177.0,176.0,177.0,178.0
13015,Slovenia,Vegetables,Stock Variation,0.0,0.0,0.0,0.0,0.0,0.0,0.0,0.0,0.0,0.0,0.0,0.0,0.0,0.0,1.0,3.0,6.0,4.0
13016,Slovenia,Vegetables,Export,23.0,4.0,3.0,3.0,4.0,12.0,28.0,52.0,55.0,79.0,83.0,74.0,86.0,81.0,70.0,68.0,64.0,60.0
13017,Slovenia,Vegetables,Domestic supply,167.0,152.0,163.0,169.0,184.0,193.0,196.0,175.0,195.0,205.0,177.0,185.0,175.0,187.0,190.0,203.0,214.0,211.0
13018,Slovenia,Fruits - Excluding Wine,Domestic supply,448.0,339.0,386.0,366.0,428.0,393.0,343.0,345.0,330.0,351.0,331.0,326.0,299.0,313.0,305.0,345.0,298.0,325.0
13019,Slovenia,Stimulants,Import,38.0,20.0,21.0,20.0,22.0,23.0,24.0,26.0,29.0,32.0,30.0,28.0,27.0,36.0,18.0,18.0,21.0,26.0
13020,Slovenia,Pulses,Import,6.0,3.0,3.0,3.0,4.0,3.0,3.0,3.0,3.0,3.0,3.0,3.0,3.0,4.0,3.0,4.0,5.0,4.0
13021,Slovenia,Pulses,Export,2.0,0.0,0.0,0.0,0.0,0.0,0.0,1.0,0.0,1.0,1.0,0.0,1.0,1.0,1.0,2.0,3.0,2.0
13022,Slovenia,Oilcrops,Human Consumption,13.0,4.0,3.0,3.0,3.0,4.0,5.0,5.0,5.0,6.0,6.0,7.0,7.0,7.0,6.0,6.0,7.0,5.0
13023,Slovenia,Starchy Roots,Production,186.0,148.0,166.0,108.0,171.0,145.0,107.0,131.0,132.0,140.0,125.0,117.0,99.0,81.0,107.0,108.0,101.0,93.0
13024,Slovenia,Starchy Roots,Import,45.0,27.0,30.0,33.0,45.0,41.0,61.0,60.0,56.0,59.0,55.0,64.0,56.0,58.0,40.0,38.0,49.0,61.0
13025,Slovenia,Starchy Roots,Stock Variation,0.0,0.0,-20.0,20.0,-20.0,0.0,0.0,-30.0,0.0,-10.0,0.0,0.0,20.0,30.0,-3.0,-1.0,1.0,2.0
13026,Slovenia,Starchy Roots,Export,0.0,9.0,1.0,3.0,2.0,15.0,9.0,15.0,12.0,14.0,16.0,28.0,17.0,14.0,11.0,11.0,17.0,18.0
13027,Slovenia,Starchy Roots,Feed,27.0,24.0,23.0,23.0,47.0,58.0,25.0,20.0,40.0,40.0,30.0,28.0,30.0,28.0,20.0,24.0,22.0,23.0
13028,Slovenia,Starchy Roots,Seed,16.0,14.0,14.0,14.0,13.0,12.0,11.0,9.0,8.0,8.0,7.0,7.0,7.0,7.0,9.0,8.0,7.0,3.0
13029,Slovenia,Starchy Roots,Losses,8.0,6.0,7.0,5.0,8.0,7.0,5.0,7.0,7.0,7.0,7.0,5.0,3.0,3.0,6.0,6.0,6.0,5.0
13030,Slovenia,Oilcrops,Other uses (non-food),0.0,1.0,1.0,1.0,0.0,1.0,1.0,1.0,1.0,1.0,1.0,1.0,1.0,1.0,1.0,1.0,1.0,1.0
13031,Slovenia,Starchy Roots,Processing,14.0,5.0,4.0,4.0,3.0,2.0,15.0,3.0,3.0,4.0,3.0,2.0,4.0,4.0,0.0,1.0,1.0,1.0
13032,Slovenia,Starchy Roots,Human Consumption,166.0,117.0,127.0,111.0,124.0,92.0,103.0,107.0,117.0,115.0,116.0,112.0,115.0,114.0,103.0,98.0,97.0,102.0
13033,Slovenia,Sugar Crops,Production,349.0,186.0,232.0,202.0,213.0,260.0,262.0,0.0,0.0,0.0,0.0,0.0,0.0,0.0,0.0,0.0,0.0,0.0
13034,Slovenia,Sugar Crops,Import,0.0,0.0,0.0,0.0,57.0,131.0,14.0,0.0,0.0,0.0,0.0,0.0,0.0,0.0,0.0,5.0,3.0,5.0
13035,Slovenia,Sugar Crops,Export,0.0,0.0,0.0,0.0,0.0,0.0,0.0,0.0,0.0,0.0,0.0,0.0,0.0,0.0,0.0,4.0,2.0,5.0
13036,Slovenia,Sugar Crops,Domestic supply,349.0,186.0,232.0,202.0,270.0,391.0,276.0,0.0,0.0,0.0,0.0,0.0,0.0,0.0,0.0,1.0,1.0,0.0
13037,Slovenia,Sugar Crops,Feed,0.0,0.0,0.0,0.0,0.0,0.0,0.0,0.0,0.0,0.0,0.0,0.0,0.0,0.0,0.0,1.0,1.0,0.0
13038,Slovenia,Sugar Crops,Losses,0.0,0.0,0.0,0.0,0.0,0.0,0.0,0.0,0.0,0.0,0.0,0.0,0.0,0.0,0.0,0.0,0.0,0.0
13039,Slovenia,Sugar Crops,Processing,349.0,186.0,232.0,202.0,270.0,391.0,276.0,0.0,0.0,0.0,0.0,0.0,0.0,0.0,0.0,0.0,0.0,0.0
13040,Slovenia,Starchy Roots,Other uses (non-food),0.0,0.0,0.0,0.0,0.0,0.0,0.0,0.0,0.0,0.0,0.0,0.0,0.0,0.0,0.0,0.0,0.0,0.0
13041,Slovenia,Pulses,Stock Variation,0.0,0.0,0.0,0.0,0.0,-3.0,-8.0,-3.0,-2.0,0.0,1.0,1.0,1.0,2.0,-2.0,-1.0,-1.0,-1.0
13042,Slovenia,Oilcrops,Processing,1.0,1.0,3.0,1.0,6.0,5.0,6.0,13.0,12.0,6.0,4.0,5.0,5.0,6.0,5.0,2.0,2.0,4.0
13043,Slovenia,Oilcrops,Seed,0.0,0.0,0.0,0.0,0.0,0.0,0.0,0.0,0.0,0.0,0.0,0.0,0.0,0.0,0.0,1.0,1.0,0.0
13044,Slovenia,Pulses,Domestic supply,5.0,4.0,4.0,4.0,5.0,5.0,5.0,5.0,5.0,5.0,5.0,6.0,5.0,5.0,6.0,6.0,6.0,6.0
13045,Slovenia,Pulses,Feed,3.0,1.0,1.0,1.0,1.0,1.0,0.0,1.0,0.0,1.0,1.0,1.0,1.0,1.0,1.0,1.0,2.0,2.0
13046,Slovenia,Pulses,Seed,0.0,0.0,0.0,0.0,0.0,0.0,0.0,0.0,0.0,0.0,0.0,0.0,0.0,0.0,0.0,0.0,0.0,0.0
13047,Slovenia,Pulses,Losses,0.0,0.0,0.0,0.0,0.0,0.0,0.0,0.0,0.0,0.0,0.0,0.0,0.0,0.0,0.0,0.0,0.0,0.0
13048,Slovenia,Pulses,Human Consumption,2.0,2.0,3.0,3.0,4.0,4.0,4.0,4.0,4.0,4.0,4.0,5.0,4.0,4.0,4.0,4.0,4.0,4.0
13049,Slovenia,Treenuts,Production,3.0,2.0,2.0,3.0,4.0,3.0,3.0,3.0,3.0,3.0,3.0,3.0,5.0,4.0,4.0,5.0,6.0,7.0
13050,Slovenia,Treenuts,Import,4.0,4.0,4.0,4.0,4.0,4.0,4.0,4.0,5.0,5.0,6.0,6.0,6.0,8.0,5.0,5.0,5.0,5.0
13051,Slovenia,Treenuts,Stock Variation,1.0,0.0,0.0,0.0,0.0,0.0,0.0,0.0,0.0,0.0,0.0,0.0,0.0,0.0,0.0,1.0,2.0,3.0
13052,Slovenia,Oilcrops,Losses,0.0,0.0,0.0,0.0,0.0,0.0,1.0,0.0,1.0,0.0,3.0,4.0,5.0,2.0,1.0,0.0,0.0,0.0
13053,Slovenia,Treenuts,Export,1.0,0.0,0.0,0.0,0.0,0.0,0.0,0.0,1.0,1.0,1.0,2.0,2.0,2.0,2.0,2.0,2.0,1.0
13054,Slovenia,Treenuts,Losses,0.0,0.0,0.0,0.0,0.0,0.0,0.0,0.0,0.0,0.0,0.0,0.0,0.0,0.0,0.0,0.0,0.0,0.0
13055,Slovenia,Treenuts,Human Consumption,7.0,6.0,7.0,7.0,8.0,7.0,6.0,7.0,7.0,8.0,8.0,8.0,9.0,10.0,6.0,7.0,7.0,8.0
13056,Slovenia,Oilcrops,Production,2.0,2.0,8.0,6.0,8.0,9.0,8.0,17.0,14.0,12.0,18.0,17.0,19.0,18.0,22.0,10.0,18.0,19.0
13057,Slovenia,Oilcrops,Import,19.0,7.0,7.0,6.0,6.0,7.0,26.0,9.0,96.0,15.0,289.0,350.0,230.0,69.0,67.0,63.0,57.0,67.0
13058,Slovenia,Oilcrops,Stock Variation,-1.0,0.0,-1.0,0.0,-2.0,2.0,0.0,-1.0,2.0,0.0,0.0,-1.0,-1.0,0.0,0.0,4.0,-2.0,0.0
13059,Slovenia,Oilcrops,Export,3.0,2.0,6.0,6.0,1.0,7.0,21.0,5.0,91.0,13.0,292.0,348.0,228.0,70.0,75.0,55.0,65.0,87.0
13060,Slovenia,Oilcrops,Domestic supply,17.0,7.0,8.0,6.0,11.0,10.0,13.0,19.0,20.0,14.0,16.0,18.0,19.0,17.0,15.0,14.0,12.0,0.0
13061,Slovenia,Oilcrops,Feed,4.0,2.0,1.0,1.0,1.0,1.0,1.0,1.0,1.0,1.0,1.0,1.0,1.0,0.0,3.0,4.0,2.0,1.0
13062,Slovenia,Treenuts,Domestic supply,7.0,6.0,7.0,7.0,8.0,7.0,7.0,7.0,7.0,8.0,8.0,8.0,9.0,10.0,7.0,7.0,7.0,8.0
13063,Slovenia,Stimulants,Production,0.0,0.0,0.0,0.0,0.0,0.0,0.0,0.0,0.0,0.0,0.0,0.0,0.0,0.0,0.0,0.0,0.0,0.0
13064,Slovenia,Starchy Roots,Domestic supply,231.0,167.0,175.0,157.0,194.0,171.0,159.0,146.0,175.0,175.0,164.0,154.0,158.0,156.0,138.0,136.0,132.0,134.0
13065,Slovenia,Spices,Losses,0.0,0.0,0.0,0.0,0.0,0.0,0.0,0.0,0.0,0.0,0.0,0.0,0.0,0.0,0.0,0.0,0.0,0.0
13066,Slovenia,"Fish, Seafood",Human Consumption,13.0,15.0,15.0,17.0,19.0,18.0,20.0,21.0,22.0,22.0,23.0,23.0,21.0,22.0,23.0,23.0,24.0,25.0
13067,Slovenia,Eggs,Production,23.0,23.0,23.0,18.0,15.0,14.0,14.0,16.0,19.0,22.0,22.0,21.0,22.0,19.0,21.0,20.0,23.0,23.0
13068,Slovenia,Eggs,Import,4.0,1.0,2.0,1.0,1.0,2.0,2.0,3.0,3.0,3.0,4.0,3.0,3.0,3.0,3.0,3.0,3.0,3.0
13069,Slovenia,Eggs,Stock Variation,0.0,0.0,0.0,0.0,0.0,0.0,0.0,0.0,0.0,0.0,0.0,0.0,0.0,0.0,0.0,0.0,0.0,0.0
13070,Slovenia,Eggs,Export,1.0,1.0,1.0,2.0,2.0,1.0,2.0,2.0,2.0,2.0,2.0,2.0,2.0,1.0,2.0,2.0,2.0,2.0
13071,Slovenia,Eggs,Domestic supply,25.0,23.0,23.0,17.0,14.0,15.0,15.0,17.0,20.0,23.0,23.0,22.0,24.0,21.0,23.0,22.0,24.0,25.0
13072,Slovenia,Eggs,Feed,0.0,0.0,0.0,0.0,0.0,0.0,0.0,0.0,0.0,0.0,0.0,0.0,0.0,0.0,0.0,1.0,1.0,1.0
13073,Slovenia,Eggs,Seed,1.0,2.0,2.0,2.0,2.0,2.0,2.0,1.0,2.0,2.0,2.0,2.0,2.0,2.0,2.0,2.0,2.0,2.0
13074,Slovenia,"Fish, Seafood",Other uses (non-food),0.0,0.0,0.0,0.0,0.0,0.0,0.0,0.0,0.0,0.0,0.0,0.0,0.0,0.0,0.0,0.0,0.0,0.0
13075,Slovenia,Eggs,Losses,0.0,0.0,0.0,0.0,0.0,0.0,0.0,0.0,0.0,0.0,0.0,0.0,0.0,0.0,1.0,1.0,1.0,1.0
13076,Slovenia,Eggs,Human Consumption,25.0,21.0,21.0,15.0,12.0,13.0,13.0,15.0,18.0,21.0,21.0,20.0,22.0,19.0,20.0,18.0,20.0,20.0
13077,Slovenia,Milk - Excluding Butter,Production,652.0,656.0,730.0,664.0,653.0,661.0,661.0,644.0,668.0,656.0,628.0,603.0,623.0,597.0,619.0,633.0,651.0,651.0
13078,Slovenia,Milk - Excluding Butter,Import,83.0,25.0,30.0,40.0,51.0,93.0,150.0,171.0,214.0,214.0,257.0,237.0,253.0,260.0,215.0,241.0,262.0,268.0
13079,Slovenia,Milk - Excluding Butter,Stock Variation,0.0,0.0,0.0,0.0,0.0,0.0,0.0,0.0,0.0,0.0,0.0,0.0,0.0,0.0,-11.0,1.0,1.0,1.0
13080,Slovenia,Milk - Excluding Butter,Export,191.0,115.0,115.0,144.0,128.0,165.0,234.0,257.0,269.0,272.0,315.0,299.0,321.0,321.0,310.0,352.0,393.0,394.0
13081,Slovenia,Milk - Excluding Butter,Domestic supply,544.0,565.0,646.0,560.0,576.0,589.0,577.0,557.0,613.0,597.0,570.0,541.0,555.0,536.0,534.0,521.0,520.0,524.0
13082,Slovenia,Milk - Excluding Butter,Feed,89.0,64.0,128.0,75.0,64.0,87.0,77.0,48.0,70.0,61.0,52.0,33.0,38.0,30.0,29.0,27.0,27.0,24.0
13083,Slovenia,Milk - Excluding Butter,Losses,13.0,13.0,15.0,13.0,13.0,14.0,14.0,14.0,14.0,14.0,7.0,7.0,14.0,13.0,11.0,11.0,12.0,11.0
13084,Slovenia,Eggs,Other uses (non-food),0.0,0.0,0.0,0.0,0.0,0.0,0.0,0.0,0.0,0.0,0.0,0.0,0.0,0.0,0.0,0.0,0.0,0.0
13085,Slovenia,"Fish, Seafood",Feed,14.0,16.0,11.0,7.0,4.0,4.0,3.0,3.0,2.0,1.0,1.0,1.0,1.0,1.0,1.0,1.0,1.0,1.0
13086,Slovenia,"Fish, Seafood",Domestic supply,27.0,31.0,26.0,24.0,23.0,22.0,23.0,24.0,24.0,23.0,24.0,24.0,22.0,22.0,24.0,24.0,25.0,26.0
13087,Slovenia,"Fish, Seafood",Export,4.0,4.0,4.0,4.0,8.0,16.0,13.0,11.0,10.0,9.0,10.0,9.0,7.0,10.0,12.0,15.0,20.0,17.0
13088,Slovenia,Spices,Human Consumption,3.0,2.0,2.0,2.0,2.0,2.0,2.0,2.0,2.0,3.0,2.0,3.0,2.0,2.0,2.0,2.0,2.0,2.0
13089,Slovenia,Cereals - Excluding Beer,Stock Variation,188.0,-15.0,-5.0,20.0,0.0,0.0,-20.0,0.0,3.0,-3.0,0.0,-110.0,20.0,40.0,43.0,2.0,20.0,3.0
13090,Slovenia,Cereals - Excluding Beer,Export,99.0,20.0,19.0,16.0,20.0,44.0,92.0,57.0,124.0,183.0,265.0,254.0,281.0,292.0,397.0,356.0,477.0,641.0
13091,Slovenia,Cereals - Excluding Beer,Domestic supply,959.0,1006.0,1060.0,886.0,1129.0,1001.0,963.0,1048.0,1009.0,877.0,854.0,880.0,822.0,845.0,925.0,865.0,860.0,802.0
13092,Slovenia,Cereals - Excluding Beer,Feed,517.0,517.0,580.0,422.0,629.0,550.0,489.0,571.0,532.0,409.0,377.0,376.0,327.0,337.0,401.0,361.0,342.0,305.0
13093,Slovenia,Cereals - Excluding Beer,Seed,16.0,15.0,15.0,15.0,14.0,14.0,15.0,16.0,15.0,14.0,14.0,15.0,14.0,15.0,12.0,15.0,12.0,9.0
13094,Slovenia,Cereals - Excluding Beer,Losses,118.0,111.0,112.0,94.0,121.0,109.0,114.0,115.0,118.0,110.0,116.0,130.0,114.0,121.0,136.0,119.0,133.0,139.0
13095,Slovenia,Cereals - Excluding Beer,Processing,66.0,82.0,81.0,77.0,102.0,72.0,68.0,54.0,53.0,53.0,50.0,55.0,53.0,55.0,53.0,54.0,55.0,45.0
13096,Slovenia,Cereals - Excluding Beer,Other uses (non-food),0.0,3.0,3.0,3.0,3.0,3.0,3.0,14.0,14.0,14.0,14.0,14.0,14.0,14.0,18.0,18.0,15.0,14.0
13097,Slovenia,Cereals - Excluding Beer,Human Consumption,241.0,279.0,269.0,274.0,260.0,252.0,274.0,278.0,277.0,277.0,283.0,291.0,300.0,303.0,304.0,300.0,304.0,291.0
13098,Slovenia,"Aquatic Products, Other",Production,0.0,0.0,0.0,0.0,0.0,0.0,0.0,0.0,0.0,0.0,0.0,0.0,0.0,0.0,0.0,0.0,0.0,0.0
13099,Slovenia,"Aquatic Products, Other",Import,0.0,0.0,0.0,0.0,0.0,0.0,0.0,0.0,0.0,0.0,0.0,0.0,0.0,0.0,0.0,0.0,0.0,0.0
13100,Slovenia,"Aquatic Products, Other",Export,0.0,0.0,0.0,0.0,0.0,0.0,0.0,0.0,0.0,0.0,0.0,0.0,0.0,0.0,0.0,0.0,0.0,0.0
13101,Slovenia,"Aquatic Products, Other",Domestic supply,0.0,0.0,0.0,0.0,0.0,0.0,0.0,0.0,0.0,0.0,0.0,0.0,0.0,0.0,0.0,0.0,0.0,0.0
13102,Slovenia,"Aquatic Products, Other",Other uses (non-food),0.0,0.0,0.0,0.0,0.0,0.0,0.0,0.0,0.0,0.0,0.0,0.0,0.0,0.0,0.0,0.0,0.0,0.0
13103,Slovenia,"Aquatic Products, Other",Human Consumption,0.0,0.0,0.0,0.0,0.0,0.0,0.0,0.0,0.0,0.0,0.0,0.0,0.0,0.0,0.0,0.0,0.0,0.0
13104,Slovenia,"Fish, Seafood",Production,3.0,3.0,3.0,3.0,3.0,3.0,2.0,2.0,2.0,2.0,2.0,2.0,2.0,2.0,2.0,2.0,2.0,2.0
13105,Slovenia,"Fish, Seafood",Import,28.0,32.0,27.0,25.0,29.0,35.0,34.0,32.0,31.0,29.0,31.0,31.0,27.0,31.0,35.0,38.0,43.0,41.0
13106,Slovenia,"Fish, Seafood",Stock Variation,0.0,0.0,0.0,0.0,0.0,0.0,-1.0,0.0,0.0,0.0,0.0,0.0,0.0,0.0,0.0,0.0,0.0,0.0
13107,Slovenia,Milk - Excluding Butter,Processing,0.0,0.0,0.0,0.0,0.0,0.0,0.0,0.0,0.0,0.0,0.0,0.0,0.0,0.0,30.0,28.0,28.0,0.0
13108,Slovenia,Milk - Excluding Butter,Other uses (non-food),1.0,7.0,6.0,6.0,4.0,4.0,3.0,3.0,2.0,2.0,1.0,2.0,7.0,6.0,0.0,0.0,0.0,0.0
13109,Slovenia,Cereals - Excluding Beer,Production,497.0,500.0,614.0,401.0,586.0,579.0,496.0,534.0,582.0,536.0,572.0,611.0,580.0,461.0,653.0,628.0,643.0,552.0
13110,Slovenia,Animal fats,Production,42.0,45.0,36.0,42.0,44.0,40.0,37.0,37.0,37.0,36.0,36.0,36.0,35.0,33.0,39.0,37.0,37.0,40.0
13111,Slovenia,Miscellaneous,Import,2.0,1.0,1.0,1.0,1.0,1.0,1.0,1.0,1.0,2.0,2.0,2.0,2.0,3.0,42.0,44.0,49.0,51.0
13112,Slovenia,Miscellaneous,Stock Variation,0.0,0.0,0.0,0.0,0.0,0.0,0.0,0.0,0.0,0.0,0.0,0.0,0.0,0.0,0.0,0.0,0.0,0.0
13113,Slovenia,Miscellaneous,Export,0.0,2.0,2.0,3.0,5.0,7.0,8.0,5.0,4.0,4.0,4.0,4.0,4.0,5.0,22.0,26.0,29.0,29.0
13114,Slovenia,Miscellaneous,Domestic supply,2.0,-1.0,-1.0,-2.0,-4.0,-6.0,-6.0,-3.0,-3.0,-1.0,-1.0,-1.0,-2.0,-2.0,20.0,18.0,21.0,22.0
13115,Slovenia,Miscellaneous,Human Consumption,2.0,0.0,0.0,0.0,0.0,0.0,0.0,0.0,0.0,0.0,0.0,0.0,0.0,0.0,22.0,20.0,22.0,23.0
13116,Slovenia,Alcoholic Beverages,Production,194.0,274.0,256.0,242.0,246.0,232.0,220.0,225.0,223.0,224.0,211.0,227.0,217.0,225.0,219.0,237.0,227.0,180.0
13117,Slovenia,Alcoholic Beverages,Import,65.0,18.0,18.0,20.0,23.0,32.0,38.0,44.0,50.0,48.0,46.0,47.0,49.0,47.0,55.0,65.0,74.0,87.0
13118,Slovenia,Alcoholic Beverages,Stock Variation,0.0,-10.0,10.0,0.0,0.0,0.0,0.0,0.0,-18.0,-15.0,-1.0,-3.0,9.0,4.0,-21.0,10.0,27.0,-14.0
13119,Slovenia,Meat,Human Consumption,184.0,172.0,163.0,185.0,178.0,183.0,175.0,170.0,179.0,179.0,176.0,168.0,162.0,148.0,154.0,152.0,158.0,159.0
13120,Slovenia,Alcoholic Beverages,Export,47.0,104.0,95.0,82.0,56.0,34.0,46.0,47.0,57.0,58.0,55.0,61.0,66.0,80.0,93.0,87.0,66.0,74.0
13121,Slovenia,Alcoholic Beverages,Losses,5.0,12.0,11.0,12.0,16.0,9.0,11.0,10.0,8.0,7.0,7.0,11.0,13.0,12.0,11.0,14.0,13.0,12.0
13122,Slovenia,Alcoholic Beverages,Other uses (non-food),5.0,4.0,5.0,5.0,4.0,4.0,5.0,5.0,5.0,4.0,4.0,5.0,6.0,5.0,5.0,5.0,6.0,5.0
13123,Slovenia,Alcoholic Beverages,Human Consumption,202.0,161.0,173.0,162.0,193.0,216.0,195.0,209.0,187.0,189.0,189.0,194.0,191.0,179.0,187.0,185.0,188.0,190.0
13124,Slovenia,Spices,Import,2.0,1.0,1.0,1.0,1.0,1.0,1.0,1.0,1.0,2.0,1.0,2.0,1.0,2.0,2.0,3.0,3.0,4.0
13125,Slovenia,Spices,Stock Variation,0.0,0.0,0.0,0.0,0.0,0.0,0.0,0.0,0.0,0.0,0.0,0.0,0.0,0.0,0.0,0.0,0.0,0.0
13126,Slovenia,Spices,Export,0.0,0.0,0.0,0.0,0.0,0.0,0.0,0.0,0.0,0.0,0.0,0.0,1.0,1.0,1.0,2.0,2.0,3.0
13127,Slovenia,Milk - Excluding Butter,Human Consumption,441.0,481.0,497.0,466.0,495.0,484.0,482.0,493.0,527.0,520.0,510.0,499.0,497.0,487.0,464.0,454.0,454.0,467.0
13128,Slovenia,Spices,Domestic supply,3.0,2.0,2.0,2.0,2.0,2.0,2.0,2.0,2.0,3.0,2.0,3.0,2.0,2.0,2.0,2.0,2.0,2.0
13129,Slovenia,Alcoholic Beverages,Domestic supply,212.0,177.0,189.0,180.0,213.0,230.0,211.0,223.0,199.0,200.0,200.0,211.0,210.0,196.0,203.0,204.0,207.0,207.0
13130,Slovenia,Meat,Processing,0.0,0.0,0.0,0.0,1.0,1.0,1.0,1.0,0.0,0.0,1.0,1.0,1.0,1.0,1.0,2.0,2.0,2.0
13131,Slovenia,Spices,Production,1.0,1.0,1.0,1.0,1.0,1.0,1.0,1.0,1.0,1.0,1.0,1.0,1.0,1.0,1.0,1.0,1.0,1.0
13132,Slovenia,Meat,Export,3.0,36.0,30.0,32.0,32.0,34.0,36.0,41.0,46.0,41.0,47.0,49.0,50.0,48.0,52.0,58.0,62.0,69.0
13133,Slovenia,Meat,Domestic supply,184.0,172.0,163.0,185.0,179.0,183.0,176.0,171.0,180.0,179.0,178.0,169.0,163.0,149.0,156.0,153.0,159.0,159.0
13134,Slovenia,Animal fats,Import,11.0,3.0,3.0,3.0,3.0,2.0,3.0,5.0,7.0,6.0,4.0,5.0,4.0,4.0,5.0,7.0,10.0,10.0
13135,Slovenia,Animal fats,Export,40.0,6.0,6.0,6.0,6.0,8.0,5.0,3.0,4.0,4.0,5.0,6.0,3.0,1.0,2.0,2.0,3.0,2.0
13136,Slovenia,Animal fats,Domestic supply,35.0,41.0,32.0,38.0,40.0,35.0,36.0,39.0,39.0,38.0,35.0,36.0,36.0,36.0,43.0,42.0,45.0,48.0
13137,Slovenia,Animal fats,Stock Variation,21.0,0.0,0.0,0.0,0.0,0.0,0.0,0.0,-2.0,0.0,-1.0,1.0,0.0,0.0,0.0,0.0,0.0,0.0
13138,Slovenia,Animal fats,Losses,0.0,0.0,0.0,0.0,0.0,0.0,0.0,0.0,0.0,0.0,0.0,0.0,0.0,0.0,0.0,0.0,0.0,0.0
13139,Slovenia,Animal fats,Processing,0.0,0.0,0.0,0.0,0.0,0.0,0.0,0.0,0.0,0.0,0.0,0.0,0.0,0.0,0.0,0.0,0.0,0.0
13140,Slovenia,Animal fats,Other uses (non-food),9.0,6.0,5.0,8.0,8.0,5.0,5.0,6.0,6.0,5.0,5.0,5.0,5.0,5.0,4.0,5.0,5.0,5.0
13141,Slovenia,Animal fats,Human Consumption,26.0,35.0,27.0,30.0,32.0,30.0,31.0,33.0,33.0,33.0,30.0,31.0,31.0,32.0,39.0,37.0,40.0,43.0
13142,Slovenia,Offals,Production,12.0,13.0,12.0,14.0,14.0,13.0,11.0,11.0,10.0,9.0,9.0,9.0,8.0,8.0,9.0,10.0,10.0,10.0
13143,Slovenia,Animal fats,Feed,0.0,0.0,0.0,0.0,0.0,0.0,0.0,0.0,0.0,0.0,0.0,0.0,0.0,0.0,0.0,0.0,0.0,0.0
13144,Slovenia,Offals,Stock Variation,0.0,0.0,0.0,0.0,0.0,0.0,0.0,0.0,0.0,0.0,0.0,0.0,0.0,0.0,0.0,0.0,0.0,0.0
13145,Slovenia,Offals,Export,0.0,1.0,1.0,1.0,2.0,2.0,2.0,1.0,2.0,2.0,2.0,3.0,2.0,3.0,3.0,3.0,4.0,6.0
13146,Slovenia,Offals,Domestic supply,16.0,13.0,12.0,13.0,13.0,12.0,12.0,11.0,11.0,10.0,9.0,8.0,8.0,7.0,8.0,9.0,8.0,7.0
13147,Slovenia,Offals,Losses,0.0,0.0,0.0,0.0,0.0,0.0,0.0,0.0,0.0,0.0,0.0,0.0,0.0,0.0,0.0,0.0,0.0,0.0
13148,Slovenia,Offals,Human Consumption,16.0,13.0,12.0,13.0,13.0,12.0,12.0,11.0,11.0,10.0,9.0,8.0,8.0,7.0,8.0,9.0,8.0,7.0
13149,Slovenia,Meat,Production,159.0,176.0,160.0,184.0,173.0,165.0,153.0,148.0,152.0,142.0,143.0,135.0,130.0,121.0,123.0,121.0,132.0,140.0
13150,Slovenia,Meat,Import,29.0,31.0,33.0,32.0,38.0,52.0,59.0,64.0,73.0,79.0,81.0,83.0,83.0,76.0,87.0,95.0,97.0,99.0
13151,Slovenia,Offals,Import,4.0,1.0,1.0,1.0,1.0,2.0,2.0,2.0,3.0,3.0,2.0,2.0,2.0,2.0,2.0,2.0,2.0,3.0
13152,Slovenia,Meat,Stock Variation,-1.0,1.0,0.0,0.0,0.0,0.0,0.0,0.0,0.0,0.0,0.0,0.0,0.0,0.0,2.0,6.0,7.0,11.0
13153,Solomon Islands,Offals,Losses,0.0,0.0,0.0,0.0,0.0,0.0,0.0,0.0,0.0,0.0,0.0,0.0,0.0,0.0,0.0,0.0,0.0,0.0
13154,Solomon Islands,Offals,Feed,0.0,0.0,0.0,0.0,0.0,0.0,0.0,0.0,0.0,0.0,0.0,0.0,0.0,0.0,0.0,0.0,0.0,0.0
13155,Solomon Islands,Offals,Domestic supply,0.0,0.0,0.0,0.0,1.0,1.0,1.0,0.0,0.0,0.0,0.0,0.0,0.0,0.0,0.0,0.0,0.0,0.0
13156,Solomon Islands,Offals,Import,0.0,0.0,0.0,0.0,0.0,0.0,0.0,0.0,0.0,0.0,0.0,0.0,0.0,0.0,0.0,0.0,0.0,0.0
13157,Solomon Islands,Offals,Production,0.0,0.0,0.0,0.0,0.0,0.0,0.0,0.0,0.0,0.0,0.0,0.0,0.0,0.0,0.0,0.0,0.0,0.0
13158,Solomon Islands,Animal fats,Human Consumption,0.0,0.0,0.0,0.0,0.0,0.0,1.0,1.0,1.0,1.0,1.0,1.0,1.0,1.0,1.0,1.0,1.0,1.0
13159,Solomon Islands,Animal fats,Domestic supply,0.0,0.0,0.0,1.0,1.0,1.0,1.0,1.0,1.0,1.0,1.0,1.0,1.0,1.0,1.0,1.0,1.0,1.0
13160,Solomon Islands,Animal fats,Losses,0.0,0.0,0.0,0.0,0.0,0.0,0.0,0.0,0.0,0.0,0.0,0.0,0.0,0.0,0.0,0.0,0.0,0.0
13161,Solomon Islands,Animal fats,Feed,0.0,0.0,0.0,0.0,0.0,0.0,0.0,0.0,0.0,0.0,0.0,0.0,0.0,0.0,0.0,0.0,0.0,0.0
13162,Solomon Islands,Animal fats,Export,0.0,0.0,0.0,0.0,0.0,0.0,0.0,0.0,0.0,0.0,0.0,0.0,0.0,0.0,0.0,0.0,0.0,0.0
13163,Solomon Islands,Animal fats,Stock Variation,0.0,0.0,0.0,0.0,0.0,0.0,0.0,0.0,0.0,0.0,0.0,0.0,0.0,0.0,0.0,0.0,0.0,0.0
13164,Solomon Islands,Animal fats,Import,0.0,0.0,0.0,0.0,0.0,0.0,0.0,0.0,0.0,0.0,1.0,0.0,0.0,0.0,0.0,0.0,0.0,0.0
13165,Solomon Islands,Animal fats,Production,0.0,0.0,0.0,0.0,0.0,0.0,0.0,0.0,0.0,0.0,0.0,0.0,0.0,0.0,0.0,0.0,0.0,0.0
13166,Solomon Islands,Animal fats,Other uses (non-food),0.0,0.0,0.0,0.0,0.0,0.0,0.0,0.0,0.0,0.0,0.0,0.0,0.0,0.0,0.0,0.0,0.0,0.0
13167,Solomon Islands,Offals,Human Consumption,0.0,0.0,0.0,0.0,1.0,1.0,1.0,0.0,0.0,0.0,0.0,0.0,0.0,0.0,0.0,0.0,0.0,0.0
13168,Solomon Islands,Miscellaneous,Export,0.0,0.0,0.0,0.0,0.0,0.0,0.0,0.0,0.0,0.0,0.0,0.0,0.0,0.0,0.0,0.0,0.0,0.0
13169,Solomon Islands,Meat,Import,0.0,0.0,1.0,1.0,1.0,1.0,2.0,2.0,2.0,3.0,3.0,5.0,4.0,4.0,5.0,5.0,5.0,7.0
13170,Solomon Islands,Alcoholic Beverages,Other uses (non-food),0.0,0.0,0.0,0.0,0.0,0.0,0.0,0.0,0.0,0.0,0.0,0.0,0.0,0.0,0.0,0.0,0.0,0.0
13171,Solomon Islands,Milk - Excluding Butter,Human Consumption,3.0,2.0,3.0,2.0,3.0,3.0,5.0,4.0,2.0,3.0,3.0,5.0,6.0,6.0,4.0,3.0,3.0,4.0
13172,Solomon Islands,Alcoholic Beverages,Domestic supply,1.0,2.0,3.0,3.0,3.0,5.0,5.0,6.0,8.0,6.0,6.0,8.0,6.0,4.0,6.0,6.0,7.0,7.0
13173,Solomon Islands,Alcoholic Beverages,Export,0.0,0.0,0.0,0.0,0.0,0.0,0.0,0.0,0.0,0.0,0.0,0.0,0.0,0.0,0.0,0.0,0.0,0.0
13174,Solomon Islands,Alcoholic Beverages,Stock Variation,0.0,0.0,0.0,0.0,0.0,0.0,0.0,0.0,0.0,0.0,0.0,0.0,0.0,0.0,4.0,8.0,1.0,6.0
13175,Solomon Islands,Alcoholic Beverages,Import,1.0,2.0,1.0,0.0,0.0,0.0,1.0,0.0,0.0,1.0,0.0,0.0,0.0,0.0,0.0,0.0,0.0,8.0
13176,Solomon Islands,Alcoholic Beverages,Production,0.0,0.0,2.0,3.0,3.0,5.0,4.0,5.0,8.0,5.0,6.0,8.0,6.0,4.0,10.0,15.0,7.0,6.0
13177,Solomon Islands,Miscellaneous,Human Consumption,0.0,0.0,0.0,0.0,0.0,0.0,0.0,0.0,0.0,0.0,0.0,0.0,0.0,0.0,5.0,5.0,5.0,5.0
13178,Solomon Islands,Miscellaneous,Domestic supply,0.0,0.0,0.0,0.0,0.0,0.0,0.0,0.0,0.0,0.0,0.0,0.0,0.0,0.0,5.0,5.0,5.0,5.0
13179,Solomon Islands,Miscellaneous,Stock Variation,0.0,0.0,0.0,0.0,0.0,0.0,0.0,0.0,0.0,0.0,0.0,0.0,0.0,0.0,0.0,0.0,0.0,0.0
13180,Solomon Islands,Miscellaneous,Import,0.0,0.0,0.0,0.0,0.0,0.0,0.0,0.0,0.0,0.0,0.0,0.0,0.0,0.0,5.0,5.0,5.0,4.0
13181,Solomon Islands,Meat,Human Consumption,3.0,3.0,4.0,4.0,4.0,5.0,5.0,5.0,6.0,6.0,6.0,9.0,7.0,8.0,7.0,7.0,8.0,7.0
13182,Solomon Islands,Meat,Domestic supply,3.0,3.0,4.0,4.0,4.0,5.0,5.0,5.0,6.0,6.0,6.0,9.0,7.0,8.0,7.0,7.0,8.0,7.0
13183,Solomon Islands,Meat,Export,0.0,0.0,0.0,0.0,0.0,0.0,0.0,0.0,0.0,0.0,0.0,0.0,0.0,0.0,0.0,0.0,0.0,0.0
13184,Solomon Islands,Meat,Stock Variation,0.0,0.0,0.0,0.0,0.0,0.0,0.0,0.0,0.0,0.0,0.0,0.0,0.0,0.0,1.0,1.0,1.0,3.0
13185,Solomon Islands,Meat,Production,3.0,3.0,3.0,3.0,3.0,3.0,3.0,3.0,3.0,3.0,3.0,3.0,3.0,3.0,4.0,4.0,4.0,4.0
13186,Solomon Islands,Milk - Excluding Butter,Losses,0.0,0.0,0.0,0.0,0.0,0.0,0.0,0.0,0.0,0.0,0.0,0.0,0.0,0.0,0.0,0.0,0.0,0.0
13187,Solomon Islands,"Aquatic Products, Other",Human Consumption,0.0,0.0,0.0,0.0,0.0,0.0,0.0,0.0,0.0,0.0,0.0,0.0,0.0,0.0,0.0,0.0,0.0,0.0
13188,Solomon Islands,Milk - Excluding Butter,Domestic supply,3.0,2.0,3.0,2.0,3.0,3.0,5.0,4.0,2.0,3.0,3.0,5.0,6.0,7.0,4.0,4.0,4.0,4.0
13189,Solomon Islands,"Aquatic Products, Other",Domestic supply,0.0,0.0,0.0,1.0,2.0,3.0,2.0,1.0,1.0,5.0,8.0,8.0,8.0,8.0,11.0,12.0,10.0,11.0
13190,Solomon Islands,"Aquatic Products, Other",Export,0.0,0.0,0.0,0.0,0.0,0.0,0.0,0.0,0.0,0.0,0.0,0.0,0.0,0.0,1.0,0.0,0.0,0.0
13191,Solomon Islands,"Aquatic Products, Other",Stock Variation,0.0,0.0,0.0,0.0,0.0,0.0,0.0,0.0,0.0,0.0,0.0,0.0,0.0,0.0,0.0,0.0,0.0,0.0
13192,Solomon Islands,"Aquatic Products, Other",Import,0.0,0.0,0.0,0.0,0.0,0.0,0.0,0.0,0.0,0.0,0.0,0.0,0.0,0.0,0.0,0.0,0.0,0.0
13193,Solomon Islands,"Aquatic Products, Other",Production,0.0,0.0,0.0,1.0,2.0,3.0,2.0,1.0,2.0,5.0,8.0,8.0,8.0,8.0,12.0,12.0,11.0,11.0
13194,Solomon Islands,Cereals - Excluding Beer,Human Consumption,37.0,36.0,38.0,39.0,40.0,41.0,43.0,44.0,43.0,44.0,47.0,52.0,51.0,50.0,72.0,74.0,77.0,76.0
13195,Solomon Islands,Cereals - Excluding Beer,Other uses (non-food),0.0,0.0,0.0,0.0,0.0,0.0,0.0,3.0,4.0,6.0,6.0,1.0,8.0,12.0,0.0,0.0,0.0,0.0
13196,Solomon Islands,Cereals - Excluding Beer,Processing,0.0,0.0,0.0,1.0,1.0,1.0,1.0,1.0,2.0,1.0,1.0,2.0,1.0,1.0,2.0,2.0,1.0,1.0
13197,Solomon Islands,Cereals - Excluding Beer,Losses,1.0,1.0,1.0,1.0,1.0,1.0,1.0,1.0,1.0,1.0,1.0,1.0,1.0,1.0,0.0,0.0,0.0,0.0
13198,Solomon Islands,Cereals - Excluding Beer,Seed,0.0,0.0,0.0,0.0,0.0,0.0,0.0,0.0,0.0,0.0,0.0,0.0,0.0,0.0,0.0,0.0,0.0,0.0
13199,Solomon Islands,Cereals - Excluding Beer,Feed,0.0,0.0,0.0,0.0,0.0,0.0,0.0,0.0,0.0,0.0,0.0,0.0,0.0,0.0,0.0,0.0,0.0,8.0
13200,Solomon Islands,Cereals - Excluding Beer,Domestic supply,38.0,37.0,40.0,40.0,41.0,43.0,45.0,49.0,50.0,52.0,56.0,56.0,62.0,65.0,84.0,88.0,90.0,95.0
13201,Solomon Islands,Cereals - Excluding Beer,Export,0.0,0.0,0.0,0.0,0.0,0.0,0.0,0.0,0.0,0.0,0.0,0.0,0.0,0.0,0.0,0.0,0.0,1.0
13202,Solomon Islands,Cereals - Excluding Beer,Stock Variation,3.0,-5.0,13.0,8.0,5.0,-4.0,-2.0,-8.0,1.0,-2.0,-2.0,2.0,2.0,0.0,5.0,7.0,2.0,-8.0
13203,Solomon Islands,Cereals - Excluding Beer,Import,32.0,40.0,25.0,31.0,35.0,45.0,45.0,55.0,48.0,52.0,56.0,51.0,57.0,62.0,87.0,92.0,88.0,85.0
13204,Solomon Islands,"Aquatic Products, Other",Other uses (non-food),0.0,0.0,0.0,0.0,2.0,3.0,2.0,1.0,1.0,5.0,8.0,8.0,8.0,8.0,11.0,12.0,10.0,11.0
13205,Solomon Islands,Milk - Excluding Butter,Feed,0.0,0.0,0.0,0.0,0.0,0.0,0.0,0.0,0.0,0.0,0.0,0.0,0.0,0.0,0.0,0.0,0.0,0.0
13206,Solomon Islands,Alcoholic Beverages,Human Consumption,1.0,2.0,3.0,3.0,3.0,5.0,5.0,6.0,8.0,5.0,6.0,8.0,6.0,4.0,6.0,6.0,7.0,7.0
13207,Solomon Islands,"Fish, Seafood",Import,0.0,0.0,1.0,0.0,1.0,1.0,2.0,3.0,2.0,2.0,3.0,3.0,3.0,3.0,1.0,1.0,1.0,1.0
13208,Solomon Islands,Milk - Excluding Butter,Stock Variation,0.0,0.0,0.0,0.0,0.0,0.0,0.0,0.0,0.0,0.0,0.0,0.0,0.0,0.0,0.0,0.0,0.0,0.0
13209,Solomon Islands,Milk - Excluding Butter,Import,2.0,1.0,2.0,1.0,1.0,2.0,3.0,2.0,1.0,1.0,2.0,4.0,5.0,5.0,1.0,1.0,1.0,1.0
13210,Solomon Islands,Milk - Excluding Butter,Production,1.0,1.0,2.0,1.0,1.0,1.0,1.0,1.0,1.0,1.0,1.0,1.0,1.0,1.0,3.0,3.0,3.0,3.0
13211,Solomon Islands,Eggs,Human Consumption,0.0,0.0,1.0,0.0,0.0,0.0,1.0,1.0,1.0,1.0,1.0,1.0,1.0,1.0,1.0,1.0,1.0,1.0
13212,Solomon Islands,Eggs,Losses,0.0,0.0,0.0,0.0,0.0,0.0,0.0,0.0,0.0,0.0,0.0,0.0,0.0,0.0,0.0,0.0,0.0,0.0
13213,Solomon Islands,Eggs,Seed,0.0,0.0,0.0,0.0,0.0,0.0,0.0,0.0,0.0,0.0,0.0,0.0,0.0,0.0,0.0,0.0,0.0,0.0
13214,Solomon Islands,Eggs,Feed,0.0,0.0,0.0,0.0,0.0,0.0,0.0,0.0,0.0,0.0,0.0,0.0,0.0,0.0,0.0,0.0,0.0,0.0
13215,Solomon Islands,Eggs,Domestic supply,0.0,1.0,1.0,1.0,0.0,1.0,1.0,1.0,1.0,1.0,1.0,1.0,1.0,1.0,1.0,1.0,1.0,1.0
13216,Solomon Islands,Eggs,Import,0.0,0.0,0.0,0.0,0.0,0.0,0.0,0.0,0.0,0.0,0.0,0.0,0.0,0.0,0.0,0.0,0.0,0.0
13217,Solomon Islands,Eggs,Production,0.0,0.0,0.0,0.0,0.0,0.0,1.0,1.0,1.0,1.0,1.0,1.0,1.0,1.0,1.0,1.0,1.0,1.0
13218,Solomon Islands,"Fish, Seafood",Human Consumption,13.0,13.0,14.0,14.0,16.0,16.0,16.0,17.0,18.0,18.0,19.0,19.0,19.0,19.0,22.0,21.0,21.0,19.0
13219,Solomon Islands,"Fish, Seafood",Other uses (non-food),0.0,0.0,0.0,0.0,2.0,1.0,0.0,0.0,0.0,0.0,0.0,0.0,0.0,0.0,15.0,12.0,4.0,0.0
13220,Solomon Islands,"Fish, Seafood",Domestic supply,13.0,13.0,14.0,14.0,17.0,17.0,16.0,17.0,18.0,18.0,19.0,19.0,19.0,19.0,37.0,33.0,25.0,19.0
13221,Solomon Islands,"Fish, Seafood",Export,15.0,13.0,13.0,21.0,18.0,15.0,25.0,17.0,11.0,12.0,19.0,19.0,19.0,19.0,38.0,41.0,42.0,38.0
13222,Solomon Islands,"Fish, Seafood",Stock Variation,9.0,2.0,0.0,0.0,0.0,1.0,0.0,0.0,-1.0,1.0,0.0,0.0,0.0,0.0,0.0,0.0,0.0,0.0
13223,Solomon Islands,"Fish, Seafood",Production,19.0,23.0,26.0,35.0,35.0,30.0,40.0,31.0,27.0,28.0,35.0,35.0,35.0,35.0,74.0,73.0,66.0,56.0
13224,Solomon Islands,Spices,Production,0.0,0.0,0.0,0.0,0.0,0.0,0.0,0.0,0.0,0.0,0.0,0.0,0.0,0.0,0.0,0.0,0.0,0.0
13225,Solomon Islands,Vegetables,Stock Variation,0.0,0.0,0.0,0.0,0.0,0.0,0.0,0.0,0.0,0.0,0.0,0.0,0.0,0.0,0.0,0.0,0.0,0.0
13226,Solomon Islands,Spices,Stock Variation,0.0,0.0,0.0,0.0,0.0,0.0,0.0,0.0,0.0,0.0,0.0,0.0,0.0,0.0,0.0,0.0,0.0,0.0
13227,Solomon Islands,Treenuts,Human Consumption,0.0,0.0,0.0,0.0,0.0,0.0,0.0,0.0,0.0,0.0,0.0,0.0,0.0,0.0,0.0,0.0,0.0,0.0
13228,Solomon Islands,Treenuts,Losses,0.0,0.0,0.0,0.0,0.0,0.0,0.0,0.0,0.0,0.0,0.0,0.0,0.0,0.0,0.0,0.0,0.0,0.0
13229,Solomon Islands,Treenuts,Seed,0.0,0.0,0.0,0.0,0.0,0.0,0.0,0.0,0.0,0.0,0.0,0.0,0.0,0.0,0.0,0.0,0.0,0.0
13230,Solomon Islands,Treenuts,Domestic supply,0.0,0.0,0.0,0.0,0.0,0.0,0.0,0.0,0.0,0.0,0.0,0.0,0.0,0.0,0.0,0.0,0.0,0.0
13231,Solomon Islands,Treenuts,Export,0.0,0.0,0.0,0.0,0.0,0.0,0.0,0.0,0.0,0.0,0.0,0.0,0.0,0.0,0.0,0.0,0.0,0.0
13232,Solomon Islands,Treenuts,Stock Variation,0.0,0.0,0.0,0.0,0.0,0.0,0.0,0.0,0.0,0.0,0.0,0.0,0.0,0.0,0.0,0.0,0.0,0.0
13233,Solomon Islands,Oilcrops,Production,254.0,216.0,208.0,200.0,284.0,368.0,393.0,429.0,441.0,394.0,407.0,395.0,396.0,397.0,638.0,613.0,659.0,682.0
13234,Solomon Islands,Treenuts,Import,0.0,0.0,0.0,0.0,0.0,0.0,0.0,0.0,0.0,0.0,0.0,0.0,0.0,0.0,0.0,0.0,0.0,0.0
13235,Solomon Islands,Pulses,Human Consumption,4.0,3.0,4.0,4.0,4.0,4.0,4.0,4.0,4.0,4.0,4.0,4.0,6.0,6.0,6.0,6.0,6.0,6.0
13236,Solomon Islands,Pulses,Losses,0.0,0.0,0.0,0.0,0.0,0.0,0.0,0.0,0.0,0.0,0.0,0.0,0.0,0.0,0.0,0.0,0.0,0.0
13237,Solomon Islands,Pulses,Seed,0.0,0.0,0.0,0.0,0.0,0.0,0.0,0.0,0.0,0.0,0.0,0.0,0.0,0.0,0.0,0.0,0.0,0.0
13238,Solomon Islands,Pulses,Feed,0.0,0.0,0.0,0.0,0.0,0.0,0.0,0.0,0.0,0.0,0.0,0.0,0.0,0.0,0.0,0.0,0.0,0.0
13239,Solomon Islands,Pulses,Stock Variation,0.0,0.0,0.0,0.0,0.0,0.0,0.0,0.0,0.0,0.0,0.0,0.0,0.0,0.0,0.0,0.0,0.0,0.0
13240,Solomon Islands,Pulses,Import,0.0,0.0,0.0,0.0,0.0,0.0,0.0,0.0,0.0,0.0,0.0,0.0,0.0,0.0,0.0,0.0,0.0,0.0
13241,Solomon Islands,Treenuts,Production,0.0,0.0,0.0,0.0,0.0,0.0,0.0,0.0,0.0,0.0,0.0,0.0,0.0,0.0,0.0,0.0,0.0,0.0
13242,Solomon Islands,Oilcrops,Import,0.0,0.0,0.0,0.0,0.0,0.0,0.0,0.0,0.0,0.0,0.0,0.0,0.0,0.0,0.0,1.0,1.0,0.0
13243,Solomon Islands,Oilcrops,Stock Variation,10.0,-27.0,-24.0,17.0,-9.0,-50.0,-8.0,34.0,-59.0,23.0,32.0,-16.0,-14.0,-9.0,17.0,9.0,42.0,36.0
13244,Solomon Islands,Oilcrops,Export,45.0,7.0,7.0,43.0,68.0,38.0,71.0,104.0,92.0,104.0,114.0,112.0,83.0,54.0,33.0,40.0,59.0,76.0
13245,Solomon Islands,Cereals - Excluding Beer,Production,3.0,1.0,2.0,1.0,2.0,2.0,2.0,2.0,2.0,2.0,1.0,2.0,3.0,3.0,3.0,3.0,3.0,3.0
13246,Solomon Islands,Starchy Roots,Human Consumption,135.0,142.0,148.0,156.0,160.0,163.0,155.0,165.0,173.0,178.0,176.0,178.0,180.0,187.0,192.0,197.0,201.0,204.0
13247,Solomon Islands,Starchy Roots,Losses,3.0,3.0,3.0,3.0,3.0,3.0,3.0,3.0,4.0,4.0,4.0,4.0,4.0,4.0,4.0,4.0,4.0,4.0
13248,Solomon Islands,Starchy Roots,Feed,0.0,0.0,0.0,0.0,0.0,0.0,0.0,0.0,0.0,0.0,0.0,0.0,0.0,0.0,3.0,3.0,3.0,3.0
13249,Solomon Islands,Starchy Roots,Domestic supply,138.0,145.0,151.0,159.0,163.0,167.0,158.0,169.0,177.0,182.0,180.0,182.0,184.0,191.0,198.0,203.0,208.0,210.0
13250,Solomon Islands,Starchy Roots,Export,0.0,0.0,0.0,0.0,0.0,0.0,0.0,0.0,0.0,0.0,0.0,0.0,0.0,0.0,0.0,0.0,0.0,0.0
13251,Solomon Islands,Starchy Roots,Stock Variation,0.0,0.0,0.0,0.0,0.0,0.0,0.0,0.0,0.0,0.0,0.0,0.0,0.0,0.0,-4.0,-6.0,-11.0,-11.0
13252,Solomon Islands,Starchy Roots,Import,0.0,0.0,0.0,0.0,0.0,0.0,0.0,0.0,0.0,0.0,0.0,0.0,0.0,0.0,0.0,0.0,0.0,0.0
13253,Solomon Islands,Starchy Roots,Production,138.0,145.0,151.0,159.0,163.0,167.0,158.0,169.0,177.0,182.0,180.0,182.0,184.0,191.0,195.0,197.0,197.0,199.0
13254,Solomon Islands,Oilcrops,Human Consumption,31.0,32.0,33.0,34.0,34.0,35.0,36.0,38.0,39.0,40.0,40.0,40.0,40.0,40.0,40.0,41.0,42.0,42.0
13255,Solomon Islands,Oilcrops,Other uses (non-food),130.0,107.0,93.0,92.0,138.0,221.0,254.0,285.0,219.0,236.0,245.0,188.0,205.0,206.0,0.0,0.0,0.0,0.0
13256,Solomon Islands,Oilcrops,Processing,59.0,43.0,52.0,49.0,36.0,24.0,26.0,35.0,32.0,36.0,40.0,39.0,55.0,89.0,322.0,346.0,296.0,309.0
13257,Solomon Islands,Oilcrops,Losses,0.0,0.0,0.0,0.0,0.0,0.0,0.0,0.0,0.0,0.0,0.0,0.0,0.0,0.0,61.0,60.0,55.0,50.0
13258,Solomon Islands,Oilcrops,Feed,0.0,0.0,0.0,0.0,0.0,0.0,0.0,0.0,0.0,0.0,0.0,0.0,0.0,0.0,17.0,2.0,2.0,4.0
13259,Solomon Islands,Oilcrops,Domestic supply,219.0,182.0,177.0,174.0,208.0,281.0,315.0,359.0,290.0,313.0,325.0,267.0,300.0,335.0,588.0,565.0,558.0,570.0
13260,Solomon Islands,Pulses,Production,4.0,4.0,4.0,4.0,4.0,4.0,4.0,4.0,5.0,5.0,5.0,5.0,6.0,7.0,7.0,6.0,7.0,7.0
13261,Solomon Islands,Sugar & Sweeteners,Human Consumption,3.0,3.0,3.0,4.0,4.0,5.0,6.0,4.0,7.0,5.0,7.0,5.0,3.0,3.0,5.0,5.0,6.0,7.0
13262,Solomon Islands,Sugar & Sweeteners,Other uses (non-food),0.0,0.0,0.0,0.0,0.0,0.0,0.0,0.0,0.0,0.0,0.0,0.0,0.0,0.0,0.0,0.0,0.0,0.0
13263,Solomon Islands,Sugar & Sweeteners,Feed,0.0,0.0,0.0,0.0,0.0,0.0,0.0,0.0,0.0,0.0,0.0,0.0,0.0,0.0,0.0,0.0,0.0,0.0
13264,Solomon Islands,Fruits - Excluding Wine,Domestic supply,17.0,18.0,20.0,21.0,22.0,24.0,28.0,31.0,32.0,33.0,32.0,32.0,29.0,30.0,28.0,28.0,28.0,29.0
13265,Solomon Islands,Fruits - Excluding Wine,Export,0.0,0.0,0.0,0.0,0.0,0.0,0.0,0.0,0.0,0.0,0.0,0.0,0.0,0.0,1.0,0.0,0.0,0.0
13266,Solomon Islands,Fruits - Excluding Wine,Stock Variation,0.0,0.0,0.0,0.0,0.0,0.0,0.0,0.0,0.0,0.0,0.0,0.0,0.0,0.0,0.0,0.0,0.0,0.0
13267,Solomon Islands,Fruits - Excluding Wine,Import,0.0,0.0,1.0,1.0,1.0,2.0,2.0,2.0,3.0,3.0,2.0,3.0,2.0,3.0,1.0,1.0,1.0,1.0
13268,Solomon Islands,Fruits - Excluding Wine,Production,17.0,18.0,19.0,20.0,21.0,21.0,26.0,29.0,29.0,31.0,30.0,29.0,27.0,27.0,28.0,28.0,28.0,28.0
13269,Solomon Islands,Stimulants,Human Consumption,0.0,0.0,0.0,0.0,0.0,1.0,1.0,1.0,1.0,1.0,1.0,1.0,1.0,1.0,0.0,0.0,0.0,1.0
13270,Solomon Islands,Stimulants,Losses,0.0,0.0,0.0,0.0,0.0,0.0,0.0,0.0,0.0,0.0,0.0,0.0,0.0,0.0,0.0,0.0,0.0,0.0
13271,Solomon Islands,Stimulants,Domestic supply,0.0,0.0,0.0,0.0,0.0,1.0,1.0,1.0,1.0,1.0,1.0,1.0,1.0,1.0,0.0,1.0,0.0,1.0
13272,Solomon Islands,Stimulants,Export,3.0,2.0,3.0,4.0,4.0,4.0,4.0,4.0,4.0,5.0,5.0,6.0,7.0,4.0,1.0,4.0,5.0,4.0
13273,Solomon Islands,Stimulants,Stock Variation,0.0,0.0,0.0,0.0,0.0,0.0,0.0,-1.0,-1.0,0.0,0.0,0.0,0.0,-1.0,4.0,0.0,0.0,0.0
13274,Solomon Islands,Stimulants,Import,0.0,0.0,0.0,0.0,0.0,0.0,1.0,1.0,1.0,1.0,1.0,0.0,1.0,1.0,1.0,0.0,0.0,0.0
13275,Solomon Islands,Stimulants,Production,2.0,2.0,3.0,5.0,4.0,5.0,4.0,4.0,4.0,5.0,5.0,6.0,7.0,5.0,5.0,5.0,5.0,5.0
13276,Solomon Islands,Spices,Human Consumption,0.0,0.0,0.0,0.0,0.0,0.0,0.0,0.0,0.0,0.0,0.0,0.0,0.0,0.0,0.0,0.0,0.0,0.0
13277,Solomon Islands,Spices,Domestic supply,0.0,0.0,0.0,0.0,0.0,0.0,0.0,0.0,0.0,0.0,0.0,0.0,0.0,0.0,0.0,0.0,0.0,0.0
13278,Solomon Islands,Spices,Export,0.0,0.0,0.0,0.0,0.0,0.0,0.0,0.0,0.0,0.0,0.0,0.0,0.0,0.0,0.0,0.0,0.0,0.0
13279,Solomon Islands,Fruits - Excluding Wine,Losses,1.0,1.0,1.0,1.0,1.0,1.0,1.0,1.0,1.0,2.0,1.0,1.0,1.0,1.0,1.0,1.0,1.0,1.0
13280,Solomon Islands,Spices,Import,0.0,0.0,0.0,0.0,0.0,0.0,0.0,0.0,0.0,0.0,0.0,0.0,0.0,0.0,0.0,0.0,0.0,0.0
13281,Solomon Islands,Fruits - Excluding Wine,Human Consumption,16.0,18.0,19.0,20.0,21.0,23.0,27.0,29.0,30.0,32.0,30.0,31.0,28.0,29.0,28.0,27.0,27.0,28.0
13282,Solomon Islands,Vegetables,Import,0.0,0.0,0.0,0.0,0.0,1.0,1.0,1.0,0.0,0.0,1.0,1.0,1.0,1.0,1.0,1.0,1.0,2.0
13283,Solomon Islands,Sugar & Sweeteners,Domestic supply,3.0,3.0,3.0,4.0,4.0,5.0,6.0,4.0,7.0,5.0,7.0,5.0,3.0,3.0,5.0,5.0,6.0,7.0
13284,Solomon Islands,Sugar & Sweeteners,Export,0.0,0.0,0.0,0.0,0.0,0.0,0.0,0.0,0.0,0.0,0.0,0.0,0.0,0.0,0.0,0.0,0.0,0.0
13285,Solomon Islands,Sugar & Sweeteners,Stock Variation,0.0,0.0,0.0,0.0,0.0,1.0,-1.0,0.0,0.0,0.0,0.0,0.0,0.0,0.0,5.0,5.0,4.0,3.0
13286,Solomon Islands,Sugar & Sweeteners,Import,3.0,3.0,4.0,3.0,4.0,4.0,7.0,5.0,7.0,5.0,7.0,5.0,3.0,3.0,9.0,10.0,10.0,10.0
13287,Solomon Islands,Vegetable Oils,Human Consumption,1.0,1.0,2.0,2.0,2.0,1.0,2.0,1.0,2.0,2.0,2.0,2.0,2.0,2.0,2.0,2.0,2.0,3.0
13288,Solomon Islands,Vegetable Oils,Other uses (non-food),2.0,7.0,8.0,8.0,6.0,5.0,6.0,9.0,21.0,6.0,10.0,13.0,8.0,12.0,0.0,0.0,0.0,0.0
13289,Solomon Islands,Vegetable Oils,Domestic supply,3.0,8.0,10.0,9.0,8.0,6.0,8.0,10.0,22.0,7.0,12.0,15.0,5.0,10.0,11.0,11.0,11.0,6.0
13290,Solomon Islands,Vegetable Oils,Export,39.0,35.0,33.0,32.0,32.0,34.0,5.0,21.0,22.0,24.0,24.0,23.0,37.0,40.0,40.0,43.0,36.0,44.0
13291,Solomon Islands,Vegetable Oils,Stock Variation,-1.0,1.0,0.0,0.0,0.0,0.0,-28.0,-13.0,0.0,0.0,0.0,0.0,0.0,0.0,0.0,1.0,2.0,1.0
13292,Solomon Islands,Vegetable Oils,Import,0.0,0.0,1.0,1.0,1.0,1.0,2.0,1.0,1.0,1.0,1.0,1.0,1.0,1.0,2.0,3.0,4.0,5.0
13293,Solomon Islands,Vegetable Oils,Production,44.0,42.0,41.0,40.0,39.0,39.0,40.0,43.0,44.0,30.0,34.0,37.0,41.0,50.0,49.0,52.0,45.0,47.0
13294,Solomon Islands,Vegetables,Human Consumption,7.0,7.0,8.0,8.0,9.0,8.0,9.0,8.0,8.0,8.0,8.0,8.0,8.0,8.0,9.0,9.0,9.0,9.0
13295,Solomon Islands,Vegetables,Losses,0.0,0.0,0.0,0.0,0.0,0.0,0.0,0.0,0.0,0.0,0.0,0.0,0.0,0.0,0.0,0.0,0.0,0.0
13296,Solomon Islands,Vegetables,Domestic supply,7.0,8.0,8.0,8.0,9.0,9.0,9.0,9.0,9.0,9.0,9.0,8.0,8.0,8.0,9.0,9.0,9.0,10.0
13297,Solomon Islands,Vegetables,Export,0.0,0.0,0.0,0.0,0.0,0.0,0.0,0.0,0.0,0.0,0.0,0.0,0.0,0.0,0.0,0.0,0.0,0.0
13298,Solomon Islands,Vegetables,Production,7.0,8.0,8.0,8.0,9.0,8.0,8.0,8.0,8.0,8.0,8.0,7.0,7.0,7.0,8.0,8.0,8.0,8.0
13299,Solomon Islands,Pulses,Domestic supply,4.0,4.0,4.0,4.0,4.0,4.0,4.0,4.0,5.0,5.0,5.0,5.0,6.0,7.0,7.0,7.0,7.0,7.0
13300,Solomon Islands,Vegetable Oils,Human Consumption,1.0,1.0,2.0,2.0,2.0,1.0,2.0,1.0,2.0,2.0,2.0,2.0,2.0,2.0,2.0,2.0,2.0,3.0
13301,Solomon Islands,Starchy Roots,Losses,3.0,3.0,3.0,3.0,3.0,3.0,3.0,3.0,4.0,4.0,4.0,4.0,4.0,4.0,4.0,4.0,4.0,4.0
13302,Solomon Islands,Offals,Domestic supply,0.0,0.0,0.0,0.0,1.0,1.0,1.0,0.0,0.0,0.0,0.0,0.0,0.0,0.0,0.0,0.0,0.0,0.0
13303,Solomon Islands,Offals,Import,0.0,0.0,0.0,0.0,0.0,0.0,0.0,0.0,0.0,0.0,0.0,0.0,0.0,0.0,0.0,0.0,0.0,0.0
13304,Solomon Islands,Offals,Production,0.0,0.0,0.0,0.0,0.0,0.0,0.0,0.0,0.0,0.0,0.0,0.0,0.0,0.0,0.0,0.0,0.0,0.0
13305,Solomon Islands,Animal fats,Human Consumption,0.0,0.0,0.0,0.0,0.0,0.0,1.0,1.0,1.0,1.0,1.0,1.0,1.0,1.0,1.0,1.0,1.0,1.0
13306,Solomon Islands,Animal fats,Other uses (non-food),0.0,0.0,0.0,0.0,0.0,0.0,0.0,0.0,0.0,0.0,0.0,0.0,0.0,0.0,0.0,0.0,0.0,0.0
13307,Solomon Islands,Animal fats,Losses,0.0,0.0,0.0,0.0,0.0,0.0,0.0,0.0,0.0,0.0,0.0,0.0,0.0,0.0,0.0,0.0,0.0,0.0
13308,Solomon Islands,Offals,Feed,0.0,0.0,0.0,0.0,0.0,0.0,0.0,0.0,0.0,0.0,0.0,0.0,0.0,0.0,0.0,0.0,0.0,0.0
13309,Solomon Islands,Animal fats,Feed,0.0,0.0,0.0,0.0,0.0,0.0,0.0,0.0,0.0,0.0,0.0,0.0,0.0,0.0,0.0,0.0,0.0,0.0
13310,Solomon Islands,Animal fats,Export,0.0,0.0,0.0,0.0,0.0,0.0,0.0,0.0,0.0,0.0,0.0,0.0,0.0,0.0,0.0,0.0,0.0,0.0
13311,Solomon Islands,Animal fats,Stock Variation,0.0,0.0,0.0,0.0,0.0,0.0,0.0,0.0,0.0,0.0,0.0,0.0,0.0,0.0,0.0,0.0,0.0,0.0
13312,Solomon Islands,Animal fats,Import,0.0,0.0,0.0,0.0,0.0,0.0,0.0,0.0,0.0,0.0,1.0,0.0,0.0,0.0,0.0,0.0,0.0,0.0
13313,Solomon Islands,Animal fats,Production,0.0,0.0,0.0,0.0,0.0,0.0,0.0,0.0,0.0,0.0,0.0,0.0,0.0,0.0,0.0,0.0,0.0,0.0
13314,Solomon Islands,Milk - Excluding Butter,Human Consumption,3.0,2.0,3.0,2.0,3.0,3.0,5.0,4.0,2.0,3.0,3.0,5.0,6.0,6.0,4.0,3.0,3.0,4.0
13315,Solomon Islands,Milk - Excluding Butter,Losses,0.0,0.0,0.0,0.0,0.0,0.0,0.0,0.0,0.0,0.0,0.0,0.0,0.0,0.0,0.0,0.0,0.0,0.0
13316,Solomon Islands,Animal fats,Domestic supply,0.0,0.0,0.0,1.0,1.0,1.0,1.0,1.0,1.0,1.0,1.0,1.0,1.0,1.0,1.0,1.0,1.0,1.0
13317,Solomon Islands,Offals,Losses,0.0,0.0,0.0,0.0,0.0,0.0,0.0,0.0,0.0,0.0,0.0,0.0,0.0,0.0,0.0,0.0,0.0,0.0
13318,Solomon Islands,Offals,Human Consumption,0.0,0.0,0.0,0.0,1.0,1.0,1.0,0.0,0.0,0.0,0.0,0.0,0.0,0.0,0.0,0.0,0.0,0.0
13319,Solomon Islands,Meat,Production,3.0,3.0,3.0,3.0,3.0,3.0,3.0,3.0,3.0,3.0,3.0,3.0,3.0,3.0,4.0,4.0,4.0,4.0
13320,Solomon Islands,Alcoholic Beverages,Domestic supply,1.0,2.0,3.0,3.0,3.0,5.0,5.0,6.0,8.0,6.0,6.0,8.0,6.0,4.0,6.0,6.0,7.0,7.0
13321,Solomon Islands,Alcoholic Beverages,Export,0.0,0.0,0.0,0.0,0.0,0.0,0.0,0.0,0.0,0.0,0.0,0.0,0.0,0.0,0.0,0.0,0.0,0.0
13322,Solomon Islands,Alcoholic Beverages,Stock Variation,0.0,0.0,0.0,0.0,0.0,0.0,0.0,0.0,0.0,0.0,0.0,0.0,0.0,0.0,4.0,8.0,1.0,6.0
13323,Solomon Islands,Alcoholic Beverages,Import,1.0,2.0,1.0,0.0,0.0,0.0,1.0,0.0,0.0,1.0,0.0,0.0,0.0,0.0,0.0,0.0,0.0,8.0
13324,Solomon Islands,Alcoholic Beverages,Production,0.0,0.0,2.0,3.0,3.0,5.0,4.0,5.0,8.0,5.0,6.0,8.0,6.0,4.0,10.0,15.0,7.0,6.0
13325,Solomon Islands,Miscellaneous,Human Consumption,0.0,0.0,0.0,0.0,0.0,0.0,0.0,0.0,0.0,0.0,0.0,0.0,0.0,0.0,5.0,5.0,5.0,5.0
13326,Solomon Islands,Miscellaneous,Domestic supply,0.0,0.0,0.0,0.0,0.0,0.0,0.0,0.0,0.0,0.0,0.0,0.0,0.0,0.0,5.0,5.0,5.0,5.0
13327,Solomon Islands,Miscellaneous,Export,0.0,0.0,0.0,0.0,0.0,0.0,0.0,0.0,0.0,0.0,0.0,0.0,0.0,0.0,0.0,0.0,0.0,0.0
13328,Solomon Islands,Miscellaneous,Stock Variation,0.0,0.0,0.0,0.0,0.0,0.0,0.0,0.0,0.0,0.0,0.0,0.0,0.0,0.0,0.0,0.0,0.0,0.0
13329,Solomon Islands,Miscellaneous,Import,0.0,0.0,0.0,0.0,0.0,0.0,0.0,0.0,0.0,0.0,0.0,0.0,0.0,0.0,5.0,5.0,5.0,4.0
13330,Solomon Islands,Meat,Human Consumption,3.0,3.0,4.0,4.0,4.0,5.0,5.0,5.0,6.0,6.0,6.0,9.0,7.0,8.0,7.0,7.0,8.0,7.0
13331,Solomon Islands,Meat,Domestic supply,3.0,3.0,4.0,4.0,4.0,5.0,5.0,5.0,6.0,6.0,6.0,9.0,7.0,8.0,7.0,7.0,8.0,7.0
13332,Solomon Islands,Meat,Export,0.0,0.0,0.0,0.0,0.0,0.0,0.0,0.0,0.0,0.0,0.0,0.0,0.0,0.0,0.0,0.0,0.0,0.0
13333,Solomon Islands,Meat,Stock Variation,0.0,0.0,0.0,0.0,0.0,0.0,0.0,0.0,0.0,0.0,0.0,0.0,0.0,0.0,1.0,1.0,1.0,3.0
13334,Solomon Islands,Meat,Import,0.0,0.0,1.0,1.0,1.0,1.0,2.0,2.0,2.0,3.0,3.0,5.0,4.0,4.0,5.0,5.0,5.0,7.0
13335,Solomon Islands,Milk - Excluding Butter,Feed,0.0,0.0,0.0,0.0,0.0,0.0,0.0,0.0,0.0,0.0,0.0,0.0,0.0,0.0,0.0,0.0,0.0,0.0
13336,Solomon Islands,Alcoholic Beverages,Other uses (non-food),0.0,0.0,0.0,0.0,0.0,0.0,0.0,0.0,0.0,0.0,0.0,0.0,0.0,0.0,0.0,0.0,0.0,0.0
13337,Solomon Islands,Milk - Excluding Butter,Domestic supply,3.0,2.0,3.0,2.0,3.0,3.0,5.0,4.0,2.0,3.0,3.0,5.0,6.0,7.0,4.0,4.0,4.0,4.0
13338,Solomon Islands,Milk - Excluding Butter,Import,2.0,1.0,2.0,1.0,1.0,2.0,3.0,2.0,1.0,1.0,2.0,4.0,5.0,5.0,1.0,1.0,1.0,1.0
13339,Solomon Islands,"Aquatic Products, Other",Stock Variation,0.0,0.0,0.0,0.0,0.0,0.0,0.0,0.0,0.0,0.0,0.0,0.0,0.0,0.0,0.0,0.0,0.0,0.0
13340,Solomon Islands,"Aquatic Products, Other",Import,0.0,0.0,0.0,0.0,0.0,0.0,0.0,0.0,0.0,0.0,0.0,0.0,0.0,0.0,0.0,0.0,0.0,0.0
13341,Solomon Islands,"Aquatic Products, Other",Production,0.0,0.0,0.0,1.0,2.0,3.0,2.0,1.0,2.0,5.0,8.0,8.0,8.0,8.0,12.0,12.0,11.0,11.0
13342,Solomon Islands,Cereals - Excluding Beer,Human Consumption,37.0,36.0,38.0,39.0,40.0,41.0,43.0,44.0,43.0,44.0,47.0,52.0,51.0,50.0,72.0,74.0,77.0,76.0
13343,Solomon Islands,Cereals - Excluding Beer,Other uses (non-food),0.0,0.0,0.0,0.0,0.0,0.0,0.0,3.0,4.0,6.0,6.0,1.0,8.0,12.0,0.0,0.0,0.0,0.0
13344,Solomon Islands,Cereals - Excluding Beer,Processing,0.0,0.0,0.0,1.0,1.0,1.0,1.0,1.0,2.0,1.0,1.0,2.0,1.0,1.0,2.0,2.0,1.0,1.0
13345,Solomon Islands,"Aquatic Products, Other",Export,0.0,0.0,0.0,0.0,0.0,0.0,0.0,0.0,0.0,0.0,0.0,0.0,0.0,0.0,1.0,0.0,0.0,0.0
13346,Solomon Islands,Cereals - Excluding Beer,Losses,1.0,1.0,1.0,1.0,1.0,1.0,1.0,1.0,1.0,1.0,1.0,1.0,1.0,1.0,0.0,0.0,0.0,0.0
13347,Solomon Islands,Cereals - Excluding Beer,Feed,0.0,0.0,0.0,0.0,0.0,0.0,0.0,0.0,0.0,0.0,0.0,0.0,0.0,0.0,0.0,0.0,0.0,8.0
13348,Solomon Islands,Cereals - Excluding Beer,Domestic supply,38.0,37.0,40.0,40.0,41.0,43.0,45.0,49.0,50.0,52.0,56.0,56.0,62.0,65.0,84.0,88.0,90.0,95.0
13349,Solomon Islands,Cereals - Excluding Beer,Export,0.0,0.0,0.0,0.0,0.0,0.0,0.0,0.0,0.0,0.0,0.0,0.0,0.0,0.0,0.0,0.0,0.0,1.0
13350,Solomon Islands,Cereals - Excluding Beer,Stock Variation,3.0,-5.0,13.0,8.0,5.0,-4.0,-2.0,-8.0,1.0,-2.0,-2.0,2.0,2.0,0.0,5.0,7.0,2.0,-8.0
13351,Solomon Islands,Cereals - Excluding Beer,Import,32.0,40.0,25.0,31.0,35.0,45.0,45.0,55.0,48.0,52.0,56.0,51.0,57.0,62.0,87.0,92.0,88.0,85.0
13352,Solomon Islands,Cereals - Excluding Beer,Production,3.0,1.0,2.0,1.0,2.0,2.0,2.0,2.0,2.0,2.0,1.0,2.0,3.0,3.0,3.0,3.0,3.0,3.0
13353,Solomon Islands,Cereals - Excluding Beer,Seed,0.0,0.0,0.0,0.0,0.0,0.0,0.0,0.0,0.0,0.0,0.0,0.0,0.0,0.0,0.0,0.0,0.0,0.0
13354,Solomon Islands,"Aquatic Products, Other",Domestic supply,0.0,0.0,0.0,1.0,2.0,3.0,2.0,1.0,1.0,5.0,8.0,8.0,8.0,8.0,11.0,12.0,10.0,11.0
13355,Solomon Islands,"Aquatic Products, Other",Other uses (non-food),0.0,0.0,0.0,0.0,2.0,3.0,2.0,1.0,1.0,5.0,8.0,8.0,8.0,8.0,11.0,12.0,10.0,11.0
13356,Solomon Islands,"Aquatic Products, Other",Human Consumption,0.0,0.0,0.0,0.0,0.0,0.0,0.0,0.0,0.0,0.0,0.0,0.0,0.0,0.0,0.0,0.0,0.0,0.0
13357,Solomon Islands,Milk - Excluding Butter,Production,1.0,1.0,2.0,1.0,1.0,1.0,1.0,1.0,1.0,1.0,1.0,1.0,1.0,1.0,3.0,3.0,3.0,3.0
13358,Solomon Islands,Eggs,Human Consumption,0.0,0.0,1.0,0.0,0.0,0.0,1.0,1.0,1.0,1.0,1.0,1.0,1.0,1.0,1.0,1.0,1.0,1.0
13359,Solomon Islands,Eggs,Losses,0.0,0.0,0.0,0.0,0.0,0.0,0.0,0.0,0.0,0.0,0.0,0.0,0.0,0.0,0.0,0.0,0.0,0.0
13360,Solomon Islands,Eggs,Seed,0.0,0.0,0.0,0.0,0.0,0.0,0.0,0.0,0.0,0.0,0.0,0.0,0.0,0.0,0.0,0.0,0.0,0.0
13361,Solomon Islands,Eggs,Feed,0.0,0.0,0.0,0.0,0.0,0.0,0.0,0.0,0.0,0.0,0.0,0.0,0.0,0.0,0.0,0.0,0.0,0.0
13362,Solomon Islands,Starchy Roots,Human Consumption,135.0,142.0,148.0,156.0,160.0,163.0,155.0,165.0,173.0,178.0,176.0,178.0,180.0,187.0,192.0,197.0,201.0,204.0
13363,Solomon Islands,Eggs,Import,0.0,0.0,0.0,0.0,0.0,0.0,0.0,0.0,0.0,0.0,0.0,0.0,0.0,0.0,0.0,0.0,0.0,0.0
13364,Solomon Islands,Eggs,Production,0.0,0.0,0.0,0.0,0.0,0.0,1.0,1.0,1.0,1.0,1.0,1.0,1.0,1.0,1.0,1.0,1.0,1.0
13365,Solomon Islands,"Fish, Seafood",Human Consumption,13.0,13.0,14.0,14.0,16.0,16.0,16.0,17.0,18.0,18.0,19.0,19.0,19.0,19.0,22.0,21.0,21.0,19.0
13366,Solomon Islands,"Fish, Seafood",Other uses (non-food),0.0,0.0,0.0,0.0,2.0,1.0,0.0,0.0,0.0,0.0,0.0,0.0,0.0,0.0,15.0,12.0,4.0,0.0
13367,Solomon Islands,"Fish, Seafood",Domestic supply,13.0,13.0,14.0,14.0,17.0,17.0,16.0,17.0,18.0,18.0,19.0,19.0,19.0,19.0,37.0,33.0,25.0,19.0
13368,Solomon Islands,"Fish, Seafood",Export,15.0,13.0,13.0,21.0,18.0,15.0,25.0,17.0,11.0,12.0,19.0,19.0,19.0,19.0,38.0,41.0,42.0,38.0
13369,Solomon Islands,"Fish, Seafood",Stock Variation,9.0,2.0,0.0,0.0,0.0,1.0,0.0,0.0,-1.0,1.0,0.0,0.0,0.0,0.0,0.0,0.0,0.0,0.0
13370,Solomon Islands,"Fish, Seafood",Import,0.0,0.0,1.0,0.0,1.0,1.0,2.0,3.0,2.0,2.0,3.0,3.0,3.0,3.0,1.0,1.0,1.0,1.0
13371,Solomon Islands,"Fish, Seafood",Production,19.0,23.0,26.0,35.0,35.0,30.0,40.0,31.0,27.0,28.0,35.0,35.0,35.0,35.0,74.0,73.0,66.0,56.0
13372,Solomon Islands,Milk - Excluding Butter,Stock Variation,0.0,0.0,0.0,0.0,0.0,0.0,0.0,0.0,0.0,0.0,0.0,0.0,0.0,0.0,0.0,0.0,0.0,0.0
13373,Solomon Islands,Alcoholic Beverages,Human Consumption,1.0,2.0,3.0,3.0,3.0,5.0,5.0,6.0,8.0,5.0,6.0,8.0,6.0,4.0,6.0,6.0,7.0,7.0
13374,Solomon Islands,Eggs,Domestic supply,0.0,1.0,1.0,1.0,0.0,1.0,1.0,1.0,1.0,1.0,1.0,1.0,1.0,1.0,1.0,1.0,1.0,1.0
13375,Solomon Islands,Spices,Import,0.0,0.0,0.0,0.0,0.0,0.0,0.0,0.0,0.0,0.0,0.0,0.0,0.0,0.0,0.0,0.0,0.0,0.0
13376,Solomon Islands,Treenuts,Domestic supply,0.0,0.0,0.0,0.0,0.0,0.0,0.0,0.0,0.0,0.0,0.0,0.0,0.0,0.0,0.0,0.0,0.0,0.0
13377,Solomon Islands,Treenuts,Export,0.0,0.0,0.0,0.0,0.0,0.0,0.0,0.0,0.0,0.0,0.0,0.0,0.0,0.0,0.0,0.0,0.0,0.0
13378,Solomon Islands,Treenuts,Stock Variation,0.0,0.0,0.0,0.0,0.0,0.0,0.0,0.0,0.0,0.0,0.0,0.0,0.0,0.0,0.0,0.0,0.0,0.0
13379,Solomon Islands,Treenuts,Import,0.0,0.0,0.0,0.0,0.0,0.0,0.0,0.0,0.0,0.0,0.0,0.0,0.0,0.0,0.0,0.0,0.0,0.0
13380,Solomon Islands,Treenuts,Production,0.0,0.0,0.0,0.0,0.0,0.0,0.0,0.0,0.0,0.0,0.0,0.0,0.0,0.0,0.0,0.0,0.0,0.0
13381,Solomon Islands,Pulses,Human Consumption,4.0,3.0,4.0,4.0,4.0,4.0,4.0,4.0,4.0,4.0,4.0,4.0,6.0,6.0,6.0,6.0,6.0,6.0
13382,Solomon Islands,Treenuts,Seed,0.0,0.0,0.0,0.0,0.0,0.0,0.0,0.0,0.0,0.0,0.0,0.0,0.0,0.0,0.0,0.0,0.0,0.0
13383,Solomon Islands,Pulses,Losses,0.0,0.0,0.0,0.0,0.0,0.0,0.0,0.0,0.0,0.0,0.0,0.0,0.0,0.0,0.0,0.0,0.0,0.0
13384,Solomon Islands,Pulses,Feed,0.0,0.0,0.0,0.0,0.0,0.0,0.0,0.0,0.0,0.0,0.0,0.0,0.0,0.0,0.0,0.0,0.0,0.0
13385,Solomon Islands,Pulses,Domestic supply,4.0,4.0,4.0,4.0,4.0,4.0,4.0,4.0,5.0,5.0,5.0,5.0,6.0,7.0,7.0,7.0,7.0,7.0
13386,Solomon Islands,Pulses,Stock Variation,0.0,0.0,0.0,0.0,0.0,0.0,0.0,0.0,0.0,0.0,0.0,0.0,0.0,0.0,0.0,0.0,0.0,0.0
13387,Solomon Islands,Pulses,Import,0.0,0.0,0.0,0.0,0.0,0.0,0.0,0.0,0.0,0.0,0.0,0.0,0.0,0.0,0.0,0.0,0.0,0.0
13388,Solomon Islands,Pulses,Production,4.0,4.0,4.0,4.0,4.0,4.0,4.0,4.0,5.0,5.0,5.0,5.0,6.0,7.0,7.0,6.0,7.0,7.0
13389,Solomon Islands,Sugar & Sweeteners,Human Consumption,3.0,3.0,3.0,4.0,4.0,5.0,6.0,4.0,7.0,5.0,7.0,5.0,3.0,3.0,5.0,5.0,6.0,7.0
13390,Solomon Islands,Pulses,Seed,0.0,0.0,0.0,0.0,0.0,0.0,0.0,0.0,0.0,0.0,0.0,0.0,0.0,0.0,0.0,0.0,0.0,0.0
13391,Solomon Islands,Treenuts,Losses,0.0,0.0,0.0,0.0,0.0,0.0,0.0,0.0,0.0,0.0,0.0,0.0,0.0,0.0,0.0,0.0,0.0,0.0
13392,Solomon Islands,Treenuts,Human Consumption,0.0,0.0,0.0,0.0,0.0,0.0,0.0,0.0,0.0,0.0,0.0,0.0,0.0,0.0,0.0,0.0,0.0,0.0
13393,Solomon Islands,Oilcrops,Production,254.0,216.0,208.0,200.0,284.0,368.0,393.0,429.0,441.0,394.0,407.0,395.0,396.0,397.0,638.0,613.0,659.0,682.0
13394,Solomon Islands,Spices,Production,0.0,0.0,0.0,0.0,0.0,0.0,0.0,0.0,0.0,0.0,0.0,0.0,0.0,0.0,0.0,0.0,0.0,0.0
13395,Solomon Islands,Starchy Roots,Feed,0.0,0.0,0.0,0.0,0.0,0.0,0.0,0.0,0.0,0.0,0.0,0.0,0.0,0.0,3.0,3.0,3.0,3.0
13396,Solomon Islands,Starchy Roots,Domestic supply,138.0,145.0,151.0,159.0,163.0,167.0,158.0,169.0,177.0,182.0,180.0,182.0,184.0,191.0,198.0,203.0,208.0,210.0
13397,Solomon Islands,Starchy Roots,Export,0.0,0.0,0.0,0.0,0.0,0.0,0.0,0.0,0.0,0.0,0.0,0.0,0.0,0.0,0.0,0.0,0.0,0.0
13398,Solomon Islands,Starchy Roots,Stock Variation,0.0,0.0,0.0,0.0,0.0,0.0,0.0,0.0,0.0,0.0,0.0,0.0,0.0,0.0,-4.0,-6.0,-11.0,-11.0
13399,Solomon Islands,Starchy Roots,Import,0.0,0.0,0.0,0.0,0.0,0.0,0.0,0.0,0.0,0.0,0.0,0.0,0.0,0.0,0.0,0.0,0.0,0.0
13400,Solomon Islands,Starchy Roots,Production,138.0,145.0,151.0,159.0,163.0,167.0,158.0,169.0,177.0,182.0,180.0,182.0,184.0,191.0,195.0,197.0,197.0,199.0
13401,Solomon Islands,Oilcrops,Human Consumption,31.0,32.0,33.0,34.0,34.0,35.0,36.0,38.0,39.0,40.0,40.0,40.0,40.0,40.0,40.0,41.0,42.0,42.0
13402,Solomon Islands,Oilcrops,Other uses (non-food),130.0,107.0,93.0,92.0,138.0,221.0,254.0,285.0,219.0,236.0,245.0,188.0,205.0,206.0,0.0,0.0,0.0,0.0
13403,Solomon Islands,Oilcrops,Processing,59.0,43.0,52.0,49.0,36.0,24.0,26.0,35.0,32.0,36.0,40.0,39.0,55.0,89.0,322.0,346.0,296.0,309.0
13404,Solomon Islands,Oilcrops,Losses,0.0,0.0,0.0,0.0,0.0,0.0,0.0,0.0,0.0,0.0,0.0,0.0,0.0,0.0,61.0,60.0,55.0,50.0
13405,Solomon Islands,Oilcrops,Feed,0.0,0.0,0.0,0.0,0.0,0.0,0.0,0.0,0.0,0.0,0.0,0.0,0.0,0.0,17.0,2.0,2.0,4.0
13406,Solomon Islands,Oilcrops,Domestic supply,219.0,182.0,177.0,174.0,208.0,281.0,315.0,359.0,290.0,313.0,325.0,267.0,300.0,335.0,588.0,565.0,558.0,570.0
13407,Solomon Islands,Oilcrops,Export,45.0,7.0,7.0,43.0,68.0,38.0,71.0,104.0,92.0,104.0,114.0,112.0,83.0,54.0,33.0,40.0,59.0,76.0
13408,Solomon Islands,Oilcrops,Stock Variation,10.0,-27.0,-24.0,17.0,-9.0,-50.0,-8.0,34.0,-59.0,23.0,32.0,-16.0,-14.0,-9.0,17.0,9.0,42.0,36.0
13409,Solomon Islands,Sugar & Sweeteners,Other uses (non-food),0.0,0.0,0.0,0.0,0.0,0.0,0.0,0.0,0.0,0.0,0.0,0.0,0.0,0.0,0.0,0.0,0.0,0.0
13410,Solomon Islands,Sugar & Sweeteners,Feed,0.0,0.0,0.0,0.0,0.0,0.0,0.0,0.0,0.0,0.0,0.0,0.0,0.0,0.0,0.0,0.0,0.0,0.0
13411,Solomon Islands,Oilcrops,Import,0.0,0.0,0.0,0.0,0.0,0.0,0.0,0.0,0.0,0.0,0.0,0.0,0.0,0.0,0.0,1.0,1.0,0.0
13412,Solomon Islands,Sugar & Sweeteners,Export,0.0,0.0,0.0,0.0,0.0,0.0,0.0,0.0,0.0,0.0,0.0,0.0,0.0,0.0,0.0,0.0,0.0,0.0
13413,Solomon Islands,Fruits - Excluding Wine,Export,0.0,0.0,0.0,0.0,0.0,0.0,0.0,0.0,0.0,0.0,0.0,0.0,0.0,0.0,1.0,0.0,0.0,0.0
13414,Solomon Islands,Fruits - Excluding Wine,Stock Variation,0.0,0.0,0.0,0.0,0.0,0.0,0.0,0.0,0.0,0.0,0.0,0.0,0.0,0.0,0.0,0.0,0.0,0.0
13415,Solomon Islands,Fruits - Excluding Wine,Import,0.0,0.0,1.0,1.0,1.0,2.0,2.0,2.0,3.0,3.0,2.0,3.0,2.0,3.0,1.0,1.0,1.0,1.0
13416,Solomon Islands,Fruits - Excluding Wine,Production,17.0,18.0,19.0,20.0,21.0,21.0,26.0,29.0,29.0,31.0,30.0,29.0,27.0,27.0,28.0,28.0,28.0,28.0
13417,Solomon Islands,Stimulants,Human Consumption,0.0,0.0,0.0,0.0,0.0,1.0,1.0,1.0,1.0,1.0,1.0,1.0,1.0,1.0,0.0,0.0,0.0,1.0
13418,Solomon Islands,Stimulants,Losses,0.0,0.0,0.0,0.0,0.0,0.0,0.0,0.0,0.0,0.0,0.0,0.0,0.0,0.0,0.0,0.0,0.0,0.0
13419,Solomon Islands,Stimulants,Export,3.0,2.0,3.0,4.0,4.0,4.0,4.0,4.0,4.0,5.0,5.0,6.0,7.0,4.0,1.0,4.0,5.0,4.0
13420,Solomon Islands,Stimulants,Stock Variation,0.0,0.0,0.0,0.0,0.0,0.0,0.0,-1.0,-1.0,0.0,0.0,0.0,0.0,-1.0,4.0,0.0,0.0,0.0
13421,Solomon Islands,Stimulants,Import,0.0,0.0,0.0,0.0,0.0,0.0,1.0,1.0,1.0,1.0,1.0,0.0,1.0,1.0,1.0,0.0,0.0,0.0
13422,Solomon Islands,Stimulants,Production,2.0,2.0,3.0,5.0,4.0,5.0,4.0,4.0,4.0,5.0,5.0,6.0,7.0,5.0,5.0,5.0,5.0,5.0
13423,Solomon Islands,Spices,Human Consumption,0.0,0.0,0.0,0.0,0.0,0.0,0.0,0.0,0.0,0.0,0.0,0.0,0.0,0.0,0.0,0.0,0.0,0.0
13424,Solomon Islands,Spices,Domestic supply,0.0,0.0,0.0,0.0,0.0,0.0,0.0,0.0,0.0,0.0,0.0,0.0,0.0,0.0,0.0,0.0,0.0,0.0
13425,Solomon Islands,Spices,Export,0.0,0.0,0.0,0.0,0.0,0.0,0.0,0.0,0.0,0.0,0.0,0.0,0.0,0.0,0.0,0.0,0.0,0.0
13426,Solomon Islands,Sugar & Sweeteners,Domestic supply,3.0,3.0,3.0,4.0,4.0,5.0,6.0,4.0,7.0,5.0,7.0,5.0,3.0,3.0,5.0,5.0,6.0,7.0
13427,Solomon Islands,Spices,Stock Variation,0.0,0.0,0.0,0.0,0.0,0.0,0.0,0.0,0.0,0.0,0.0,0.0,0.0,0.0,0.0,0.0,0.0,0.0
13428,Solomon Islands,Fruits - Excluding Wine,Domestic supply,17.0,18.0,20.0,21.0,22.0,24.0,28.0,31.0,32.0,33.0,32.0,32.0,29.0,30.0,28.0,28.0,28.0,29.0
13429,Solomon Islands,Fruits - Excluding Wine,Losses,1.0,1.0,1.0,1.0,1.0,1.0,1.0,1.0,1.0,2.0,1.0,1.0,1.0,1.0,1.0,1.0,1.0,1.0
13430,Solomon Islands,Stimulants,Domestic supply,0.0,0.0,0.0,0.0,0.0,1.0,1.0,1.0,1.0,1.0,1.0,1.0,1.0,1.0,0.0,1.0,0.0,1.0
13431,Solomon Islands,Vegetables,Production,7.0,8.0,8.0,8.0,9.0,8.0,8.0,8.0,8.0,8.0,8.0,7.0,7.0,7.0,8.0,8.0,8.0,8.0
13432,Solomon Islands,Sugar & Sweeteners,Import,3.0,3.0,4.0,3.0,4.0,4.0,7.0,5.0,7.0,5.0,7.0,5.0,3.0,3.0,9.0,10.0,10.0,10.0
13433,Solomon Islands,Fruits - Excluding Wine,Human Consumption,16.0,18.0,19.0,20.0,21.0,23.0,27.0,29.0,30.0,32.0,30.0,31.0,28.0,29.0,28.0,27.0,27.0,28.0
13434,Solomon Islands,Vegetable Oils,Other uses (non-food),2.0,7.0,8.0,8.0,6.0,5.0,6.0,9.0,21.0,6.0,10.0,13.0,8.0,12.0,0.0,0.0,0.0,0.0
13435,Solomon Islands,Vegetable Oils,Domestic supply,3.0,8.0,10.0,9.0,8.0,6.0,8.0,10.0,22.0,7.0,12.0,15.0,5.0,10.0,11.0,11.0,11.0,6.0
13436,Solomon Islands,Vegetable Oils,Stock Variation,-1.0,1.0,0.0,0.0,0.0,0.0,-28.0,-13.0,0.0,0.0,0.0,0.0,0.0,0.0,0.0,1.0,2.0,1.0
13437,Solomon Islands,Vegetable Oils,Import,0.0,0.0,1.0,1.0,1.0,1.0,2.0,1.0,1.0,1.0,1.0,1.0,1.0,1.0,2.0,3.0,4.0,5.0
13438,Solomon Islands,Vegetable Oils,Production,44.0,42.0,41.0,40.0,39.0,39.0,40.0,43.0,44.0,30.0,34.0,37.0,41.0,50.0,49.0,52.0,45.0,47.0
13439,Solomon Islands,Vegetable Oils,Export,39.0,35.0,33.0,32.0,32.0,34.0,5.0,21.0,22.0,24.0,24.0,23.0,37.0,40.0,40.0,43.0,36.0,44.0
13440,Solomon Islands,Vegetables,Human Consumption,7.0,7.0,8.0,8.0,9.0,8.0,9.0,8.0,8.0,8.0,8.0,8.0,8.0,8.0,9.0,9.0,9.0,9.0
13441,Solomon Islands,Vegetables,Losses,0.0,0.0,0.0,0.0,0.0,0.0,0.0,0.0,0.0,0.0,0.0,0.0,0.0,0.0,0.0,0.0,0.0,0.0
13442,Solomon Islands,Vegetables,Domestic supply,7.0,8.0,8.0,8.0,9.0,9.0,9.0,9.0,9.0,9.0,9.0,8.0,8.0,8.0,9.0,9.0,9.0,10.0
13443,Solomon Islands,Vegetables,Export,0.0,0.0,0.0,0.0,0.0,0.0,0.0,0.0,0.0,0.0,0.0,0.0,0.0,0.0,0.0,0.0,0.0,0.0
13444,Solomon Islands,Vegetables,Stock Variation,0.0,0.0,0.0,0.0,0.0,0.0,0.0,0.0,0.0,0.0,0.0,0.0,0.0,0.0,0.0,0.0,0.0,0.0
13445,Solomon Islands,Vegetables,Import,0.0,0.0,0.0,0.0,0.0,1.0,1.0,1.0,0.0,0.0,1.0,1.0,1.0,1.0,1.0,1.0,1.0,2.0
13446,Solomon Islands,Sugar & Sweeteners,Stock Variation,0.0,0.0,0.0,0.0,0.0,1.0,-1.0,0.0,0.0,0.0,0.0,0.0,0.0,0.0,5.0,5.0,4.0,3.0
13447,South Africa,Vegetable Oils,Processing,2.0,2.0,2.0,2.0,2.0,2.0,2.0,2.0,2.0,2.0,2.0,2.0,2.0,2.0,6.0,1.0,4.0,7.0
13448,South Africa,Vegetable Oils,Production,415.0,437.0,494.0,457.0,409.0,417.0,363.0,291.0,404.0,480.0,467.0,442.0,472.0,461.0,594.0,617.0,580.0,693.0
13449,South Africa,Vegetable Oils,Import,458.0,571.0,530.0,557.0,677.0,685.0,843.0,908.0,776.0,745.0,897.0,885.0,958.0,870.0,903.0,629.0,918.0,957.0
13450,South Africa,Vegetable Oils,Stock Variation,28.0,11.0,91.0,86.0,27.0,47.0,-62.0,-101.0,52.0,135.0,6.0,6.0,22.0,55.0,431.0,124.0,-93.0,103.0
13451,South Africa,Vegetable Oils,Export,98.0,60.0,67.0,35.0,25.0,29.0,33.0,24.0,73.0,89.0,121.0,132.0,153.0,200.0,211.0,227.0,301.0,218.0
13452,South Africa,Vegetables,Processing,0.0,0.0,0.0,0.0,0.0,0.0,0.0,0.0,0.0,0.0,0.0,0.0,0.0,0.0,37.0,42.0,43.0,44.0
13453,South Africa,Vegetable Oils,Domestic supply,803.0,959.0,1049.0,1065.0,1087.0,1120.0,1112.0,1074.0,1158.0,1271.0,1249.0,1201.0,1298.0,1186.0,855.0,894.0,1291.0,1328.0
13454,South Africa,Vegetable Oils,Feed,0.0,0.0,0.0,0.0,0.0,0.0,0.0,0.0,0.0,0.0,0.0,0.0,0.0,0.0,0.0,0.0,0.0,0.0
13455,South Africa,Vegetables,Human Consumption,1862.0,1950.0,1861.0,2005.0,2002.0,2020.0,1957.0,2086.0,2254.0,2182.0,2345.0,2342.0,2454.0,2272.0,2174.0,2377.0,2302.0,2388.0
13456,South Africa,Sugar & Sweeteners,Export,1519.0,1580.0,1216.0,1068.0,1042.0,1138.0,1404.0,1093.0,748.0,968.0,479.0,313.0,357.0,984.0,1290.0,516.0,603.0,853.0
13457,South Africa,Vegetable Oils,Human Consumption,524.0,609.0,680.0,682.0,657.0,682.0,666.0,624.0,671.0,758.0,770.0,718.0,715.0,682.0,701.0,728.0,736.0,744.0
13458,South Africa,Sugar & Sweeteners,Production,2740.0,2514.0,2635.0,2565.0,2268.0,2534.0,2385.0,2285.0,2327.0,2313.0,2253.0,2022.0,1901.0,2513.0,3134.0,2606.0,2582.0,3149.0
13459,South Africa,Sugar & Sweeteners,Import,35.0,23.0,49.0,96.0,132.0,127.0,120.0,192.0,240.0,205.0,193.0,234.0,306.0,798.0,661.0,510.0,802.0,1056.0
13460,South Africa,Sugar & Sweeteners,Stock Variation,188.0,475.0,-38.0,-96.0,109.0,-36.0,440.0,144.0,-301.0,7.0,-117.0,-88.0,79.0,-326.0,-286.0,-226.0,-128.0,258.0
13461,South Africa,Sugar & Sweeteners,Domestic supply,1444.0,1431.0,1429.0,1497.0,1467.0,1487.0,1541.0,1529.0,1518.0,1556.0,1850.0,1854.0,1929.0,2000.0,2791.0,2827.0,2908.0,3094.0
13462,South Africa,Sugar & Sweeteners,Feed,0.0,0.0,0.0,0.0,0.0,0.0,0.0,0.0,0.0,0.0,0.0,0.0,0.0,0.0,0.0,0.0,0.0,0.0
13463,South Africa,Sugar & Sweeteners,Processing,5.0,3.0,4.0,5.0,5.0,5.0,9.0,7.0,8.0,12.0,38.0,39.0,44.0,51.0,240.0,235.0,242.0,260.0
13464,South Africa,Vegetables,Losses,210.0,220.0,215.0,227.0,223.0,223.0,216.0,231.0,251.0,242.0,261.0,259.0,255.0,251.0,290.0,309.0,310.0,321.0
13465,South Africa,Sugar & Sweeteners,Losses,0.0,0.0,0.0,0.0,0.0,0.0,0.0,0.0,0.0,0.0,0.0,0.0,0.0,0.0,0.0,0.0,0.0,0.0
13466,South Africa,Vegetable Oils,Other uses (non-food),276.0,347.0,367.0,380.0,428.0,436.0,443.0,448.0,485.0,510.0,477.0,480.0,581.0,501.0,154.0,168.0,561.0,593.0
13467,South Africa,Vegetables,Feed,61.0,63.0,62.0,71.0,56.0,54.0,50.0,49.0,50.0,48.0,50.0,50.0,50.0,51.0,79.0,84.0,80.0,80.0
13468,South Africa,Stimulants,Human Consumption,49.0,48.0,46.0,52.0,57.0,87.0,81.0,77.0,85.0,82.0,100.0,108.0,101.0,92.0,71.0,85.0,88.0,84.0
13469,South Africa,Vegetables,Export,45.0,52.0,69.0,75.0,71.0,50.0,72.0,81.0,81.0,83.0,114.0,125.0,199.0,347.0,339.0,319.0,412.0,379.0
13470,South Africa,Stimulants,Stock Variation,-1.0,0.0,0.0,-1.0,-1.0,-2.0,0.0,6.0,0.0,0.0,0.0,0.0,0.0,0.0,0.0,0.0,0.0,0.0
13471,South Africa,Sugar & Sweeteners,Human Consumption,1440.0,1428.0,1425.0,1493.0,1462.0,1482.0,1532.0,1522.0,1510.0,1545.0,1811.0,1816.0,1887.0,1949.0,2551.0,2592.0,2666.0,2835.0
13472,South Africa,Stimulants,Export,17.0,16.0,21.0,17.0,14.0,13.0,17.0,22.0,21.0,18.0,22.0,15.0,15.0,31.0,21.0,17.0,16.0,16.0
13473,South Africa,Stimulants,Domestic supply,49.0,48.0,45.0,52.0,57.0,87.0,81.0,77.0,85.0,82.0,100.0,108.0,101.0,92.0,80.0,92.0,96.0,92.0
13474,South Africa,Stimulants,Losses,0.0,0.0,0.0,0.0,0.0,0.0,0.0,0.0,0.0,0.0,0.0,0.0,0.0,0.0,0.0,0.0,0.0,0.0
13475,South Africa,Stimulants,Processing,0.0,0.0,0.0,0.0,0.0,0.0,0.0,0.0,0.0,0.0,0.0,0.0,0.0,0.0,9.0,7.0,8.0,8.0
13476,South Africa,Fruits - Excluding Wine,Production,5111.0,5111.0,5444.0,5863.0,5740.0,5720.0,5870.0,6024.0,6324.0,6016.0,5953.0,6134.0,6323.0,6963.0,7035.0,7224.0,6554.0,6889.0
13477,South Africa,Fruits - Excluding Wine,Import,33.0,21.0,20.0,45.0,42.0,77.0,84.0,125.0,105.0,134.0,437.0,382.0,429.0,663.0,240.0,227.0,257.0,552.0
13478,South Africa,Fruits - Excluding Wine,Stock Variation,-61.0,28.0,55.0,-73.0,54.0,12.0,109.0,43.0,-34.0,45.0,27.0,7.0,-92.0,141.0,0.0,14.0,0.0,287.0
13479,South Africa,Fruits - Excluding Wine,Export,1896.0,2061.0,2319.0,2464.0,2429.0,2650.0,2697.0,2914.0,2901.0,2900.0,3214.0,2980.0,3282.0,3946.0,3687.0,3727.0,3857.0,4097.0
13480,South Africa,Fruits - Excluding Wine,Domestic supply,3188.0,3099.0,3200.0,3372.0,3407.0,3158.0,3366.0,3278.0,3494.0,3295.0,3204.0,3543.0,3378.0,3822.0,3588.0,3710.0,2953.0,3057.0
13481,South Africa,Fruits - Excluding Wine,Feed,0.0,0.0,0.0,0.0,0.0,0.0,0.0,0.0,0.0,0.0,0.0,0.0,0.0,0.0,0.0,0.0,0.0,0.0
13482,South Africa,Fruits - Excluding Wine,Losses,201.0,205.0,216.0,228.0,205.0,219.0,224.0,228.0,243.0,231.0,189.0,200.0,190.0,215.0,460.0,473.0,439.0,457.0
13483,South Africa,Fruits - Excluding Wine,Processing,998.0,912.0,997.0,1211.0,1388.0,1183.0,1304.0,1362.0,1429.0,1389.0,1285.0,1336.0,1474.0,1600.0,1789.0,1838.0,1687.0,1701.0
13484,South Africa,Fruits - Excluding Wine,Other uses (non-food),4.0,3.0,3.0,2.0,3.0,2.0,3.0,2.0,2.0,3.0,2.0,2.0,2.0,2.0,2.0,2.0,2.0,2.0
13485,South Africa,Fruits - Excluding Wine,Human Consumption,1985.0,1979.0,1986.0,1933.0,1814.0,1758.0,1838.0,1685.0,1820.0,1673.0,1729.0,2006.0,1713.0,2006.0,1650.0,1734.0,1319.0,1228.0
13486,South Africa,Vegetables,Production,2125.0,2233.0,2173.0,2295.0,2261.0,2252.0,2179.0,2330.0,2533.0,2447.0,2643.0,2633.0,2793.0,2752.0,2640.0,2860.0,2837.0,2931.0
13487,South Africa,Vegetables,Import,54.0,54.0,34.0,83.0,91.0,92.0,114.0,117.0,102.0,106.0,127.0,143.0,168.0,163.0,217.0,211.0,198.0,208.0
13488,South Africa,Vegetables,Stock Variation,-1.0,-1.0,0.0,-1.0,0.0,2.0,1.0,0.0,1.0,2.0,0.0,0.0,-5.0,5.0,0.0,0.0,0.0,0.0
13489,South Africa,Vegetables,Domestic supply,2133.0,2234.0,2138.0,2302.0,2281.0,2296.0,2223.0,2366.0,2555.0,2472.0,2656.0,2652.0,2757.0,2573.0,2518.0,2751.0,2623.0,2760.0
13490,South Africa,Pulses,Production,108.0,130.0,80.0,78.0,91.0,91.0,88.0,57.0,83.0,94.0,74.0,63.0,72.0,85.0,104.0,95.0,56.0,89.0
13491,South Africa,Starchy Roots,Processing,0.0,0.0,0.0,0.0,0.0,0.0,0.0,0.0,0.0,0.0,0.0,0.0,0.0,0.0,0.0,0.0,0.0,0.0
13492,South Africa,Pulses,Stock Variation,2.0,2.0,1.0,1.0,1.0,1.0,1.0,1.0,0.0,0.0,0.0,0.0,0.0,0.0,9.0,-21.0,-21.0,-27.0
13493,South Africa,Oilcrops,Human Consumption,89.0,109.0,74.0,71.0,87.0,86.0,114.0,118.0,115.0,115.0,89.0,112.0,120.0,130.0,127.0,102.0,154.0,156.0
13494,South Africa,Starchy Roots,Production,1773.0,1849.0,1699.0,1546.0,1854.0,1822.0,1910.0,2023.0,2092.0,1930.0,2156.0,2251.0,2306.0,2239.0,2310.0,2552.0,2212.0,2524.0
13495,South Africa,Starchy Roots,Import,106.0,135.0,139.0,149.0,135.0,151.0,175.0,176.0,159.0,171.0,206.0,120.0,173.0,161.0,62.0,63.0,64.0,55.0
13496,South Africa,Starchy Roots,Stock Variation,0.0,-20.0,-20.0,-4.0,27.0,21.0,20.0,20.0,0.0,1.0,1.0,0.0,0.0,1.0,3.0,37.0,1.0,12.0
13497,South Africa,Starchy Roots,Export,48.0,39.0,40.0,37.0,35.0,30.0,40.0,54.0,41.0,44.0,60.0,69.0,85.0,154.0,178.0,186.0,156.0,195.0
13498,South Africa,Starchy Roots,Domestic supply,1831.0,1925.0,1779.0,1654.0,1981.0,1964.0,2065.0,2165.0,2210.0,2058.0,2303.0,2302.0,2394.0,2247.0,2191.0,2393.0,2119.0,2374.0
13499,South Africa,Starchy Roots,Feed,225.0,258.0,229.0,188.0,212.0,203.0,213.0,222.0,208.0,191.0,213.0,225.0,232.0,221.0,201.0,244.0,177.0,234.0
13500,South Africa,Starchy Roots,Seed,67.0,58.0,60.0,62.0,64.0,67.0,70.0,72.0,66.0,75.0,77.0,78.0,79.0,79.0,54.0,63.0,48.0,60.0
13501,South Africa,Starchy Roots,Losses,87.0,91.0,83.0,76.0,91.0,89.0,94.0,100.0,103.0,95.0,106.0,111.0,114.0,110.0,169.0,187.0,162.0,185.0
13502,South Africa,Starchy Roots,Other uses (non-food),84.0,74.0,87.0,136.0,158.0,164.0,170.0,167.0,166.0,182.0,185.0,120.0,185.0,159.0,82.0,107.0,92.0,86.0
13503,South Africa,Starchy Roots,Human Consumption,1368.0,1445.0,1319.0,1192.0,1456.0,1440.0,1518.0,1605.0,1666.0,1515.0,1722.0,1768.0,1785.0,1678.0,1686.0,1791.0,1640.0,1808.0
13504,South Africa,Sugar Crops,Production,23876.0,21157.0,23013.0,20419.0,19095.0,21265.0,20275.0,19724.0,19255.0,18655.0,16016.0,16800.0,17278.0,20033.0,17756.0,14861.0,15075.0,17388.0
13505,South Africa,Sugar Crops,Import,0.0,0.0,0.0,0.0,0.0,0.0,0.0,0.0,0.0,0.0,0.0,0.0,0.0,0.0,0.0,0.0,0.0,0.0
13506,South Africa,Sugar Crops,Stock Variation,0.0,0.0,0.0,0.0,0.0,0.0,0.0,0.0,0.0,0.0,0.0,0.0,0.0,0.0,-3510.0,0.0,0.0,-3336.0
13507,South Africa,Sugar Crops,Export,0.0,0.0,0.0,0.0,0.0,0.0,0.0,0.0,0.0,0.0,0.0,2.0,0.0,0.0,0.0,0.0,0.0,0.0
13508,South Africa,Sugar Crops,Domestic supply,23876.0,21157.0,23013.0,20419.0,19095.0,21265.0,20275.0,19724.0,19255.0,18655.0,16016.0,16798.0,17278.0,20033.0,21265.0,14861.0,15075.0,20724.0
13509,South Africa,Sugar Crops,Feed,0.0,0.0,0.0,0.0,0.0,0.0,0.0,0.0,0.0,0.0,0.0,0.0,0.0,0.0,3177.0,900.0,1602.0,3258.0
13510,South Africa,Sugar Crops,Losses,1194.0,1058.0,1151.0,1021.0,955.0,1063.0,1014.0,986.0,963.0,933.0,801.0,840.0,864.0,1002.0,950.0,795.0,806.0,930.0
13511,South Africa,Stimulants,Import,54.0,51.0,55.0,58.0,68.0,80.0,94.0,88.0,103.0,98.0,121.0,121.0,115.0,122.0,99.0,107.0,110.0,107.0
13512,South Africa,Oilcrops,Other uses (non-food),0.0,0.0,0.0,1.0,1.0,1.0,2.0,1.0,1.0,1.0,2.0,1.0,2.0,2.0,36.0,36.0,17.0,31.0
13513,South Africa,Oilcrops,Processing,1047.0,1077.0,1196.0,1078.0,982.0,1028.0,985.0,667.0,936.0,1115.0,1115.0,1092.0,1303.0,1403.0,1785.0,1980.0,1853.0,2053.0
13514,South Africa,Oilcrops,Losses,15.0,17.0,15.0,10.0,14.0,16.0,18.0,15.0,14.0,21.0,22.0,25.0,27.0,28.0,111.0,103.0,99.0,123.0
13515,South Africa,Oilcrops,Seed,19.0,16.0,13.0,14.0,12.0,17.0,13.0,14.0,17.0,19.0,25.0,26.0,29.0,28.0,13.0,13.0,13.0,17.0
13516,South Africa,Pulses,Export,7.0,7.0,9.0,5.0,3.0,7.0,3.0,3.0,13.0,5.0,5.0,7.0,5.0,12.0,11.0,12.0,22.0,29.0
13517,South Africa,Pulses,Domestic supply,165.0,170.0,142.0,198.0,166.0,159.0,184.0,174.0,174.0,211.0,184.0,169.0,176.0,149.0,160.0,154.0,133.0,143.0
13518,South Africa,Pulses,Feed,17.0,16.0,11.0,4.0,4.0,13.0,14.0,13.0,18.0,20.0,16.0,15.0,17.0,18.0,22.0,22.0,22.0,28.0
13519,South Africa,Pulses,Seed,9.0,12.0,8.0,6.0,6.0,6.0,6.0,7.0,8.0,9.0,7.0,6.0,6.0,6.0,11.0,9.0,5.0,9.0
13520,South Africa,Pulses,Losses,5.0,5.0,4.0,6.0,5.0,4.0,5.0,5.0,5.0,6.0,5.0,5.0,5.0,4.0,5.0,5.0,3.0,4.0
13521,South Africa,Pulses,Processing,0.0,0.0,0.0,0.0,0.0,0.0,0.0,0.0,0.0,0.0,0.0,0.0,0.0,0.0,6.0,6.0,4.0,4.0
13522,South Africa,Pulses,Human Consumption,135.0,138.0,119.0,182.0,153.0,135.0,159.0,150.0,144.0,177.0,157.0,143.0,148.0,122.0,116.0,113.0,100.0,98.0
13523,South Africa,Treenuts,Production,10.0,10.0,12.0,12.0,13.0,14.0,14.0,15.0,16.0,16.0,17.0,18.0,25.0,28.0,20.0,21.0,22.0,22.0
13524,South Africa,Treenuts,Import,9.0,9.0,9.0,14.0,16.0,15.0,19.0,18.0,15.0,14.0,16.0,16.0,22.0,20.0,10.0,11.0,11.0,12.0
13525,South Africa,Pulses,Import,62.0,46.0,70.0,123.0,77.0,75.0,97.0,118.0,104.0,122.0,116.0,113.0,109.0,77.0,75.0,51.0,79.0,56.0
13526,South Africa,Treenuts,Stock Variation,-2.0,0.0,0.0,-4.0,-6.0,2.0,0.0,-5.0,4.0,3.0,4.0,6.0,0.0,5.0,-19.0,-24.0,-13.0,-27.0
13527,South Africa,Treenuts,Domestic supply,11.0,11.0,11.0,16.0,19.0,16.0,22.0,20.0,17.0,17.0,17.0,18.0,22.0,17.0,9.0,9.0,8.0,8.0
13528,South Africa,Treenuts,Losses,0.0,0.0,0.0,0.0,0.0,0.0,0.0,0.0,0.0,0.0,0.0,0.0,0.0,0.0,1.0,1.0,1.0,1.0
13529,South Africa,Treenuts,Human Consumption,11.0,11.0,11.0,16.0,19.0,16.0,22.0,20.0,17.0,17.0,17.0,18.0,22.0,17.0,8.0,8.0,7.0,7.0
13530,South Africa,Oilcrops,Production,873.0,1147.0,1370.0,945.0,1042.0,1025.0,1072.0,618.0,1280.0,1459.0,1186.0,1721.0,1332.0,1514.0,2020.0,1960.0,1668.0,2439.0
13531,South Africa,Oilcrops,Import,200.0,112.0,95.0,122.0,147.0,172.0,141.0,272.0,102.0,205.0,106.0,110.0,126.0,191.0,305.0,305.0,438.0,159.0
13532,South Africa,Oilcrops,Stock Variation,142.0,15.0,-101.0,148.0,-62.0,-7.0,-56.0,-50.0,-181.0,-199.0,123.0,-475.0,236.0,-52.0,113.0,-140.0,-190.0,31.0
13533,South Africa,Oilcrops,Export,37.0,49.0,60.0,36.0,26.0,35.0,18.0,16.0,111.0,187.0,155.0,93.0,203.0,55.0,62.0,74.0,77.0,68.0
13534,South Africa,Oilcrops,Domestic supply,1177.0,1225.0,1304.0,1179.0,1102.0,1155.0,1139.0,823.0,1090.0,1279.0,1260.0,1263.0,1490.0,1598.0,2150.0,2332.0,2219.0,2499.0
13535,South Africa,Oilcrops,Feed,6.0,6.0,6.0,5.0,6.0,7.0,7.0,7.0,7.0,7.0,7.0,7.0,10.0,8.0,135.0,157.0,136.0,175.0
13536,South Africa,Treenuts,Export,5.0,8.0,9.0,6.0,5.0,14.0,12.0,8.0,17.0,16.0,19.0,22.0,25.0,35.0,41.0,47.0,37.0,53.0
13537,South Africa,Stimulants,Production,13.0,13.0,13.0,12.0,4.0,22.0,3.0,4.0,3.0,2.0,2.0,2.0,1.0,1.0,2.0,2.0,2.0,2.0
13538,South Africa,Sugar Crops,Processing,22682.0,20099.0,21862.0,19398.0,18140.0,20202.0,19262.0,18738.0,18293.0,17722.0,15215.0,15960.0,16414.0,19031.0,17138.0,13167.0,12666.0,16536.0
13539,South Africa,Spices,Losses,0.0,0.0,0.0,1.0,1.0,0.0,1.0,0.0,1.0,0.0,1.0,1.0,1.0,1.0,1.0,1.0,1.0,1.0
13540,South Africa,"Fish, Seafood",Other uses (non-food),0.0,0.0,0.0,0.0,0.0,0.0,0.0,0.0,0.0,0.0,0.0,0.0,0.0,0.0,0.0,0.0,0.0,0.0
13541,South Africa,"Fish, Seafood",Human Consumption,275.0,317.0,323.0,332.0,470.0,411.0,386.0,386.0,349.0,261.0,301.0,294.0,391.0,330.0,392.0,363.0,341.0,341.0
13542,South Africa,Eggs,Production,318.0,330.0,330.0,340.0,357.0,366.0,414.0,438.0,473.0,450.0,473.0,511.0,535.0,514.0,454.0,524.0,479.0,433.0
13543,South Africa,Eggs,Import,0.0,0.0,0.0,1.0,1.0,1.0,1.0,1.0,1.0,0.0,0.0,0.0,1.0,1.0,1.0,0.0,0.0,2.0
13544,South Africa,Eggs,Stock Variation,0.0,0.0,0.0,0.0,0.0,0.0,0.0,0.0,0.0,0.0,0.0,0.0,0.0,0.0,0.0,0.0,0.0,0.0
13545,South Africa,Eggs,Export,3.0,5.0,11.0,7.0,3.0,1.0,1.0,0.0,1.0,4.0,6.0,5.0,7.0,17.0,18.0,22.0,19.0,15.0
13546,South Africa,Eggs,Domestic supply,315.0,325.0,319.0,334.0,355.0,366.0,414.0,438.0,472.0,446.0,467.0,507.0,529.0,497.0,437.0,503.0,460.0,420.0
13547,South Africa,Eggs,Feed,0.0,0.0,0.0,0.0,0.0,0.0,0.0,0.0,0.0,0.0,0.0,0.0,0.0,0.0,0.0,0.0,0.0,0.0
13548,South Africa,Eggs,Seed,40.0,44.0,47.0,45.0,45.0,47.0,49.0,55.0,64.0,70.0,74.0,76.0,76.0,67.0,62.0,72.0,66.0,60.0
13549,South Africa,Eggs,Losses,32.0,33.0,33.0,34.0,36.0,37.0,41.0,44.0,47.0,45.0,47.0,51.0,54.0,51.0,45.0,55.0,48.0,43.0
13550,South Africa,Eggs,Human Consumption,243.0,248.0,239.0,255.0,274.0,282.0,324.0,340.0,361.0,331.0,346.0,380.0,400.0,380.0,392.0,448.0,411.0,377.0
13551,South Africa,Milk - Excluding Butter,Production,2540.0,2759.0,2685.0,2642.0,2699.0,2871.0,2971.0,3066.0,3137.0,3104.0,3233.0,3256.0,3368.0,3260.0,3340.0,3543.0,3519.0,3603.0
13552,South Africa,Milk - Excluding Butter,Import,217.0,139.0,255.0,199.0,145.0,251.0,232.0,303.0,172.0,171.0,219.0,253.0,394.0,292.0,184.0,193.0,224.0,290.0
13553,South Africa,Milk - Excluding Butter,Stock Variation,9.0,-83.0,81.0,0.0,-80.0,9.0,14.0,-1.0,35.0,23.0,-27.0,-66.0,-131.0,238.0,0.0,0.0,0.0,0.0
13554,South Africa,Milk - Excluding Butter,Export,146.0,116.0,181.0,103.0,97.0,64.0,87.0,70.0,168.0,126.0,103.0,150.0,171.0,697.0,504.0,384.0,423.0,490.0
13555,South Africa,Milk - Excluding Butter,Domestic supply,2620.0,2700.0,2840.0,2738.0,2668.0,3067.0,3130.0,3298.0,3175.0,3172.0,3323.0,3293.0,3460.0,3093.0,3021.0,3352.0,3321.0,3404.0
13556,South Africa,Milk - Excluding Butter,Feed,272.0,256.0,278.0,245.0,154.0,166.0,171.0,153.0,184.0,240.0,275.0,178.0,215.0,123.0,174.0,176.0,168.0,188.0
13557,South Africa,Milk - Excluding Butter,Losses,12.0,14.0,15.0,14.0,16.0,22.0,21.0,21.0,22.0,23.0,21.0,20.0,22.0,32.0,167.0,177.0,176.0,160.0
13558,South Africa,Milk - Excluding Butter,Processing,0.0,0.0,0.0,0.0,0.0,0.0,0.0,0.0,0.0,0.0,0.0,0.0,0.0,0.0,0.0,0.0,0.0,0.0
13559,South Africa,"Fish, Seafood",Feed,225.0,319.0,200.0,183.0,274.0,176.0,115.0,192.0,264.0,247.0,118.0,64.0,111.0,62.0,90.0,122.0,29.0,29.0
13560,South Africa,"Fish, Seafood",Domestic supply,500.0,637.0,523.0,515.0,744.0,587.0,501.0,579.0,613.0,508.0,419.0,359.0,503.0,392.0,482.0,485.0,370.0,370.0
13561,South Africa,"Fish, Seafood",Export,257.0,232.0,300.0,383.0,229.0,321.0,232.0,268.0,240.0,232.0,381.0,340.0,414.0,241.0,404.0,320.0,505.0,505.0
13562,South Africa,"Fish, Seafood",Stock Variation,0.0,-4.0,1.0,3.0,0.0,0.0,0.0,-1.0,-2.0,-2.0,3.0,2.0,0.0,0.0,0.0,0.0,0.0,0.0
13563,South Africa,Cereals - Excluding Beer,Production,14526.0,10702.0,13044.0,11815.0,12023.0,14178.0,9443.0,9506.0,15337.0,14576.0,14698.0,12927.0,14555.0,14154.0,16746.0,12028.0,10306.0,19036.0
13564,South Africa,Cereals - Excluding Beer,Import,1854.0,1305.0,2926.0,2344.0,2828.0,2468.0,3108.0,3565.0,2492.0,2425.0,2276.0,3222.0,3652.0,3147.0,3733.0,3328.0,6755.0,4351.0
13565,South Africa,Cereals - Excluding Beer,Stock Variation,-2042.0,2316.0,-1980.0,-385.0,-802.0,486.0,2674.0,1590.0,-1975.0,-623.0,-669.0,1818.0,-1138.0,1969.0,354.0,-3705.0,-1743.0,2338.0
13566,South Africa,Cereals - Excluding Beer,Export,970.0,1194.0,1334.0,1081.0,648.0,2690.0,812.0,222.0,1550.0,2110.0,1651.0,2965.0,1453.0,3777.0,3393.0,1873.0,2006.0,3095.0
13567,South Africa,Cereals - Excluding Beer,Domestic supply,13368.0,13129.0,12655.0,12692.0,13401.0,14442.0,14413.0,14438.0,14304.0,14268.0,14655.0,15001.0,15616.0,15493.0,16731.0,17188.0,16798.0,17954.0
13568,South Africa,Cereals - Excluding Beer,Feed,3721.0,3433.0,2800.0,2789.0,3250.0,4138.0,4332.0,4322.0,4180.0,4261.0,4391.0,4510.0,5098.0,4825.0,5103.0,5566.0,5059.0,5376.0
13569,South Africa,Cereals - Excluding Beer,Seed,138.0,136.0,131.0,137.0,135.0,131.0,100.0,94.0,87.0,76.0,79.0,89.0,80.0,73.0,65.0,57.0,73.0,66.0
13570,South Africa,Cereals - Excluding Beer,Losses,429.0,362.0,409.0,373.0,379.0,445.0,383.0,365.0,458.0,432.0,453.0,464.0,466.0,500.0,727.0,630.0,512.0,732.0
13571,South Africa,Cereals - Excluding Beer,Processing,475.0,487.0,487.0,480.0,513.0,498.0,514.0,523.0,544.0,587.0,508.0,567.0,627.0,593.0,554.0,618.0,640.0,546.0
13572,South Africa,Milk - Excluding Butter,Human Consumption,2335.0,2429.0,2547.0,2479.0,2498.0,2880.0,2937.0,3124.0,2968.0,2909.0,3026.0,3094.0,3223.0,2942.0,2705.0,2999.0,2977.0,3055.0
13573,South Africa,Cereals - Excluding Beer,Other uses (non-food),210.0,200.0,300.0,300.0,300.0,250.0,272.0,250.0,250.0,100.0,0.0,0.0,0.0,0.0,0.0,0.0,4.0,420.0
13574,South Africa,"Aquatic Products, Other",Production,21.0,32.0,28.0,20.0,26.0,10.0,13.0,15.0,13.0,13.0,14.0,14.0,18.0,15.0,15.0,9.0,12.0,12.0
13575,South Africa,"Aquatic Products, Other",Import,0.0,0.0,1.0,1.0,1.0,1.0,2.0,2.0,2.0,1.0,0.0,3.0,0.0,0.0,3.0,2.0,4.0,4.0
13576,South Africa,"Aquatic Products, Other",Stock Variation,0.0,0.0,0.0,0.0,0.0,0.0,0.0,0.0,0.0,0.0,0.0,0.0,0.0,0.0,0.0,0.0,0.0,0.0
13577,South Africa,"Aquatic Products, Other",Export,2.0,2.0,1.0,1.0,1.0,0.0,0.0,1.0,1.0,1.0,1.0,1.0,0.0,0.0,2.0,1.0,2.0,2.0
13578,South Africa,"Aquatic Products, Other",Domestic supply,19.0,30.0,27.0,20.0,26.0,11.0,14.0,16.0,14.0,13.0,13.0,16.0,18.0,15.0,17.0,10.0,15.0,15.0
13579,South Africa,"Aquatic Products, Other",Other uses (non-food),19.0,30.0,27.0,20.0,26.0,11.0,14.0,16.0,14.0,13.0,13.0,16.0,18.0,14.0,17.0,10.0,14.0,14.0
13580,South Africa,"Aquatic Products, Other",Human Consumption,0.0,0.0,0.0,0.0,0.0,0.0,0.0,0.0,0.0,0.0,0.0,0.0,0.0,0.0,0.0,0.0,0.0,0.0
13581,South Africa,"Fish, Seafood",Production,646.0,753.0,770.0,827.0,891.0,821.0,622.0,682.0,648.0,516.0,631.0,537.0,707.0,417.0,601.0,571.0,618.0,618.0
13582,South Africa,"Fish, Seafood",Import,111.0,119.0,52.0,68.0,81.0,87.0,111.0,166.0,206.0,227.0,166.0,159.0,211.0,217.0,285.0,234.0,256.0,256.0
13583,South Africa,Cereals - Excluding Beer,Human Consumption,8395.0,8511.0,8529.0,8614.0,8824.0,8979.0,8811.0,8885.0,8786.0,8812.0,9224.0,9371.0,9346.0,9502.0,10315.0,10344.0,10541.0,10851.0
13584,South Africa,Animal fats,Production,49.0,48.0,46.0,47.0,50.0,52.0,54.0,56.0,59.0,61.0,58.0,54.0,58.0,57.0,55.0,63.0,60.0,59.0
13585,South Africa,Spices,Human Consumption,13.0,13.0,15.0,18.0,23.0,23.0,26.0,23.0,24.0,21.0,27.0,26.0,31.0,31.0,30.0,28.0,33.0,34.0
13586,South Africa,Animal fats,Stock Variation,-1.0,-1.0,1.0,1.0,1.0,0.0,0.0,2.0,1.0,0.0,0.0,1.0,1.0,1.0,0.0,0.0,0.0,0.0
13587,South Africa,Miscellaneous,Production,0.0,0.0,0.0,0.0,0.0,0.0,0.0,0.0,0.0,0.0,0.0,0.0,0.0,0.0,134.0,122.0,167.0,142.0
13588,South Africa,Miscellaneous,Import,0.0,2.0,1.0,2.0,2.0,2.0,5.0,7.0,6.0,6.0,2.0,3.0,5.0,2.0,74.0,76.0,72.0,75.0
13589,South Africa,Miscellaneous,Stock Variation,4.0,3.0,2.0,3.0,0.0,0.0,0.0,-2.0,0.0,0.0,2.0,0.0,-2.0,2.0,0.0,0.0,0.0,0.0
13590,South Africa,Miscellaneous,Export,2.0,4.0,2.0,3.0,1.0,1.0,1.0,2.0,3.0,2.0,2.0,2.0,2.0,5.0,207.0,198.0,239.0,216.0
13591,South Africa,Miscellaneous,Domestic supply,1.0,1.0,1.0,2.0,1.0,1.0,4.0,3.0,3.0,4.0,2.0,1.0,0.0,0.0,0.0,0.0,0.0,0.0
13592,South Africa,Miscellaneous,Human Consumption,1.0,1.0,1.0,2.0,1.0,1.0,4.0,3.0,3.0,4.0,2.0,1.0,0.0,0.0,0.0,0.0,0.0,0.0
13593,South Africa,Alcoholic Beverages,Production,3645.0,3640.0,3821.0,3899.0,4035.0,3934.0,4023.0,4107.0,4319.0,4508.0,3982.0,4407.0,4799.0,4884.0,4948.0,4937.0,4911.0,5016.0
13594,South Africa,Animal fats,Import,48.0,38.0,84.0,60.0,56.0,56.0,47.0,46.0,92.0,36.0,41.0,24.0,31.0,33.0,15.0,17.0,18.0,24.0
13595,South Africa,Alcoholic Beverages,Stock Variation,108.0,60.0,30.0,0.0,0.0,0.0,-100.0,85.0,31.0,-8.0,-6.0,0.0,-137.0,101.0,21.0,0.0,0.0,53.0
13596,South Africa,Alcoholic Beverages,Export,472.0,451.0,446.0,476.0,500.0,525.0,439.0,653.0,781.0,707.0,639.0,622.0,642.0,1024.0,882.0,834.0,919.0,532.0
13597,South Africa,Alcoholic Beverages,Domestic supply,3316.0,3280.0,3437.0,3478.0,3581.0,3461.0,3540.0,3697.0,3747.0,4009.0,3425.0,3890.0,4126.0,4196.0,4208.0,4232.0,4125.0,4591.0
13598,South Africa,Alcoholic Beverages,Processing,153.0,116.0,150.0,171.0,229.0,210.0,228.0,248.0,251.0,192.0,183.0,192.0,122.0,139.0,337.0,327.0,284.0,404.0
13599,South Africa,Alcoholic Beverages,Other uses (non-food),2.0,11.0,95.0,89.0,94.0,132.0,142.0,93.0,67.0,74.0,97.0,150.0,127.0,98.0,88.0,87.0,72.0,212.0
13600,South Africa,Alcoholic Beverages,Human Consumption,3162.0,3153.0,3191.0,3218.0,3258.0,3118.0,3170.0,3357.0,3429.0,3744.0,3145.0,3548.0,3877.0,3959.0,3783.0,3818.0,3769.0,3975.0
13601,South Africa,Spices,Production,10.0,10.0,10.0,11.0,12.0,12.0,13.0,11.0,11.0,11.0,14.0,15.0,17.0,17.0,16.0,17.0,17.0,17.0
13602,South Africa,Spices,Import,13.0,12.0,14.0,17.0,19.0,18.0,19.0,20.0,21.0,18.0,22.0,21.0,24.0,24.0,27.0,24.0,30.0,32.0
13603,South Africa,Spices,Stock Variation,-3.0,4.0,2.0,0.0,2.0,0.0,0.0,-2.0,-2.0,-2.0,-3.0,-2.0,-1.0,11.0,-11.0,-12.0,-14.0,-10.0
13604,South Africa,Spices,Export,7.0,13.0,11.0,10.0,9.0,7.0,6.0,6.0,5.0,6.0,6.0,8.0,8.0,20.0,24.0,23.0,27.0,25.0
13605,South Africa,Spices,Domestic supply,13.0,13.0,15.0,19.0,23.0,23.0,26.0,24.0,24.0,21.0,28.0,27.0,32.0,32.0,31.0,29.0,34.0,35.0
13606,South Africa,Meat,Human Consumption,1866.0,1779.0,1848.0,1970.0,2066.0,2214.0,2422.0,2619.0,2842.0,2925.0,2996.0,3081.0,3163.0,3426.0,3341.0,3367.0,3511.0,3421.0
13607,South Africa,Meat,Other uses (non-food),6.0,5.0,6.0,6.0,7.0,7.0,8.0,8.0,8.0,8.0,8.0,8.0,8.0,10.0,0.0,0.0,0.0,0.0
13608,South Africa,Alcoholic Beverages,Import,35.0,31.0,33.0,55.0,46.0,51.0,55.0,158.0,178.0,216.0,87.0,104.0,107.0,235.0,163.0,129.0,133.0,160.0
13609,South Africa,Meat,Feed,1.0,1.0,1.0,1.0,1.0,1.0,1.0,1.0,1.0,2.0,2.0,2.0,2.0,2.0,1.0,1.0,1.0,1.0
13610,South Africa,Meat,Losses,0.0,0.0,0.0,0.0,0.0,0.0,0.0,0.0,0.0,0.0,0.0,0.0,0.0,0.0,157.0,161.0,160.0,154.0
13611,South Africa,Animal fats,Domestic supply,82.0,77.0,120.0,98.0,98.0,101.0,93.0,91.0,141.0,85.0,87.0,69.0,79.0,80.0,56.0,63.0,61.0,63.0
13612,South Africa,Animal fats,Feed,4.0,9.0,7.0,6.0,7.0,5.0,3.0,2.0,4.0,6.0,3.0,0.0,1.0,0.0,2.0,3.0,0.0,0.0
13613,South Africa,Animal fats,Losses,0.0,0.0,0.0,0.0,0.0,0.0,0.0,0.0,0.0,0.0,0.0,0.0,0.0,0.0,1.0,1.0,1.0,0.0
13614,South Africa,Animal fats,Other uses (non-food),51.0,37.0,77.0,56.0,55.0,55.0,56.0,53.0,96.0,45.0,48.0,34.0,38.0,43.0,26.0,27.0,24.0,25.0
13615,South Africa,Animal fats,Human Consumption,27.0,31.0,36.0,37.0,36.0,40.0,34.0,36.0,41.0,34.0,36.0,35.0,40.0,37.0,27.0,31.0,35.0,38.0
13616,South Africa,Offals,Production,188.0,171.0,184.0,181.0,186.0,193.0,204.0,215.0,226.0,233.0,241.0,240.0,241.0,241.0,253.0,264.0,273.0,263.0
13617,South Africa,Offals,Import,22.0,28.0,36.0,46.0,53.0,52.0,52.0,54.0,45.0,49.0,51.0,58.0,62.0,71.0,70.0,77.0,92.0,100.0
13618,South Africa,Offals,Stock Variation,0.0,0.0,0.0,0.0,0.0,0.0,0.0,0.0,0.0,0.0,0.0,0.0,0.0,0.0,0.0,0.0,0.0,0.0
13619,South Africa,Offals,Export,0.0,1.0,1.0,1.0,0.0,0.0,1.0,1.0,1.0,2.0,2.0,2.0,4.0,10.0,12.0,12.0,11.0,13.0
13620,South Africa,Animal fats,Export,14.0,7.0,11.0,10.0,9.0,7.0,8.0,12.0,10.0,12.0,12.0,9.0,10.0,11.0,15.0,17.0,17.0,21.0
13621,South Africa,Offals,Feed,0.0,0.0,0.0,0.0,0.0,0.0,0.0,0.0,0.0,0.0,0.0,0.0,0.0,0.0,4.0,5.0,5.0,2.0
13622,South Africa,Offals,Losses,0.0,0.0,0.0,0.0,0.0,0.0,0.0,0.0,0.0,0.0,0.0,0.0,0.0,0.0,7.0,7.0,7.0,0.0
13623,South Africa,Offals,Other uses (non-food),43.0,34.0,39.0,39.0,41.0,43.0,46.0,42.0,39.0,41.0,41.0,42.0,43.0,48.0,52.0,60.0,60.0,67.0
13624,South Africa,Offals,Human Consumption,167.0,164.0,181.0,187.0,197.0,202.0,209.0,226.0,230.0,239.0,248.0,254.0,257.0,254.0,250.0,259.0,281.0,282.0
13625,South Africa,Meat,Production,1722.0,1689.0,1775.0,1825.0,1890.0,1980.0,2109.0,2327.0,2626.0,2704.0,2752.0,2739.0,2778.0,3112.0,3195.0,3273.0,3246.0,3130.0
13626,South Africa,Meat,Import,170.0,115.0,105.0,171.0,210.0,262.0,345.0,329.0,257.0,264.0,290.0,379.0,423.0,436.0,417.0,385.0,567.0,570.0
13627,South Africa,Meat,Stock Variation,4.0,4.0,4.0,3.0,3.0,4.0,2.0,-1.0,-1.0,0.0,0.0,1.0,-1.0,2.0,-4.0,-4.0,-4.0,-4.0
13628,South Africa,Meat,Export,23.0,23.0,28.0,22.0,30.0,23.0,25.0,28.0,31.0,33.0,36.0,28.0,27.0,112.0,136.0,152.0,165.0,147.0
13629,South Africa,Meat,Domestic supply,1873.0,1785.0,1855.0,1977.0,2073.0,2222.0,2432.0,2628.0,2851.0,2935.0,3006.0,3091.0,3174.0,3437.0,3479.0,3510.0,3652.0,3557.0
13630,South Africa,Offals,Domestic supply,210.0,198.0,220.0,226.0,238.0,244.0,255.0,268.0,270.0,281.0,289.0,296.0,300.0,302.0,312.0,329.0,353.0,351.0
13631,Spain,Vegetable Oils,Domestic supply,1897.0,2063.0,2069.0,2133.0,2131.0,2111.0,2156.0,2238.0,2231.0,2593.0,2691.0,2562.0,2403.0,2606.0,3250.0,3374.0,3615.0,4170.0
13632,Spain,Vegetable Oils,Export,887.0,946.0,1056.0,1089.0,1190.0,1051.0,922.0,1159.0,1336.0,1237.0,1487.0,1601.0,1985.0,1853.0,2077.0,1675.0,1909.0,1987.0
13633,Spain,Vegetable Oils,Stock Variation,-15.0,-290.0,455.0,-235.0,275.0,239.0,-240.0,-30.0,45.0,-415.0,-200.0,-175.0,855.0,-601.0,-743.0,365.0,133.0,269.0
13634,Spain,Vegetables,Processing,0.0,0.0,0.0,0.0,0.0,0.0,0.0,0.0,0.0,0.0,0.0,0.0,0.0,0.0,17.0,23.0,23.0,22.0
13635,Spain,Vegetable Oils,Production,2136.0,2601.0,1915.0,2588.0,2059.0,1749.0,2047.0,2221.0,2148.0,2523.0,2634.0,2787.0,1897.0,3039.0,2230.0,2839.0,2667.0,2681.0
13636,Spain,Vegetables,Human Consumption,6629.0,6341.0,6761.0,6515.0,6922.0,6758.0,6474.0,6908.0,6577.0,7246.0,6489.0,5839.0,5898.0,5591.0,6077.0,5838.0,6474.0,6836.0
13637,Spain,Vegetable Oils,Processing,0.0,0.0,0.0,0.0,0.0,0.0,0.0,0.0,0.0,0.0,0.0,0.0,0.0,0.0,151.0,182.0,215.0,238.0
13638,Spain,Vegetable Oils,Import,664.0,698.0,755.0,869.0,987.0,1174.0,1271.0,1206.0,1374.0,1722.0,1744.0,1551.0,1636.0,2021.0,2354.0,2574.0,2990.0,3745.0
13639,Spain,Vegetable Oils,Other uses (non-food),760.0,940.0,943.0,1054.0,1053.0,981.0,1026.0,1088.0,1021.0,1360.0,1443.0,1272.0,1091.0,1278.0,1843.0,1876.0,2080.0,2619.0
13640,Spain,Sugar & Sweeteners,Export,471.0,418.0,327.0,416.0,296.0,310.0,431.0,354.0,324.0,331.0,427.0,452.0,456.0,415.0,774.0,866.0,998.0,854.0
13641,Spain,Sugar & Sweeteners,Production,1298.0,1163.0,1423.0,1053.0,1182.0,1178.0,980.0,814.0,717.0,685.0,642.0,668.0,638.0,429.0,756.0,747.0,632.0,717.0
13642,Spain,Sugar & Sweeteners,Import,524.0,557.0,577.0,641.0,665.0,759.0,741.0,824.0,856.0,989.0,1182.0,1645.0,1357.0,1580.0,1923.0,1628.0,1649.0,1757.0
13643,Spain,Sugar & Sweeteners,Stock Variation,-73.0,2.0,-347.0,76.0,-171.0,-220.0,146.0,135.0,193.0,98.0,82.0,-321.0,12.0,-45.0,32.0,25.0,-177.0,99.0
13644,Spain,Sugar & Sweeteners,Domestic supply,1277.0,1304.0,1325.0,1353.0,1380.0,1407.0,1435.0,1419.0,1441.0,1441.0,1478.0,1539.0,1551.0,1549.0,1873.0,1485.0,1460.0,1522.0
13645,Spain,Sugar & Sweeteners,Feed,0.0,0.0,0.0,0.0,0.0,0.0,0.0,0.0,0.0,0.0,0.0,0.0,0.0,0.0,218.0,0.0,0.0,0.0
13646,Spain,Sugar & Sweeteners,Losses,0.0,0.0,0.0,0.0,0.0,0.0,0.0,0.0,0.0,0.0,0.0,0.0,0.0,0.0,2.0,2.0,2.0,1.0
13647,Spain,Sugar & Sweeteners,Processing,3.0,0.0,0.0,0.0,0.0,0.0,0.0,0.0,0.0,0.0,0.0,0.0,0.0,0.0,0.0,0.0,0.0,0.0
13648,Spain,Sugar & Sweeteners,Other uses (non-food),83.0,88.0,95.0,100.0,103.0,109.0,104.0,88.0,74.0,56.0,75.0,93.0,92.0,83.0,130.0,133.0,112.0,135.0
13649,Spain,Vegetable Oils,Human Consumption,1137.0,1123.0,1126.0,1080.0,1079.0,1130.0,1130.0,1150.0,1210.0,1233.0,1248.0,1290.0,1312.0,1328.0,1303.0,1316.0,1320.0,1323.0
13650,Spain,Vegetables,Losses,1257.0,1243.0,1348.0,1307.0,1489.0,1586.0,1134.0,1179.0,1138.0,1131.0,1113.0,1155.0,1164.0,1172.0,1202.0,1458.0,1255.0,1281.0
13651,Spain,Stimulants,Stock Variation,-2.0,-15.0,-2.0,-9.0,29.0,29.0,0.0,0.0,0.0,0.0,0.0,0.0,0.0,0.0,13.0,10.0,7.0,-7.0
13652,Spain,Vegetables,Domestic supply,8364.0,8089.0,8643.0,8325.0,9047.0,9008.0,7909.0,8409.0,8041.0,8758.0,7971.0,7289.0,7413.0,7068.0,7474.0,7416.0,7742.0,7946.0
13653,Spain,Sugar & Sweeteners,Human Consumption,1191.0,1216.0,1230.0,1253.0,1277.0,1298.0,1332.0,1331.0,1367.0,1385.0,1403.0,1447.0,1459.0,1466.0,1555.0,1573.0,1583.0,1617.0
13654,Spain,Stimulants,Export,171.0,176.0,189.0,195.0,196.0,201.0,219.0,252.0,278.0,272.0,332.0,314.0,301.0,305.0,267.0,272.0,282.0,275.0
13655,Spain,Stimulants,Domestic supply,287.0,253.0,269.0,263.0,306.0,337.0,333.0,341.0,341.0,324.0,330.0,324.0,349.0,358.0,200.0,191.0,201.0,228.0
13656,Spain,Stimulants,Losses,21.0,22.0,22.0,23.0,23.0,24.0,24.0,26.0,25.0,26.0,27.0,26.0,27.0,26.0,27.0,28.0,29.0,27.0
13657,Spain,Stimulants,Processing,0.0,0.0,0.0,0.0,0.0,0.0,0.0,0.0,0.0,0.0,0.0,0.0,0.0,0.0,111.0,104.0,114.0,128.0
13658,Spain,Stimulants,Human Consumption,266.0,231.0,247.0,240.0,284.0,313.0,309.0,316.0,315.0,304.0,317.0,313.0,328.0,340.0,178.0,183.0,189.0,195.0
13659,Spain,Fruits - Excluding Wine,Production,16055.0,15099.0,16030.0,17920.0,16898.0,15578.0,17436.0,15126.0,16243.0,14620.0,16201.0,15701.0,14567.0,18045.0,17886.0,18251.0,17654.0,16765.0
13660,Spain,Fruits - Excluding Wine,Stock Variation,304.0,-421.0,336.0,-285.0,-93.0,-122.0,-337.0,279.0,-471.0,217.0,-573.0,-37.0,909.0,-56.0,309.0,300.0,629.0,-73.0
13661,Spain,Fruits - Excluding Wine,Export,5797.0,5383.0,6220.0,6820.0,6703.0,6197.0,6970.0,7316.0,6810.0,7097.0,7483.0,8268.0,9017.0,8849.0,8281.0,8115.0,7640.0,8324.0
13662,Spain,Vegetables,Feed,490.0,516.0,542.0,515.0,647.0,670.0,320.0,338.0,335.0,396.0,379.0,309.0,372.0,323.0,371.0,362.0,409.0,437.0
13663,Spain,Fruits - Excluding Wine,Domestic supply,11693.0,10413.0,11431.0,12238.0,11610.0,10917.0,11774.0,10077.0,10970.0,9638.0,10122.0,9352.0,8456.0,11208.0,11143.0,11686.0,11614.0,10787.0
13664,Spain,Fruits - Excluding Wine,Seed,0.0,0.0,0.0,0.0,0.0,0.0,0.0,0.0,0.0,0.0,0.0,0.0,0.0,0.0,0.0,0.0,0.0,0.0
13665,Spain,Fruits - Excluding Wine,Losses,932.0,1042.0,960.0,991.0,921.0,923.0,997.0,919.0,968.0,850.0,903.0,891.0,810.0,864.0,1080.0,1047.0,1077.0,1074.0
13666,Spain,Fruits - Excluding Wine,Processing,5975.0,4455.0,4943.0,6068.0,6003.0,5352.0,5530.0,4891.0,5202.0,4687.0,5100.0,4933.0,4473.0,6347.0,6597.0,6450.0,6705.0,5468.0
13667,Spain,Fruits - Excluding Wine,Other uses (non-food),424.0,337.0,532.0,645.0,566.0,229.0,467.0,356.0,344.0,551.0,393.0,25.0,66.0,597.0,222.0,233.0,400.0,286.0
13668,Spain,Fruits - Excluding Wine,Human Consumption,4325.0,4524.0,4949.0,4478.0,4063.0,4349.0,4739.0,3861.0,4407.0,3504.0,3679.0,3484.0,3097.0,3390.0,3838.0,4456.0,4127.0,4228.0
13669,Spain,Vegetables,Production,12288.0,12359.0,12861.0,12882.0,13509.0,13456.0,12932.0,13123.0,12667.0,13388.0,12773.0,12732.0,13036.0,12925.0,14206.0,14291.0,14988.0,15195.0
13670,Spain,Vegetables,Import,444.0,513.0,644.0,690.0,834.0,857.0,813.0,911.0,1123.0,1196.0,1127.0,1150.0,1151.0,1221.0,1077.0,1213.0,1202.0,1214.0
13671,Spain,Vegetables,Stock Variation,0.0,0.0,0.0,-45.0,45.0,0.0,0.0,-14.0,-25.0,-3.0,30.0,-29.0,-76.0,78.0,27.0,86.0,138.0,77.0
13672,Spain,Vegetables,Export,4368.0,4783.0,4862.0,5203.0,5340.0,5305.0,5836.0,5611.0,5724.0,5823.0,5959.0,6564.0,6698.0,7156.0,7781.0,8003.0,8311.0,8386.0
13673,Spain,Fruits - Excluding Wine,Feed,53.0,55.0,48.0,57.0,57.0,65.0,41.0,50.0,50.0,45.0,47.0,20.0,10.0,10.0,22.0,13.0,14.0,11.0
13674,Spain,Pulses,Production,389.0,310.0,489.0,522.0,596.0,286.0,346.0,306.0,247.0,286.0,444.0,449.0,297.0,433.0,418.0,486.0,588.0,476.0
13675,Spain,Oilcrops,Losses,22.0,32.0,11.0,32.0,21.0,21.0,23.0,22.0,24.0,26.0,27.0,28.0,21.0,85.0,115.0,135.0,148.0,146.0
13676,Spain,Pulses,Stock Variation,0.0,-90.0,-20.0,-70.0,-430.0,-485.0,-190.0,330.0,400.0,204.0,-17.0,18.0,15.0,30.0,-68.0,-45.0,-13.0,4.0
13677,Spain,Starchy Roots,Import,5196.0,4000.0,3006.0,3711.0,4030.0,2307.0,2140.0,2863.0,2499.0,1735.0,1789.0,1601.0,1786.0,1644.0,1461.0,1573.0,1665.0,1748.0
13678,Spain,Starchy Roots,Stock Variation,71.0,85.0,-247.0,157.0,-139.0,15.0,27.0,32.0,218.0,-195.0,38.0,18.0,98.0,113.0,120.0,2.0,70.0,113.0
13679,Spain,Starchy Roots,Export,260.0,278.0,242.0,283.0,260.0,274.0,262.0,281.0,289.0,311.0,279.0,297.0,315.0,308.0,332.0,387.0,372.0,434.0
13680,Spain,Starchy Roots,Domestic supply,8105.0,6833.0,5627.0,6269.0,6436.0,4643.0,4454.0,5125.0,4607.0,3982.0,3904.0,3804.0,3779.0,3649.0,3588.0,3507.0,3527.0,3500.0
13681,Spain,Starchy Roots,Feed,4278.0,3075.0,1976.0,2544.0,2710.0,974.0,654.0,1512.0,1016.0,194.0,190.0,186.0,164.0,163.0,151.0,148.0,153.0,148.0
13682,Spain,Starchy Roots,Seed,183.0,162.0,157.0,146.0,136.0,125.0,123.0,117.0,121.0,110.0,112.0,104.0,99.0,99.0,100.0,98.0,99.0,97.0
13683,Spain,Starchy Roots,Losses,197.0,198.0,184.0,185.0,182.0,190.0,180.0,179.0,179.0,179.0,179.0,179.0,165.0,133.0,151.0,140.0,139.0,139.0
13684,Spain,Starchy Roots,Processing,8.0,8.0,8.0,8.0,8.0,10.0,8.0,9.0,9.0,10.0,10.0,9.0,8.0,8.0,8.0,8.0,8.0,8.0
13685,Spain,Starchy Roots,Other uses (non-food),353.0,277.0,290.0,350.0,323.0,364.0,430.0,372.0,421.0,492.0,436.0,376.0,426.0,428.0,422.0,433.0,406.0,399.0
13686,Spain,Starchy Roots,Human Consumption,3087.0,3112.0,3011.0,3036.0,3076.0,2981.0,3060.0,2936.0,2861.0,2997.0,2978.0,2950.0,2916.0,2819.0,2756.0,2681.0,2722.0,2710.0
13687,Spain,Sugar Crops,Production,8036.0,6841.0,8276.0,6448.0,7242.0,7334.0,5843.0,4910.0,3988.0,4225.0,3535.0,4189.0,3461.0,2520.0,3724.0,3606.0,3015.0,3293.0
13688,Spain,Sugar Crops,Import,0.0,0.0,0.0,0.0,0.0,0.0,0.0,0.0,0.0,0.0,0.0,0.0,1.0,0.0,1.0,1.0,0.0,0.0
13689,Spain,Sugar Crops,Export,0.0,0.0,0.0,0.0,0.0,0.0,0.0,1.0,0.0,0.0,2.0,1.0,0.0,1.0,0.0,1.0,1.0,0.0
13690,Spain,Sugar Crops,Domestic supply,8036.0,6841.0,8276.0,6449.0,7242.0,7335.0,5843.0,4909.0,3988.0,4225.0,3533.0,4188.0,3461.0,2519.0,3724.0,3605.0,3014.0,3293.0
13691,Spain,Sugar Crops,Feed,0.0,0.0,0.0,0.0,0.0,0.0,0.0,0.0,0.0,0.0,0.0,0.0,0.0,0.0,0.0,0.0,0.0,0.0
13692,Spain,Sugar Crops,Losses,0.0,0.0,0.0,0.0,0.0,0.0,0.0,0.0,0.0,0.0,0.0,0.0,0.0,0.0,185.0,180.0,150.0,164.0
13693,Spain,Sugar Crops,Processing,8009.0,6830.0,8247.0,6415.0,7221.0,7296.0,5829.0,4909.0,3988.0,4225.0,3534.0,4188.0,3460.0,2519.0,5020.0,4917.0,4081.0,4736.0
13694,Spain,Sugar Crops,Other uses (non-food),27.0,11.0,29.0,33.0,21.0,38.0,14.0,0.0,0.0,0.0,0.0,0.0,0.0,0.0,0.0,0.0,0.0,0.0
13695,Spain,Stimulants,Import,460.0,444.0,459.0,467.0,474.0,509.0,552.0,594.0,618.0,596.0,662.0,638.0,650.0,663.0,479.0,473.0,491.0,495.0
13696,Spain,Starchy Roots,Production,3099.0,3026.0,3109.0,2683.0,2805.0,2595.0,2549.0,2512.0,2179.0,2752.0,2356.0,2482.0,2209.0,2200.0,2579.0,2323.0,2304.0,2298.0
13697,Spain,Oilcrops,Human Consumption,316.0,228.0,282.0,318.0,230.0,235.0,238.0,258.0,257.0,262.0,259.0,265.0,266.0,280.0,150.0,287.0,281.0,232.0
13698,Spain,Oilcrops,Other uses (non-food),0.0,0.0,0.0,0.0,0.0,0.0,0.0,0.0,0.0,0.0,0.0,0.0,0.0,1.0,1.0,0.0,1.0,1.0
13699,Spain,Oilcrops,Processing,8579.0,10520.0,8126.0,11130.0,8391.0,7118.0,8499.0,9250.0,9308.0,10650.0,11113.0,11772.0,8014.0,13341.0,8607.0,11414.0,10550.0,10378.0
13700,Spain,Pulses,Export,24.0,23.0,22.0,20.0,27.0,22.0,26.0,23.0,25.0,25.0,22.0,25.0,32.0,29.0,21.0,23.0,31.0,35.0
13701,Spain,Pulses,Domestic supply,1215.0,964.0,879.0,851.0,1079.0,1036.0,1008.0,860.0,822.0,733.0,717.0,716.0,659.0,660.0,670.0,702.0,761.0,668.0
13702,Spain,Pulses,Feed,877.0,634.0,545.0,520.0,720.0,719.0,655.0,524.0,459.0,394.0,389.0,374.0,322.0,321.0,356.0,374.0,394.0,320.0
13703,Spain,Pulses,Seed,54.0,58.0,65.0,67.0,64.0,41.0,40.0,36.0,36.0,43.0,53.0,60.0,51.0,56.0,53.0,65.0,91.0,67.0
13704,Spain,Pulses,Losses,57.0,50.0,45.0,42.0,72.0,75.0,60.0,42.0,38.0,35.0,35.0,35.0,32.0,34.0,21.0,24.0,29.0,25.0
13705,Spain,Pulses,Human Consumption,227.0,221.0,224.0,221.0,224.0,200.0,254.0,259.0,290.0,261.0,240.0,246.0,254.0,249.0,240.0,239.0,235.0,233.0
13706,Spain,Treenuts,Production,278.0,313.0,337.0,258.0,136.0,262.0,363.0,227.0,232.0,315.0,274.0,265.0,284.0,215.0,249.0,262.0,250.0,310.0
13707,Spain,Treenuts,Import,166.0,187.0,229.0,281.0,335.0,265.0,277.0,307.0,312.0,343.0,326.0,346.0,307.0,307.0,350.0,378.0,448.0,446.0
13708,Spain,Treenuts,Stock Variation,4.0,0.0,-39.0,6.0,60.0,6.0,-103.0,4.0,0.0,-99.0,33.0,0.0,-16.0,83.0,-21.0,-10.0,5.0,-3.0
13709,Spain,Pulses,Import,850.0,768.0,432.0,419.0,940.0,1257.0,878.0,248.0,200.0,268.0,312.0,274.0,378.0,226.0,205.0,193.0,191.0,230.0
13710,Spain,Treenuts,Export,161.0,206.0,212.0,218.0,172.0,192.0,196.0,214.0,243.0,265.0,316.0,293.0,271.0,298.0,322.0,379.0,344.0,384.0
13711,Spain,Treenuts,Losses,2.0,2.0,2.0,4.0,4.0,3.0,2.0,3.0,2.0,2.0,3.0,3.0,3.0,3.0,12.0,13.0,12.0,15.0
13712,Spain,Treenuts,Human Consumption,286.0,292.0,313.0,323.0,355.0,338.0,338.0,321.0,300.0,293.0,315.0,314.0,301.0,304.0,287.0,261.0,343.0,375.0
13713,Spain,Oilcrops,Production,6078.0,7853.0,5336.0,8477.0,6217.0,4605.0,6465.0,7030.0,6575.0,7997.0,8263.0,9146.0,4726.0,10558.0,5728.0,6964.0,8161.0,7644.0
13714,Spain,Oilcrops,Import,3464.0,4124.0,4157.0,3845.0,3381.0,3557.0,3083.0,3427.0,3838.0,3685.0,3726.0,3767.0,4176.0,4047.0,4330.0,4310.0,4079.0,4209.0
13715,Spain,Oilcrops,Stock Variation,134.0,-281.0,58.0,157.0,33.0,274.0,54.0,-204.0,8.0,-19.0,157.0,-80.0,134.0,-130.0,433.0,563.0,197.0,444.0
13716,Spain,Oilcrops,Export,341.0,360.0,377.0,411.0,393.0,474.0,392.0,394.0,535.0,525.0,547.0,527.0,555.0,542.0,632.0,631.0,738.0,636.0
13717,Spain,Oilcrops,Domestic supply,9336.0,11336.0,9173.0,12067.0,9239.0,7962.0,9210.0,9860.0,9885.0,11138.0,11599.0,12306.0,8481.0,13933.0,8993.0,10079.0,11305.0,10773.0
13718,Spain,Oilcrops,Feed,433.0,552.0,748.0,583.0,593.0,584.0,444.0,324.0,290.0,193.0,193.0,233.0,172.0,219.0,290.0,217.0,346.0,347.0
13719,Spain,Oilcrops,Seed,6.0,5.0,6.0,5.0,4.0,4.0,6.0,6.0,7.0,6.0,8.0,7.0,8.0,7.0,7.0,4.0,7.0,8.0
13720,Spain,Treenuts,Domestic supply,287.0,293.0,315.0,327.0,358.0,341.0,340.0,324.0,302.0,295.0,317.0,317.0,304.0,307.0,298.0,271.0,350.0,376.0
13721,Spain,Stimulants,Production,0.0,0.0,0.0,0.0,0.0,0.0,0.0,0.0,0.0,0.0,0.0,0.0,0.0,0.0,0.0,0.0,0.0,0.0
13722,Spain,Fruits - Excluding Wine,Import,1132.0,1118.0,1286.0,1423.0,1509.0,1658.0,1644.0,1987.0,2008.0,1898.0,1977.0,1956.0,1998.0,2068.0,1846.0,1849.0,2229.0,2273.0
13723,Spain,Spices,Losses,0.0,0.0,0.0,0.0,0.0,0.0,0.0,0.0,0.0,0.0,0.0,0.0,0.0,0.0,0.0,0.0,1.0,0.0
13724,Spain,"Fish, Seafood",Other uses (non-food),40.0,50.0,0.0,1.0,1.0,1.0,1.0,1.0,1.0,0.0,1.0,3.0,2.0,1.0,0.0,0.0,1.0,2.0
13725,Spain,"Fish, Seafood",Human Consumption,1703.0,1746.0,1745.0,1840.0,1784.0,1770.0,1963.0,1950.0,1911.0,1920.0,1959.0,1947.0,1894.0,1989.0,2061.0,2034.0,1979.0,1981.0
13726,Spain,Eggs,Production,661.0,671.0,737.0,772.0,855.0,710.0,829.0,827.0,814.0,831.0,814.0,820.0,720.0,743.0,788.0,806.0,816.0,827.0
13727,Spain,Eggs,Import,10.0,20.0,20.0,23.0,27.0,24.0,22.0,23.0,22.0,29.0,35.0,45.0,46.0,45.0,32.0,33.0,40.0,41.0
13728,Spain,Eggs,Stock Variation,0.0,0.0,0.0,0.0,0.0,0.0,0.0,0.0,0.0,0.0,-6.0,0.0,-7.0,13.0,0.0,0.0,0.0,2.0
13729,Spain,Eggs,Export,50.0,47.0,67.0,106.0,116.0,118.0,167.0,128.0,152.0,152.0,144.0,153.0,84.0,111.0,95.0,131.0,117.0,140.0
13730,Spain,Eggs,Domestic supply,621.0,645.0,691.0,689.0,767.0,616.0,684.0,722.0,685.0,707.0,700.0,712.0,675.0,690.0,726.0,708.0,739.0,726.0
13731,Spain,Eggs,Feed,0.0,0.0,0.0,0.0,0.0,0.0,0.0,0.0,0.0,0.0,0.0,0.0,0.0,1.0,118.0,103.0,114.0,35.0
13732,Spain,Eggs,Seed,49.0,53.0,46.0,51.0,43.0,41.0,47.0,49.0,48.0,54.0,50.0,53.0,51.0,50.0,40.0,41.0,41.0,42.0
13733,Spain,Eggs,Losses,13.0,13.0,15.0,15.0,17.0,14.0,17.0,17.0,16.0,17.0,16.0,17.0,15.0,15.0,16.0,16.0,16.0,17.0
13734,Spain,Eggs,Human Consumption,559.0,578.0,629.0,623.0,706.0,560.0,621.0,656.0,620.0,637.0,633.0,642.0,609.0,625.0,563.0,564.0,580.0,640.0
13735,Spain,Milk - Excluding Butter,Production,6937.0,7213.0,7338.0,7341.0,7274.0,7250.0,7108.0,7046.0,7258.0,7256.0,7445.0,7507.0,7309.0,7404.0,7856.0,7865.0,8153.0,8033.0
13736,Spain,Milk - Excluding Butter,Import,2286.0,2361.0,2538.0,2775.0,3294.0,3412.0,3527.0,4196.0,3788.0,3988.0,3985.0,4084.0,4349.0,4120.0,3713.0,3593.0,3513.0,3880.0
13737,Spain,Milk - Excluding Butter,Stock Variation,0.0,-125.0,0.0,0.0,0.0,0.0,0.0,0.0,0.0,0.0,0.0,-167.0,168.0,0.0,-10.0,-27.0,-11.0,-41.0
13738,Spain,Milk - Excluding Butter,Export,944.0,994.0,1093.0,1133.0,968.0,942.0,792.0,925.0,885.0,725.0,831.0,1045.0,1281.0,1153.0,1160.0,1228.0,1277.0,1664.0
13739,Spain,Milk - Excluding Butter,Domestic supply,8279.0,8455.0,8783.0,8984.0,9600.0,9720.0,9843.0,10317.0,10161.0,10518.0,10599.0,10379.0,10545.0,10371.0,10419.0,10258.0,10400.0,10291.0
13740,Spain,Milk - Excluding Butter,Feed,1151.0,1262.0,1499.0,1701.0,2103.0,2325.0,2260.0,2466.0,2412.0,2325.0,2208.0,2015.0,1933.0,2061.0,1224.0,1227.0,1120.0,863.0
13741,Spain,Milk - Excluding Butter,Losses,0.0,0.0,0.0,0.0,0.0,0.0,0.0,0.0,0.0,0.0,0.0,0.0,0.0,0.0,132.0,128.0,129.0,127.0
13742,Spain,Milk - Excluding Butter,Processing,0.0,0.0,0.0,0.0,0.0,0.0,0.0,0.0,0.0,0.0,0.0,0.0,0.0,0.0,0.0,0.0,0.0,0.0
13743,Spain,"Fish, Seafood",Feed,657.0,640.0,428.0,513.0,506.0,396.0,362.0,272.0,391.0,268.0,215.0,152.0,147.0,89.0,162.0,92.0,119.0,173.0
13744,Spain,"Fish, Seafood",Domestic supply,2400.0,2436.0,2173.0,2354.0,2290.0,2167.0,2325.0,2223.0,2303.0,2188.0,2176.0,2102.0,2043.0,2079.0,2223.0,2126.0,2099.0,2156.0
13745,Spain,"Fish, Seafood",Export,1024.0,1154.0,1020.0,1065.0,1078.0,1131.0,1143.0,1195.0,1163.0,1250.0,1306.0,1344.0,1330.0,1267.0,1403.0,1406.0,1431.0,1566.0
13746,Spain,"Fish, Seafood",Stock Variation,-11.0,-19.0,11.0,-16.0,15.0,23.0,-23.0,-15.0,-2.0,33.0,-19.0,-38.0,58.0,6.0,6.0,-6.0,11.0,0.0
13747,Spain,Spices,Human Consumption,9.0,10.0,9.0,12.0,13.0,19.0,14.0,13.0,20.0,23.0,15.0,18.0,10.0,11.0,7.0,7.0,8.0,6.0
13748,Spain,Cereals - Excluding Beer,Production,24288.0,17773.0,21461.0,21158.0,24548.0,13967.0,18847.0,24298.0,23774.0,17591.0,19571.0,21788.0,17248.0,25083.0,20631.0,20206.0,24138.0,16702.0
13749,Spain,Cereals - Excluding Beer,Import,6876.0,8140.0,12694.0,9912.0,9554.0,14961.0,12856.0,13220.0,13365.0,13915.0,11024.0,11648.0,13393.0,10841.0,13042.0,14919.0,15969.0,16821.0
13750,Spain,Cereals - Excluding Beer,Stock Variation,-3865.0,2393.0,-4075.0,2595.0,-1782.0,646.0,285.0,-1983.0,-2797.0,729.0,1201.0,-710.0,10.0,-37.0,-504.0,528.0,4318.0,-556.0
13751,Spain,Cereals - Excluding Beer,Export,1742.0,2297.0,2436.0,2540.0,2168.0,1654.0,1883.0,2736.0,2036.0,1797.0,2026.0,2257.0,2209.0,2391.0,2469.0,2530.0,2520.0,2666.0
13752,Spain,Cereals - Excluding Beer,Domestic supply,25556.0,26009.0,27644.0,31124.0,30153.0,27919.0,30106.0,32800.0,32306.0,30437.0,29770.0,30469.0,28442.0,33496.0,31708.0,32068.0,33269.0,31413.0
13753,Spain,Cereals - Excluding Beer,Feed,18560.0,19005.0,20516.0,23574.0,22514.0,20267.0,22080.0,24804.0,23767.0,21849.0,21300.0,22085.0,19949.0,24926.0,22789.0,23299.0,24209.0,22827.0
13754,Spain,Cereals - Excluding Beer,Seed,1177.0,1149.0,1162.0,1526.0,1553.0,1503.0,1612.0,1444.0,1474.0,1351.0,1328.0,1268.0,1385.0,1407.0,1410.0,1206.0,1293.0,1164.0
13755,Spain,Cereals - Excluding Beer,Losses,195.0,145.0,163.0,166.0,128.0,88.0,120.0,144.0,318.0,346.0,228.0,210.0,115.0,177.0,190.0,200.0,236.0,197.0
13756,Spain,Milk - Excluding Butter,Other uses (non-food),361.0,419.0,445.0,456.0,496.0,474.0,464.0,486.0,439.0,434.0,433.0,383.0,657.0,600.0,587.0,551.0,559.0,576.0
13757,Spain,Cereals - Excluding Beer,Processing,574.0,632.0,666.0,720.0,720.0,747.0,806.0,786.0,835.0,790.0,817.0,827.0,825.0,824.0,902.0,939.0,967.0,1000.0
13758,Spain,Cereals - Excluding Beer,Human Consumption,3988.0,4002.0,4041.0,4058.0,4132.0,4159.0,4159.0,4279.0,4527.0,4697.0,4759.0,4865.0,4948.0,4971.0,5331.0,5383.0,5587.0,5297.0
13759,Spain,"Aquatic Products, Other",Production,15.0,14.0,1.0,0.0,1.0,1.0,1.0,1.0,1.0,1.0,1.0,1.0,1.0,2.0,3.0,3.0,4.0,4.0
13760,Spain,"Aquatic Products, Other",Import,28.0,30.0,39.0,39.0,59.0,57.0,60.0,54.0,57.0,44.0,56.0,72.0,8.0,13.0,12.0,14.0,15.0,14.0
13761,Spain,"Aquatic Products, Other",Stock Variation,0.0,0.0,0.0,0.0,0.0,0.0,0.0,0.0,0.0,0.0,0.0,-6.0,4.0,2.0,0.0,0.0,0.0,0.0
13762,Spain,"Aquatic Products, Other",Export,15.0,20.0,22.0,22.0,23.0,22.0,24.0,29.0,29.0,32.0,22.0,19.0,5.0,5.0,6.0,7.0,6.0,6.0
13763,Spain,"Aquatic Products, Other",Domestic supply,28.0,25.0,18.0,16.0,37.0,35.0,37.0,25.0,29.0,13.0,35.0,47.0,8.0,12.0,9.0,11.0,13.0,13.0
13764,Spain,"Aquatic Products, Other",Other uses (non-food),27.0,24.0,11.0,9.0,11.0,9.0,7.0,8.0,4.0,5.0,6.0,7.0,5.0,9.0,7.0,9.0,12.0,12.0
13765,Spain,"Aquatic Products, Other",Human Consumption,0.0,0.0,7.0,8.0,26.0,26.0,29.0,17.0,24.0,8.0,29.0,40.0,3.0,3.0,1.0,2.0,1.0,1.0
13766,Spain,"Fish, Seafood",Production,1365.0,1396.0,1135.0,1157.0,1104.0,1073.0,1254.0,1101.0,1171.0,1197.0,1225.0,1279.0,1195.0,1257.0,1344.0,1262.0,1192.0,1264.0
13767,Spain,Cereals - Excluding Beer,Other uses (non-food),1063.0,1076.0,1096.0,1080.0,1107.0,1154.0,1329.0,1343.0,1385.0,1403.0,1339.0,1214.0,1220.0,1190.0,1239.0,1219.0,1126.0,1198.0
13768,Spain,Milk - Excluding Butter,Human Consumption,6767.0,6773.0,6839.0,6827.0,7000.0,6921.0,7119.0,7365.0,7310.0,7760.0,7957.0,7981.0,7955.0,7710.0,7324.0,7470.0,8003.0,8397.0
13769,Spain,"Fish, Seafood",Import,2070.0,2213.0,2047.0,2277.0,2249.0,2201.0,2237.0,2332.0,2297.0,2209.0,2275.0,2205.0,2119.0,2084.0,2276.0,2276.0,2327.0,2458.0
13770,Spain,Animal fats,Import,230.0,197.0,246.0,277.0,316.0,285.0,291.0,302.0,252.0,288.0,311.0,296.0,251.0,237.0,254.0,280.0,270.0,258.0
13771,Spain,Miscellaneous,Import,10.0,14.0,16.0,15.0,19.0,19.0,17.0,17.0,27.0,23.0,22.0,24.0,23.0,23.0,350.0,389.0,411.0,381.0
13772,Spain,Miscellaneous,Stock Variation,0.0,0.0,0.0,0.0,0.0,0.0,0.0,0.0,0.0,0.0,0.0,0.0,0.0,0.0,0.0,0.0,0.0,0.0
13773,Spain,Miscellaneous,Export,19.0,50.0,58.0,58.0,61.0,65.0,63.0,72.0,65.0,52.0,51.0,53.0,57.0,59.0,521.0,550.0,570.0,618.0
13774,Spain,Miscellaneous,Domestic supply,-9.0,-35.0,-42.0,-43.0,-42.0,-47.0,-46.0,-55.0,-38.0,-29.0,-29.0,-29.0,-33.0,-36.0,-171.0,-162.0,-159.0,-236.0
13775,Spain,Miscellaneous,Human Consumption,0.0,0.0,0.0,0.0,0.0,0.0,0.0,0.0,0.0,0.0,0.0,0.0,0.0,0.0,0.0,0.0,0.0,0.0
13776,Spain,Alcoholic Beverages,Production,7027.0,6146.0,6597.0,7630.0,7708.0,7041.0,7526.0,7232.0,7353.0,6907.0,7224.0,7016.0,6688.0,8167.0,7597.0,7174.0,7837.0,7243.0
13777,Spain,Alcoholic Beverages,Import,493.0,495.0,536.0,663.0,770.0,728.0,611.0,613.0,783.0,719.0,758.0,684.0,770.0,873.0,823.0,901.0,907.0,919.0
13778,Spain,Alcoholic Beverages,Stock Variation,-1101.0,63.0,-340.0,-743.0,-547.0,27.0,-30.0,-36.0,-337.0,33.0,-2.0,672.0,648.0,-1094.0,135.0,-397.0,427.0,-269.0
13779,Spain,Alcoholic Beverages,Export,1026.0,1132.0,1128.0,1464.0,1647.0,1642.0,1749.0,1798.0,1928.0,2008.0,2342.0,2795.0,2593.0,2394.0,2853.0,3058.0,2819.0,3014.0
13780,Spain,Alcoholic Beverages,Losses,53.0,39.0,45.0,50.0,45.0,40.0,50.0,50.0,51.0,50.0,50.0,48.0,48.0,72.0,59.0,51.0,59.0,49.0
13781,Spain,Alcoholic Beverages,Processing,650.0,650.0,650.0,650.0,650.0,650.0,650.0,650.0,650.0,650.0,650.0,650.0,665.0,630.0,626.0,587.0,588.0,550.0
13782,Spain,Alcoholic Beverages,Other uses (non-food),324.0,415.0,408.0,415.0,486.0,520.0,361.0,345.0,383.0,266.0,293.0,243.0,190.0,224.0,184.0,184.0,204.0,177.0
13783,Spain,Alcoholic Beverages,Human Consumption,4366.0,4468.0,4562.0,4970.0,5104.0,4944.0,5298.0,4965.0,4786.0,4685.0,4644.0,4636.0,4609.0,4626.0,4572.0,4610.0,4647.0,4650.0
13784,Spain,Spices,Production,12.0,12.0,10.0,9.0,10.0,9.0,9.0,9.0,9.0,13.0,12.0,15.0,12.0,10.0,11.0,12.0,15.0,14.0
13785,Spain,Spices,Import,20.0,35.0,34.0,32.0,33.0,44.0,40.0,38.0,48.0,52.0,45.0,52.0,55.0,53.0,54.0,67.0,73.0,77.0
13786,Spain,Spices,Stock Variation,5.0,-6.0,-3.0,5.0,4.0,0.0,0.0,-2.0,-1.0,0.0,0.0,-3.0,0.0,4.0,-3.0,2.0,3.0,2.0
13787,Spain,Spices,Export,28.0,31.0,32.0,34.0,34.0,34.0,35.0,31.0,36.0,42.0,42.0,46.0,57.0,55.0,64.0,71.0,78.0,82.0
13788,Spain,Animal fats,Production,699.0,730.0,767.0,777.0,747.0,768.0,768.0,807.0,828.0,782.0,789.0,809.0,808.0,768.0,413.0,419.0,466.0,465.0
13789,Spain,Spices,Domestic supply,9.0,10.0,9.0,12.0,13.0,19.0,14.0,13.0,20.0,23.0,15.0,18.0,10.0,11.0,4.0,6.0,7.0,7.0
13790,Spain,Meat,Human Consumption,4562.0,4692.0,4945.0,4974.0,4630.0,4689.0,4721.0,4949.0,4637.0,4503.0,4463.0,4454.0,4474.0,4413.0,4422.0,4501.0,4567.0,4676.0
13791,Spain,Meat,Processing,0.0,0.0,0.0,0.0,0.0,0.0,0.0,0.0,0.0,0.0,0.0,0.0,14.0,16.0,10.0,13.0,14.0,13.0
13792,Spain,Alcoholic Beverages,Domestic supply,5393.0,5572.0,5666.0,6085.0,6285.0,6154.0,6359.0,6011.0,5871.0,5651.0,5637.0,5577.0,5512.0,5551.0,5432.0,5414.0,5497.0,5417.0
13793,Spain,Meat,Feed,0.0,0.0,0.0,0.0,0.0,0.0,0.0,0.0,0.0,0.0,0.0,0.0,0.0,0.0,0.0,0.0,0.0,0.0
13794,Spain,Animal fats,Stock Variation,-25.0,35.0,-15.0,-20.0,-10.0,8.0,10.0,25.0,-5.0,-5.0,20.0,0.0,-3.0,3.0,1.0,-1.0,2.0,1.0
13795,Spain,Animal fats,Export,86.0,125.0,150.0,111.0,163.0,177.0,171.0,186.0,200.0,193.0,221.0,208.0,222.0,204.0,191.0,211.0,252.0,276.0
13796,Spain,Meat,Losses,0.0,0.0,0.0,0.0,0.0,0.0,0.0,0.0,0.0,0.0,0.0,0.0,0.0,0.0,274.0,291.0,314.0,320.0
13797,Spain,Animal fats,Domestic supply,818.0,836.0,848.0,924.0,890.0,884.0,898.0,948.0,875.0,872.0,899.0,897.0,833.0,804.0,474.0,489.0,481.0,446.0
13798,Spain,Animal fats,Feed,165.0,167.0,171.0,176.0,168.0,169.0,174.0,181.0,178.0,165.0,174.0,176.0,159.0,158.0,33.0,35.0,32.0,33.0
13799,Spain,Animal fats,Losses,0.0,0.0,0.0,0.0,0.0,0.0,0.0,0.0,0.0,0.0,0.0,0.0,0.0,0.0,4.0,4.0,4.0,4.0
13800,Spain,Animal fats,Processing,0.0,0.0,0.0,0.0,0.0,0.0,0.0,0.0,0.0,0.0,0.0,0.0,0.0,0.0,1.0,1.0,1.0,1.0
13801,Spain,Animal fats,Other uses (non-food),458.0,477.0,466.0,535.0,505.0,500.0,518.0,530.0,471.0,458.0,489.0,497.0,462.0,458.0,243.0,274.0,266.0,282.0
13802,Spain,Offals,Production,272.0,289.0,301.0,306.0,311.0,332.0,337.0,346.0,351.0,362.0,371.0,384.0,395.0,391.0,393.0,421.0,449.0,460.0
13803,Spain,Offals,Import,14.0,13.0,15.0,13.0,15.0,19.0,23.0,21.0,18.0,18.0,19.0,14.0,13.0,14.0,12.0,16.0,19.0,23.0
13804,Spain,Animal fats,Human Consumption,195.0,192.0,211.0,213.0,216.0,215.0,207.0,237.0,226.0,251.0,240.0,228.0,218.0,190.0,225.0,208.0,212.0,206.0
13805,Spain,Offals,Domestic supply,235.0,252.0,254.0,229.0,220.0,235.0,246.0,228.0,210.0,237.0,250.0,213.0,204.0,221.0,162.0,160.0,131.0,163.0
13806,Spain,Meat,Domestic supply,4561.0,4690.0,4944.0,4972.0,4628.0,4687.0,4719.0,4945.0,4637.0,4503.0,4463.0,4454.0,4487.0,4429.0,4703.0,4795.0,4880.0,4767.0
13807,Spain,Offals,Losses,0.0,0.0,0.0,0.0,0.0,0.0,0.0,0.0,0.0,0.0,0.0,0.0,0.0,0.0,18.0,19.0,20.0,21.0
13808,Spain,Offals,Other uses (non-food),1.0,1.0,1.0,1.0,1.0,1.0,1.0,1.0,1.0,1.0,1.0,2.0,2.0,2.0,2.0,2.0,2.0,2.0
13809,Spain,Offals,Human Consumption,234.0,252.0,253.0,229.0,219.0,235.0,248.0,229.0,215.0,240.0,251.0,213.0,203.0,221.0,142.0,139.0,108.0,140.0
13810,Spain,Meat,Production,4913.0,5057.0,5361.0,5499.0,5254.0,5351.0,5356.0,5583.0,5581.0,5395.0,5443.0,5656.0,5647.0,5553.0,5722.0,6062.0,6550.0,6663.0
13811,Spain,Meat,Import,318.0,309.0,339.0,375.0,355.0,404.0,430.0,499.0,475.0,544.0,552.0,552.0,525.0,531.0,492.0,538.0,571.0,598.0
13812,Spain,Meat,Stock Variation,4.0,-6.0,-4.0,-3.0,2.0,6.0,9.0,11.0,0.0,0.0,0.0,-20.0,-7.0,0.0,-317.0,-327.0,-212.0,2.0
13813,Spain,Offals,Export,51.0,50.0,63.0,89.0,106.0,115.0,114.0,138.0,159.0,143.0,139.0,185.0,204.0,184.0,244.0,276.0,337.0,320.0
13814,Spain,Meat,Export,674.0,670.0,752.0,900.0,982.0,1075.0,1076.0,1148.0,1419.0,1436.0,1533.0,1734.0,1678.0,1655.0,1828.0,2132.0,2454.0,2491.0
13815,Sri Lanka,Vegetables,Losses,79.0,72.0,73.0,71.0,74.0,83.0,84.0,91.0,94.0,92.0,93.0,96.0,99.0,117.0,107.0,102.0,102.0,103.0
13816,Sri Lanka,Vegetable Oils,Domestic supply,140.0,145.0,165.0,142.0,166.0,266.0,615.0,358.0,192.0,170.0,188.0,250.0,201.0,228.0,117.0,112.0,114.0,123.0
13817,Sri Lanka,Vegetable Oils,Export,5.0,4.0,3.0,9.0,19.0,154.0,88.0,93.0,43.0,17.0,8.0,5.0,7.0,8.0,15.0,24.0,23.0,20.0
13818,Sri Lanka,Vegetable Oils,Stock Variation,-1.0,2.0,-36.0,-63.0,9.0,40.0,14.0,-11.0,-17.0,-11.0,-8.0,2.0,0.0,-40.0,105.0,122.0,89.0,160.0
13819,Sri Lanka,Vegetable Oils,Import,93.0,74.0,166.0,185.0,155.0,357.0,641.0,386.0,183.0,112.0,126.0,189.0,131.0,206.0,159.0,180.0,139.0,221.0
13820,Sri Lanka,Vegetables,Other uses (non-food),0.0,0.0,0.0,0.0,0.0,0.0,0.0,0.0,0.0,0.0,0.0,0.0,0.0,0.0,0.0,0.0,0.0,0.0
13821,Sri Lanka,Vegetable Oils,Production,53.0,72.0,38.0,29.0,22.0,23.0,47.0,76.0,69.0,86.0,78.0,64.0,78.0,69.0,78.0,79.0,88.0,83.0
13822,Sri Lanka,Vegetables,Human Consumption,619.0,564.0,588.0,587.0,601.0,677.0,724.0,814.0,807.0,797.0,798.0,844.0,877.0,984.0,1004.0,1029.0,1039.0,1053.0
13823,Sri Lanka,Vegetable Oils,Feed,0.0,0.0,0.0,0.0,0.0,0.0,0.0,0.0,0.0,0.0,0.0,0.0,0.0,0.0,0.0,0.0,0.0,0.0
13824,Sri Lanka,Vegetables,Processing,0.0,0.0,0.0,0.0,0.0,0.0,0.0,0.0,0.0,0.0,0.0,0.0,0.0,0.0,0.0,0.0,0.0,0.0
13825,Sri Lanka,Vegetables,Seed,17.0,17.0,15.0,14.0,14.0,11.0,12.0,11.0,9.0,9.0,9.0,11.0,9.0,8.0,15.0,17.0,17.0,17.0
13826,Sri Lanka,Vegetable Oils,Seed,0.0,0.0,0.0,0.0,0.0,0.0,0.0,0.0,0.0,0.0,0.0,0.0,0.0,0.0,0.0,0.0,0.0,0.0
13827,Sri Lanka,Sugar & Sweeteners,Domestic supply,602.0,598.0,622.0,590.0,567.0,555.0,638.0,557.0,670.0,544.0,630.0,603.0,600.0,595.0,632.0,639.0,671.0,644.0
13828,Sri Lanka,Vegetable Oils,Processing,0.0,0.0,0.0,0.0,0.0,0.0,0.0,0.0,0.0,0.0,0.0,0.0,0.0,0.0,16.0,12.0,13.0,14.0
13829,Sri Lanka,Vegetable Oils,Other uses (non-food),90.0,77.0,118.0,84.0,134.0,337.0,607.0,341.0,145.0,114.0,126.0,190.0,128.0,160.0,45.0,45.0,53.0,56.0
13830,Sri Lanka,Vegetable Oils,Human Consumption,50.0,68.0,48.0,59.0,32.0,53.0,58.0,58.0,47.0,56.0,62.0,60.0,73.0,68.0,56.0,55.0,48.0,53.0
13831,Sri Lanka,Sugar & Sweeteners,Production,65.0,49.0,39.0,56.0,62.0,57.0,59.0,33.0,40.0,34.0,33.0,37.0,38.0,35.0,63.0,82.0,85.0,83.0
13832,Sri Lanka,Sugar & Sweeteners,Import,617.0,501.0,619.0,576.0,544.0,490.0,649.0,718.0,619.0,506.0,593.0,623.0,616.0,592.0,561.0,675.0,705.0,540.0
13833,Sri Lanka,Sugar & Sweeteners,Stock Variation,-80.0,48.0,-36.0,-42.0,-38.0,8.0,-68.0,-193.0,13.0,4.0,4.0,-55.0,-53.0,-27.0,-19.0,97.0,98.0,-36.0
13834,Sri Lanka,Sugar & Sweeteners,Export,0.0,0.0,1.0,1.0,1.0,1.0,3.0,2.0,1.0,1.0,1.0,1.0,1.0,5.0,11.0,21.0,21.0,15.0
13835,Sri Lanka,Sugar & Sweeteners,Feed,0.0,0.0,0.0,0.0,0.0,0.0,0.0,0.0,0.0,0.0,0.0,0.0,0.0,0.0,0.0,0.0,0.0,0.0
13836,Sri Lanka,Sugar & Sweeteners,Seed,0.0,0.0,0.0,0.0,0.0,0.0,0.0,0.0,0.0,0.0,0.0,0.0,0.0,0.0,0.0,0.0,0.0,0.0
13837,Sri Lanka,Vegetables,Feed,0.0,0.0,0.0,0.0,0.0,0.0,0.0,0.0,0.0,0.0,0.0,0.0,0.0,0.0,0.0,0.0,0.0,0.0
13838,Sri Lanka,Sugar & Sweeteners,Losses,0.0,0.0,0.0,0.0,0.0,0.0,0.0,0.0,0.0,0.0,0.0,0.0,0.0,0.0,0.0,0.0,0.0,0.0
13839,Sri Lanka,Vegetable Oils,Losses,0.0,0.0,0.0,0.0,0.0,0.0,0.0,0.0,0.0,0.0,0.0,0.0,0.0,0.0,0.0,0.0,0.0,0.0
13840,Sri Lanka,Vegetables,Domestic supply,714.0,653.0,675.0,672.0,689.0,771.0,819.0,915.0,910.0,897.0,900.0,950.0,984.0,1108.0,1124.0,1147.0,1157.0,1171.0
13841,Sri Lanka,Stimulants,Seed,0.0,0.0,0.0,0.0,0.0,0.0,0.0,0.0,0.0,0.0,0.0,0.0,0.0,0.0,0.0,0.0,0.0,0.0
13842,Sri Lanka,Vegetables,Stock Variation,0.0,0.0,0.0,0.0,0.0,0.0,0.0,0.0,0.0,0.0,0.0,0.0,0.0,0.0,0.0,0.0,0.0,0.0
13843,Sri Lanka,Sugar & Sweeteners,Processing,0.0,0.0,0.0,0.0,0.0,0.0,0.0,0.0,0.0,0.0,0.0,0.0,0.0,0.0,1.0,1.0,1.0,1.0
13844,Sri Lanka,Stimulants,Import,6.0,6.0,6.0,9.0,11.0,11.0,15.0,19.0,19.0,15.0,20.0,24.0,15.0,13.0,7.0,8.0,8.0,11.0
13845,Sri Lanka,Stimulants,Stock Variation,-7.0,10.0,-8.0,3.0,-1.0,-2.0,0.0,0.0,0.0,0.0,0.0,0.0,0.0,0.0,-13.0,-2.0,-1.0,-1.0
13846,Sri Lanka,Stimulants,Export,288.0,295.0,292.0,299.0,301.0,309.0,209.0,194.0,320.0,292.0,318.0,329.0,323.0,320.0,328.0,307.0,289.0,289.0
13847,Sri Lanka,Stimulants,Domestic supply,30.0,30.0,29.0,28.0,27.0,26.0,125.0,137.0,24.0,20.0,41.0,30.0,28.0,40.0,40.0,55.0,78.0,81.0
13848,Sri Lanka,Stimulants,Feed,0.0,0.0,0.0,0.0,0.0,0.0,0.0,0.0,0.0,0.0,0.0,0.0,0.0,0.0,0.0,0.0,0.0,0.0
13849,Sri Lanka,Stimulants,Losses,0.0,0.0,0.0,0.0,0.0,0.0,0.0,0.0,0.0,0.0,0.0,0.0,0.0,0.0,19.0,19.0,19.0,19.0
13850,Sri Lanka,Stimulants,Processing,0.0,0.0,0.0,0.0,0.0,0.0,0.0,0.0,0.0,0.0,0.0,0.0,0.0,0.0,2.0,2.0,2.0,1.0
13851,Sri Lanka,Stimulants,Other uses (non-food),0.0,0.0,0.0,0.0,0.0,0.0,0.0,0.0,0.0,0.0,0.0,0.0,0.0,0.0,0.0,0.0,0.0,0.0
13852,Sri Lanka,Stimulants,Human Consumption,31.0,31.0,30.0,29.0,29.0,27.0,128.0,140.0,26.0,22.0,42.0,32.0,30.0,42.0,20.0,34.0,57.0,61.0
13853,Sri Lanka,Fruits - Excluding Wine,Production,820.0,913.0,830.0,811.0,757.0,768.0,714.0,725.0,729.0,710.0,786.0,824.0,839.0,848.0,864.0,878.0,880.0,966.0
13854,Sri Lanka,Vegetables,Export,10.0,11.0,12.0,12.0,15.0,16.0,16.0,18.0,19.0,21.0,30.0,19.0,18.0,19.0,21.0,20.0,19.0,23.0
13855,Sri Lanka,Fruits - Excluding Wine,Import,54.0,51.0,62.0,65.0,57.0,50.0,35.0,35.0,53.0,57.0,67.0,73.0,70.0,70.0,55.0,74.0,82.0,87.0
13856,Sri Lanka,Fruits - Excluding Wine,Stock Variation,0.0,0.0,0.0,0.0,0.0,0.0,0.0,0.0,0.0,-2.0,2.0,0.0,0.0,0.0,0.0,0.0,0.0,0.0
13857,Sri Lanka,Fruits - Excluding Wine,Export,24.0,24.0,25.0,31.0,41.0,33.0,18.0,20.0,24.0,20.0,33.0,31.0,38.0,49.0,55.0,42.0,43.0,45.0
13858,Sri Lanka,Fruits - Excluding Wine,Domestic supply,849.0,941.0,867.0,846.0,773.0,786.0,731.0,740.0,758.0,745.0,822.0,865.0,872.0,869.0,864.0,911.0,920.0,1008.0
13859,Sri Lanka,Fruits - Excluding Wine,Feed,0.0,0.0,0.0,0.0,0.0,0.0,0.0,0.0,0.0,0.0,0.0,0.0,0.0,0.0,0.0,0.0,0.0,0.0
13860,Sri Lanka,Fruits - Excluding Wine,Seed,0.0,0.0,0.0,0.0,0.0,0.0,0.0,0.0,0.0,0.0,0.0,0.0,0.0,0.0,0.0,0.0,0.0,0.0
13861,Sri Lanka,Fruits - Excluding Wine,Losses,91.0,101.0,94.0,93.0,87.0,88.0,82.0,83.0,83.0,81.0,89.0,94.0,95.0,96.0,95.0,97.0,97.0,107.0
13862,Sri Lanka,Fruits - Excluding Wine,Processing,0.0,0.0,0.0,0.0,0.0,0.0,0.0,0.0,0.0,0.0,0.0,0.0,0.0,0.0,2.0,2.0,2.0,2.0
13863,Sri Lanka,Fruits - Excluding Wine,Other uses (non-food),15.0,15.0,100.0,100.0,20.0,20.0,20.0,10.0,10.0,10.0,10.0,10.0,10.0,10.0,10.0,11.0,10.0,11.0
13864,Sri Lanka,Fruits - Excluding Wine,Human Consumption,745.0,827.0,676.0,656.0,671.0,685.0,630.0,647.0,671.0,660.0,730.0,768.0,772.0,769.0,759.0,802.0,811.0,889.0
13865,Sri Lanka,Vegetables,Production,579.0,529.0,530.0,526.0,562.0,643.0,674.0,721.0,723.0,732.0,733.0,759.0,819.0,910.0,949.0,904.0,905.0,911.0
13866,Sri Lanka,Vegetables,Import,145.0,134.0,157.0,158.0,143.0,144.0,161.0,212.0,205.0,186.0,197.0,210.0,183.0,217.0,196.0,262.0,271.0,283.0
13867,Sri Lanka,Sugar Crops,Human Consumption,477.0,565.0,616.0,511.0,432.0,472.0,599.0,480.0,439.0,613.0,613.0,396.0,356.0,640.0,0.0,0.0,0.0,0.0
13868,Sri Lanka,Sugar & Sweeteners,Other uses (non-food),16.0,16.0,18.0,31.0,20.0,27.0,27.0,22.0,12.0,19.0,28.0,27.0,26.0,26.0,48.0,51.0,77.0,56.0
13869,Sri Lanka,Sugar Crops,Production,1066.0,1006.0,963.0,1015.0,990.0,992.0,1137.0,783.0,799.0,920.0,915.0,729.0,673.0,960.0,960.0,719.0,769.0,655.0
13870,Sri Lanka,Pulses,Production,24.0,20.0,21.0,24.0,17.0,20.0,18.0,19.0,21.0,23.0,23.0,21.0,26.0,25.0,21.0,19.0,17.0,14.0
13871,Sri Lanka,Oilcrops,Processing,388.0,498.0,254.0,167.0,113.0,111.0,320.0,524.0,460.0,599.0,511.0,417.0,529.0,464.0,346.0,412.0,429.0,449.0
13872,Sri Lanka,Oilcrops,Other uses (non-food),170.0,156.0,200.0,220.0,200.0,0.0,100.0,0.0,130.0,0.0,0.0,0.0,0.0,300.0,114.0,114.0,100.0,103.0
13873,Sri Lanka,Oilcrops,Human Consumption,1261.0,1115.0,1148.0,1232.0,1282.0,1318.0,1353.0,1391.0,1364.0,1359.0,1326.0,1401.0,1486.0,1541.0,1483.0,1538.0,1483.0,1541.0
13874,Sri Lanka,Starchy Roots,Production,349.0,340.0,361.0,345.0,342.0,344.0,346.0,346.0,368.0,387.0,381.0,399.0,406.0,435.0,434.0,441.0,439.0,420.0
13875,Sri Lanka,Starchy Roots,Import,141.0,97.0,69.0,73.0,65.0,72.0,91.0,118.0,127.0,131.0,159.0,155.0,139.0,154.0,155.0,186.0,186.0,186.0
13876,Sri Lanka,Starchy Roots,Stock Variation,0.0,0.0,0.0,0.0,0.0,0.0,0.0,0.0,0.0,0.0,0.0,0.0,0.0,0.0,13.0,3.0,0.0,0.0
13877,Sri Lanka,Starchy Roots,Export,6.0,5.0,5.0,7.0,7.0,6.0,1.0,1.0,12.0,15.0,15.0,15.0,14.0,15.0,19.0,20.0,22.0,21.0
13878,Sri Lanka,Starchy Roots,Domestic supply,485.0,432.0,425.0,411.0,400.0,410.0,436.0,464.0,484.0,503.0,525.0,539.0,531.0,574.0,558.0,604.0,603.0,587.0
13879,Sri Lanka,Starchy Roots,Feed,75.0,70.0,68.0,68.0,65.0,66.0,67.0,67.0,73.0,81.0,90.0,85.0,83.0,89.0,75.0,97.0,101.0,94.0
13880,Sri Lanka,Starchy Roots,Seed,7.0,8.0,13.0,13.0,11.0,11.0,11.0,11.0,10.0,8.0,8.0,8.0,10.0,11.0,12.0,8.0,10.0,9.0
13881,Sri Lanka,Starchy Roots,Losses,32.0,26.0,26.0,25.0,24.0,26.0,26.0,30.0,32.0,32.0,35.0,36.0,35.0,38.0,38.0,39.0,44.0,43.0
13882,Sri Lanka,Oilcrops,Losses,1.0,0.0,0.0,1.0,0.0,1.0,1.0,1.0,1.0,1.0,2.0,1.0,1.0,2.0,217.0,215.0,191.0,195.0
13883,Sri Lanka,Starchy Roots,Processing,0.0,0.0,0.0,0.0,0.0,0.0,0.0,0.0,0.0,0.0,0.0,0.0,0.0,0.0,0.0,0.0,0.0,0.0
13884,Sri Lanka,Starchy Roots,Human Consumption,359.0,309.0,303.0,288.0,278.0,292.0,314.0,335.0,352.0,362.0,376.0,400.0,391.0,423.0,412.0,435.0,431.0,427.0
13885,Sri Lanka,Sugar Crops,Import,0.0,0.0,0.0,0.0,0.0,0.0,0.0,0.0,0.0,0.0,0.0,0.0,0.0,0.0,0.0,0.0,0.0,0.0
13886,Sri Lanka,Sugar Crops,Stock Variation,0.0,0.0,0.0,0.0,0.0,0.0,0.0,0.0,0.0,0.0,0.0,0.0,0.0,0.0,0.0,0.0,0.0,-132.0
13887,Sri Lanka,Sugar Crops,Export,0.0,0.0,0.0,0.0,0.0,0.0,0.0,0.0,0.0,0.0,0.0,0.0,0.0,0.0,0.0,0.0,0.0,0.0
13888,Sri Lanka,Sugar Crops,Domestic supply,1066.0,1006.0,963.0,1015.0,990.0,992.0,1137.0,783.0,799.0,920.0,915.0,729.0,673.0,960.0,960.0,719.0,769.0,786.0
13889,Sri Lanka,Sugar Crops,Feed,0.0,0.0,0.0,0.0,0.0,0.0,0.0,0.0,0.0,0.0,0.0,0.0,0.0,0.0,357.0,34.0,50.0,26.0
13890,Sri Lanka,Sugar Crops,Seed,0.0,0.0,0.0,0.0,0.0,0.0,0.0,0.0,0.0,0.0,0.0,0.0,0.0,0.0,0.0,0.0,0.0,0.0
13891,Sri Lanka,Sugar Crops,Losses,0.0,0.0,0.0,0.0,0.0,0.0,0.0,0.0,0.0,0.0,0.0,0.0,0.0,0.0,51.0,38.0,41.0,35.0
13892,Sri Lanka,Sugar Crops,Processing,589.0,441.0,347.0,504.0,558.0,519.0,538.0,303.0,361.0,306.0,302.0,333.0,317.0,320.0,552.0,646.0,678.0,726.0
13893,Sri Lanka,Sugar Crops,Other uses (non-food),0.0,0.0,0.0,0.0,0.0,0.0,0.0,0.0,0.0,0.0,0.0,0.0,0.0,0.0,0.0,0.0,0.0,0.0
13894,Sri Lanka,Stimulants,Production,319.0,309.0,323.0,314.0,318.0,326.0,319.0,313.0,326.0,297.0,338.0,334.0,337.0,347.0,348.0,352.0,358.0,358.0
13895,Sri Lanka,Starchy Roots,Other uses (non-food),13.0,19.0,15.0,18.0,23.0,15.0,19.0,22.0,17.0,20.0,18.0,10.0,14.0,16.0,20.0,24.0,18.0,15.0
13896,Sri Lanka,Oilcrops,Seed,1.0,1.0,1.0,1.0,1.0,1.0,2.0,1.0,1.0,2.0,1.0,1.0,1.0,1.0,2.0,2.0,2.0,3.0
13897,Sri Lanka,Oilcrops,Feed,0.0,0.0,0.0,0.0,0.0,1.0,1.0,0.0,1.0,1.0,0.0,0.0,0.0,1.0,221.0,190.0,87.0,173.0
13898,Sri Lanka,Oilcrops,Domestic supply,1821.0,1771.0,1604.0,1621.0,1598.0,1432.0,1776.0,1917.0,1956.0,1961.0,1840.0,1820.0,2018.0,2309.0,2383.0,2469.0,2292.0,2463.0
13899,Sri Lanka,Pulses,Import,132.0,144.0,157.0,145.0,159.0,141.0,127.0,154.0,167.0,174.0,200.0,227.0,179.0,221.0,229.0,262.0,252.0,267.0
13900,Sri Lanka,Pulses,Stock Variation,-7.0,7.0,0.0,0.0,0.0,0.0,0.0,0.0,0.0,0.0,0.0,0.0,0.0,0.0,-6.0,20.0,-11.0,9.0
13901,Sri Lanka,Pulses,Export,0.0,0.0,0.0,0.0,0.0,0.0,1.0,0.0,7.0,17.0,16.0,10.0,9.0,14.0,31.0,16.0,24.0,16.0
13902,Sri Lanka,Pulses,Domestic supply,149.0,170.0,178.0,168.0,176.0,161.0,144.0,173.0,181.0,180.0,208.0,238.0,196.0,232.0,225.0,244.0,256.0,256.0
13903,Sri Lanka,Pulses,Feed,0.0,0.0,0.0,0.0,0.0,0.0,0.0,0.0,0.0,0.0,0.0,0.0,0.0,0.0,6.0,7.0,15.0,13.0
13904,Sri Lanka,Pulses,Seed,0.0,0.0,1.0,0.0,0.0,0.0,0.0,0.0,0.0,0.0,0.0,0.0,0.0,0.0,1.0,1.0,1.0,1.0
13905,Sri Lanka,Pulses,Losses,5.0,5.0,5.0,5.0,5.0,5.0,4.0,5.0,6.0,6.0,7.0,7.0,6.0,7.0,8.0,8.0,7.0,8.0
13906,Sri Lanka,Pulses,Processing,0.0,0.0,0.0,0.0,0.0,0.0,0.0,0.0,0.0,0.0,0.0,0.0,0.0,0.0,0.0,0.0,0.0,0.0
13907,Sri Lanka,Pulses,Other uses (non-food),13.0,2.0,20.0,12.0,20.0,12.0,10.0,13.0,10.0,13.0,15.0,20.0,20.0,28.0,21.0,25.0,22.0,27.0
13908,Sri Lanka,Pulses,Human Consumption,130.0,163.0,152.0,151.0,150.0,144.0,129.0,155.0,165.0,160.0,186.0,210.0,169.0,198.0,190.0,204.0,211.0,208.0
13909,Sri Lanka,Treenuts,Production,13.0,16.0,17.0,20.0,30.0,31.0,31.0,33.0,34.0,35.0,37.0,38.0,44.0,45.0,72.0,81.0,93.0,99.0
13910,Sri Lanka,Treenuts,Import,0.0,0.0,1.0,1.0,0.0,1.0,0.0,0.0,1.0,2.0,1.0,3.0,1.0,2.0,30.0,15.0,4.0,4.0
13911,Sri Lanka,Treenuts,Stock Variation,0.0,0.0,0.0,0.0,0.0,0.0,0.0,0.0,0.0,0.0,0.0,0.0,0.0,0.0,2.0,0.0,0.0,0.0
13912,Sri Lanka,Treenuts,Export,1.0,1.0,1.0,1.0,1.0,2.0,3.0,2.0,4.0,2.0,3.0,3.0,3.0,10.0,54.0,61.0,55.0,57.0
13913,Sri Lanka,Treenuts,Domestic supply,12.0,16.0,17.0,20.0,29.0,30.0,29.0,31.0,31.0,34.0,35.0,38.0,43.0,37.0,46.0,35.0,42.0,47.0
13914,Sri Lanka,Treenuts,Feed,0.0,0.0,0.0,0.0,0.0,0.0,0.0,0.0,0.0,0.0,0.0,0.0,0.0,0.0,0.0,0.0,0.0,0.0
13915,Sri Lanka,Treenuts,Seed,0.0,0.0,0.0,0.0,0.0,0.0,0.0,0.0,0.0,0.0,0.0,0.0,0.0,0.0,0.0,0.0,0.0,0.0
13916,Sri Lanka,Treenuts,Losses,0.0,0.0,0.0,0.0,0.0,0.0,0.0,0.0,0.0,0.0,0.0,0.0,0.0,0.0,0.0,0.0,0.0,0.0
13917,Sri Lanka,Treenuts,Processing,0.0,0.0,0.0,0.0,0.0,0.0,0.0,0.0,0.0,0.0,0.0,0.0,0.0,0.0,0.0,0.0,0.0,0.0
13918,Sri Lanka,Treenuts,Other uses (non-food),2.0,4.0,5.0,7.0,10.0,10.0,10.0,10.0,10.0,12.0,14.0,15.0,15.0,15.0,20.0,10.0,15.0,17.0
13919,Sri Lanka,Treenuts,Human Consumption,10.0,12.0,12.0,13.0,19.0,20.0,19.0,21.0,21.0,22.0,21.0,23.0,28.0,22.0,26.0,25.0,27.0,29.0
13920,Sri Lanka,Oilcrops,Production,2363.0,2114.0,1827.0,1960.0,1981.0,1701.0,2134.0,2199.0,2228.0,2190.0,2025.0,2084.0,2254.0,2560.0,2917.0,2893.0,2569.0,2620.0
13921,Sri Lanka,Oilcrops,Import,10.0,15.0,17.0,6.0,8.0,9.0,12.0,14.0,11.0,9.0,14.0,9.0,6.0,6.0,5.0,15.0,14.0,12.0
13922,Sri Lanka,Oilcrops,Stock Variation,-10.0,5.0,5.0,0.0,10.0,-5.0,0.0,-60.0,14.0,36.0,1.0,5.0,4.0,-67.0,218.0,232.0,0.0,-2.0
13923,Sri Lanka,Oilcrops,Export,542.0,363.0,245.0,345.0,402.0,273.0,370.0,235.0,296.0,274.0,200.0,279.0,245.0,190.0,320.0,207.0,292.0,171.0
13924,Sri Lanka,Sugar & Sweeteners,Human Consumption,586.0,582.0,604.0,559.0,547.0,527.0,610.0,535.0,658.0,525.0,602.0,576.0,574.0,570.0,584.0,588.0,593.0,588.0
13925,Sri Lanka,Spices,Human Consumption,69.0,69.0,68.0,71.0,70.0,67.0,68.0,78.0,88.0,96.0,97.0,109.0,100.0,98.0,116.0,107.0,123.0,113.0
13926,Sri Lanka,Alcoholic Beverages,Feed,0.0,0.0,0.0,0.0,0.0,0.0,0.0,0.0,0.0,0.0,0.0,0.0,0.0,0.0,0.0,0.0,0.0,0.0
13927,Sri Lanka,Spices,Processing,0.0,0.0,0.0,0.0,0.0,0.0,0.0,0.0,0.0,0.0,0.0,0.0,0.0,0.0,0.0,0.0,0.0,0.0
13928,Sri Lanka,Eggs,Export,0.0,0.0,0.0,0.0,0.0,3.0,1.0,0.0,0.0,0.0,0.0,0.0,0.0,1.0,1.0,0.0,0.0,0.0
13929,Sri Lanka,Eggs,Domestic supply,52.0,53.0,50.0,50.0,49.0,47.0,51.0,52.0,60.0,65.0,65.0,68.0,69.0,110.0,120.0,77.0,78.0,116.0
13930,Sri Lanka,Eggs,Feed,0.0,0.0,0.0,0.0,0.0,0.0,0.0,0.0,0.0,0.0,0.0,0.0,0.0,0.0,6.0,0.0,2.0,9.0
13931,Sri Lanka,Eggs,Seed,5.0,5.0,5.0,5.0,6.0,6.0,6.0,7.0,7.0,7.0,7.0,7.0,7.0,8.0,15.0,7.0,8.0,11.0
13932,Sri Lanka,Eggs,Losses,3.0,3.0,3.0,3.0,2.0,2.0,3.0,3.0,3.0,3.0,3.0,3.0,3.0,6.0,6.0,4.0,4.0,6.0
13933,Sri Lanka,Eggs,Processing,0.0,0.0,0.0,0.0,0.0,0.0,0.0,0.0,0.0,0.0,0.0,0.0,0.0,0.0,0.0,0.0,0.0,0.0
13934,Sri Lanka,Eggs,Other uses (non-food),0.0,0.0,0.0,0.0,0.0,0.0,0.0,0.0,0.0,0.0,0.0,0.0,0.0,0.0,0.0,0.0,0.0,0.0
13935,Sri Lanka,Eggs,Human Consumption,45.0,46.0,42.0,42.0,41.0,39.0,42.0,43.0,50.0,55.0,54.0,57.0,58.0,97.0,93.0,65.0,64.0,90.0
13936,Sri Lanka,Milk - Excluding Butter,Production,158.0,160.0,160.0,163.0,166.0,168.0,171.0,176.0,181.0,202.0,215.0,224.0,302.0,325.0,258.0,300.0,397.0,410.0
13937,Sri Lanka,Milk - Excluding Butter,Import,472.0,429.0,519.0,541.0,457.0,434.0,625.0,564.0,507.0,508.0,584.0,686.0,655.0,546.0,11.0,13.0,13.0,11.0
13938,Sri Lanka,Milk - Excluding Butter,Stock Variation,0.0,0.0,0.0,0.0,0.0,0.0,0.0,0.0,0.0,0.0,0.0,0.0,0.0,0.0,0.0,0.0,0.0,0.0
13939,Sri Lanka,Eggs,Stock Variation,0.0,0.0,0.0,0.0,0.0,0.0,0.0,0.0,0.0,0.0,0.0,0.0,0.0,0.0,0.0,0.0,0.0,0.0
13940,Sri Lanka,Milk - Excluding Butter,Export,1.0,2.0,1.0,2.0,2.0,2.0,3.0,11.0,2.0,2.0,2.0,2.0,2.0,3.0,2.0,3.0,4.0,3.0
13941,Sri Lanka,Milk - Excluding Butter,Feed,7.0,4.0,4.0,4.0,3.0,1.0,0.0,1.0,4.0,4.0,4.0,7.0,9.0,9.0,20.0,38.0,55.0,55.0
13942,Sri Lanka,Milk - Excluding Butter,Seed,0.0,0.0,0.0,0.0,0.0,0.0,0.0,0.0,0.0,0.0,0.0,0.0,0.0,0.0,0.0,0.0,0.0,0.0
13943,Sri Lanka,Milk - Excluding Butter,Losses,8.0,9.0,9.0,9.0,9.0,9.0,9.0,10.0,10.0,11.0,12.0,12.0,16.0,17.0,13.0,15.0,20.0,21.0
13944,Sri Lanka,Milk - Excluding Butter,Processing,0.0,0.0,0.0,0.0,0.0,0.0,0.0,0.0,0.0,0.0,0.0,0.0,0.0,0.0,0.0,0.0,0.0,0.0
13945,Sri Lanka,Milk - Excluding Butter,Other uses (non-food),0.0,0.0,0.0,0.0,0.0,13.0,15.0,12.0,14.0,28.0,32.0,39.0,86.0,98.0,58.0,81.0,103.0,107.0
13946,Sri Lanka,Milk - Excluding Butter,Human Consumption,615.0,575.0,665.0,689.0,609.0,576.0,769.0,706.0,658.0,666.0,749.0,850.0,844.0,744.0,176.0,177.0,228.0,236.0
13947,Sri Lanka,Animal fats,Production,2.0,2.0,2.0,2.0,2.0,2.0,2.0,2.0,2.0,2.0,2.0,2.0,2.0,2.0,2.0,2.0,2.0,2.0
13948,Sri Lanka,Animal fats,Import,16.0,10.0,18.0,12.0,16.0,15.0,7.0,7.0,16.0,12.0,12.0,19.0,16.0,16.0,1.0,1.0,2.0,2.0
13949,Sri Lanka,Animal fats,Stock Variation,-11.0,-8.0,0.0,-9.0,0.0,16.0,27.0,13.0,0.0,0.0,0.0,0.0,0.0,0.0,0.0,0.0,0.0,0.0
13950,Sri Lanka,Animal fats,Export,0.0,0.0,0.0,0.0,1.0,29.0,31.0,17.0,1.0,0.0,4.0,2.0,2.0,3.0,0.0,0.0,0.0,0.0
13951,Sri Lanka,Animal fats,Domestic supply,7.0,4.0,20.0,5.0,17.0,4.0,5.0,4.0,17.0,14.0,11.0,18.0,17.0,15.0,2.0,3.0,4.0,3.0
13952,Sri Lanka,Milk - Excluding Butter,Domestic supply,630.0,588.0,677.0,702.0,620.0,599.0,793.0,728.0,686.0,708.0,797.0,908.0,955.0,868.0,267.0,310.0,407.0,418.0
13953,Sri Lanka,Animal fats,Feed,0.0,0.0,0.0,0.0,0.0,0.0,0.0,0.0,0.0,0.0,0.0,0.0,0.0,0.0,0.0,0.0,0.0,0.0
13954,Sri Lanka,Eggs,Import,0.0,0.0,0.0,0.0,0.0,0.0,0.0,1.0,1.0,1.0,0.0,1.0,0.0,0.0,0.0,0.0,0.0,0.0
13955,Sri Lanka,"Fish, Seafood",Human Consumption,421.0,388.0,390.0,435.0,433.0,327.0,386.0,424.0,422.0,437.0,501.0,546.0,546.0,546.0,634.0,642.0,652.0,652.0
13956,Sri Lanka,Spices,Other uses (non-food),0.0,0.0,0.0,0.0,0.0,0.0,0.0,0.0,0.0,0.0,0.0,0.0,0.0,0.0,0.0,0.0,0.0,0.0
13957,Sri Lanka,Cereals - Excluding Beer,Production,1944.0,1831.0,1938.0,2084.0,1793.0,2214.0,2283.0,2150.0,2727.0,2572.0,3038.0,2741.0,2774.0,3298.0,3626.0,3455.0,3183.0,1823.0
13958,Sri Lanka,Cereals - Excluding Beer,Import,1042.0,952.0,1307.0,1193.0,1372.0,1385.0,1310.0,1219.0,1180.0,1210.0,1159.0,1462.0,1248.0,1019.0,2183.0,1731.0,1062.0,2572.0
13959,Sri Lanka,Cereals - Excluding Beer,Stock Variation,-99.0,269.0,-223.0,-148.0,137.0,-78.0,-79.0,157.0,-298.0,-107.0,-330.0,-216.0,-59.0,-490.0,577.0,-162.0,-951.0,-847.0
13960,Sri Lanka,Cereals - Excluding Beer,Export,3.0,5.0,10.0,10.0,17.0,104.0,226.0,191.0,156.0,140.0,405.0,439.0,326.0,136.0,151.0,127.0,111.0,113.0
13961,Sri Lanka,Cereals - Excluding Beer,Domestic supply,2883.0,3046.0,3012.0,3118.0,3285.0,3416.0,3287.0,3335.0,3453.0,3534.0,3462.0,3549.0,3637.0,3691.0,5081.0,5222.0,5084.0,5129.0
13962,Sri Lanka,Cereals - Excluding Beer,Feed,90.0,102.0,23.0,49.0,70.0,118.0,102.0,103.0,145.0,74.0,88.0,88.0,100.0,110.0,146.0,361.0,310.0,377.0
13963,Sri Lanka,Cereals - Excluding Beer,Seed,61.0,55.0,59.0,68.0,54.0,65.0,63.0,57.0,73.0,68.0,74.0,72.0,62.0,62.0,101.0,81.0,94.0,83.0
13964,Sri Lanka,Cereals - Excluding Beer,Losses,136.0,138.0,144.0,149.0,143.0,172.0,179.0,167.0,182.0,172.0,199.0,185.0,182.0,205.0,237.0,272.0,193.0,120.0
13965,Sri Lanka,Cereals - Excluding Beer,Processing,6.0,6.0,9.0,9.0,10.0,10.0,10.0,10.0,12.0,12.0,13.0,18.0,32.0,23.0,18.0,29.0,32.0,13.0
13966,Sri Lanka,Cereals - Excluding Beer,Other uses (non-food),5.0,6.0,6.0,6.0,7.0,7.0,5.0,8.0,10.0,8.0,14.0,50.0,46.0,52.0,88.0,69.0,69.0,54.0
13967,Sri Lanka,Eggs,Production,52.0,54.0,51.0,50.0,50.0,49.0,51.0,52.0,59.0,65.0,65.0,67.0,69.0,111.0,121.0,77.0,78.0,116.0
13968,Sri Lanka,Cereals - Excluding Beer,Human Consumption,2585.0,2740.0,2770.0,2837.0,3001.0,3042.0,2929.0,2990.0,3031.0,3200.0,3074.0,3135.0,3214.0,3239.0,4492.0,4442.0,4435.0,4488.0
13969,Sri Lanka,"Aquatic Products, Other",Export,0.0,0.0,0.0,0.0,0.0,0.0,0.0,1.0,1.0,0.0,0.0,0.0,0.0,0.0,1.0,1.0,1.0,1.0
13970,Sri Lanka,"Aquatic Products, Other",Domestic supply,0.0,0.0,0.0,0.0,0.0,2.0,1.0,2.0,4.0,4.0,4.0,4.0,4.0,4.0,3.0,7.0,1.0,1.0
13971,Sri Lanka,"Aquatic Products, Other",Other uses (non-food),0.0,0.0,0.0,0.0,0.0,0.0,0.0,0.0,0.0,0.0,0.0,0.0,0.0,0.0,0.0,5.0,0.0,0.0
13972,Sri Lanka,"Aquatic Products, Other",Human Consumption,0.0,0.0,0.0,0.0,0.0,2.0,1.0,2.0,4.0,4.0,4.0,4.0,4.0,4.0,3.0,2.0,1.0,1.0
13973,Sri Lanka,"Fish, Seafood",Production,300.0,271.0,275.0,322.0,336.0,218.0,282.0,309.0,325.0,340.0,393.0,435.0,435.0,435.0,559.0,529.0,549.0,549.0
13974,Sri Lanka,"Fish, Seafood",Import,197.0,189.0,172.0,178.0,165.0,192.0,195.0,188.0,188.0,179.0,192.0,192.0,192.0,192.0,198.0,260.0,246.0,246.0
13975,Sri Lanka,"Fish, Seafood",Stock Variation,1.0,0.0,0.0,0.0,-1.0,1.0,0.0,0.0,0.0,0.0,0.0,0.0,0.0,0.0,0.0,-1.0,1.0,1.0
13976,Sri Lanka,"Fish, Seafood",Export,19.0,16.0,14.0,16.0,15.0,19.0,24.0,25.0,27.0,27.0,26.0,25.0,25.0,25.0,30.0,21.0,21.0,21.0
13977,Sri Lanka,"Fish, Seafood",Domestic supply,479.0,444.0,433.0,484.0,484.0,392.0,453.0,472.0,486.0,492.0,559.0,601.0,601.0,601.0,726.0,767.0,775.0,775.0
13978,Sri Lanka,"Fish, Seafood",Feed,58.0,56.0,43.0,49.0,51.0,65.0,68.0,48.0,64.0,54.0,58.0,56.0,56.0,56.0,59.0,87.0,84.0,84.0
13979,Sri Lanka,"Fish, Seafood",Other uses (non-food),0.0,0.0,0.0,0.0,0.0,0.0,0.0,0.0,0.0,0.0,0.0,0.0,0.0,0.0,33.0,38.0,39.0,39.0
13980,Sri Lanka,"Aquatic Products, Other",Production,0.0,0.0,0.0,0.0,0.0,2.0,1.0,3.0,4.0,4.0,4.0,4.0,4.0,4.0,3.0,7.0,1.0,1.0
13981,Sri Lanka,Animal fats,Seed,0.0,0.0,0.0,0.0,0.0,0.0,0.0,0.0,0.0,0.0,0.0,0.0,0.0,0.0,0.0,0.0,0.0,0.0
13982,Sri Lanka,"Aquatic Products, Other",Import,0.0,0.0,0.0,0.0,0.0,0.0,0.0,0.0,0.0,0.0,0.0,0.0,0.0,0.0,0.0,0.0,0.0,0.0
13983,Sri Lanka,Animal fats,Processing,0.0,0.0,0.0,0.0,0.0,0.0,0.0,0.0,0.0,0.0,0.0,0.0,0.0,0.0,0.0,0.0,0.0,0.0
13984,Sri Lanka,Miscellaneous,Feed,0.0,0.0,0.0,0.0,0.0,0.0,0.0,0.0,0.0,0.0,0.0,0.0,0.0,0.0,0.0,0.0,0.0,0.0
13985,Sri Lanka,Miscellaneous,Seed,0.0,0.0,0.0,0.0,0.0,0.0,0.0,0.0,0.0,0.0,0.0,0.0,0.0,0.0,0.0,0.0,0.0,0.0
13986,Sri Lanka,Miscellaneous,Losses,0.0,0.0,0.0,0.0,0.0,0.0,0.0,0.0,0.0,0.0,0.0,0.0,0.0,0.0,0.0,0.0,0.0,0.0
13987,Sri Lanka,Miscellaneous,Processing,0.0,0.0,0.0,0.0,0.0,0.0,0.0,0.0,0.0,0.0,0.0,0.0,0.0,0.0,0.0,0.0,0.0,0.0
13988,Sri Lanka,Miscellaneous,Other uses (non-food),0.0,0.0,0.0,0.0,0.0,0.0,0.0,0.0,0.0,0.0,0.0,0.0,0.0,0.0,0.0,0.0,0.0,0.0
13989,Sri Lanka,Miscellaneous,Human Consumption,1.0,0.0,0.0,1.0,1.0,0.0,2.0,2.0,1.0,1.0,1.0,2.0,1.0,1.0,6.0,7.0,4.0,7.0
13990,Sri Lanka,Alcoholic Beverages,Production,35.0,34.0,46.0,46.0,52.0,55.0,50.0,50.0,60.0,59.0,74.0,97.0,122.0,127.0,127.0,128.0,129.0,144.0
13991,Sri Lanka,Alcoholic Beverages,Import,10.0,10.0,14.0,16.0,14.0,16.0,26.0,17.0,22.0,15.0,26.0,37.0,48.0,24.0,19.0,31.0,60.0,26.0
13992,Sri Lanka,Alcoholic Beverages,Stock Variation,0.0,0.0,0.0,0.0,0.0,0.0,0.0,0.0,0.0,0.0,0.0,0.0,0.0,0.0,0.0,0.0,0.0,0.0
13993,Sri Lanka,Alcoholic Beverages,Export,0.0,0.0,0.0,0.0,1.0,1.0,1.0,1.0,2.0,2.0,1.0,2.0,2.0,2.0,3.0,3.0,3.0,4.0
13994,Sri Lanka,Alcoholic Beverages,Domestic supply,45.0,44.0,60.0,62.0,65.0,71.0,76.0,65.0,81.0,72.0,99.0,132.0,168.0,149.0,142.0,156.0,187.0,166.0
13995,Sri Lanka,Miscellaneous,Domestic supply,1.0,0.0,0.0,1.0,1.0,0.0,2.0,2.0,1.0,1.0,1.0,2.0,1.0,1.0,6.0,7.0,4.0,7.0
13996,Sri Lanka,Alcoholic Beverages,Seed,0.0,0.0,0.0,0.0,0.0,0.0,0.0,0.0,0.0,0.0,0.0,0.0,0.0,0.0,0.0,0.0,0.0,0.0
13997,Sri Lanka,Alcoholic Beverages,Processing,0.0,0.0,0.0,0.0,0.0,0.0,0.0,0.0,0.0,0.0,0.0,0.0,0.0,0.0,0.0,0.0,0.0,0.0
13998,Sri Lanka,Alcoholic Beverages,Other uses (non-food),8.0,9.0,11.0,13.0,12.0,15.0,23.0,13.0,21.0,14.0,23.0,24.0,26.0,11.0,13.0,25.0,31.0,19.0
13999,Sri Lanka,Alcoholic Beverages,Human Consumption,37.0,35.0,48.0,48.0,53.0,56.0,52.0,52.0,60.0,58.0,75.0,108.0,142.0,139.0,129.0,131.0,156.0,147.0
14000,Sri Lanka,Spices,Import,46.0,44.0,48.0,51.0,47.0,47.0,47.0,54.0,56.0,58.0,61.0,67.0,62.0,71.0,74.0,75.0,81.0,81.0
14001,Sri Lanka,Spices,Stock Variation,0.0,0.0,0.0,0.0,0.0,0.0,0.0,0.0,0.0,0.0,0.0,0.0,0.0,0.0,-1.0,0.0,0.0,-1.0
14002,Sri Lanka,Spices,Export,18.0,16.0,25.0,24.0,22.0,29.0,24.0,26.0,28.0,24.0,35.0,27.0,31.0,44.0,27.0,39.0,29.0,43.0
14003,Sri Lanka,Spices,Domestic supply,70.0,71.0,69.0,72.0,71.0,66.0,69.0,77.0,85.0,96.0,92.0,109.0,101.0,97.0,120.0,111.0,127.0,117.0
14004,Sri Lanka,Spices,Feed,0.0,0.0,0.0,0.0,0.0,0.0,0.0,0.0,0.0,0.0,0.0,0.0,0.0,0.0,0.0,0.0,0.0,0.0
14005,Sri Lanka,Spices,Seed,0.0,0.0,0.0,0.0,0.0,0.0,0.0,0.0,0.0,0.0,0.0,0.0,0.0,0.0,0.0,0.0,0.0,0.0
14006,Sri Lanka,Spices,Losses,1.0,1.0,1.0,1.0,1.0,1.0,1.0,2.0,2.0,2.0,2.0,2.0,2.0,2.0,4.0,4.0,4.0,4.0
14007,Sri Lanka,Animal fats,Losses,0.0,0.0,0.0,0.0,0.0,0.0,0.0,0.0,0.0,0.0,0.0,0.0,0.0,0.0,0.0,0.0,0.0,0.0
14008,Sri Lanka,Alcoholic Beverages,Losses,0.0,0.0,0.0,0.0,0.0,0.0,0.0,0.0,0.0,0.0,0.0,0.0,0.0,0.0,0.0,0.0,0.0,0.0
14009,Sri Lanka,Miscellaneous,Export,0.0,0.0,0.0,0.0,0.0,0.0,0.0,0.0,0.0,0.0,0.0,0.0,0.0,0.0,6.0,8.0,13.0,11.0
14010,Sri Lanka,Spices,Production,43.0,43.0,46.0,45.0,46.0,47.0,46.0,49.0,58.0,63.0,67.0,68.0,69.0,70.0,72.0,75.0,76.0,79.0
14011,Sri Lanka,Miscellaneous,Import,1.0,0.0,1.0,1.0,1.0,0.0,2.0,2.0,1.0,1.0,1.0,2.0,1.0,2.0,12.0,16.0,18.0,17.0
14012,Sri Lanka,Animal fats,Other uses (non-food),2.0,1.0,7.0,1.0,0.0,1.0,1.0,1.0,0.0,0.0,8.0,15.0,14.0,12.0,0.0,0.0,0.0,0.0
14013,Sri Lanka,Animal fats,Human Consumption,5.0,3.0,13.0,3.0,16.0,3.0,3.0,3.0,16.0,13.0,3.0,3.0,3.0,3.0,2.0,3.0,4.0,3.0
14014,Sri Lanka,Miscellaneous,Stock Variation,0.0,0.0,0.0,0.0,0.0,0.0,0.0,0.0,0.0,0.0,0.0,0.0,0.0,0.0,0.0,0.0,0.0,0.0
14015,Sri Lanka,Offals,Production,12.0,12.0,13.0,12.0,13.0,13.0,14.0,14.0,14.0,14.0,16.0,14.0,15.0,15.0,17.0,19.0,21.0,21.0
14016,Sri Lanka,Offals,Import,0.0,0.0,0.0,0.0,0.0,0.0,0.0,0.0,0.0,0.0,0.0,0.0,0.0,0.0,0.0,0.0,0.0,0.0
14017,Sri Lanka,Offals,Stock Variation,0.0,0.0,0.0,0.0,0.0,0.0,0.0,0.0,0.0,0.0,0.0,0.0,0.0,0.0,0.0,0.0,0.0,0.0
14018,Sri Lanka,Offals,Domestic supply,12.0,12.0,13.0,12.0,13.0,13.0,14.0,14.0,14.0,14.0,16.0,14.0,15.0,15.0,17.0,20.0,21.0,22.0
14019,Sri Lanka,Offals,Feed,0.0,0.0,0.0,0.0,0.0,0.0,0.0,0.0,0.0,0.0,0.0,0.0,0.0,0.0,0.0,0.0,0.0,0.0
14020,Sri Lanka,Offals,Seed,0.0,0.0,0.0,0.0,0.0,0.0,0.0,0.0,0.0,0.0,0.0,0.0,0.0,0.0,0.0,0.0,0.0,0.0
14021,Sri Lanka,Offals,Losses,0.0,0.0,0.0,0.0,0.0,0.0,0.0,0.0,0.0,0.0,0.0,0.0,0.0,0.0,0.0,0.0,0.0,0.0
14022,Sri Lanka,Offals,Processing,0.0,0.0,0.0,0.0,0.0,0.0,0.0,0.0,0.0,0.0,0.0,0.0,0.0,0.0,0.0,0.0,0.0,0.0
14023,Sri Lanka,Offals,Other uses (non-food),0.0,0.0,0.0,0.0,0.0,0.0,0.0,0.0,0.0,0.0,0.0,0.0,0.0,0.0,0.0,0.0,0.0,0.0
14024,Sri Lanka,Offals,Human Consumption,12.0,12.0,13.0,12.0,13.0,13.0,14.0,14.0,14.0,14.0,16.0,14.0,15.0,15.0,17.0,19.0,21.0,21.0
14025,Sri Lanka,Offals,Export,0.0,0.0,0.0,0.0,0.0,0.0,0.0,0.0,0.0,0.0,0.0,0.0,0.0,0.0,0.0,0.0,0.0,0.0
14026,Sri Lanka,Meat,Production,99.0,117.0,121.0,124.0,130.0,134.0,113.0,131.0,131.0,130.0,139.0,134.0,136.0,139.0,171.0,194.0,212.0,219.0
14027,Sri Lanka,Meat,Human Consumption,101.0,119.0,122.0,127.0,133.0,136.0,115.0,135.0,133.0,129.0,137.0,133.0,136.0,138.0,150.0,171.0,185.0,191.0
14028,Sri Lanka,Miscellaneous,Production,0.0,0.0,0.0,0.0,0.0,0.0,0.0,0.0,0.0,0.0,0.0,0.0,0.0,0.0,0.0,0.0,0.0,0.0
14029,Sri Lanka,Meat,Processing,0.0,0.0,0.0,0.0,0.0,0.0,0.0,0.0,0.0,0.0,0.0,0.0,0.0,0.0,13.0,15.0,17.0,18.0
14030,Sri Lanka,Meat,Seed,0.0,0.0,0.0,0.0,0.0,0.0,0.0,0.0,0.0,0.0,0.0,0.0,0.0,0.0,0.0,0.0,0.0,0.0
14031,Sri Lanka,Meat,Feed,0.0,0.0,0.0,0.0,0.0,0.0,0.0,0.0,0.0,0.0,0.0,0.0,0.0,0.0,0.0,0.0,0.0,0.0
14032,Sri Lanka,Meat,Losses,0.0,0.0,0.0,0.0,0.0,0.0,0.0,0.0,0.0,0.0,0.0,0.0,0.0,0.0,8.0,10.0,10.0,11.0
14033,Sri Lanka,Meat,Export,0.0,0.0,1.0,0.0,0.0,0.0,1.0,1.0,2.0,3.0,3.0,4.0,2.0,2.0,2.0,1.0,2.0,3.0
14034,Sri Lanka,Meat,Stock Variation,0.0,0.0,0.0,0.0,0.0,0.0,0.0,0.0,0.0,0.0,0.0,0.0,0.0,0.0,-1.0,-1.0,-2.0,-2.0
14035,Sri Lanka,Meat,Import,3.0,2.0,2.0,3.0,3.0,3.0,3.0,5.0,3.0,1.0,2.0,3.0,1.0,1.0,1.0,1.0,1.0,2.0
14036,Sri Lanka,Meat,Domestic supply,101.0,119.0,122.0,127.0,133.0,136.0,115.0,135.0,133.0,128.0,137.0,132.0,136.0,138.0,171.0,195.0,212.0,219.0
14037,Sri Lanka,Meat,Other uses (non-food),0.0,0.0,0.0,0.0,0.0,0.0,0.0,0.0,0.0,0.0,0.0,0.0,0.0,0.0,11.0,15.0,15.0,0.0
14038,Sudan,Vegetable Oils,Import,0.0,0.0,0.0,0.0,0.0,0.0,0.0,0.0,0.0,0.0,0.0,0.0,30.0,30.0,124.0,173.0,78.0,156.0
14039,Sudan,Vegetable Oils,Production,0.0,0.0,0.0,0.0,0.0,0.0,0.0,0.0,0.0,0.0,0.0,0.0,256.0,237.0,307.0,272.0,228.0,265.0
14040,Sudan,Vegetable Oils,Human Consumption,0.0,0.0,0.0,0.0,0.0,0.0,0.0,0.0,0.0,0.0,0.0,0.0,275.0,256.0,366.0,380.0,381.0,387.0
14041,Sudan,Vegetable Oils,Stock Variation,0.0,0.0,0.0,0.0,0.0,0.0,0.0,0.0,0.0,0.0,0.0,0.0,0.0,0.0,58.0,56.0,-92.0,-7.0
14042,Sudan,Vegetable Oils,Export,0.0,0.0,0.0,0.0,0.0,0.0,0.0,0.0,0.0,0.0,0.0,0.0,1.0,1.0,3.0,5.0,16.0,35.0
14043,Sudan,Vegetable Oils,Domestic supply,0.0,0.0,0.0,0.0,0.0,0.0,0.0,0.0,0.0,0.0,0.0,0.0,285.0,267.0,369.0,382.0,382.0,394.0
14044,Sudan,Vegetable Oils,Other uses (non-food),0.0,0.0,0.0,0.0,0.0,0.0,0.0,0.0,0.0,0.0,0.0,0.0,11.0,11.0,4.0,2.0,1.0,7.0
14045,Sudan,Sugar & Sweeteners,Export,0.0,0.0,0.0,0.0,0.0,0.0,0.0,0.0,0.0,0.0,0.0,0.0,47.0,47.0,152.0,226.0,139.0,32.0
14046,Sudan,Sugar & Sweeteners,Import,0.0,0.0,0.0,0.0,0.0,0.0,0.0,0.0,0.0,0.0,0.0,0.0,617.0,617.0,760.0,1338.0,836.0,725.0
14047,Sudan,Sugar & Sweeteners,Stock Variation,0.0,0.0,0.0,0.0,0.0,0.0,0.0,0.0,0.0,0.0,0.0,0.0,0.0,0.0,93.0,473.0,57.0,-22.0
14048,Sudan,Pulses,Production,0.0,0.0,0.0,0.0,0.0,0.0,0.0,0.0,0.0,0.0,0.0,0.0,316.0,356.0,323.0,271.0,406.0,361.0
14049,Sudan,Sugar & Sweeteners,Domestic supply,0.0,0.0,0.0,0.0,0.0,0.0,0.0,0.0,0.0,0.0,0.0,0.0,2046.0,2094.0,1173.0,1231.0,1246.0,1290.0
14050,Sudan,Sugar & Sweeteners,Feed,0.0,0.0,0.0,0.0,0.0,0.0,0.0,0.0,0.0,0.0,0.0,0.0,0.0,0.0,0.0,0.0,0.0,0.0
14051,Sudan,Sugar & Sweeteners,Losses,0.0,0.0,0.0,0.0,0.0,0.0,0.0,0.0,0.0,0.0,0.0,0.0,0.0,0.0,0.0,0.0,0.0,0.0
14052,Sudan,Sugar & Sweeteners,Processing,0.0,0.0,0.0,0.0,0.0,0.0,0.0,0.0,0.0,0.0,0.0,0.0,0.0,0.0,0.0,0.0,0.0,0.0
14053,Sudan,Vegetables,Human Consumption,0.0,0.0,0.0,0.0,0.0,0.0,0.0,0.0,0.0,0.0,0.0,0.0,3071.0,3183.0,3121.0,3182.0,3166.0,3448.0
14054,Sudan,Sugar & Sweeteners,Human Consumption,0.0,0.0,0.0,0.0,0.0,0.0,0.0,0.0,0.0,0.0,0.0,0.0,1308.0,1332.0,1173.0,1231.0,1246.0,1290.0
14055,Sudan,Sugar & Sweeteners,Production,0.0,0.0,0.0,0.0,0.0,0.0,0.0,0.0,0.0,0.0,0.0,0.0,1477.0,1525.0,658.0,592.0,607.0,576.0
14056,Sudan,Vegetables,Losses,278.0,304.0,339.0,399.0,455.0,453.0,451.0,442.0,410.0,409.0,405.0,416.0,0.0,0.0,353.0,358.0,364.0,395.0
14057,Sudan,Fruits - Excluding Wine,Export,0.0,0.0,0.0,0.0,0.0,0.0,0.0,0.0,0.0,0.0,0.0,0.0,28.0,28.0,15.0,25.0,17.0,20.0
14058,Sudan,Vegetables,Domestic supply,0.0,0.0,0.0,0.0,0.0,0.0,0.0,0.0,0.0,0.0,0.0,0.0,3071.0,3183.0,3474.0,3539.0,3530.0,3842.0
14059,Sudan,Stimulants,Stock Variation,0.0,0.0,0.0,0.0,0.0,0.0,0.0,0.0,0.0,0.0,0.0,0.0,0.0,0.0,0.0,0.0,0.0,0.0
14060,Sudan,Pulses,Import,0.0,0.0,0.0,0.0,0.0,0.0,0.0,0.0,0.0,0.0,0.0,0.0,82.0,82.0,125.0,160.0,90.0,119.0
14061,Sudan,Stimulants,Export,0.0,0.0,0.0,0.0,0.0,0.0,0.0,0.0,0.0,0.0,0.0,0.0,0.0,0.0,0.0,0.0,0.0,0.0
14062,Sudan,Stimulants,Domestic supply,0.0,0.0,0.0,0.0,0.0,0.0,0.0,0.0,0.0,0.0,0.0,0.0,51.0,51.0,39.0,52.0,8.0,62.0
14063,Sudan,Stimulants,Other uses (non-food),0.0,0.0,0.0,0.0,0.0,0.0,0.0,0.0,0.0,0.0,0.0,0.0,0.0,0.0,0.0,0.0,0.0,0.0
14064,Sudan,Stimulants,Human Consumption,0.0,0.0,0.0,0.0,0.0,0.0,0.0,0.0,0.0,0.0,0.0,0.0,51.0,51.0,39.0,52.0,8.0,62.0
14065,Sudan,Fruits - Excluding Wine,Production,0.0,0.0,0.0,0.0,0.0,0.0,0.0,0.0,0.0,0.0,0.0,0.0,2936.0,2959.0,2885.0,3404.0,3131.0,3272.0
14066,Sudan,Fruits - Excluding Wine,Import,0.0,0.0,0.0,0.0,0.0,0.0,0.0,0.0,0.0,0.0,0.0,0.0,66.0,66.0,52.0,53.0,28.0,36.0
14067,Sudan,Fruits - Excluding Wine,Stock Variation,6.0,5.0,2.0,0.0,0.0,0.0,0.0,0.0,0.0,0.0,0.0,0.0,0.0,0.0,0.0,0.0,0.0,0.0
14068,Sudan,Fruits - Excluding Wine,Domestic supply,0.0,0.0,0.0,0.0,0.0,0.0,0.0,0.0,0.0,0.0,0.0,0.0,2974.0,2998.0,2922.0,3433.0,3141.0,3288.0
14069,Sudan,Fruits - Excluding Wine,Losses,172.0,186.0,216.0,275.0,329.0,348.0,392.0,348.0,357.0,380.0,395.0,412.0,0.0,0.0,321.0,378.0,348.0,364.0
14070,Sudan,Fruits - Excluding Wine,Processing,0.0,0.0,0.0,0.0,0.0,0.0,0.0,0.0,0.0,0.0,0.0,0.0,0.0,0.0,0.0,0.0,0.0,0.0
14071,Sudan,Fruits - Excluding Wine,Human Consumption,0.0,0.0,0.0,0.0,0.0,0.0,0.0,0.0,0.0,0.0,0.0,0.0,2974.0,2998.0,2615.0,3078.0,2808.0,2930.0
14072,Sudan,Vegetables,Production,0.0,0.0,0.0,0.0,0.0,0.0,0.0,0.0,0.0,0.0,0.0,0.0,2999.0,3111.0,3461.0,3504.0,3565.0,3850.0
14073,Sudan,Vegetables,Import,0.0,0.0,0.0,0.0,0.0,0.0,0.0,0.0,0.0,0.0,0.0,0.0,74.0,74.0,34.0,50.0,47.0,42.0
14074,Sudan,Vegetables,Stock Variation,0.0,0.0,0.0,0.0,0.0,0.0,-240.0,240.0,0.0,0.0,0.0,0.0,0.0,0.0,0.0,0.0,0.0,0.0
14075,Sudan,Vegetables,Export,0.0,0.0,0.0,0.0,0.0,0.0,0.0,0.0,0.0,0.0,0.0,0.0,2.0,2.0,22.0,15.0,82.0,49.0
14076,Sudan,Vegetables,Feed,0.0,0.0,0.0,0.0,0.0,0.0,0.0,0.0,0.0,0.0,0.0,0.0,0.0,0.0,0.0,0.0,0.0,0.0
14077,Sudan,Pulses,Stock Variation,0.0,0.0,0.0,0.0,0.0,0.0,0.0,0.0,0.0,0.0,0.0,0.0,0.0,0.0,-53.0,-27.0,-44.0,-35.0
14078,Sudan,Starchy Roots,Export,0.0,0.0,0.0,0.0,0.0,0.0,0.0,0.0,0.0,0.0,0.0,0.0,0.0,0.0,0.0,0.0,0.0,0.0
14079,Sudan,Pulses,Domestic supply,0.0,0.0,0.0,0.0,0.0,0.0,0.0,0.0,0.0,0.0,0.0,0.0,383.0,423.0,481.0,436.0,473.0,457.0
14080,Sudan,Starchy Roots,Import,0.0,0.0,0.0,0.0,0.0,0.0,0.0,0.0,0.0,0.0,0.0,0.0,9.0,9.0,8.0,11.0,4.0,12.0
14081,Sudan,Starchy Roots,Stock Variation,0.0,0.0,0.0,0.0,0.0,0.0,0.0,0.0,0.0,0.0,0.0,0.0,0.0,0.0,0.0,0.0,0.0,0.0
14082,Sudan,Starchy Roots,Domestic supply,0.0,0.0,0.0,0.0,0.0,0.0,0.0,0.0,0.0,0.0,0.0,0.0,762.0,766.0,812.0,832.0,837.0,855.0
14083,Sudan,Starchy Roots,Feed,0.0,0.0,0.0,0.0,0.0,0.0,0.0,0.0,0.0,0.0,0.0,0.0,0.0,0.0,0.0,0.0,0.0,0.0
14084,Sudan,Starchy Roots,Seed,79.0,80.0,84.0,85.0,89.0,84.0,84.0,88.0,87.0,92.0,102.0,104.0,0.0,0.0,0.0,0.0,0.0,0.0
14085,Sudan,Starchy Roots,Losses,54.0,47.0,56.0,61.0,65.0,72.0,63.0,55.0,60.0,69.0,73.0,71.0,0.0,0.0,60.0,61.0,62.0,63.0
14086,Sudan,Starchy Roots,Other uses (non-food),0.0,0.0,0.0,0.0,0.0,0.0,0.0,0.0,0.0,0.0,0.0,0.0,0.0,0.0,0.0,0.0,0.0,0.0
14087,Sudan,Starchy Roots,Human Consumption,0.0,0.0,0.0,0.0,0.0,0.0,0.0,0.0,0.0,0.0,0.0,0.0,761.0,765.0,752.0,771.0,775.0,792.0
14088,Sudan,Starchy Roots,Production,0.0,0.0,0.0,0.0,0.0,0.0,0.0,0.0,0.0,0.0,0.0,0.0,752.0,756.0,804.0,821.0,833.0,843.0
14089,Sudan,Sugar Crops,Production,0.0,0.0,0.0,0.0,0.0,0.0,0.0,0.0,0.0,0.0,0.0,0.0,6173.0,6798.0,5808.0,5550.0,5526.0,5829.0
14090,Sudan,Sugar Crops,Stock Variation,0.0,0.0,0.0,0.0,0.0,0.0,0.0,0.0,0.0,0.0,0.0,0.0,0.0,0.0,-956.0,-559.0,-677.0,-169.0
14091,Sudan,Sugar Crops,Export,0.0,0.0,0.0,0.0,0.0,0.0,0.0,0.0,0.0,0.0,0.0,0.0,0.0,0.0,0.0,0.0,0.0,0.0
14092,Sudan,Sugar Crops,Domestic supply,0.0,0.0,0.0,0.0,0.0,0.0,0.0,0.0,0.0,0.0,0.0,0.0,6173.0,6798.0,6763.0,6109.0,6203.0,5997.0
14093,Sudan,Sugar Crops,Feed,0.0,0.0,0.0,0.0,0.0,0.0,0.0,0.0,0.0,0.0,0.0,0.0,0.0,0.0,0.0,0.0,0.0,0.0
14094,Sudan,Sugar Crops,Losses,0.0,0.0,0.0,0.0,0.0,0.0,0.0,0.0,0.0,0.0,0.0,0.0,0.0,0.0,311.0,297.0,296.0,312.0
14095,Sudan,Sugar Crops,Processing,0.0,0.0,0.0,0.0,0.0,0.0,0.0,0.0,0.0,0.0,0.0,0.0,5864.0,6458.0,6152.0,5532.0,5627.0,5385.0
14096,Sudan,Sugar Crops,Human Consumption,0.0,0.0,0.0,0.0,0.0,0.0,0.0,0.0,0.0,0.0,0.0,0.0,309.0,340.0,300.0,280.0,280.0,300.0
14097,Sudan,Stimulants,Import,0.0,0.0,0.0,0.0,0.0,0.0,0.0,0.0,0.0,0.0,0.0,0.0,51.0,51.0,40.0,52.0,8.0,62.0
14098,Sudan,Sugar Crops,Import,0.0,0.0,0.0,0.0,0.0,0.0,0.0,0.0,0.0,0.0,0.0,0.0,0.0,0.0,0.0,0.0,0.0,0.0
14099,Sudan,Pulses,Export,0.0,0.0,0.0,0.0,0.0,0.0,0.0,0.0,0.0,0.0,0.0,0.0,15.0,15.0,21.0,22.0,67.0,57.0
14100,Sudan,Oilcrops,Human Consumption,0.0,0.0,0.0,0.0,0.0,0.0,0.0,0.0,0.0,0.0,0.0,0.0,127.0,135.0,227.0,180.0,198.0,203.0
14101,Sudan,Oilcrops,Processing,0.0,0.0,0.0,0.0,0.0,0.0,0.0,0.0,0.0,0.0,0.0,0.0,690.0,613.0,938.0,730.0,738.0,871.0
14102,Sudan,Pulses,Feed,0.0,0.0,0.0,0.0,0.0,0.0,0.0,0.0,0.0,0.0,0.0,0.0,0.0,0.0,21.0,9.0,6.0,0.0
14103,Sudan,Pulses,Seed,7.0,7.0,7.0,7.0,7.0,8.0,8.0,10.0,10.0,10.0,11.0,9.0,0.0,0.0,0.0,0.0,0.0,0.0
14104,Sudan,Pulses,Losses,28.0,25.0,29.0,30.0,28.0,23.0,34.0,32.0,32.0,31.0,36.0,35.0,0.0,0.0,16.0,14.0,20.0,18.0
14105,Sudan,Pulses,Human Consumption,0.0,0.0,0.0,0.0,0.0,0.0,0.0,0.0,0.0,0.0,0.0,0.0,383.0,423.0,444.0,414.0,446.0,439.0
14106,Sudan,Treenuts,Production,0.0,0.0,0.0,0.0,0.0,0.0,0.0,0.0,0.0,0.0,0.0,0.0,0.0,0.0,0.0,0.0,0.0,0.0
14107,Sudan,Treenuts,Import,0.0,0.0,0.0,0.0,0.0,0.0,0.0,0.0,0.0,0.0,0.0,0.0,0.0,0.0,0.0,0.0,0.0,0.0
14108,Sudan,Treenuts,Stock Variation,0.0,0.0,0.0,0.0,0.0,0.0,0.0,0.0,0.0,0.0,0.0,0.0,0.0,0.0,0.0,0.0,0.0,0.0
14109,Sudan,Treenuts,Export,0.0,0.0,0.0,0.0,0.0,0.0,0.0,0.0,0.0,0.0,0.0,0.0,0.0,0.0,0.0,0.0,0.0,0.0
14110,Sudan,Oilcrops,Other uses (non-food),0.0,0.0,0.0,0.0,0.0,0.0,0.0,0.0,0.0,0.0,0.0,0.0,242.0,391.0,620.0,292.0,572.0,496.0
14111,Sudan,Treenuts,Domestic supply,0.0,0.0,0.0,0.0,0.0,0.0,0.0,0.0,0.0,0.0,0.0,0.0,0.0,0.0,0.0,0.0,0.0,0.0
14112,Sudan,Oilcrops,Production,0.0,0.0,0.0,0.0,0.0,0.0,0.0,0.0,0.0,0.0,0.0,0.0,1229.0,2018.0,2800.0,1600.0,2565.0,2410.0
14113,Sudan,Oilcrops,Import,0.0,0.0,0.0,0.0,0.0,0.0,0.0,0.0,0.0,0.0,0.0,0.0,19.0,19.0,3.0,6.0,5.0,3.0
14114,Sudan,Oilcrops,Stock Variation,0.0,0.0,0.0,0.0,0.0,0.0,0.0,0.0,0.0,0.0,0.0,0.0,111.0,-560.0,46.0,-42.0,26.0,-21.0
14115,Sudan,Oilcrops,Export,0.0,0.0,0.0,0.0,0.0,0.0,0.0,0.0,0.0,0.0,0.0,0.0,192.0,192.0,163.0,240.0,292.0,372.0
14116,Sudan,Oilcrops,Domestic supply,0.0,0.0,0.0,0.0,0.0,0.0,0.0,0.0,0.0,0.0,0.0,0.0,1167.0,1285.0,2593.0,1408.0,2252.0,2061.0
14117,Sudan,Oilcrops,Feed,0.0,0.0,0.0,0.0,0.0,0.0,0.0,0.0,0.0,0.0,0.0,0.0,2.0,2.0,387.0,3.0,480.0,243.0
14118,Sudan,Oilcrops,Seed,0.0,0.0,0.0,0.0,0.0,0.0,0.0,0.0,0.0,0.0,0.0,0.0,39.0,49.0,296.0,81.0,148.0,136.0
14119,Sudan,Oilcrops,Losses,0.0,0.0,0.0,0.0,0.0,0.0,0.0,0.0,0.0,0.0,0.0,0.0,69.0,95.0,125.0,121.0,117.0,113.0
14120,Sudan,Treenuts,Human Consumption,0.0,0.0,0.0,0.0,0.0,0.0,0.0,0.0,0.0,0.0,0.0,0.0,0.0,0.0,0.0,0.0,0.0,0.0
14121,Sudan,Stimulants,Production,0.0,0.0,0.0,0.0,0.0,0.0,0.0,0.0,0.0,0.0,0.0,0.0,0.0,0.0,0.0,0.0,0.0,0.0
14122,Sudan,Miscellaneous,Import,0.0,0.0,0.0,0.0,0.0,0.0,0.0,0.0,0.0,0.0,0.0,0.0,0.0,0.0,21.0,25.0,28.0,31.0
14123,Sudan,Spices,Losses,0.0,0.0,0.0,0.0,0.0,0.0,0.0,0.0,0.0,0.0,0.0,0.0,0.0,0.0,1.0,1.0,1.0,1.0
14124,Sudan,"Fish, Seafood",Feed,4.0,2.0,1.0,0.0,1.0,1.0,0.0,0.0,0.0,0.0,0.0,0.0,0.0,0.0,0.0,0.0,0.0,0.0
14125,Sudan,"Fish, Seafood",Other uses (non-food),0.0,0.0,0.0,0.0,0.0,0.0,0.0,0.0,0.0,0.0,0.0,0.0,0.0,0.0,0.0,0.0,0.0,0.0
14126,Sudan,"Fish, Seafood",Human Consumption,0.0,0.0,0.0,0.0,0.0,0.0,0.0,0.0,0.0,0.0,0.0,0.0,36.0,36.0,38.0,41.0,42.0,42.0
14127,Sudan,Eggs,Production,0.0,0.0,0.0,0.0,0.0,0.0,0.0,0.0,0.0,0.0,0.0,0.0,39.0,40.0,52.0,55.0,56.0,56.0
14128,Sudan,Eggs,Import,0.0,0.0,0.0,0.0,0.0,0.0,0.0,0.0,0.0,0.0,0.0,0.0,1.0,1.0,1.0,1.0,1.0,1.0
14129,Sudan,Eggs,Export,0.0,0.0,0.0,0.0,0.0,0.0,0.0,0.0,0.0,0.0,0.0,0.0,0.0,0.0,0.0,0.0,0.0,0.0
14130,Sudan,Eggs,Domestic supply,0.0,0.0,0.0,0.0,0.0,0.0,0.0,0.0,0.0,0.0,0.0,0.0,40.0,41.0,53.0,56.0,57.0,56.0
14131,Sudan,Eggs,Feed,0.0,0.0,0.0,0.0,0.0,0.0,0.0,0.0,0.0,0.0,0.0,0.0,0.0,0.0,0.0,0.0,0.0,0.0
14132,Sudan,Eggs,Seed,0.0,0.0,0.0,0.0,0.0,0.0,0.0,0.0,0.0,0.0,0.0,0.0,4.0,4.0,5.0,5.0,5.0,5.0
14133,Sudan,Eggs,Losses,3.0,3.0,3.0,3.0,3.0,3.0,3.0,3.0,3.0,3.0,4.0,4.0,0.0,0.0,3.0,3.0,3.0,3.0
14134,Sudan,Eggs,Human Consumption,0.0,0.0,0.0,0.0,0.0,0.0,0.0,0.0,0.0,0.0,0.0,0.0,36.0,38.0,46.0,49.0,50.0,49.0
14135,Sudan,Milk - Excluding Butter,Production,0.0,0.0,0.0,0.0,0.0,0.0,0.0,0.0,0.0,0.0,0.0,0.0,5623.0,5660.0,4391.0,4452.0,4431.0,4449.0
14136,Sudan,Milk - Excluding Butter,Import,0.0,0.0,0.0,0.0,0.0,0.0,0.0,0.0,0.0,0.0,0.0,0.0,232.0,232.0,26.0,40.0,37.0,35.0
14137,Sudan,Milk - Excluding Butter,Stock Variation,0.0,0.0,0.0,0.0,0.0,0.0,0.0,0.0,0.0,0.0,0.0,0.0,0.0,0.0,0.0,4.0,2.0,-2.0
14138,Sudan,Milk - Excluding Butter,Export,0.0,0.0,0.0,0.0,0.0,0.0,0.0,0.0,0.0,0.0,0.0,0.0,0.0,0.0,0.0,0.0,0.0,0.0
14139,Sudan,Milk - Excluding Butter,Domestic supply,0.0,0.0,0.0,0.0,0.0,0.0,0.0,0.0,0.0,0.0,0.0,0.0,5856.0,5892.0,4417.0,4488.0,4466.0,4486.0
14140,Sudan,Milk - Excluding Butter,Feed,101.0,101.0,103.0,106.0,110.0,111.0,109.0,111.0,112.0,113.0,112.0,113.0,0.0,0.0,0.0,0.0,0.0,0.0
14141,Sudan,"Fish, Seafood",Domestic supply,0.0,0.0,0.0,0.0,0.0,0.0,0.0,0.0,0.0,0.0,0.0,0.0,36.0,36.0,38.0,41.0,42.0,42.0
14142,Sudan,"Fish, Seafood",Export,0.0,0.0,1.0,2.0,3.0,2.0,0.0,0.0,1.0,1.0,0.0,0.0,0.0,0.0,1.0,1.0,1.0,1.0
14143,Sudan,"Fish, Seafood",Stock Variation,0.0,0.0,0.0,0.0,0.0,0.0,0.0,0.0,0.0,0.0,0.0,0.0,0.0,0.0,0.0,0.0,0.0,0.0
14144,Sudan,"Fish, Seafood",Import,4.0,2.0,1.0,1.0,1.0,1.0,3.0,3.0,2.0,4.0,5.0,6.0,0.0,0.0,4.0,5.0,6.0,6.0
14145,Sudan,Cereals - Excluding Beer,Production,0.0,0.0,0.0,0.0,0.0,0.0,0.0,0.0,0.0,0.0,0.0,0.0,2652.0,5208.0,8064.0,4089.0,8509.0,5236.0
14146,Sudan,Cereals - Excluding Beer,Import,0.0,0.0,0.0,0.0,0.0,0.0,0.0,0.0,0.0,0.0,0.0,0.0,946.0,946.0,3111.0,2007.0,2539.0,2810.0
14147,Sudan,Spices,Human Consumption,0.0,0.0,0.0,0.0,0.0,0.0,0.0,0.0,0.0,0.0,0.0,0.0,13.0,13.0,21.0,22.0,21.0,17.0
14148,Sudan,Cereals - Excluding Beer,Export,0.0,0.0,0.0,0.0,0.0,0.0,0.0,0.0,0.0,0.0,0.0,0.0,63.0,63.0,7.0,9.0,6.0,185.0
14149,Sudan,Cereals - Excluding Beer,Domestic supply,0.0,0.0,0.0,0.0,0.0,0.0,0.0,0.0,0.0,0.0,0.0,0.0,4485.0,5191.0,6151.0,9103.0,7323.0,7441.0
14150,Sudan,Cereals - Excluding Beer,Feed,0.0,0.0,0.0,0.0,0.0,0.0,0.0,0.0,0.0,0.0,0.0,0.0,445.0,330.0,544.0,3224.0,1226.0,713.0
14151,Sudan,Cereals - Excluding Beer,Seed,0.0,0.0,0.0,0.0,0.0,0.0,0.0,0.0,0.0,0.0,0.0,0.0,84.0,112.0,112.0,125.0,125.0,208.0
14152,Sudan,Cereals - Excluding Beer,Losses,0.0,0.0,0.0,0.0,0.0,0.0,0.0,0.0,0.0,0.0,0.0,0.0,75.0,72.0,145.0,256.0,348.0,280.0
14153,Sudan,Milk - Excluding Butter,Losses,123.0,133.0,144.0,156.0,156.0,159.0,153.0,154.0,155.0,156.0,157.0,157.0,0.0,0.0,217.0,220.0,219.0,220.0
14154,Sudan,Cereals - Excluding Beer,Processing,0.0,0.0,0.0,0.0,0.0,0.0,0.0,0.0,0.0,0.0,0.0,0.0,127.0,147.0,110.0,115.0,110.0,114.0
14155,Sudan,Cereals - Excluding Beer,Human Consumption,0.0,0.0,0.0,0.0,0.0,0.0,0.0,0.0,0.0,0.0,0.0,0.0,3753.0,4030.0,4815.0,4949.0,5213.0,5337.0
14156,Sudan,"Aquatic Products, Other",Production,0.0,0.0,0.0,0.0,0.0,0.0,0.0,0.0,0.0,0.0,0.0,0.0,0.0,0.0,0.0,0.0,0.0,0.0
14157,Sudan,"Aquatic Products, Other",Import,0.0,0.0,0.0,0.0,0.0,0.0,0.0,0.0,0.0,0.0,0.0,0.0,0.0,0.0,0.0,0.0,0.0,0.0
14158,Sudan,"Aquatic Products, Other",Export,0.0,0.0,0.0,0.0,0.0,0.0,0.0,0.0,0.0,0.0,0.0,0.0,0.0,0.0,0.0,0.0,0.0,0.0
14159,Sudan,"Aquatic Products, Other",Domestic supply,0.0,0.0,0.0,0.0,0.0,0.0,0.0,0.0,0.0,0.0,0.0,0.0,0.0,0.0,0.0,0.0,0.0,0.0
14160,Sudan,"Aquatic Products, Other",Other uses (non-food),0.0,0.0,0.0,0.0,0.0,0.0,0.0,0.0,0.0,0.0,0.0,0.0,0.0,0.0,0.0,0.0,0.0,0.0
14161,Sudan,"Aquatic Products, Other",Human Consumption,0.0,0.0,0.0,0.0,0.0,0.0,0.0,0.0,0.0,0.0,0.0,0.0,0.0,0.0,0.0,0.0,0.0,0.0
14162,Sudan,"Fish, Seafood",Production,0.0,0.0,0.0,0.0,0.0,0.0,0.0,0.0,0.0,0.0,0.0,0.0,36.0,36.0,35.0,37.0,37.0,37.0
14163,Sudan,Cereals - Excluding Beer,Other uses (non-food),0.0,0.0,0.0,0.0,0.0,0.0,0.0,0.0,0.0,0.0,0.0,0.0,0.0,500.0,426.0,434.0,300.0,677.0
14164,Sudan,Milk - Excluding Butter,Processing,0.0,0.0,0.0,0.0,0.0,0.0,0.0,0.0,0.0,0.0,0.0,0.0,0.0,0.0,0.0,0.0,0.0,0.0
14165,Sudan,Cereals - Excluding Beer,Stock Variation,0.0,0.0,0.0,0.0,0.0,0.0,0.0,0.0,0.0,0.0,0.0,0.0,950.0,-900.0,5016.0,-3017.0,3719.0,421.0
14166,Sudan,Milk - Excluding Butter,Human Consumption,0.0,0.0,0.0,0.0,0.0,0.0,0.0,0.0,0.0,0.0,0.0,0.0,5856.0,5892.0,4232.0,4303.0,4282.0,4301.0
14167,Sudan,Meat,Other uses (non-food),0.0,0.0,0.0,0.0,0.0,0.0,0.0,0.0,0.0,0.0,0.0,0.0,0.0,0.0,0.0,0.0,0.0,0.0
14168,Sudan,Meat,Human Consumption,0.0,0.0,0.0,0.0,0.0,0.0,0.0,0.0,0.0,0.0,0.0,0.0,999.0,1027.0,893.0,902.0,882.0,873.0
14169,Sudan,Miscellaneous,Export,0.0,0.0,0.0,0.0,0.0,0.0,0.0,0.0,0.0,0.0,0.0,0.0,0.0,0.0,0.0,0.0,0.0,0.0
14170,Sudan,Miscellaneous,Domestic supply,0.0,0.0,0.0,0.0,0.0,0.0,0.0,0.0,0.0,0.0,0.0,0.0,0.0,0.0,21.0,25.0,27.0,31.0
14171,Sudan,Miscellaneous,Human Consumption,0.0,0.0,0.0,0.0,0.0,0.0,0.0,0.0,0.0,0.0,0.0,0.0,0.0,0.0,21.0,25.0,27.0,31.0
14172,Sudan,Alcoholic Beverages,Production,0.0,0.0,0.0,0.0,0.0,0.0,0.0,0.0,0.0,0.0,0.0,0.0,655.0,755.0,578.0,605.0,581.0,609.0
14173,Sudan,Alcoholic Beverages,Import,0.0,0.0,0.0,0.0,0.0,0.0,0.0,0.0,0.0,0.0,0.0,0.0,1.0,1.0,6.0,3.0,2.0,1.0
14174,Sudan,Alcoholic Beverages,Stock Variation,0.0,0.0,0.0,0.0,0.0,0.0,0.0,0.0,0.0,0.0,0.0,0.0,0.0,0.0,563.0,591.0,568.0,585.0
14175,Sudan,Alcoholic Beverages,Export,0.0,0.0,0.0,0.0,0.0,0.0,0.0,0.0,0.0,0.0,0.0,0.0,0.0,0.0,20.0,17.0,15.0,25.0
14176,Sudan,Alcoholic Beverages,Domestic supply,0.0,0.0,0.0,0.0,0.0,0.0,0.0,0.0,0.0,0.0,0.0,0.0,655.0,756.0,0.0,0.0,0.0,0.0
14177,Sudan,Alcoholic Beverages,Other uses (non-food),0.0,0.0,0.0,0.0,0.0,0.0,0.0,0.0,0.0,0.0,0.0,0.0,0.0,0.0,0.0,0.0,0.0,0.0
14178,Sudan,Alcoholic Beverages,Human Consumption,0.0,0.0,0.0,0.0,0.0,0.0,0.0,0.0,0.0,0.0,0.0,0.0,655.0,755.0,0.0,0.0,0.0,0.0
14179,Sudan,Spices,Production,0.0,0.0,0.0,0.0,0.0,0.0,0.0,0.0,0.0,0.0,0.0,0.0,10.0,10.0,10.0,11.0,11.0,12.0
14180,Sudan,Spices,Import,0.0,0.0,0.0,0.0,0.0,0.0,0.0,0.0,0.0,0.0,0.0,0.0,3.0,3.0,12.0,12.0,10.0,6.0
14181,Sudan,Spices,Stock Variation,0.0,0.0,0.0,0.0,0.0,0.0,0.0,0.0,0.0,0.0,0.0,0.0,0.0,0.0,0.0,0.0,0.0,0.0
14182,Sudan,Spices,Export,0.0,0.0,0.0,0.0,0.0,0.0,0.0,0.0,0.0,0.0,0.0,0.0,0.0,0.0,0.0,0.0,0.0,0.0
14183,Sudan,Milk - Excluding Butter,Other uses (non-food),0.0,0.0,0.0,0.0,0.0,0.0,0.0,0.0,0.0,0.0,0.0,0.0,0.0,0.0,0.0,0.0,0.0,0.0
14184,Sudan,Meat,Losses,0.0,0.0,0.0,0.0,0.0,0.0,0.0,0.0,0.0,0.0,0.0,0.0,0.0,0.0,39.0,40.0,39.0,38.0
14185,Sudan,Meat,Domestic supply,0.0,0.0,0.0,0.0,0.0,0.0,0.0,0.0,0.0,0.0,0.0,0.0,999.0,1027.0,933.0,942.0,921.0,911.0
14186,Sudan,Spices,Domestic supply,0.0,0.0,0.0,0.0,0.0,0.0,0.0,0.0,0.0,0.0,0.0,0.0,13.0,13.0,22.0,23.0,21.0,17.0
14187,Sudan,Meat,Stock Variation,0.0,0.0,0.0,0.0,0.0,0.0,0.0,0.0,0.0,0.0,0.0,0.0,0.0,0.0,0.0,0.0,0.0,0.0
14188,Sudan,Meat,Export,0.0,0.0,0.0,0.0,0.0,0.0,0.0,0.0,0.0,0.0,0.0,0.0,8.0,8.0,4.0,3.0,3.0,1.0
14189,Sudan,Animal fats,Import,0.0,0.0,0.0,0.0,0.0,0.0,0.0,0.0,0.0,0.0,0.0,0.0,2.0,2.0,15.0,16.0,16.0,18.0
14190,Sudan,Animal fats,Stock Variation,0.0,0.0,0.0,0.0,0.0,0.0,0.0,0.0,0.0,0.0,0.0,0.0,0.0,0.0,0.0,0.0,0.0,0.0
14191,Sudan,Animal fats,Export,0.0,0.0,0.0,0.0,0.0,0.0,0.0,0.0,0.0,0.0,0.0,0.0,0.0,0.0,0.0,0.0,0.0,0.0
14192,Sudan,Animal fats,Domestic supply,0.0,0.0,0.0,0.0,0.0,0.0,0.0,0.0,0.0,0.0,0.0,0.0,38.0,39.0,35.0,38.0,38.0,40.0
14193,Sudan,Animal fats,Feed,0.0,0.0,0.0,0.0,0.0,0.0,0.0,0.0,0.0,0.0,0.0,0.0,0.0,0.0,0.0,0.0,0.0,0.0
14194,Sudan,Animal fats,Losses,0.0,0.0,0.0,0.0,0.0,0.0,0.0,0.0,0.0,0.0,0.0,0.0,0.0,0.0,0.0,0.0,0.0,0.0
14195,Sudan,Animal fats,Other uses (non-food),0.0,0.0,0.0,0.0,0.0,0.0,0.0,0.0,0.0,0.0,0.0,0.0,2.0,2.0,0.0,0.0,0.0,0.0
14196,Sudan,Animal fats,Human Consumption,0.0,0.0,0.0,0.0,0.0,0.0,0.0,0.0,0.0,0.0,0.0,0.0,36.0,37.0,35.0,38.0,38.0,40.0
14197,Sudan,Animal fats,Production,0.0,0.0,0.0,0.0,0.0,0.0,0.0,0.0,0.0,0.0,0.0,0.0,36.0,37.0,21.0,22.0,22.0,22.0
14198,Sudan,Offals,Import,0.0,0.0,0.0,0.0,0.0,0.0,0.0,0.0,0.0,0.0,0.0,0.0,0.0,0.0,0.0,0.0,0.0,0.0
14199,Sudan,Offals,Stock Variation,0.0,0.0,0.0,0.0,0.0,0.0,0.0,0.0,0.0,0.0,0.0,0.0,0.0,0.0,0.0,0.0,0.0,0.0
14200,Sudan,Offals,Export,0.0,0.0,0.0,0.0,0.0,0.0,0.0,0.0,0.0,0.0,0.0,0.0,0.0,0.0,0.0,0.0,0.0,0.0
14201,Sudan,Offals,Domestic supply,0.0,0.0,0.0,0.0,0.0,0.0,0.0,0.0,0.0,0.0,0.0,0.0,182.0,187.0,119.0,119.0,117.0,116.0
14202,Sudan,Offals,Losses,0.0,0.0,0.0,0.0,0.0,0.0,0.0,0.0,0.0,0.0,0.0,0.0,0.0,0.0,4.0,5.0,4.0,0.0
14203,Sudan,Offals,Human Consumption,0.0,0.0,0.0,0.0,0.0,0.0,0.0,0.0,0.0,0.0,0.0,0.0,182.0,187.0,115.0,115.0,113.0,116.0
14204,Sudan,Meat,Production,0.0,0.0,0.0,0.0,0.0,0.0,0.0,0.0,0.0,0.0,0.0,0.0,1004.0,1032.0,932.0,940.0,922.0,910.0
14205,Sudan,Offals,Production,0.0,0.0,0.0,0.0,0.0,0.0,0.0,0.0,0.0,0.0,0.0,0.0,182.0,187.0,119.0,120.0,117.0,115.0
14206,Sudan,Meat,Import,0.0,0.0,0.0,0.0,0.0,0.0,0.0,0.0,0.0,0.0,0.0,0.0,2.0,2.0,4.0,4.0,2.0,3.0
14207,Suriname,Vegetables,Human Consumption,30.0,34.0,27.0,27.0,32.0,33.0,30.0,27.0,24.0,24.0,25.0,25.0,23.0,31.0,35.0,35.0,39.0,36.0
14208,Suriname,Vegetable Oils,Production,1.0,1.0,1.0,1.0,1.0,1.0,1.0,1.0,1.0,1.0,1.0,1.0,1.0,1.0,2.0,2.0,3.0,3.0
14209,Suriname,Vegetable Oils,Import,8.0,8.0,9.0,9.0,10.0,8.0,10.0,10.0,10.0,10.0,13.0,14.0,14.0,13.0,15.0,14.0,13.0,12.0
14210,Suriname,Vegetable Oils,Stock Variation,1.0,-1.0,0.0,-1.0,-2.0,2.0,1.0,0.0,0.0,0.0,-1.0,2.0,0.0,0.0,2.0,2.0,2.0,2.0
14211,Suriname,Vegetable Oils,Export,0.0,0.0,0.0,0.0,0.0,0.0,0.0,0.0,0.0,0.0,0.0,6.0,1.0,1.0,3.0,1.0,1.0,1.0
14212,Suriname,Vegetable Oils,Domestic supply,10.0,9.0,9.0,10.0,10.0,11.0,11.0,11.0,11.0,11.0,13.0,11.0,13.0,14.0,13.0,13.0,12.0,12.0
14213,Suriname,Vegetable Oils,Processing,0.0,0.0,0.0,0.0,0.0,0.0,0.0,0.0,0.0,0.0,0.0,0.0,0.0,0.0,1.0,1.0,1.0,1.0
14214,Suriname,Sugar & Sweeteners,Import,18.0,18.0,26.0,27.0,20.0,25.0,24.0,30.0,16.0,17.0,29.0,28.0,25.0,28.0,46.0,43.0,41.0,44.0
14215,Suriname,Vegetable Oils,Human Consumption,7.0,6.0,7.0,8.0,8.0,8.0,8.0,8.0,8.0,8.0,9.0,8.0,9.0,9.0,9.0,9.0,9.0,9.0
14216,Suriname,Sugar & Sweeteners,Production,10.0,10.0,10.0,5.0,5.0,5.0,7.0,7.0,6.0,6.0,6.0,6.0,6.0,6.0,9.0,7.0,7.0,8.0
14217,Suriname,Sugar & Sweeteners,Stock Variation,-2.0,-2.0,-3.0,-3.0,-1.0,-1.0,-2.0,-3.0,2.0,4.0,-2.0,0.0,0.0,-1.0,7.0,5.0,5.0,7.0
14218,Suriname,Sugar & Sweeteners,Export,0.0,0.0,0.0,0.0,0.0,0.0,0.0,0.0,0.0,2.0,3.0,4.0,2.0,2.0,11.0,9.0,7.0,6.0
14219,Suriname,Sugar & Sweeteners,Domestic supply,27.0,26.0,34.0,29.0,25.0,29.0,29.0,34.0,24.0,24.0,30.0,30.0,29.0,31.0,37.0,37.0,36.0,39.0
14220,Suriname,Sugar & Sweeteners,Feed,0.0,0.0,0.0,0.0,0.0,0.0,0.0,0.0,0.0,0.0,0.0,0.0,0.0,0.0,0.0,0.0,0.0,0.0
14221,Suriname,Vegetables,Losses,3.0,4.0,3.0,2.0,3.0,3.0,2.0,2.0,2.0,2.0,2.0,2.0,2.0,3.0,3.0,3.0,4.0,4.0
14222,Suriname,Vegetable Oils,Other uses (non-food),3.0,2.0,2.0,2.0,2.0,3.0,3.0,4.0,4.0,3.0,5.0,3.0,5.0,6.0,3.0,4.0,3.0,3.0
14223,Suriname,Sugar Crops,Human Consumption,3.0,3.0,3.0,2.0,2.0,2.0,2.0,2.0,2.0,2.0,2.0,2.0,2.0,2.0,2.0,2.0,2.0,2.0
14224,Suriname,Fruits - Excluding Wine,Domestic supply,40.0,44.0,34.0,35.0,49.0,54.0,49.0,54.0,56.0,63.0,71.0,67.0,65.0,81.0,67.0,58.0,58.0,71.0
14225,Suriname,Vegetables,Export,2.0,1.0,1.0,1.0,1.0,1.0,1.0,1.0,1.0,1.0,1.0,3.0,2.0,1.0,2.0,1.0,1.0,0.0
14226,Suriname,Sugar & Sweeteners,Other uses (non-food),5.0,4.0,11.0,5.0,2.0,5.0,5.0,10.0,0.0,0.0,7.0,7.0,5.0,8.0,7.0,7.0,7.0,8.0
14227,Suriname,Stimulants,Export,0.0,0.0,0.0,0.0,0.0,0.0,0.0,0.0,0.0,0.0,0.0,1.0,0.0,0.0,0.0,0.0,0.0,0.0
14228,Suriname,Stimulants,Domestic supply,1.0,1.0,1.0,1.0,1.0,1.0,1.0,1.0,1.0,1.0,1.0,1.0,2.0,1.0,1.0,1.0,1.0,1.0
14229,Suriname,Stimulants,Losses,0.0,0.0,0.0,0.0,0.0,0.0,0.0,0.0,0.0,0.0,0.0,0.0,0.0,0.0,0.0,0.0,0.0,0.0
14230,Suriname,Stimulants,Processing,0.0,0.0,0.0,0.0,0.0,0.0,0.0,0.0,0.0,0.0,0.0,0.0,0.0,0.0,0.0,0.0,0.0,0.0
14231,Suriname,Stimulants,Human Consumption,1.0,1.0,1.0,1.0,1.0,1.0,1.0,1.0,1.0,1.0,1.0,1.0,2.0,1.0,1.0,1.0,1.0,1.0
14232,Suriname,Fruits - Excluding Wine,Production,74.0,72.0,37.0,33.0,66.0,86.0,91.0,103.0,119.0,117.0,129.0,122.0,134.0,138.0,130.0,115.0,104.0,112.0
14233,Suriname,Fruits - Excluding Wine,Import,2.0,1.0,2.0,2.0,6.0,5.0,5.0,8.0,4.0,6.0,12.0,12.0,15.0,24.0,11.0,8.0,6.0,5.0
14234,Suriname,Fruits - Excluding Wine,Stock Variation,0.0,0.0,0.0,0.0,-4.0,-2.0,-2.0,-2.0,0.0,-3.0,4.0,7.0,0.0,0.0,1.0,1.0,1.0,0.0
14235,Suriname,Fruits - Excluding Wine,Export,35.0,29.0,5.0,0.0,20.0,35.0,45.0,54.0,66.0,58.0,75.0,74.0,84.0,81.0,73.0,64.0,50.0,46.0
14236,Suriname,Fruits - Excluding Wine,Feed,5.0,7.0,3.0,2.0,8.0,12.0,8.0,6.0,10.0,12.0,9.0,9.0,3.0,4.0,4.0,4.0,5.0,8.0
14237,Suriname,Fruits - Excluding Wine,Losses,3.0,4.0,3.0,3.0,4.0,4.0,4.0,5.0,5.0,5.0,5.0,5.0,6.0,7.0,7.0,6.0,6.0,5.0
14238,Suriname,Fruits - Excluding Wine,Other uses (non-food),0.0,0.0,0.0,0.0,0.0,0.0,0.0,0.0,0.0,0.0,0.0,0.0,0.0,8.0,0.0,0.0,0.0,0.0
14239,Suriname,Fruits - Excluding Wine,Human Consumption,32.0,33.0,28.0,30.0,38.0,38.0,38.0,44.0,42.0,45.0,56.0,52.0,56.0,63.0,55.0,48.0,47.0,58.0
14240,Suriname,Vegetables,Production,27.0,32.0,23.0,22.0,23.0,22.0,20.0,17.0,14.0,14.0,15.0,15.0,13.0,20.0,27.0,26.0,32.0,27.0
14241,Suriname,Vegetables,Import,7.0,7.0,8.0,9.0,13.0,14.0,13.0,13.0,13.0,13.0,13.0,14.0,13.0,14.0,13.0,13.0,13.0,13.0
14242,Suriname,Vegetables,Stock Variation,0.0,0.0,0.0,0.0,0.0,0.0,0.0,0.0,0.0,0.0,0.0,0.0,0.0,0.0,0.0,0.0,0.0,-1.0
14243,Suriname,Vegetables,Domestic supply,33.0,38.0,29.0,30.0,35.0,35.0,32.0,29.0,25.0,26.0,27.0,27.0,24.0,33.0,38.0,38.0,43.0,40.0
14244,Suriname,Sugar & Sweeteners,Human Consumption,21.0,22.0,23.0,24.0,23.0,24.0,24.0,24.0,24.0,24.0,24.0,24.0,24.0,24.0,30.0,29.0,29.0,31.0
14245,Suriname,Oilcrops,Seed,0.0,0.0,0.0,0.0,0.0,0.0,0.0,0.0,0.0,0.0,0.0,0.0,0.0,0.0,0.0,0.0,0.0,0.0
14246,Suriname,Pulses,Import,1.0,1.0,0.0,1.0,1.0,1.0,1.0,1.0,1.0,1.0,1.0,1.0,1.0,1.0,2.0,1.0,1.0,2.0
14247,Suriname,Starchy Roots,Production,4.0,6.0,5.0,5.0,5.0,5.0,5.0,5.0,4.0,5.0,5.0,4.0,6.0,9.0,9.0,8.0,10.0,10.0
14248,Suriname,Starchy Roots,Import,9.0,7.0,8.0,9.0,8.0,10.0,10.0,9.0,11.0,11.0,12.0,13.0,14.0,14.0,11.0,12.0,11.0,12.0
14249,Suriname,Starchy Roots,Stock Variation,0.0,0.0,0.0,0.0,0.0,0.0,0.0,0.0,0.0,0.0,0.0,0.0,0.0,0.0,1.0,2.0,1.0,3.0
14250,Suriname,Starchy Roots,Export,0.0,0.0,0.0,0.0,0.0,0.0,0.0,0.0,0.0,0.0,1.0,1.0,0.0,0.0,1.0,1.0,0.0,0.0
14251,Suriname,Starchy Roots,Domestic supply,12.0,13.0,12.0,14.0,13.0,15.0,16.0,14.0,15.0,15.0,16.0,16.0,20.0,23.0,19.0,17.0,19.0,19.0
14252,Suriname,Starchy Roots,Seed,0.0,0.0,0.0,0.0,0.0,0.0,0.0,0.0,0.0,0.0,0.0,0.0,0.0,0.0,0.0,0.0,0.0,0.0
14253,Suriname,Starchy Roots,Losses,1.0,1.0,1.0,1.0,1.0,1.0,1.0,1.0,1.0,1.0,1.0,1.0,1.0,1.0,1.0,1.0,1.0,1.0
14254,Suriname,Oilcrops,Human Consumption,2.0,2.0,3.0,3.0,2.0,2.0,2.0,2.0,2.0,2.0,3.0,2.0,2.0,4.0,4.0,4.0,4.0,4.0
14255,Suriname,Starchy Roots,Other uses (non-food),0.0,0.0,0.0,0.0,0.0,0.0,0.0,0.0,0.0,0.0,2.0,1.0,3.0,5.0,2.0,1.0,2.0,2.0
14256,Suriname,Sugar Crops,Production,120.0,120.0,120.0,70.0,70.0,70.0,120.0,120.0,120.0,120.0,120.0,120.0,120.0,120.0,120.0,122.0,125.0,125.0
14257,Suriname,Sugar Crops,Export,0.0,0.0,0.0,0.0,0.0,0.0,0.0,0.0,0.0,0.0,0.0,0.0,0.0,0.0,0.0,0.0,0.0,0.0
14258,Suriname,Sugar Crops,Domestic supply,120.0,120.0,120.0,70.0,70.0,70.0,120.0,120.0,120.0,120.0,120.0,120.0,120.0,120.0,120.0,122.0,125.0,125.0
14259,Suriname,Sugar Crops,Feed,13.0,13.0,13.0,14.0,14.0,14.0,43.0,43.0,49.0,49.0,49.0,49.0,41.0,38.0,9.0,28.0,25.0,21.0
14260,Suriname,Sugar Crops,Losses,2.0,2.0,2.0,1.0,1.0,1.0,2.0,2.0,2.0,2.0,2.0,2.0,2.0,2.0,6.0,6.0,6.0,6.0
14261,Suriname,Sugar Crops,Processing,103.0,103.0,103.0,53.0,53.0,53.0,73.0,73.0,66.0,66.0,66.0,66.0,75.0,78.0,102.0,86.0,92.0,96.0
14262,Suriname,Stimulants,Stock Variation,0.0,0.0,0.0,0.0,0.0,0.0,0.0,0.0,0.0,0.0,0.0,0.0,0.0,0.0,0.0,0.0,0.0,0.0
14263,Suriname,Starchy Roots,Human Consumption,11.0,13.0,12.0,13.0,12.0,15.0,15.0,13.0,14.0,15.0,14.0,15.0,17.0,17.0,16.0,15.0,16.0,16.0
14264,Suriname,Pulses,Production,0.0,0.0,0.0,0.0,0.0,0.0,0.0,0.0,0.0,0.0,0.0,0.0,0.0,0.0,0.0,0.0,0.0,0.0
14265,Suriname,Oilcrops,Processing,7.0,6.0,8.0,8.0,5.0,4.0,4.0,6.0,7.0,7.0,7.0,4.0,3.0,9.0,11.0,11.0,13.0,12.0
14266,Suriname,Oilcrops,Feed,0.0,0.0,0.0,0.0,0.0,0.0,0.0,0.0,0.0,0.0,0.0,0.0,0.0,0.0,1.0,1.0,1.0,1.0
14267,Suriname,Pulses,Stock Variation,0.0,0.0,0.0,0.0,0.0,0.0,0.0,0.0,0.0,0.0,0.0,0.0,0.0,0.0,0.0,0.0,0.0,0.0
14268,Suriname,Pulses,Export,0.0,0.0,0.0,0.0,0.0,0.0,0.0,0.0,0.0,0.0,0.0,0.0,0.0,0.0,0.0,0.0,0.0,0.0
14269,Suriname,Pulses,Domestic supply,1.0,1.0,1.0,1.0,1.0,1.0,1.0,1.0,1.0,1.0,1.0,1.0,1.0,1.0,2.0,1.0,1.0,1.0
14270,Suriname,Pulses,Feed,0.0,0.0,0.0,0.0,0.0,0.0,0.0,0.0,0.0,0.0,0.0,0.0,0.0,0.0,0.0,0.0,0.0,0.0
14271,Suriname,Pulses,Losses,0.0,0.0,0.0,0.0,0.0,0.0,0.0,0.0,0.0,0.0,0.0,0.0,0.0,0.0,0.0,0.0,0.0,0.0
14272,Suriname,Pulses,Human Consumption,1.0,1.0,0.0,1.0,1.0,1.0,1.0,1.0,1.0,1.0,1.0,1.0,1.0,1.0,1.0,1.0,1.0,1.0
14273,Suriname,Treenuts,Import,0.0,0.0,0.0,0.0,0.0,0.0,0.0,0.0,0.0,0.0,0.0,0.0,0.0,0.0,0.0,0.0,0.0,0.0
14274,Suriname,Oilcrops,Losses,0.0,0.0,0.0,0.0,0.0,0.0,0.0,0.0,0.0,0.0,0.0,0.0,0.0,0.0,0.0,0.0,0.0,0.0
14275,Suriname,Treenuts,Stock Variation,0.0,0.0,0.0,0.0,0.0,0.0,0.0,0.0,0.0,0.0,0.0,0.0,0.0,0.0,0.0,0.0,0.0,0.0
14276,Suriname,Treenuts,Domestic supply,0.0,0.0,0.0,0.0,0.0,0.0,0.0,0.0,0.0,0.0,0.0,0.0,0.0,0.0,0.0,0.0,0.0,0.0
14277,Suriname,Treenuts,Human Consumption,0.0,0.0,0.0,0.0,0.0,0.0,0.0,0.0,0.0,0.0,0.0,0.0,0.0,0.0,0.0,0.0,0.0,0.0
14278,Suriname,Oilcrops,Production,9.0,8.0,10.0,11.0,6.0,5.0,5.0,7.0,9.0,9.0,9.0,4.0,4.0,11.0,14.0,14.0,16.0,15.0
14279,Suriname,Oilcrops,Import,1.0,0.0,1.0,1.0,1.0,1.0,1.0,1.0,1.0,1.0,1.0,1.0,2.0,2.0,3.0,3.0,3.0,3.0
14280,Suriname,Oilcrops,Stock Variation,0.0,0.0,0.0,0.0,0.0,0.0,0.0,0.0,0.0,0.0,0.0,0.0,0.0,0.0,0.0,0.0,0.0,0.0
14281,Suriname,Oilcrops,Export,0.0,0.0,0.0,0.0,0.0,0.0,0.0,0.0,0.0,0.0,0.0,1.0,0.0,0.0,0.0,0.0,0.0,0.0
14282,Suriname,Oilcrops,Domestic supply,9.0,9.0,11.0,11.0,7.0,6.0,6.0,8.0,9.0,10.0,10.0,5.0,6.0,12.0,17.0,16.0,19.0,18.0
14283,Suriname,Treenuts,Export,0.0,0.0,0.0,0.0,0.0,0.0,0.0,0.0,0.0,0.0,0.0,0.0,0.0,0.0,0.0,0.0,0.0,0.0
14284,Suriname,Stimulants,Import,1.0,1.0,1.0,1.0,1.0,1.0,1.0,1.0,1.0,1.0,1.0,2.0,2.0,1.0,1.0,1.0,1.0,1.0
14285,Suriname,Sugar & Sweeteners,Losses,0.0,0.0,0.0,0.0,0.0,0.0,0.0,0.0,0.0,0.0,0.0,0.0,0.0,0.0,0.0,0.0,0.0,0.0
14286,Suriname,Spices,Human Consumption,0.0,0.0,0.0,1.0,0.0,0.0,1.0,1.0,1.0,0.0,0.0,0.0,0.0,0.0,0.0,0.0,0.0,0.0
14287,Suriname,"Fish, Seafood",Feed,0.0,0.0,0.0,0.0,0.0,0.0,0.0,0.0,0.0,0.0,0.0,0.0,0.0,0.0,0.0,0.0,0.0,0.0
14288,Suriname,"Fish, Seafood",Other uses (non-food),1.0,2.0,11.0,15.0,12.0,11.0,12.0,9.0,2.0,0.0,8.0,7.0,7.0,7.0,13.0,13.0,13.0,13.0
14289,Suriname,"Fish, Seafood",Human Consumption,7.0,7.0,8.0,8.0,8.0,9.0,9.0,9.0,8.0,9.0,9.0,9.0,9.0,9.0,10.0,10.0,10.0,10.0
14290,Suriname,Eggs,Production,3.0,3.0,3.0,3.0,3.0,3.0,2.0,2.0,2.0,2.0,2.0,2.0,3.0,2.0,3.0,4.0,5.0,5.0
14291,Suriname,Eggs,Import,0.0,0.0,0.0,0.0,0.0,0.0,0.0,0.0,0.0,0.0,0.0,0.0,0.0,0.0,0.0,0.0,0.0,0.0
14292,Suriname,Eggs,Domestic supply,3.0,3.0,3.0,3.0,3.0,3.0,2.0,2.0,2.0,3.0,3.0,2.0,3.0,3.0,3.0,4.0,6.0,5.0
14293,Suriname,Eggs,Seed,0.0,0.0,0.0,0.0,0.0,0.0,0.0,0.0,0.0,0.0,0.0,0.0,0.0,0.0,0.0,1.0,1.0,1.0
14294,Suriname,"Fish, Seafood",Domestic supply,7.0,9.0,19.0,23.0,21.0,20.0,20.0,17.0,10.0,9.0,17.0,15.0,15.0,15.0,23.0,23.0,23.0,23.0
14295,Suriname,Eggs,Losses,0.0,0.0,0.0,0.0,0.0,0.0,0.0,0.0,0.0,0.0,0.0,0.0,0.0,0.0,0.0,0.0,0.0,0.0
14296,Suriname,Milk - Excluding Butter,Production,8.0,9.0,9.0,8.0,9.0,8.0,7.0,7.0,6.0,6.0,7.0,7.0,6.0,6.0,5.0,5.0,5.0,4.0
14297,Suriname,Milk - Excluding Butter,Import,15.0,12.0,31.0,16.0,18.0,17.0,13.0,16.0,15.0,19.0,17.0,22.0,23.0,27.0,4.0,4.0,4.0,4.0
14298,Suriname,Milk - Excluding Butter,Stock Variation,8.0,8.0,-7.0,3.0,3.0,1.0,5.0,2.0,3.0,-2.0,4.0,0.0,0.0,0.0,1.0,1.0,0.0,0.0
14299,Suriname,Milk - Excluding Butter,Export,0.0,0.0,0.0,0.0,0.0,0.0,0.0,0.0,0.0,0.0,0.0,3.0,2.0,1.0,1.0,1.0,0.0,0.0
14300,Suriname,Milk - Excluding Butter,Domestic supply,31.0,29.0,33.0,27.0,29.0,25.0,25.0,25.0,24.0,24.0,28.0,26.0,27.0,32.0,8.0,8.0,9.0,8.0
14301,Suriname,Milk - Excluding Butter,Feed,0.0,0.0,0.0,0.0,0.0,0.0,0.0,0.0,0.0,0.0,0.0,0.0,0.0,0.0,0.0,0.0,0.0,0.0
14302,Suriname,Milk - Excluding Butter,Losses,1.0,1.0,1.0,1.0,1.0,1.0,1.0,1.0,1.0,1.0,1.0,1.0,1.0,1.0,0.0,0.0,0.0,0.0
14303,Suriname,Eggs,Human Consumption,3.0,2.0,2.0,2.0,2.0,2.0,2.0,2.0,2.0,2.0,2.0,1.0,3.0,2.0,2.0,3.0,4.0,4.0
14304,Suriname,Milk - Excluding Butter,Processing,0.0,0.0,0.0,0.0,0.0,0.0,0.0,0.0,0.0,0.0,0.0,0.0,0.0,0.0,0.0,0.0,0.0,0.0
14305,Suriname,"Fish, Seafood",Export,19.0,19.0,12.0,14.0,14.0,13.0,14.0,14.0,18.0,23.0,21.0,22.0,22.0,22.0,22.0,22.0,22.0,22.0
14306,Suriname,"Fish, Seafood",Import,3.0,3.0,4.0,4.0,4.0,5.0,3.0,4.0,3.0,4.0,4.0,3.0,3.0,3.0,4.0,4.0,4.0,4.0
14307,Suriname,Cereals - Excluding Beer,Production,109.0,128.0,105.0,129.0,116.0,109.0,122.0,119.0,122.0,153.0,151.0,157.0,150.0,175.0,276.0,269.0,278.0,290.0
14308,Suriname,Cereals - Excluding Beer,Import,43.0,46.0,45.0,51.0,50.0,50.0,51.0,50.0,41.0,53.0,67.0,61.0,43.0,49.0,66.0,48.0,50.0,49.0
14309,Suriname,Cereals - Excluding Beer,Stock Variation,3.0,-11.0,11.0,-23.0,-10.0,-3.0,-22.0,-16.0,4.0,-15.0,3.0,-19.0,8.0,2.0,2.0,14.0,9.0,41.0
14310,Suriname,Cereals - Excluding Beer,Export,34.0,30.0,39.0,20.0,23.0,27.0,15.0,18.0,20.0,25.0,81.0,43.0,64.0,65.0,132.0,115.0,123.0,102.0
14311,Suriname,Cereals - Excluding Beer,Domestic supply,121.0,133.0,122.0,137.0,133.0,130.0,136.0,136.0,147.0,166.0,141.0,156.0,136.0,161.0,208.0,188.0,196.0,196.0
14312,Suriname,Cereals - Excluding Beer,Feed,31.0,36.0,27.0,34.0,33.0,30.0,31.0,30.0,39.0,48.0,22.0,26.0,18.0,18.0,35.0,20.0,21.0,22.0
14313,Suriname,Cereals - Excluding Beer,Seed,3.0,5.0,3.0,5.0,5.0,5.0,4.0,4.0,4.0,4.0,5.0,5.0,5.0,5.0,9.0,8.0,9.0,8.0
14314,Suriname,"Fish, Seafood",Stock Variation,1.0,0.0,0.0,0.0,0.0,0.0,0.0,-3.0,1.0,2.0,0.0,0.0,0.0,0.0,0.0,0.0,0.0,0.0
14315,Suriname,Cereals - Excluding Beer,Losses,16.0,19.0,16.0,19.0,17.0,16.0,18.0,17.0,17.0,21.0,19.0,29.0,21.0,31.0,34.0,33.0,34.0,36.0
14316,Suriname,Cereals - Excluding Beer,Other uses (non-food),8.0,9.0,11.0,13.0,13.0,11.0,11.0,11.0,12.0,13.0,14.0,14.0,15.0,28.0,29.0,27.0,27.0,28.0
14317,Suriname,Cereals - Excluding Beer,Human Consumption,59.0,60.0,60.0,60.0,59.0,62.0,65.0,66.0,67.0,70.0,71.0,70.0,67.0,67.0,89.0,91.0,91.0,93.0
14318,Suriname,"Aquatic Products, Other",Import,0.0,0.0,0.0,0.0,0.0,0.0,0.0,0.0,0.0,0.0,0.0,0.0,0.0,0.0,0.0,0.0,0.0,0.0
14319,Suriname,"Aquatic Products, Other",Domestic supply,0.0,0.0,0.0,0.0,0.0,0.0,0.0,0.0,0.0,0.0,0.0,0.0,0.0,0.0,0.0,0.0,0.0,0.0
14320,Suriname,"Aquatic Products, Other",Other uses (non-food),0.0,0.0,0.0,0.0,0.0,0.0,0.0,0.0,0.0,0.0,0.0,0.0,0.0,0.0,0.0,0.0,0.0,0.0
14321,Suriname,"Aquatic Products, Other",Human Consumption,0.0,0.0,0.0,0.0,0.0,0.0,0.0,0.0,0.0,0.0,0.0,0.0,0.0,0.0,0.0,0.0,0.0,0.0
14322,Suriname,"Fish, Seafood",Production,22.0,25.0,28.0,33.0,31.0,28.0,31.0,30.0,24.0,26.0,34.0,34.0,34.0,34.0,40.0,40.0,40.0,40.0
14323,Suriname,Cereals - Excluding Beer,Processing,4.0,5.0,5.0,5.0,5.0,6.0,7.0,8.0,8.0,10.0,10.0,12.0,11.0,12.0,13.0,8.0,13.0,9.0
14324,Suriname,Milk - Excluding Butter,Other uses (non-food),0.0,0.0,0.0,0.0,0.0,0.0,0.0,0.0,0.0,0.0,0.0,0.0,0.0,5.0,0.0,0.0,0.0,1.0
14325,Suriname,Stimulants,Production,0.0,0.0,0.0,0.0,0.0,0.0,0.0,0.0,0.0,0.0,0.0,0.0,0.0,0.0,0.0,0.0,0.0,0.0
14326,Suriname,Animal fats,Production,0.0,0.0,0.0,0.0,0.0,0.0,0.0,0.0,0.0,0.0,0.0,0.0,0.0,0.0,0.0,0.0,0.0,0.0
14327,Suriname,Miscellaneous,Import,0.0,0.0,0.0,0.0,0.0,1.0,1.0,1.0,1.0,2.0,0.0,0.0,0.0,1.0,10.0,9.0,9.0,9.0
14328,Suriname,Miscellaneous,Stock Variation,0.0,0.0,0.0,0.0,0.0,0.0,0.0,0.0,0.0,0.0,0.0,0.0,0.0,0.0,0.0,0.0,0.0,0.0
14329,Suriname,Miscellaneous,Export,0.0,0.0,0.0,0.0,0.0,0.0,0.0,0.0,0.0,0.0,0.0,0.0,0.0,0.0,1.0,1.0,1.0,1.0
14330,Suriname,Miscellaneous,Domestic supply,0.0,0.0,0.0,0.0,0.0,1.0,1.0,1.0,1.0,2.0,0.0,0.0,0.0,0.0,9.0,9.0,8.0,8.0
14331,Suriname,Miscellaneous,Human Consumption,0.0,0.0,0.0,0.0,0.0,1.0,1.0,1.0,1.0,2.0,0.0,0.0,0.0,0.0,9.0,9.0,8.0,8.0
14332,Suriname,Alcoholic Beverages,Production,24.0,25.0,28.0,29.0,29.0,32.0,40.0,44.0,45.0,54.0,55.0,65.0,65.0,67.0,61.0,46.0,63.0,46.0
14333,Suriname,Alcoholic Beverages,Import,4.0,3.0,4.0,5.0,6.0,7.0,6.0,9.0,7.0,8.0,7.0,9.0,9.0,12.0,12.0,11.0,11.0,11.0
14334,Suriname,Meat,Human Consumption,19.0,19.0,19.0,18.0,19.0,20.0,22.0,25.0,25.0,25.0,31.0,30.0,30.0,30.0,27.0,26.0,25.0,24.0
14335,Suriname,Alcoholic Beverages,Stock Variation,-1.0,1.0,0.0,0.0,-1.0,-1.0,-1.0,-1.0,-1.0,-1.0,0.0,5.0,0.0,0.0,-2.0,-7.0,1.0,-4.0
14336,Suriname,Alcoholic Beverages,Domestic supply,28.0,29.0,32.0,34.0,33.0,37.0,45.0,51.0,51.0,61.0,61.0,73.0,71.0,75.0,71.0,62.0,71.0,59.0
14337,Suriname,Alcoholic Beverages,Other uses (non-food),8.0,9.0,11.0,11.0,10.0,12.0,20.0,25.0,24.0,33.0,33.0,44.0,42.0,46.0,42.0,33.0,42.0,31.0
14338,Suriname,Alcoholic Beverages,Human Consumption,20.0,20.0,21.0,23.0,23.0,25.0,25.0,26.0,27.0,28.0,28.0,29.0,29.0,30.0,30.0,29.0,28.0,28.0
14339,Suriname,Spices,Import,0.0,0.0,0.0,1.0,0.0,0.0,1.0,1.0,1.0,0.0,0.0,0.0,0.0,0.0,0.0,1.0,0.0,0.0
14340,Suriname,Spices,Stock Variation,0.0,0.0,0.0,0.0,0.0,0.0,0.0,0.0,0.0,0.0,0.0,0.0,0.0,0.0,0.0,0.0,0.0,0.0
14341,Suriname,Spices,Export,0.0,0.0,0.0,0.0,0.0,0.0,0.0,0.0,0.0,0.0,0.0,0.0,0.0,0.0,0.0,0.0,0.0,0.0
14342,Suriname,Milk - Excluding Butter,Human Consumption,30.0,28.0,32.0,26.0,28.0,25.0,24.0,24.0,23.0,23.0,27.0,25.0,27.0,26.0,7.0,7.0,8.0,7.0
14343,Suriname,Alcoholic Beverages,Export,0.0,0.0,0.0,0.0,1.0,0.0,0.0,0.0,0.0,0.0,1.0,6.0,2.0,3.0,3.0,3.0,3.0,2.0
14344,Suriname,Meat,Other uses (non-food),0.0,0.0,0.0,6.0,6.0,6.0,4.0,8.0,6.0,8.0,10.0,10.0,10.0,10.0,9.0,11.0,10.0,7.0
14345,Suriname,Spices,Domestic supply,0.0,0.0,0.0,1.0,0.0,0.0,1.0,1.0,1.0,0.0,0.0,0.0,0.0,0.0,0.0,0.0,0.0,0.0
14346,Suriname,Meat,Domestic supply,19.0,19.0,19.0,24.0,25.0,26.0,26.0,33.0,31.0,33.0,41.0,40.0,41.0,40.0,36.0,37.0,36.0,32.0
14347,Suriname,Animal fats,Import,0.0,0.0,0.0,0.0,0.0,1.0,1.0,1.0,1.0,1.0,1.0,1.0,1.0,0.0,1.0,1.0,1.0,1.0
14348,Suriname,Animal fats,Stock Variation,0.0,0.0,0.0,0.0,0.0,0.0,0.0,0.0,0.0,0.0,0.0,0.0,0.0,0.0,0.0,0.0,0.0,0.0
14349,Suriname,Animal fats,Export,0.0,0.0,0.0,0.0,0.0,0.0,0.0,0.0,0.0,0.0,0.0,0.0,0.0,0.0,0.0,0.0,0.0,0.0
14350,Suriname,Animal fats,Domestic supply,0.0,1.0,0.0,0.0,0.0,1.0,2.0,1.0,1.0,2.0,1.0,1.0,1.0,1.0,1.0,1.0,1.0,1.0
14351,Suriname,Animal fats,Losses,0.0,0.0,0.0,0.0,0.0,0.0,0.0,0.0,0.0,0.0,0.0,0.0,0.0,0.0,0.0,0.0,0.0,0.0
14352,Suriname,Meat,Losses,0.0,0.0,0.0,0.0,0.0,0.0,0.0,0.0,0.0,0.0,0.0,0.0,0.0,0.0,1.0,1.0,1.0,1.0
14353,Suriname,Animal fats,Human Consumption,0.0,0.0,0.0,0.0,0.0,0.0,0.0,0.0,0.0,0.0,0.0,0.0,0.0,0.0,0.0,0.0,0.0,0.0
14354,Suriname,Offals,Production,0.0,0.0,0.0,0.0,0.0,0.0,0.0,0.0,0.0,0.0,0.0,0.0,0.0,0.0,0.0,0.0,0.0,0.0
14355,Suriname,Animal fats,Other uses (non-food),0.0,0.0,0.0,0.0,0.0,1.0,1.0,1.0,1.0,1.0,0.0,1.0,0.0,0.0,0.0,0.0,0.0,1.0
14356,Suriname,Offals,Export,0.0,0.0,0.0,0.0,0.0,0.0,0.0,0.0,0.0,0.0,0.0,0.0,0.0,0.0,0.0,0.0,0.0,0.0
14357,Suriname,Offals,Domestic supply,0.0,0.0,0.0,1.0,1.0,1.0,1.0,0.0,0.0,0.0,0.0,0.0,0.0,1.0,1.0,0.0,0.0,0.0
14358,Suriname,Offals,Losses,0.0,0.0,0.0,0.0,0.0,0.0,0.0,0.0,0.0,0.0,0.0,0.0,0.0,0.0,0.0,0.0,0.0,0.0
14359,Suriname,Offals,Human Consumption,0.0,0.0,0.0,1.0,1.0,1.0,1.0,0.0,0.0,0.0,0.0,0.0,0.0,1.0,1.0,0.0,0.0,0.0
14360,Suriname,Meat,Production,7.0,8.0,9.0,9.0,9.0,10.0,10.0,13.0,12.0,13.0,16.0,15.0,15.0,12.0,13.0,13.0,12.0,14.0
14361,Suriname,Meat,Import,7.0,10.0,13.0,16.0,16.0,16.0,16.0,19.0,19.0,21.0,25.0,26.0,26.0,28.0,23.0,28.0,27.0,21.0
14362,Suriname,Meat,Stock Variation,4.0,1.0,-2.0,0.0,0.0,0.0,0.0,0.0,0.0,-1.0,0.0,0.0,0.0,0.0,-4.0,1.0,1.0,-2.0
14363,Suriname,Meat,Export,0.0,0.0,0.0,0.0,0.0,0.0,0.0,0.0,0.0,0.0,0.0,1.0,0.0,0.0,4.0,3.0,2.0,5.0
14364,Suriname,Offals,Import,0.0,0.0,0.0,0.0,0.0,0.0,1.0,0.0,0.0,0.0,0.0,0.0,0.0,1.0,0.0,0.0,0.0,0.0
14365,Swaziland,Vegetables,Human Consumption,21.0,24.0,25.0,25.0,32.0,26.0,21.0,19.0,19.0,19.0,19.0,20.0,20.0,26.0,0.0,0.0,0.0,0.0
14366,Swaziland,Vegetable Oils,Production,1.0,0.0,0.0,0.0,0.0,1.0,0.0,0.0,1.0,0.0,0.0,0.0,0.0,0.0,0.0,0.0,0.0,0.0
14367,Swaziland,Vegetable Oils,Import,17.0,17.0,15.0,28.0,15.0,17.0,11.0,7.0,6.0,6.0,6.0,6.0,6.0,6.0,0.0,0.0,0.0,0.0
14368,Swaziland,Vegetable Oils,Export,9.0,8.0,9.0,7.0,9.0,5.0,2.0,0.0,1.0,1.0,1.0,1.0,1.0,0.0,0.0,0.0,0.0,0.0
14369,Swaziland,Vegetable Oils,Domestic supply,10.0,5.0,7.0,7.0,8.0,8.0,10.0,7.0,6.0,6.0,6.0,6.0,6.0,6.0,0.0,0.0,0.0,0.0
14370,Swaziland,Vegetable Oils,Other uses (non-food),5.0,1.0,3.0,3.0,3.0,2.0,5.0,1.0,1.0,1.0,1.0,0.0,0.0,0.0,0.0,0.0,0.0,0.0
14371,Swaziland,Vegetable Oils,Human Consumption,4.0,4.0,4.0,4.0,4.0,6.0,5.0,7.0,6.0,5.0,5.0,5.0,6.0,6.0,0.0,0.0,0.0,0.0
14372,Swaziland,Pulses,Production,3.0,3.0,3.0,3.0,3.0,3.0,3.0,3.0,3.0,4.0,4.0,4.0,4.0,4.0,0.0,0.0,0.0,0.0
14373,Swaziland,Sugar & Sweeteners,Import,17.0,18.0,15.0,33.0,19.0,17.0,16.0,12.0,11.0,10.0,10.0,10.0,10.0,38.0,0.0,0.0,0.0,0.0
14374,Swaziland,Sugar & Sweeteners,Stock Variation,425.0,-113.0,-183.0,-150.0,426.0,-298.0,67.0,305.0,-10.0,-9.0,-2.0,0.0,0.0,10.0,0.0,0.0,0.0,0.0
14375,Swaziland,Sugar & Sweeteners,Export,923.0,365.0,353.0,412.0,990.0,340.0,678.0,917.0,301.0,276.0,351.0,311.0,296.0,586.0,0.0,0.0,0.0,0.0
14376,Swaziland,Sugar & Sweeteners,Domestic supply,60.0,56.0,72.0,106.0,68.0,48.0,41.0,41.0,358.0,364.0,273.0,355.0,399.0,166.0,0.0,0.0,0.0,0.0
14377,Swaziland,Sugar & Sweeteners,Other uses (non-food),19.0,15.0,30.0,67.0,36.0,18.0,1.0,5.0,321.0,329.0,233.0,316.0,360.0,122.0,0.0,0.0,0.0,0.0
14378,Swaziland,Sugar & Sweeteners,Human Consumption,41.0,41.0,43.0,39.0,31.0,29.0,40.0,36.0,36.0,35.0,40.0,40.0,39.0,43.0,0.0,0.0,0.0,0.0
14379,Swaziland,Vegetables,Losses,1.0,1.0,1.0,1.0,1.0,1.0,1.0,1.0,1.0,1.0,1.0,1.0,1.0,1.0,0.0,0.0,0.0,0.0
14380,Swaziland,Sugar & Sweeteners,Production,541.0,516.0,593.0,634.0,613.0,669.0,636.0,641.0,656.0,639.0,615.0,656.0,685.0,704.0,0.0,0.0,0.0,0.0
14381,Swaziland,Vegetables,Domestic supply,23.0,25.0,26.0,26.0,33.0,27.0,22.0,20.0,20.0,21.0,21.0,21.0,22.0,28.0,0.0,0.0,0.0,0.0
14382,Swaziland,Fruits - Excluding Wine,Export,121.0,80.0,61.0,91.0,101.0,65.0,72.0,64.0,65.0,57.0,58.0,60.0,45.0,60.0,0.0,0.0,0.0,0.0
14383,Swaziland,Vegetables,Stock Variation,0.0,0.0,0.0,0.0,0.0,0.0,0.0,0.0,0.0,0.0,0.0,0.0,0.0,0.0,0.0,0.0,0.0,0.0
14384,Swaziland,Pulses,Import,3.0,4.0,5.0,5.0,6.0,8.0,4.0,4.0,1.0,1.0,1.0,1.0,1.0,1.0,0.0,0.0,0.0,0.0
14385,Swaziland,Stimulants,Import,3.0,2.0,2.0,4.0,3.0,3.0,2.0,2.0,2.0,2.0,2.0,1.0,1.0,3.0,0.0,0.0,0.0,0.0
14386,Swaziland,Stimulants,Stock Variation,0.0,0.0,0.0,1.0,0.0,0.0,0.0,0.0,0.0,0.0,0.0,0.0,0.0,0.0,0.0,0.0,0.0,0.0
14387,Swaziland,Stimulants,Export,0.0,1.0,1.0,2.0,1.0,1.0,2.0,4.0,0.0,0.0,0.0,0.0,0.0,2.0,0.0,0.0,0.0,0.0
14388,Swaziland,Stimulants,Domestic supply,2.0,1.0,1.0,3.0,2.0,2.0,0.0,-1.0,2.0,2.0,2.0,1.0,1.0,1.0,0.0,0.0,0.0,0.0
14389,Swaziland,Stimulants,Human Consumption,2.0,1.0,1.0,3.0,2.0,2.0,2.0,2.0,2.0,2.0,2.0,1.0,1.0,2.0,0.0,0.0,0.0,0.0
14390,Swaziland,Fruits - Excluding Wine,Production,102.0,106.0,117.0,119.0,123.0,109.0,108.0,109.0,111.0,111.0,121.0,126.0,131.0,133.0,0.0,0.0,0.0,0.0
14391,Swaziland,Fruits - Excluding Wine,Import,46.0,59.0,41.0,51.0,61.0,57.0,50.0,52.0,40.0,42.0,44.0,44.0,31.0,51.0,0.0,0.0,0.0,0.0
14392,Swaziland,Fruits - Excluding Wine,Stock Variation,27.0,-3.0,-1.0,6.0,11.0,0.0,0.0,-10.0,8.0,2.0,0.0,0.0,0.0,0.0,0.0,0.0,0.0,0.0
14393,Swaziland,Fruits - Excluding Wine,Domestic supply,54.0,82.0,96.0,85.0,95.0,102.0,86.0,87.0,94.0,98.0,107.0,110.0,117.0,124.0,0.0,0.0,0.0,0.0
14394,Swaziland,Fruits - Excluding Wine,Losses,10.0,11.0,11.0,12.0,12.0,11.0,11.0,11.0,11.0,11.0,12.0,12.0,11.0,13.0,0.0,0.0,0.0,0.0
14395,Swaziland,Fruits - Excluding Wine,Other uses (non-food),0.0,8.0,0.0,0.0,0.0,0.0,0.0,0.0,0.0,0.0,0.0,0.0,0.0,0.0,0.0,0.0,0.0,0.0
14396,Swaziland,Fruits - Excluding Wine,Human Consumption,44.0,64.0,85.0,73.0,83.0,94.0,78.0,76.0,84.0,87.0,95.0,98.0,106.0,110.0,0.0,0.0,0.0,0.0
14397,Swaziland,Vegetables,Production,11.0,11.0,11.0,11.0,11.0,11.0,10.0,11.0,12.0,12.0,12.0,13.0,13.0,13.0,0.0,0.0,0.0,0.0
14398,Swaziland,Vegetables,Import,14.0,15.0,17.0,17.0,23.0,18.0,14.0,10.0,9.0,9.0,9.0,9.0,9.0,16.0,0.0,0.0,0.0,0.0
14399,Swaziland,Vegetables,Export,2.0,1.0,1.0,2.0,2.0,2.0,1.0,1.0,1.0,1.0,1.0,1.0,1.0,1.0,0.0,0.0,0.0,0.0
14400,Swaziland,Pulses,Stock Variation,0.0,0.0,0.0,0.0,0.0,0.0,0.0,0.0,0.0,0.0,0.0,0.0,0.0,0.0,0.0,0.0,0.0,0.0
14401,Swaziland,Oilcrops,Processing,3.0,2.0,1.0,0.0,3.0,3.0,1.0,1.0,2.0,1.0,1.0,1.0,1.0,1.0,0.0,0.0,0.0,0.0
14402,Swaziland,Pulses,Domestic supply,5.0,7.0,7.0,7.0,7.0,10.0,7.0,7.0,5.0,5.0,5.0,5.0,5.0,6.0,0.0,0.0,0.0,0.0
14403,Swaziland,Starchy Roots,Production,53.0,54.0,54.0,51.0,57.0,56.0,54.0,58.0,61.0,64.0,65.0,67.0,69.0,71.0,0.0,0.0,0.0,0.0
14404,Swaziland,Starchy Roots,Import,40.0,27.0,18.0,19.0,18.0,13.0,17.0,15.0,17.0,18.0,17.0,19.0,19.0,15.0,0.0,0.0,0.0,0.0
14405,Swaziland,Starchy Roots,Stock Variation,-15.0,-3.0,2.0,3.0,2.0,12.0,-1.0,0.0,0.0,0.0,0.0,0.0,0.0,0.0,0.0,0.0,0.0,0.0
14406,Swaziland,Starchy Roots,Export,10.0,9.0,11.0,14.0,9.0,16.0,8.0,6.0,6.0,6.0,6.0,7.0,5.0,4.0,0.0,0.0,0.0,0.0
14407,Swaziland,Starchy Roots,Domestic supply,69.0,70.0,63.0,60.0,67.0,64.0,63.0,67.0,72.0,76.0,76.0,79.0,83.0,81.0,0.0,0.0,0.0,0.0
14408,Swaziland,Starchy Roots,Seed,2.0,2.0,2.0,2.0,2.0,2.0,2.0,2.0,2.0,2.0,2.0,2.0,2.0,2.0,0.0,0.0,0.0,0.0
14409,Swaziland,Starchy Roots,Losses,5.0,5.0,5.0,5.0,6.0,6.0,5.0,6.0,6.0,6.0,6.0,7.0,7.0,7.0,0.0,0.0,0.0,0.0
14410,Swaziland,Starchy Roots,Other uses (non-food),1.0,0.0,1.0,1.0,0.0,0.0,0.0,0.0,1.0,1.0,1.0,1.0,1.0,0.0,0.0,0.0,0.0,0.0
14411,Swaziland,Starchy Roots,Human Consumption,61.0,62.0,55.0,52.0,59.0,56.0,55.0,59.0,62.0,66.0,66.0,69.0,73.0,72.0,0.0,0.0,0.0,0.0
14412,Swaziland,Sugar Crops,Production,3885.0,4000.0,4600.0,4600.0,4800.0,5200.0,5000.0,5000.0,5000.0,5000.0,5000.0,5000.0,5400.0,5450.0,0.0,0.0,0.0,0.0
14413,Swaziland,Sugar Crops,Import,0.0,0.0,0.0,0.0,0.0,0.0,0.0,0.0,0.0,0.0,0.0,0.0,0.0,0.0,0.0,0.0,0.0,0.0
14414,Swaziland,Sugar Crops,Export,0.0,0.0,0.0,0.0,0.0,0.0,0.0,0.0,0.0,0.0,0.0,0.0,0.0,0.0,0.0,0.0,0.0,0.0
14415,Swaziland,Sugar Crops,Domestic supply,3884.0,4000.0,4600.0,4600.0,4800.0,5200.0,5000.0,5000.0,5000.0,5000.0,5000.0,5000.0,5400.0,5450.0,0.0,0.0,0.0,0.0
14416,Swaziland,Sugar Crops,Feed,0.0,0.0,0.0,0.0,0.0,0.0,0.0,0.0,0.0,0.0,0.0,0.0,0.0,0.0,0.0,0.0,0.0,0.0
14417,Swaziland,Sugar Crops,Processing,3885.0,4000.0,4600.0,4600.0,4800.0,5200.0,5000.0,5000.0,5000.0,5000.0,5000.0,5000.0,5400.0,5450.0,0.0,0.0,0.0,0.0
14418,Swaziland,Oilcrops,Human Consumption,2.0,3.0,3.0,5.0,4.0,4.0,3.0,4.0,3.0,4.0,3.0,4.0,3.0,5.0,0.0,0.0,0.0,0.0
14419,Swaziland,Oilcrops,Other uses (non-food),0.0,0.0,0.0,0.0,1.0,1.0,0.0,0.0,0.0,0.0,0.0,0.0,0.0,0.0,0.0,0.0,0.0,0.0
14420,Swaziland,Spices,Human Consumption,0.0,0.0,0.0,0.0,0.0,0.0,0.0,0.0,0.0,0.0,0.0,0.0,0.0,0.0,0.0,0.0,0.0,0.0
14421,Swaziland,Oilcrops,Losses,0.0,0.0,0.0,0.0,0.0,0.0,0.0,0.0,0.0,0.0,0.0,0.0,0.0,0.0,0.0,0.0,0.0,0.0
14422,Swaziland,Pulses,Seed,0.0,0.0,0.0,0.0,0.0,0.0,0.0,0.0,0.0,0.0,0.0,0.0,0.0,0.0,0.0,0.0,0.0,0.0
14423,Swaziland,Pulses,Losses,1.0,1.0,1.0,1.0,1.0,1.0,1.0,1.0,0.0,0.0,0.0,0.0,0.0,1.0,0.0,0.0,0.0,0.0
14424,Swaziland,Pulses,Human Consumption,4.0,6.0,6.0,6.0,6.0,9.0,6.0,6.0,4.0,4.0,4.0,4.0,4.0,5.0,0.0,0.0,0.0,0.0
14425,Swaziland,Treenuts,Production,2.0,2.0,1.0,1.0,0.0,1.0,1.0,1.0,1.0,1.0,1.0,1.0,1.0,1.0,0.0,0.0,0.0,0.0
14426,Swaziland,Treenuts,Import,9.0,8.0,8.0,4.0,12.0,3.0,2.0,1.0,3.0,3.0,3.0,3.0,3.0,3.0,0.0,0.0,0.0,0.0
14427,Swaziland,Treenuts,Stock Variation,10.0,-2.0,0.0,-1.0,-2.0,2.0,2.0,3.0,0.0,0.0,0.0,0.0,0.0,0.0,0.0,0.0,0.0,0.0
14428,Swaziland,Treenuts,Export,16.0,5.0,3.0,0.0,0.0,0.0,0.0,0.0,0.0,0.0,0.0,0.0,0.0,0.0,0.0,0.0,0.0,0.0
14429,Swaziland,Pulses,Export,1.0,1.0,0.0,1.0,2.0,1.0,0.0,0.0,0.0,0.0,0.0,0.0,0.0,0.0,0.0,0.0,0.0,0.0
14430,Swaziland,Treenuts,Domestic supply,4.0,3.0,6.0,3.0,10.0,5.0,5.0,5.0,4.0,4.0,4.0,5.0,4.0,4.0,0.0,0.0,0.0,0.0
14431,Swaziland,Oilcrops,Production,10.0,9.0,7.0,4.0,6.0,6.0,4.0,3.0,3.0,3.0,4.0,4.0,4.0,4.0,0.0,0.0,0.0,0.0
14432,Swaziland,Oilcrops,Import,5.0,4.0,7.0,8.0,11.0,11.0,7.0,6.0,6.0,5.0,5.0,5.0,5.0,9.0,0.0,0.0,0.0,0.0
14433,Swaziland,Oilcrops,Stock Variation,3.0,1.0,-1.0,1.0,1.0,0.0,0.0,0.0,0.0,0.0,0.0,0.0,0.0,0.0,0.0,0.0,0.0,0.0
14434,Swaziland,Oilcrops,Export,12.0,7.0,8.0,5.0,5.0,5.0,3.0,1.0,1.0,1.0,1.0,1.0,1.0,1.0,0.0,0.0,0.0,0.0
14435,Swaziland,Oilcrops,Domestic supply,7.0,6.0,5.0,8.0,14.0,12.0,8.0,8.0,8.0,7.0,7.0,8.0,7.0,13.0,0.0,0.0,0.0,0.0
14436,Swaziland,Oilcrops,Feed,0.0,0.0,0.0,2.0,6.0,4.0,3.0,2.0,2.0,2.0,2.0,2.0,2.0,6.0,0.0,0.0,0.0,0.0
14437,Swaziland,Oilcrops,Seed,0.0,0.0,0.0,0.0,0.0,0.0,0.0,0.0,0.0,0.0,0.0,0.0,0.0,0.0,0.0,0.0,0.0,0.0
14438,Swaziland,Treenuts,Human Consumption,4.0,3.0,6.0,3.0,10.0,5.0,5.0,5.0,4.0,4.0,4.0,5.0,4.0,4.0,0.0,0.0,0.0,0.0
14439,Swaziland,Spices,Other uses (non-food),2.0,3.0,1.0,1.0,2.0,1.0,1.0,1.0,0.0,0.0,0.0,0.0,0.0,0.0,0.0,0.0,0.0,0.0
14440,Swaziland,Vegetable Oils,Stock Variation,1.0,-5.0,2.0,-14.0,1.0,-4.0,0.0,0.0,0.0,0.0,0.0,0.0,0.0,0.0,0.0,0.0,0.0,0.0
14441,Swaziland,Spices,Export,0.0,0.0,0.0,0.0,0.0,0.0,0.0,0.0,0.0,0.0,0.0,0.0,0.0,0.0,0.0,0.0,0.0,0.0
14442,Swaziland,"Fish, Seafood",Domestic supply,7.0,6.0,5.0,10.0,9.0,8.0,4.0,3.0,3.0,2.0,2.0,2.0,2.0,2.0,0.0,0.0,0.0,0.0
14443,Swaziland,"Fish, Seafood",Feed,0.0,1.0,0.0,0.0,0.0,0.0,0.0,0.0,2.0,0.0,0.0,0.0,0.0,0.0,0.0,0.0,0.0,0.0
14444,Swaziland,"Fish, Seafood",Other uses (non-food),0.0,0.0,0.0,0.0,0.0,0.0,0.0,0.0,0.0,0.0,0.0,0.0,0.0,0.0,0.0,0.0,0.0,0.0
14445,Swaziland,"Fish, Seafood",Human Consumption,6.0,5.0,5.0,10.0,9.0,8.0,4.0,3.0,2.0,2.0,2.0,2.0,2.0,2.0,0.0,0.0,0.0,0.0
14446,Swaziland,Eggs,Production,1.0,1.0,1.0,1.0,1.0,1.0,1.0,1.0,1.0,1.0,1.0,1.0,1.0,1.0,0.0,0.0,0.0,0.0
14447,Swaziland,Eggs,Import,2.0,3.0,3.0,3.0,7.0,5.0,5.0,3.0,0.0,0.0,0.0,0.0,0.0,1.0,0.0,0.0,0.0,0.0
14448,Swaziland,Eggs,Export,0.0,1.0,0.0,0.0,0.0,0.0,0.0,1.0,0.0,0.0,0.0,0.0,0.0,0.0,0.0,0.0,0.0,0.0
14449,Swaziland,Eggs,Domestic supply,3.0,3.0,3.0,3.0,8.0,6.0,6.0,3.0,2.0,2.0,2.0,2.0,2.0,2.0,0.0,0.0,0.0,0.0
14450,Swaziland,Eggs,Seed,0.0,0.0,0.0,0.0,0.0,0.0,0.0,0.0,0.0,0.0,0.0,0.0,0.0,0.0,0.0,0.0,0.0,0.0
14451,Swaziland,Eggs,Losses,0.0,0.0,0.0,0.0,0.0,0.0,0.0,0.0,0.0,0.0,0.0,0.0,0.0,0.0,0.0,0.0,0.0,0.0
14452,Swaziland,Eggs,Human Consumption,3.0,3.0,3.0,3.0,8.0,5.0,5.0,3.0,1.0,1.0,1.0,1.0,1.0,2.0,0.0,0.0,0.0,0.0
14453,Swaziland,Milk - Excluding Butter,Production,38.0,38.0,40.0,40.0,39.0,39.0,38.0,39.0,41.0,42.0,42.0,43.0,43.0,43.0,0.0,0.0,0.0,0.0
14454,Swaziland,Milk - Excluding Butter,Import,67.0,48.0,41.0,52.0,59.0,66.0,40.0,23.0,18.0,21.0,23.0,22.0,24.0,43.0,0.0,0.0,0.0,0.0
14455,Swaziland,Milk - Excluding Butter,Stock Variation,-5.0,-9.0,-2.0,2.0,3.0,3.0,5.0,3.0,0.0,0.0,0.0,0.0,0.0,0.0,0.0,0.0,0.0,0.0
14456,Swaziland,Milk - Excluding Butter,Export,3.0,7.0,3.0,21.0,9.0,6.0,7.0,0.0,0.0,0.0,0.0,0.0,0.0,1.0,0.0,0.0,0.0,0.0
14457,Swaziland,"Fish, Seafood",Export,2.0,2.0,2.0,2.0,5.0,5.0,4.0,0.0,0.0,0.0,0.0,0.0,0.0,0.0,0.0,0.0,0.0,0.0
14458,Swaziland,"Fish, Seafood",Stock Variation,0.0,0.0,0.0,-6.0,0.0,3.0,3.0,0.0,0.0,0.0,0.0,0.0,0.0,0.0,0.0,0.0,0.0,0.0
14459,Swaziland,"Fish, Seafood",Import,9.0,7.0,7.0,18.0,14.0,10.0,4.0,3.0,4.0,2.0,2.0,2.0,2.0,2.0,0.0,0.0,0.0,0.0
14460,Swaziland,"Aquatic Products, Other",Human Consumption,0.0,0.0,0.0,0.0,0.0,0.0,0.0,0.0,0.0,0.0,0.0,0.0,0.0,0.0,0.0,0.0,0.0,0.0
14461,Swaziland,Spices,Domestic supply,2.0,3.0,1.0,1.0,2.0,1.0,1.0,1.0,0.0,0.0,0.0,0.0,0.0,0.0,0.0,0.0,0.0,0.0
14462,Swaziland,Cereals - Excluding Beer,Production,114.0,83.0,68.0,70.0,69.0,75.0,68.0,27.0,61.0,58.0,86.0,76.0,83.0,120.0,0.0,0.0,0.0,0.0
14463,Swaziland,Cereals - Excluding Beer,Import,125.0,170.0,187.0,200.0,195.0,232.0,158.0,200.0,197.0,183.0,189.0,196.0,206.0,170.0,0.0,0.0,0.0,0.0
14464,Swaziland,Cereals - Excluding Beer,Stock Variation,29.0,25.0,-3.0,-2.0,15.0,-10.0,32.0,28.0,-8.0,13.0,-10.0,-4.0,-10.0,-9.0,0.0,0.0,0.0,0.0
14465,Swaziland,Cereals - Excluding Beer,Export,9.0,6.0,8.0,16.0,27.0,14.0,6.0,2.0,1.0,1.0,1.0,1.0,1.0,5.0,0.0,0.0,0.0,0.0
14466,Swaziland,Cereals - Excluding Beer,Domestic supply,257.0,272.0,245.0,252.0,252.0,284.0,252.0,253.0,249.0,253.0,263.0,268.0,278.0,276.0,0.0,0.0,0.0,0.0
14467,Swaziland,Cereals - Excluding Beer,Feed,33.0,35.0,34.0,34.0,33.0,42.0,33.0,34.0,32.0,34.0,37.0,36.0,39.0,42.0,0.0,0.0,0.0,0.0
14468,Swaziland,Milk - Excluding Butter,Domestic supply,96.0,70.0,76.0,72.0,92.0,102.0,76.0,64.0,59.0,63.0,65.0,65.0,67.0,84.0,0.0,0.0,0.0,0.0
14469,Swaziland,Cereals - Excluding Beer,Seed,2.0,3.0,3.0,2.0,2.0,2.0,2.0,2.0,2.0,3.0,2.0,3.0,4.0,4.0,0.0,0.0,0.0,0.0
14470,Swaziland,Cereals - Excluding Beer,Processing,62.0,75.0,35.0,25.0,28.0,31.0,20.0,14.0,16.0,15.0,15.0,16.0,16.0,16.0,0.0,0.0,0.0,0.0
14471,Swaziland,Cereals - Excluding Beer,Other uses (non-food),6.0,7.0,11.0,26.0,28.0,50.0,33.0,34.0,26.0,25.0,27.0,29.0,32.0,32.0,0.0,0.0,0.0,0.0
14472,Swaziland,Cereals - Excluding Beer,Human Consumption,137.0,134.0,143.0,148.0,145.0,141.0,146.0,150.0,155.0,159.0,162.0,165.0,169.0,161.0,0.0,0.0,0.0,0.0
14473,Swaziland,"Aquatic Products, Other",Import,0.0,1.0,0.0,0.0,0.0,0.0,0.0,0.0,0.0,0.0,0.0,0.0,0.0,0.0,0.0,0.0,0.0,0.0
14474,Swaziland,"Aquatic Products, Other",Export,0.0,0.0,0.0,0.0,0.0,0.0,0.0,0.0,0.0,0.0,0.0,0.0,0.0,0.0,0.0,0.0,0.0,0.0
14475,Swaziland,"Aquatic Products, Other",Domestic supply,0.0,1.0,0.0,0.0,0.0,0.0,0.0,0.0,0.0,0.0,0.0,0.0,0.0,0.0,0.0,0.0,0.0,0.0
14476,Swaziland,"Aquatic Products, Other",Other uses (non-food),0.0,1.0,0.0,0.0,0.0,0.0,0.0,0.0,0.0,0.0,0.0,0.0,0.0,0.0,0.0,0.0,0.0,0.0
14477,Swaziland,Cereals - Excluding Beer,Losses,18.0,18.0,19.0,18.0,17.0,19.0,17.0,17.0,18.0,18.0,19.0,19.0,20.0,21.0,0.0,0.0,0.0,0.0
14478,Swaziland,Milk - Excluding Butter,Feed,5.0,5.0,5.0,5.0,9.0,7.0,5.0,5.0,4.0,4.0,4.0,4.0,4.0,9.0,0.0,0.0,0.0,0.0
14479,Swaziland,"Fish, Seafood",Production,0.0,0.0,0.0,0.0,0.0,0.0,0.0,0.0,0.0,0.0,0.0,0.0,0.0,0.0,0.0,0.0,0.0,0.0
14480,Swaziland,Milk - Excluding Butter,Other uses (non-food),0.0,0.0,0.0,1.0,0.0,0.0,0.0,0.0,0.0,0.0,0.0,0.0,0.0,2.0,0.0,0.0,0.0,0.0
14481,Swaziland,Meat,Human Consumption,26.0,29.0,37.0,39.0,52.0,37.0,32.0,30.0,28.0,28.0,29.0,27.0,28.0,32.0,0.0,0.0,0.0,0.0
14482,Swaziland,Miscellaneous,Import,0.0,0.0,0.0,0.0,0.0,1.0,0.0,0.0,0.0,0.0,0.0,0.0,0.0,1.0,0.0,0.0,0.0,0.0
14483,Swaziland,Miscellaneous,Stock Variation,0.0,0.0,0.0,0.0,0.0,0.0,0.0,0.0,0.0,0.0,0.0,0.0,0.0,0.0,0.0,0.0,0.0,0.0
14484,Swaziland,Miscellaneous,Export,0.0,0.0,0.0,0.0,0.0,0.0,0.0,0.0,0.0,0.0,0.0,0.0,0.0,0.0,0.0,0.0,0.0,0.0
14485,Swaziland,Miscellaneous,Domestic supply,0.0,0.0,0.0,0.0,0.0,0.0,0.0,0.0,0.0,0.0,0.0,0.0,0.0,1.0,0.0,0.0,0.0,0.0
14486,Swaziland,Alcoholic Beverages,Production,279.0,316.0,192.0,211.0,195.0,207.0,176.0,178.0,174.0,167.0,178.0,203.0,208.0,193.0,0.0,0.0,0.0,0.0
14487,Swaziland,Alcoholic Beverages,Import,10.0,16.0,14.0,11.0,7.0,5.0,6.0,5.0,3.0,3.0,3.0,2.0,3.0,16.0,0.0,0.0,0.0,0.0
14488,Swaziland,Alcoholic Beverages,Stock Variation,2.0,-46.0,-73.0,0.0,140.0,0.0,0.0,0.0,0.0,0.0,0.0,0.0,0.0,0.0,0.0,0.0,0.0,0.0
14489,Swaziland,Alcoholic Beverages,Export,27.0,17.0,15.0,96.0,221.0,86.0,68.0,7.0,19.0,15.0,12.0,11.0,35.0,18.0,0.0,0.0,0.0,0.0
14490,Swaziland,Alcoholic Beverages,Domestic supply,264.0,268.0,117.0,126.0,122.0,126.0,114.0,176.0,158.0,155.0,169.0,194.0,176.0,191.0,0.0,0.0,0.0,0.0
14491,Swaziland,Alcoholic Beverages,Other uses (non-food),155.0,144.0,32.0,41.0,46.0,48.0,34.0,104.0,80.0,84.0,94.0,118.0,100.0,101.0,0.0,0.0,0.0,0.0
14492,Swaziland,Alcoholic Beverages,Human Consumption,109.0,124.0,86.0,85.0,75.0,79.0,80.0,72.0,78.0,71.0,75.0,76.0,76.0,90.0,0.0,0.0,0.0,0.0
14493,Swaziland,Spices,Import,2.0,3.0,1.0,1.0,2.0,1.0,1.0,1.0,0.0,0.0,0.0,0.0,0.0,0.0,0.0,0.0,0.0,0.0
14494,Swaziland,Milk - Excluding Butter,Losses,2.0,2.0,2.0,2.0,2.0,3.0,2.0,2.0,2.0,2.0,2.0,2.0,2.0,3.0,0.0,0.0,0.0,0.0
14495,Swaziland,Spices,Stock Variation,0.0,0.0,0.0,0.0,0.0,0.0,0.0,0.0,0.0,0.0,0.0,0.0,0.0,0.0,0.0,0.0,0.0,0.0
14496,Swaziland,Meat,Other uses (non-food),0.0,0.0,0.0,0.0,0.0,0.0,0.0,0.0,0.0,0.0,0.0,0.0,0.0,0.0,0.0,0.0,0.0,0.0
14497,Swaziland,Meat,Domestic supply,26.0,29.0,37.0,38.0,52.0,37.0,32.0,30.0,28.0,28.0,29.0,27.0,28.0,32.0,0.0,0.0,0.0,0.0
14498,Swaziland,Miscellaneous,Human Consumption,0.0,0.0,0.0,0.0,0.0,0.0,0.0,0.0,0.0,0.0,0.0,0.0,0.0,1.0,0.0,0.0,0.0,0.0
14499,Swaziland,Animal fats,Other uses (non-food),1.0,1.0,1.0,1.0,1.0,1.0,0.0,0.0,0.0,0.0,0.0,0.0,0.0,0.0,0.0,0.0,0.0,0.0
14500,Swaziland,Animal fats,Import,2.0,1.0,1.0,1.0,1.0,2.0,1.0,1.0,1.0,1.0,1.0,1.0,1.0,1.0,0.0,0.0,0.0,0.0
14501,Swaziland,Animal fats,Stock Variation,0.0,0.0,0.0,0.0,0.0,0.0,0.0,0.0,0.0,0.0,0.0,0.0,0.0,0.0,0.0,0.0,0.0,0.0
14502,Swaziland,Animal fats,Export,0.0,0.0,0.0,0.0,0.0,0.0,0.0,0.0,0.0,0.0,0.0,0.0,0.0,0.0,0.0,0.0,0.0,0.0
14503,Swaziland,Animal fats,Domestic supply,2.0,2.0,2.0,2.0,2.0,3.0,1.0,2.0,1.0,1.0,2.0,1.0,1.0,1.0,0.0,0.0,0.0,0.0
14504,Swaziland,Animal fats,Human Consumption,1.0,1.0,1.0,1.0,1.0,2.0,1.0,1.0,1.0,1.0,1.0,1.0,1.0,1.0,0.0,0.0,0.0,0.0
14505,Swaziland,Offals,Production,2.0,2.0,2.0,2.0,2.0,2.0,2.0,2.0,2.0,2.0,2.0,2.0,2.0,2.0,0.0,0.0,0.0,0.0
14506,Swaziland,Animal fats,Production,1.0,1.0,1.0,1.0,1.0,1.0,1.0,1.0,1.0,1.0,1.0,1.0,1.0,1.0,0.0,0.0,0.0,0.0
14507,Swaziland,Offals,Import,1.0,1.0,1.0,0.0,0.0,0.0,0.0,0.0,0.0,0.0,0.0,0.0,0.0,1.0,0.0,0.0,0.0,0.0
14508,Swaziland,Offals,Export,0.0,0.0,0.0,0.0,0.0,0.0,0.0,0.0,0.0,0.0,0.0,0.0,0.0,0.0,0.0,0.0,0.0,0.0
14509,Swaziland,Offals,Domestic supply,3.0,3.0,3.0,2.0,2.0,2.0,2.0,2.0,2.0,2.0,2.0,2.0,3.0,3.0,0.0,0.0,0.0,0.0
14510,Swaziland,Milk - Excluding Butter,Human Consumption,89.0,64.0,69.0,64.0,80.0,93.0,68.0,57.0,53.0,57.0,59.0,58.0,60.0,71.0,0.0,0.0,0.0,0.0
14511,Swaziland,Offals,Human Consumption,3.0,3.0,3.0,2.0,2.0,2.0,2.0,2.0,2.0,2.0,2.0,2.0,3.0,3.0,0.0,0.0,0.0,0.0
14512,Swaziland,Meat,Production,25.0,18.0,22.0,27.0,26.0,26.0,24.0,24.0,24.0,24.0,25.0,26.0,26.0,27.0,0.0,0.0,0.0,0.0
14513,Swaziland,Meat,Import,5.0,11.0,18.0,17.0,27.0,12.0,9.0,6.0,4.0,4.0,4.0,2.0,1.0,7.0,0.0,0.0,0.0,0.0
14514,Swaziland,Meat,Stock Variation,3.0,0.0,0.0,0.0,0.0,0.0,0.0,0.0,0.0,0.0,0.0,0.0,0.0,0.0,0.0,0.0,0.0,0.0
14515,Swaziland,Meat,Export,8.0,1.0,3.0,5.0,2.0,1.0,1.0,0.0,0.0,0.0,0.0,0.0,0.0,1.0,0.0,0.0,0.0,0.0
14516,Sweden,Vegetable Oils,Other uses (non-food),14.0,12.0,22.0,41.0,43.0,114.0,296.0,269.0,299.0,420.0,420.0,431.0,395.0,411.0,401.0,363.0,461.0,491.0
14517,Sweden,Vegetable Oils,Human Consumption,139.0,142.0,106.0,136.0,149.0,140.0,152.0,150.0,151.0,153.0,158.0,162.0,163.0,160.0,72.0,71.0,76.0,73.0
14518,Sweden,Pulses,Production,69.0,77.0,85.0,80.0,89.0,66.0,52.0,39.0,30.0,50.0,55.0,44.0,36.0,42.0,109.0,171.0,199.0,193.0
14519,Sweden,Vegetable Oils,Domestic supply,153.0,154.0,152.0,225.0,250.0,268.0,453.0,426.0,467.0,584.0,593.0,597.0,562.0,584.0,649.0,608.0,725.0,778.0
14520,Sweden,Sugar & Sweeteners,Production,455.0,444.0,484.0,466.0,418.0,453.0,356.0,413.0,395.0,474.0,362.0,452.0,425.0,437.0,446.0,232.0,388.0,360.0
14521,Sweden,Vegetable Oils,Export,211.0,194.0,230.0,134.0,236.0,346.0,385.0,325.0,314.0,317.0,280.0,275.0,271.0,298.0,162.0,153.0,159.0,174.0
14522,Sweden,Vegetable Oils,Stock Variation,63.0,43.0,7.0,7.0,94.0,87.0,0.0,0.0,0.0,0.0,0.0,-1.0,1.0,0.0,54.0,24.0,9.0,0.0
14523,Sweden,Vegetable Oils,Processing,1.0,0.0,0.0,0.0,0.0,0.0,1.0,0.0,0.0,0.0,0.0,0.0,0.0,0.0,176.0,168.0,184.0,212.0
14524,Sweden,Sugar & Sweeteners,Import,95.0,98.0,113.0,113.0,108.0,122.0,137.0,136.0,145.0,143.0,171.0,159.0,149.0,173.0,357.0,367.0,388.0,402.0
14525,Sweden,Sugar & Sweeteners,Other uses (non-food),20.0,15.0,13.0,22.0,17.0,23.0,16.0,14.0,6.0,10.0,7.0,60.0,14.0,47.0,39.0,30.0,33.0,38.0
14526,Sweden,Sugar & Sweeteners,Export,114.0,137.0,159.0,107.0,143.0,152.0,181.0,99.0,184.0,186.0,178.0,128.0,145.0,131.0,190.0,169.0,231.0,221.0
14527,Sweden,Sugar & Sweeteners,Domestic supply,440.0,417.0,399.0,406.0,399.0,412.0,401.0,423.0,418.0,422.0,389.0,466.0,421.0,474.0,601.0,492.0,519.0,523.0
14528,Sweden,Sugar & Sweeteners,Feed,0.0,0.0,0.0,0.0,0.0,0.0,0.0,0.0,0.0,0.0,0.0,0.0,0.0,0.0,56.0,28.0,0.0,0.0
14529,Sweden,Sugar & Sweeteners,Losses,0.0,0.0,0.0,0.0,0.0,0.0,0.0,0.0,0.0,0.0,0.0,0.0,0.0,0.0,0.0,0.0,0.0,0.0
14530,Sweden,Sugar & Sweeteners,Processing,3.0,4.0,11.0,10.0,11.0,11.0,11.0,27.0,37.0,36.0,18.0,27.0,25.0,24.0,23.0,18.0,21.0,21.0
14531,Sweden,Sugar & Sweeteners,Human Consumption,417.0,398.0,375.0,374.0,371.0,378.0,374.0,381.0,375.0,377.0,363.0,379.0,382.0,403.0,482.0,415.0,465.0,464.0
14532,Sweden,Vegetable Oils,Import,194.0,199.0,261.0,246.0,284.0,400.0,738.0,632.0,671.0,773.0,732.0,735.0,705.0,746.0,737.0,647.0,751.0,801.0
14533,Sweden,Pulses,Import,5.0,6.0,7.0,5.0,6.0,5.0,6.0,6.0,7.0,7.0,9.0,7.0,7.0,8.0,7.0,10.0,10.0,10.0
14534,Sweden,Sugar & Sweeteners,Stock Variation,5.0,12.0,-39.0,-65.0,16.0,-11.0,88.0,-27.0,62.0,-9.0,32.0,-16.0,-7.0,-5.0,12.0,-63.0,26.0,17.0
14535,Sweden,Vegetable Oils,Production,106.0,105.0,115.0,106.0,107.0,126.0,100.0,119.0,110.0,128.0,141.0,138.0,127.0,136.0,129.0,139.0,143.0,151.0
14536,Sweden,Fruits - Excluding Wine,Import,948.0,975.0,1073.0,1140.0,1141.0,1128.0,1190.0,1229.0,1378.0,1241.0,1267.0,1300.0,1349.0,1416.0,840.0,863.0,881.0,869.0
14537,Sweden,Vegetables,Losses,56.0,61.0,61.0,63.0,68.0,67.0,72.0,68.0,67.0,72.0,68.0,73.0,79.0,76.0,80.0,81.0,83.0,82.0
14538,Sweden,Stimulants,Domestic supply,113.0,104.0,110.0,105.0,118.0,108.0,108.0,106.0,113.0,112.0,131.0,123.0,125.0,122.0,103.0,104.0,106.0,107.0
14539,Sweden,Pulses,Stock Variation,0.0,0.0,0.0,0.0,0.0,0.0,0.0,0.0,0.0,0.0,0.0,0.0,0.0,0.0,3.0,6.0,12.0,4.0
14540,Sweden,Stimulants,Processing,3.0,2.0,1.0,2.0,0.0,1.0,2.0,1.0,0.0,0.0,1.0,0.0,0.0,0.0,4.0,4.0,5.0,5.0
14541,Sweden,Stimulants,Human Consumption,110.0,102.0,109.0,104.0,118.0,107.0,107.0,105.0,113.0,112.0,130.0,123.0,125.0,122.0,99.0,100.0,101.0,102.0
14542,Sweden,Fruits - Excluding Wine,Production,42.0,36.0,35.0,38.0,37.0,36.0,43.0,40.0,41.0,40.0,43.0,43.0,50.0,54.0,44.0,45.0,44.0,41.0
14543,Sweden,Fruits - Excluding Wine,Stock Variation,-1.0,0.0,1.0,0.0,0.0,0.0,0.0,0.0,0.0,0.0,0.0,0.0,0.0,0.0,-17.0,-3.0,-1.0,3.0
14544,Sweden,Sugar Crops,Human Consumption,0.0,0.0,0.0,0.0,0.0,0.0,0.0,0.0,0.0,0.0,0.0,0.0,0.0,0.0,0.0,0.0,0.0,0.0
14545,Sweden,Fruits - Excluding Wine,Export,58.0,63.0,90.0,97.0,108.0,105.0,146.0,132.0,109.0,114.0,115.0,108.0,128.0,109.0,85.0,90.0,88.0,97.0
14546,Sweden,Fruits - Excluding Wine,Domestic supply,930.0,948.0,1018.0,1081.0,1070.0,1060.0,1088.0,1137.0,1310.0,1168.0,1195.0,1235.0,1271.0,1361.0,816.0,822.0,838.0,810.0
14547,Sweden,Fruits - Excluding Wine,Losses,35.0,33.0,33.0,37.0,39.0,40.0,41.0,40.0,39.0,37.0,39.0,40.0,42.0,42.0,41.0,42.0,42.0,42.0
14548,Sweden,Fruits - Excluding Wine,Processing,20.0,15.0,15.0,15.0,7.0,29.0,32.0,22.0,32.0,36.0,37.0,90.0,110.0,123.0,112.0,120.0,121.0,120.0
14549,Sweden,Fruits - Excluding Wine,Human Consumption,875.0,900.0,970.0,1029.0,1023.0,990.0,1015.0,1075.0,1238.0,1095.0,1119.0,1105.0,1120.0,1196.0,662.0,664.0,678.0,652.0
14550,Sweden,Vegetables,Production,277.0,290.0,293.0,298.0,309.0,310.0,326.0,293.0,295.0,353.0,325.0,372.0,417.0,396.0,370.0,376.0,372.0,340.0
14551,Sweden,Vegetables,Import,485.0,505.0,528.0,547.0,593.0,607.0,646.0,651.0,681.0,674.0,681.0,718.0,740.0,729.0,647.0,662.0,697.0,688.0
14552,Sweden,Vegetables,Stock Variation,0.0,0.0,0.0,0.0,0.0,0.0,0.0,0.0,0.0,0.0,0.0,0.0,0.0,0.0,4.0,17.0,24.0,44.0
14553,Sweden,Vegetables,Export,45.0,53.0,64.0,68.0,67.0,74.0,80.0,75.0,75.0,76.0,80.0,76.0,85.0,86.0,77.0,69.0,81.0,54.0
14554,Sweden,Vegetables,Domestic supply,716.0,743.0,757.0,777.0,836.0,842.0,892.0,869.0,901.0,952.0,927.0,1014.0,1071.0,1040.0,936.0,952.0,964.0,930.0
14555,Sweden,Vegetables,Feed,9.0,10.0,10.0,11.0,13.0,15.0,13.0,12.0,14.0,26.0,31.0,53.0,58.0,61.0,0.0,0.0,0.0,0.0
14556,Sweden,Vegetables,Seed,0.0,0.0,0.0,0.0,0.0,0.0,0.0,0.0,0.0,0.0,0.0,0.0,0.0,0.0,0.0,0.0,0.0,0.0
14557,Sweden,Vegetables,Human Consumption,652.0,672.0,686.0,703.0,755.0,760.0,807.0,788.0,820.0,854.0,827.0,888.0,934.0,903.0,857.0,872.0,881.0,849.0
14558,Sweden,Pulses,Export,1.0,0.0,3.0,18.0,9.0,13.0,4.0,7.0,3.0,6.0,15.0,20.0,16.0,10.0,16.0,35.0,58.0,59.0
14559,Sweden,Sugar Crops,Import,0.0,0.0,0.0,3.0,2.0,0.0,0.0,0.0,0.0,0.0,0.0,0.0,0.0,0.0,0.0,0.0,0.0,0.0
14560,Sweden,Pulses,Feed,51.0,60.0,66.0,43.0,64.0,36.0,33.0,18.0,13.0,27.0,26.0,9.0,9.0,21.0,72.0,110.0,108.0,110.0
14561,Sweden,Starchy Roots,Import,263.0,319.0,311.0,341.0,319.0,312.0,307.0,333.0,357.0,318.0,349.0,350.0,321.0,308.0,166.0,166.0,163.0,158.0
14562,Sweden,Starchy Roots,Stock Variation,-19.0,-56.0,-65.0,-44.0,-32.0,-1.0,33.0,27.0,17.0,-10.0,10.0,-7.0,-4.0,-2.0,-6.0,8.0,10.0,7.0
14563,Sweden,Starchy Roots,Export,36.0,27.0,41.0,19.0,20.0,40.0,42.0,47.0,13.0,11.0,31.0,44.0,46.0,43.0,25.0,16.0,18.0,18.0
14564,Sweden,Starchy Roots,Domestic supply,1188.0,1161.0,1118.0,1135.0,1246.0,1219.0,1075.0,1102.0,1214.0,1155.0,1144.0,1181.0,1077.0,1069.0,970.0,944.0,998.0,985.0
14565,Sweden,Starchy Roots,Feed,50.0,32.0,32.0,32.0,71.0,76.0,51.0,51.0,101.0,71.0,81.0,80.0,43.0,36.0,50.0,46.0,51.0,50.0
14566,Sweden,Starchy Roots,Seed,80.0,59.0,58.0,58.0,55.0,51.0,51.0,51.0,51.0,49.0,53.0,48.0,46.0,46.0,50.0,47.0,52.0,52.0
14567,Sweden,Starchy Roots,Losses,150.0,130.0,120.0,110.0,130.0,120.0,70.0,75.0,80.0,80.0,75.0,87.0,75.0,75.0,87.0,85.0,92.0,91.0
14568,Sweden,Starchy Roots,Processing,59.0,38.0,35.0,30.0,78.0,58.0,0.0,0.0,40.0,34.0,13.0,29.0,0.0,0.0,9.0,3.0,4.0,5.0
14569,Sweden,Starchy Roots,Production,980.0,925.0,914.0,857.0,979.0,947.0,778.0,789.0,853.0,858.0,816.0,882.0,805.0,806.0,822.0,803.0,863.0,853.0
14570,Sweden,Starchy Roots,Other uses (non-food),364.0,418.0,382.0,416.0,384.0,362.0,355.0,374.0,402.0,379.0,385.0,386.0,343.0,338.0,258.0,257.0,272.0,266.0
14571,Sweden,Sugar Crops,Production,2602.0,2659.0,2664.0,2484.0,2287.0,2381.0,2189.0,2138.0,1975.0,2406.0,1974.0,2493.0,2178.0,2326.0,2056.0,1178.0,1988.0,1964.0
14572,Sweden,Sugar Crops,Stock Variation,0.0,0.0,0.0,0.0,0.0,0.0,0.0,0.0,0.0,0.0,0.0,0.0,0.0,0.0,-112.0,-9.0,-63.0,62.0
14573,Sweden,Sugar Crops,Export,0.0,0.0,0.0,0.0,0.0,0.0,0.0,0.0,0.0,0.0,0.0,0.0,0.0,0.0,0.0,0.0,0.0,0.0
14574,Sweden,Sugar Crops,Domestic supply,2602.0,2659.0,2664.0,2487.0,2289.0,2381.0,2189.0,2138.0,1975.0,2406.0,1974.0,2493.0,2178.0,2326.0,2168.0,1187.0,2051.0,1901.0
14575,Sweden,Sugar Crops,Feed,0.0,57.0,12.0,42.0,40.0,5.0,330.0,55.0,40.0,30.0,110.0,200.0,50.0,140.0,112.0,64.0,108.0,107.0
14576,Sweden,Sugar Crops,Losses,2.0,2.0,2.0,5.0,5.0,6.0,9.0,8.0,7.0,6.0,14.0,8.0,8.0,6.0,7.0,4.0,6.0,6.0
14577,Sweden,Sugar Crops,Processing,2600.0,2600.0,2650.0,2440.0,2244.0,2370.0,1850.0,2075.0,1928.0,2370.0,1850.0,2285.0,2120.0,2180.0,2050.0,1119.0,1936.0,1788.0
14578,Sweden,Stimulants,Export,25.0,26.0,30.0,32.0,40.0,49.0,48.0,49.0,62.0,62.0,51.0,65.0,68.0,75.0,35.0,31.0,35.0,37.0
14579,Sweden,Starchy Roots,Human Consumption,485.0,484.0,491.0,489.0,528.0,552.0,548.0,551.0,540.0,541.0,537.0,552.0,570.0,574.0,516.0,505.0,527.0,522.0
14580,Sweden,Oilcrops,Human Consumption,21.0,26.0,26.0,25.0,26.0,27.0,29.0,29.0,33.0,36.0,33.0,36.0,34.0,35.0,32.0,32.0,31.0,31.0
14581,Sweden,Oilcrops,Other uses (non-food),10.0,16.0,1.0,1.0,1.0,1.0,0.0,0.0,0.0,0.0,0.0,0.0,1.0,1.0,1.0,1.0,1.0,1.0
14582,Sweden,Oilcrops,Processing,268.0,270.0,294.0,275.0,271.0,320.0,253.0,301.0,286.0,327.0,367.0,357.0,326.0,351.0,334.0,359.0,307.0,391.0
14583,Sweden,Pulses,Seed,7.0,8.0,7.0,8.0,6.0,5.0,3.0,3.0,4.0,5.0,4.0,3.0,3.0,3.0,3.0,3.0,4.0,3.0
14584,Sweden,Pulses,Losses,1.0,2.0,2.0,2.0,2.0,1.0,1.0,1.0,1.0,1.0,1.0,1.0,1.0,1.0,5.0,7.0,8.0,8.0
14585,Sweden,Pulses,Processing,0.0,0.0,0.0,0.0,0.0,0.0,0.0,0.0,0.0,0.0,0.0,0.0,0.0,0.0,2.0,2.0,3.0,2.0
14586,Sweden,Pulses,Human Consumption,13.0,13.0,15.0,15.0,14.0,15.0,17.0,16.0,16.0,17.0,18.0,17.0,17.0,18.0,16.0,17.0,17.0,17.0
14587,Sweden,Treenuts,Import,19.0,21.0,22.0,22.0,25.0,30.0,37.0,47.0,49.0,45.0,50.0,50.0,52.0,53.0,24.0,25.0,25.0,25.0
14588,Sweden,Treenuts,Stock Variation,0.0,0.0,0.0,0.0,0.0,0.0,0.0,0.0,0.0,0.0,0.0,0.0,0.0,0.0,2.0,2.0,3.0,3.0
14589,Sweden,Treenuts,Export,1.0,1.0,1.0,2.0,2.0,2.0,2.0,2.0,2.0,2.0,3.0,6.0,7.0,5.0,2.0,2.0,2.0,3.0
14590,Sweden,Treenuts,Domestic supply,18.0,20.0,21.0,20.0,23.0,28.0,35.0,45.0,47.0,43.0,46.0,44.0,45.0,48.0,20.0,20.0,20.0,18.0
14591,Sweden,Treenuts,Losses,0.0,0.0,0.0,0.0,0.0,1.0,1.0,1.0,1.0,1.0,1.0,1.0,1.0,1.0,0.0,0.0,0.0,0.0
14592,Sweden,Treenuts,Other uses (non-food),0.0,0.0,0.0,0.0,0.0,0.0,0.0,0.0,0.0,0.0,0.0,0.0,0.0,0.0,0.0,0.0,0.0,0.0
14593,Sweden,Treenuts,Human Consumption,17.0,20.0,20.0,20.0,23.0,28.0,34.0,44.0,47.0,42.0,46.0,43.0,45.0,47.0,20.0,20.0,19.0,18.0
14594,Sweden,Oilcrops,Production,129.0,109.0,164.0,136.0,239.0,214.0,232.0,229.0,265.0,317.0,303.0,290.0,342.0,350.0,334.0,373.0,285.0,371.0
14595,Sweden,Oilcrops,Import,232.0,309.0,180.0,316.0,314.0,238.0,269.0,269.0,224.0,121.0,225.0,265.0,293.0,285.0,248.0,275.0,285.0,305.0
14596,Sweden,Oilcrops,Stock Variation,0.0,-1.0,0.0,1.0,-43.0,39.0,-29.0,33.0,0.0,-24.0,25.0,0.0,0.0,0.0,7.0,8.0,6.0,8.0
14597,Sweden,Oilcrops,Export,12.0,6.0,5.0,8.0,12.0,12.0,31.0,21.0,16.0,29.0,47.0,30.0,46.0,57.0,34.0,57.0,44.0,65.0
14598,Sweden,Oilcrops,Domestic supply,349.0,411.0,339.0,446.0,498.0,479.0,442.0,510.0,473.0,385.0,506.0,525.0,588.0,578.0,540.0,583.0,520.0,603.0
14599,Sweden,Oilcrops,Feed,50.0,99.0,18.0,144.0,199.0,130.0,160.0,179.0,153.0,18.0,104.0,131.0,227.0,190.0,158.0,174.0,168.0,165.0
14600,Sweden,Oilcrops,Seed,1.0,0.0,1.0,1.0,1.0,1.0,1.0,0.0,1.0,3.0,2.0,1.0,1.0,1.0,0.0,1.0,1.0,0.0
14601,Sweden,Oilcrops,Losses,0.0,0.0,0.0,0.0,0.0,0.0,0.0,0.0,0.0,0.0,0.0,0.0,0.0,0.0,14.0,16.0,13.0,15.0
14602,Sweden,Pulses,Domestic supply,73.0,83.0,90.0,67.0,86.0,58.0,54.0,38.0,34.0,51.0,49.0,30.0,27.0,39.0,98.0,140.0,140.0,141.0
14603,Sweden,Stimulants,Stock Variation,0.0,0.0,0.0,0.0,0.0,0.0,-2.0,-1.0,2.0,2.0,0.0,0.0,0.0,0.0,-4.0,-5.0,3.0,-1.0
14604,Sweden,Alcoholic Beverages,Domestic supply,715.0,739.0,742.0,769.0,708.0,720.0,755.0,784.0,848.0,761.0,736.0,949.0,832.0,891.0,1013.0,975.0,943.0,918.0
14605,Sweden,Stimulants,Production,0.0,0.0,0.0,0.0,0.0,0.0,0.0,0.0,0.0,0.0,0.0,0.0,0.0,0.0,0.0,0.0,0.0,0.0
14606,Sweden,"Fish, Seafood",Feed,81.0,68.0,75.0,52.0,49.0,47.0,75.0,111.0,98.0,43.0,53.0,59.0,49.0,66.0,62.0,65.0,78.0,35.0
14607,Sweden,"Fish, Seafood",Other uses (non-food),0.0,0.0,0.0,0.0,0.0,0.0,0.0,0.0,0.0,0.0,0.0,0.0,0.0,0.0,0.0,0.0,0.0,0.0
14608,Sweden,"Fish, Seafood",Human Consumption,249.0,258.0,271.0,290.0,292.0,294.0,288.0,300.0,299.0,279.0,293.0,295.0,293.0,306.0,340.0,325.0,317.0,325.0
14609,Sweden,Eggs,Production,102.0,98.0,93.0,92.0,104.0,102.0,99.0,95.0,102.0,105.0,111.0,116.0,122.0,129.0,122.0,128.0,143.0,142.0
14610,Sweden,Eggs,Import,12.0,11.0,11.0,12.0,11.0,10.0,12.0,18.0,16.0,18.0,20.0,19.0,21.0,18.0,21.0,18.0,19.0,18.0
14611,Sweden,Eggs,Stock Variation,0.0,0.0,0.0,0.0,0.0,0.0,0.0,0.0,0.0,0.0,0.0,0.0,0.0,0.0,-1.0,0.0,0.0,0.0
14612,Sweden,Eggs,Export,5.0,3.0,6.0,4.0,5.0,5.0,3.0,3.0,4.0,3.0,6.0,10.0,10.0,10.0,8.0,10.0,14.0,13.0
14613,Sweden,Eggs,Domestic supply,109.0,105.0,98.0,101.0,110.0,108.0,108.0,110.0,114.0,120.0,125.0,125.0,133.0,136.0,135.0,136.0,147.0,148.0
14614,Sweden,"Fish, Seafood",Domestic supply,330.0,326.0,346.0,343.0,342.0,341.0,363.0,411.0,397.0,322.0,346.0,354.0,342.0,372.0,402.0,390.0,395.0,360.0
14615,Sweden,Eggs,Seed,5.0,5.0,6.0,5.0,5.0,5.0,6.0,5.0,6.0,6.0,6.0,6.0,6.0,6.0,6.0,6.0,7.0,7.0
14616,Sweden,Eggs,Processing,0.0,0.0,0.0,0.0,0.0,0.0,0.0,0.0,0.0,0.0,0.0,0.0,0.0,0.0,0.0,0.0,0.0,0.0
14617,Sweden,Eggs,Other uses (non-food),0.0,0.0,0.0,0.0,0.0,0.0,0.0,0.0,0.0,0.0,0.0,0.0,0.0,0.0,0.0,0.0,0.0,0.0
14618,Sweden,Eggs,Human Consumption,102.0,98.0,91.0,93.0,103.0,100.0,101.0,102.0,106.0,112.0,117.0,117.0,126.0,128.0,126.0,124.0,133.0,134.0
14619,Sweden,Milk - Excluding Butter,Production,3348.0,3339.0,3274.0,3253.0,3275.0,3208.0,3172.0,3025.0,3029.0,2974.0,2902.0,2890.0,2901.0,2910.0,2973.0,2933.0,2862.0,2817.0
14620,Sweden,Milk - Excluding Butter,Import,409.0,424.0,534.0,589.0,652.0,636.0,816.0,876.0,997.0,1146.0,1159.0,1096.0,1256.0,1425.0,1382.0,1364.0,1380.0,1370.0
14621,Sweden,Milk - Excluding Butter,Stock Variation,0.0,0.0,0.0,0.0,0.0,0.0,0.0,0.0,-2.0,2.0,0.0,0.0,0.0,0.0,106.0,-164.0,55.0,135.0
14622,Sweden,Milk - Excluding Butter,Export,393.0,356.0,241.0,261.0,506.0,430.0,542.0,601.0,657.0,769.0,743.0,730.0,870.0,982.0,1039.0,1064.0,1001.0,1014.0
14623,Sweden,Milk - Excluding Butter,Domestic supply,3364.0,3408.0,3566.0,3581.0,3421.0,3414.0,3446.0,3300.0,3368.0,3353.0,3318.0,3256.0,3287.0,3353.0,3210.0,3397.0,3187.0,3039.0
14624,Sweden,Eggs,Losses,2.0,2.0,2.0,2.0,2.0,2.0,2.0,2.0,2.0,2.0,2.0,2.0,3.0,3.0,6.0,6.0,7.0,7.0
14625,Sweden,"Fish, Seafood",Export,353.0,347.0,348.0,381.0,453.0,521.0,557.0,576.0,601.0,685.0,784.0,780.0,853.0,869.0,900.0,1006.0,989.0,962.0
14626,Sweden,"Fish, Seafood",Stock Variation,5.0,-11.0,14.0,-17.0,5.0,2.0,9.0,1.0,-2.0,-5.0,8.0,0.0,0.0,0.0,0.0,0.0,0.0,0.0
14627,Sweden,"Fish, Seafood",Import,334.0,366.0,379.0,448.0,514.0,597.0,634.0,743.0,762.0,800.0,900.0,939.0,1030.0,1049.0,1106.0,1170.0,1159.0,1075.0
14628,Sweden,Stimulants,Import,138.0,130.0,140.0,137.0,158.0,156.0,158.0,157.0,174.0,172.0,182.0,189.0,192.0,197.0,134.0,130.0,145.0,142.0
14629,Sweden,Cereals - Excluding Beer,Production,5604.0,5382.0,5398.0,5290.0,5508.0,5051.0,4128.0,5058.0,5195.0,5242.0,4280.0,4657.0,5056.0,4985.0,5775.0,6162.0,5447.0,5950.0
14630,Sweden,Cereals - Excluding Beer,Import,379.0,481.0,543.0,435.0,461.0,508.0,516.0,564.0,586.0,532.0,641.0,753.0,854.0,839.0,824.0,783.0,768.0,813.0
14631,Sweden,Cereals - Excluding Beer,Stock Variation,377.0,522.0,-234.0,318.0,-198.0,-75.0,40.0,-43.0,-14.0,-45.0,48.0,60.0,-5.0,1.0,224.0,85.0,-160.0,363.0
14632,Sweden,Cereals - Excluding Beer,Export,1693.0,1852.0,1181.0,1689.0,1375.0,1417.0,1355.0,1337.0,1410.0,1213.0,1317.0,1249.0,1485.0,1286.0,2113.0,2354.0,2220.0,1903.0
14633,Sweden,Cereals - Excluding Beer,Domestic supply,4667.0,4533.0,4527.0,4355.0,4396.0,4067.0,3331.0,4242.0,4357.0,4517.0,3652.0,4220.0,4420.0,4539.0,4262.0,4506.0,4156.0,4496.0
14634,Sweden,Cereals - Excluding Beer,Feed,3176.0,3011.0,2991.0,2847.0,2941.0,2611.0,1761.0,2640.0,2793.0,3006.0,2066.0,2640.0,2799.0,2901.0,2543.0,2708.0,2431.0,2558.0
14635,Sweden,Cereals - Excluding Beer,Seed,252.0,241.0,233.0,235.0,211.0,187.0,254.0,208.0,211.0,175.0,188.0,203.0,202.0,198.0,206.0,207.0,202.0,202.0
14636,Sweden,Cereals - Excluding Beer,Losses,131.0,126.0,140.0,100.0,118.0,116.0,95.0,116.0,116.0,122.0,105.0,116.0,123.0,98.0,193.0,206.0,180.0,198.0
14637,Sweden,Cereals - Excluding Beer,Processing,179.0,213.0,216.0,226.0,166.0,200.0,278.0,316.0,269.0,247.0,308.0,316.0,344.0,347.0,342.0,372.0,351.0,402.0
14638,Sweden,Cereals - Excluding Beer,Other uses (non-food),30.0,28.0,30.0,28.0,28.0,24.0,24.0,26.0,25.0,23.0,23.0,17.0,18.0,25.0,28.0,20.0,24.0,21.0
14639,Sweden,Cereals - Excluding Beer,Human Consumption,899.0,913.0,917.0,919.0,933.0,929.0,919.0,938.0,943.0,944.0,961.0,928.0,934.0,971.0,976.0,1015.0,997.0,1140.0
14640,Sweden,"Aquatic Products, Other",Import,0.0,0.0,0.0,0.0,0.0,0.0,0.0,0.0,0.0,0.0,0.0,0.0,0.0,0.0,0.0,0.0,0.0,0.0
14641,Sweden,"Aquatic Products, Other",Stock Variation,0.0,0.0,0.0,0.0,0.0,0.0,0.0,0.0,0.0,0.0,0.0,0.0,0.0,0.0,0.0,0.0,0.0,0.0
14642,Sweden,"Aquatic Products, Other",Export,0.0,0.0,0.0,0.0,0.0,0.0,0.0,0.0,0.0,0.0,0.0,0.0,0.0,0.0,0.0,0.0,0.0,0.0
14643,Sweden,"Aquatic Products, Other",Domestic supply,0.0,0.0,0.0,0.0,0.0,0.0,0.0,0.0,0.0,0.0,0.0,0.0,0.0,0.0,0.0,0.0,0.0,0.0
14644,Sweden,"Aquatic Products, Other",Other uses (non-food),0.0,0.0,0.0,0.0,0.0,0.0,0.0,0.0,0.0,0.0,0.0,0.0,0.0,0.0,0.0,0.0,0.0,0.0
14645,Sweden,"Aquatic Products, Other",Human Consumption,0.0,0.0,0.0,0.0,0.0,0.0,0.0,0.0,0.0,0.0,0.0,0.0,0.0,0.0,0.0,0.0,0.0,0.0
14646,Sweden,"Fish, Seafood",Production,343.0,319.0,301.0,293.0,276.0,262.0,277.0,244.0,239.0,212.0,223.0,195.0,165.0,192.0,196.0,225.0,225.0,247.0
14647,Sweden,Milk - Excluding Butter,Feed,227.0,173.0,198.0,158.0,58.0,56.0,64.0,36.0,26.0,25.0,22.0,16.0,23.0,54.0,39.0,219.0,123.0,36.0
14648,Sweden,Milk - Excluding Butter,Losses,0.0,0.0,0.0,0.0,0.0,0.0,0.0,0.0,0.0,0.0,0.0,0.0,0.0,0.0,0.0,0.0,0.0,0.0
14649,Sweden,Offals,Domestic supply,21.0,19.0,18.0,19.0,20.0,19.0,20.0,19.0,17.0,16.0,14.0,8.0,7.0,6.0,-5.0,-4.0,-9.0,-8.0
14650,Sweden,Milk - Excluding Butter,Other uses (non-food),13.0,16.0,17.0,22.0,24.0,18.0,5.0,6.0,2.0,1.0,0.0,4.0,33.0,33.0,1.0,1.0,1.0,1.0
14651,Sweden,Meat,Domestic supply,625.0,636.0,682.0,689.0,697.0,703.0,706.0,724.0,740.0,736.0,763.0,779.0,766.0,799.0,780.0,796.0,793.0,783.0
14652,Sweden,Meat,Processing,12.0,12.0,3.0,5.0,5.0,3.0,4.0,6.0,6.0,6.0,8.0,12.0,17.0,19.0,48.0,53.0,62.0,59.0
14653,Sweden,Meat,Human Consumption,613.0,624.0,679.0,684.0,692.0,701.0,702.0,718.0,734.0,730.0,755.0,768.0,749.0,781.0,764.0,775.0,772.0,763.0
14654,Sweden,Miscellaneous,Import,0.0,0.0,0.0,1.0,6.0,4.0,5.0,6.0,8.0,8.0,5.0,6.0,6.0,7.0,198.0,199.0,209.0,214.0
14655,Sweden,Miscellaneous,Stock Variation,0.0,0.0,0.0,0.0,0.0,0.0,0.0,0.0,0.0,0.0,0.0,0.0,0.0,0.0,0.0,-1.0,1.0,1.0
14656,Sweden,Miscellaneous,Export,1.0,1.0,1.0,1.0,4.0,5.0,6.0,6.0,7.0,5.0,3.0,3.0,4.0,5.0,115.0,120.0,122.0,127.0
14657,Sweden,Miscellaneous,Domestic supply,-1.0,0.0,-1.0,-1.0,2.0,-1.0,-1.0,0.0,1.0,3.0,2.0,3.0,2.0,2.0,83.0,80.0,85.0,85.0
14658,Sweden,Miscellaneous,Human Consumption,0.0,0.0,0.0,0.0,2.0,0.0,0.0,0.0,1.0,3.0,2.0,3.0,2.0,2.0,83.0,80.0,85.0,85.0
14659,Sweden,Meat,Export,35.0,39.0,45.0,55.0,60.0,66.0,66.0,82.0,90.0,76.0,81.0,73.0,69.0,62.0,69.0,70.0,69.0,71.0
14660,Sweden,Alcoholic Beverages,Production,589.0,576.0,570.0,552.0,500.0,537.0,543.0,553.0,534.0,520.0,590.0,661.0,678.0,699.0,692.0,707.0,706.0,746.0
14661,Sweden,Alcoholic Beverages,Stock Variation,0.0,0.0,0.0,0.0,0.0,0.0,0.0,0.0,0.0,0.0,0.0,0.0,0.0,0.0,15.0,-5.0,-23.0,3.0
14662,Sweden,Alcoholic Beverages,Export,91.0,84.0,86.0,99.0,105.0,166.0,194.0,200.0,332.0,204.0,255.0,279.0,339.0,409.0,344.0,446.0,455.0,469.0
14663,Sweden,Alcoholic Beverages,Other uses (non-food),43.0,59.0,40.0,84.0,79.0,127.0,123.0,184.0,263.0,194.0,121.0,214.0,81.0,130.0,245.0,186.0,139.0,117.0
14664,Sweden,Alcoholic Beverages,Human Consumption,672.0,681.0,701.0,685.0,629.0,594.0,632.0,601.0,585.0,567.0,615.0,735.0,751.0,761.0,770.0,795.0,814.0,814.0
14665,Sweden,Spices,Import,5.0,5.0,6.0,5.0,6.0,7.0,8.0,9.0,9.0,9.0,10.0,10.0,11.0,11.0,12.0,11.0,14.0,13.0
14666,Sweden,Spices,Stock Variation,0.0,0.0,0.0,0.0,0.0,0.0,0.0,0.0,0.0,0.0,0.0,0.0,0.0,0.0,1.0,0.0,3.0,2.0
14667,Sweden,Spices,Export,1.0,1.0,1.0,1.0,1.0,1.0,1.0,2.0,2.0,2.0,2.0,2.0,2.0,2.0,2.0,2.0,2.0,2.0
14668,Sweden,Milk - Excluding Butter,Processing,0.0,0.0,0.0,0.0,0.0,0.0,0.0,0.0,0.0,0.0,0.0,0.0,0.0,0.0,0.0,0.0,0.0,0.0
14669,Sweden,Alcoholic Beverages,Import,217.0,247.0,258.0,316.0,313.0,349.0,407.0,431.0,646.0,446.0,401.0,567.0,493.0,602.0,681.0,709.0,668.0,643.0
14670,Sweden,Meat,Stock Variation,0.0,0.0,0.0,0.0,0.0,0.0,0.0,0.0,0.0,0.0,0.0,0.0,0.0,0.0,28.0,31.0,37.0,36.0
14671,Sweden,Spices,Domestic supply,5.0,5.0,5.0,4.0,5.0,6.0,7.0,7.0,8.0,7.0,8.0,9.0,9.0,9.0,9.0,9.0,9.0,9.0
14672,Sweden,Meat,Production,543.0,542.0,559.0,553.0,555.0,533.0,521.0,528.0,532.0,528.0,536.0,529.0,492.0,503.0,530.0,550.0,547.0,554.0
14673,Sweden,Milk - Excluding Butter,Human Consumption,3124.0,3219.0,3351.0,3401.0,3339.0,3340.0,3376.0,3258.0,3340.0,3328.0,3296.0,3236.0,3231.0,3266.0,3254.0,3251.0,3094.0,3012.0
14674,Sweden,Meat,Import,116.0,133.0,168.0,191.0,203.0,236.0,250.0,277.0,298.0,283.0,308.0,323.0,343.0,359.0,346.0,346.0,352.0,337.0
14675,Sweden,Animal fats,Production,214.0,214.0,206.0,206.0,209.0,197.0,196.0,199.0,202.0,214.0,217.0,205.0,216.0,205.0,191.0,203.0,204.0,193.0
14676,Sweden,Animal fats,Import,9.0,28.0,57.0,177.0,139.0,100.0,38.0,44.0,57.0,37.0,72.0,75.0,74.0,50.0,35.0,46.0,54.0,52.0
14677,Sweden,Animal fats,Stock Variation,8.0,-9.0,15.0,-15.0,2.0,15.0,0.0,0.0,-5.0,5.0,0.0,0.0,0.0,0.0,0.0,0.0,0.0,4.0
14678,Sweden,Animal fats,Export,68.0,70.0,88.0,213.0,203.0,150.0,74.0,72.0,66.0,62.0,78.0,56.0,56.0,53.0,29.0,27.0,25.0,26.0
14679,Sweden,Animal fats,Domestic supply,162.0,163.0,191.0,155.0,147.0,162.0,160.0,171.0,188.0,193.0,212.0,223.0,234.0,202.0,198.0,222.0,232.0,215.0
14680,Sweden,Animal fats,Feed,0.0,0.0,0.0,0.0,0.0,0.0,0.0,0.0,0.0,0.0,0.0,0.0,0.0,0.0,0.0,0.0,0.0,0.0
14681,Sweden,Animal fats,Losses,0.0,0.0,0.0,0.0,0.0,0.0,0.0,0.0,0.0,0.0,0.0,0.0,0.0,0.0,0.0,0.0,0.0,0.0
14682,Sweden,Animal fats,Processing,0.0,0.0,0.0,1.0,0.0,0.0,0.0,0.0,0.0,0.0,0.0,0.0,0.0,0.0,0.0,0.0,0.0,0.0
14683,Sweden,Spices,Human Consumption,5.0,5.0,5.0,4.0,5.0,6.0,7.0,7.0,8.0,7.0,8.0,9.0,9.0,9.0,9.0,9.0,9.0,9.0
14684,Sweden,Animal fats,Human Consumption,153.0,152.0,184.0,147.0,144.0,154.0,138.0,139.0,151.0,168.0,184.0,195.0,207.0,173.0,191.0,209.0,212.0,192.0
14685,Sweden,Offals,Production,37.0,37.0,28.0,31.0,31.0,27.0,27.0,29.0,29.0,26.0,28.0,32.0,41.0,43.0,63.0,69.0,77.0,74.0
14686,Sweden,Offals,Import,1.0,1.0,2.0,2.0,2.0,2.0,3.0,3.0,2.0,3.0,2.0,3.0,2.0,2.0,2.0,2.0,2.0,2.0
14687,Sweden,Offals,Stock Variation,0.0,0.0,0.0,0.0,0.0,0.0,0.0,0.0,0.0,0.0,0.0,0.0,0.0,0.0,0.0,0.0,0.0,0.0
14688,Sweden,Offals,Export,17.0,20.0,12.0,13.0,13.0,10.0,10.0,12.0,14.0,13.0,17.0,27.0,37.0,40.0,70.0,75.0,87.0,84.0
14689,Sweden,Offals,Human Consumption,21.0,19.0,18.0,19.0,20.0,19.0,20.0,19.0,17.0,16.0,14.0,8.0,7.0,6.0,4.0,4.0,2.0,2.0
14690,Sweden,Offals,Feed,0.0,0.0,0.0,0.0,0.0,0.0,0.0,0.0,0.0,0.0,0.0,0.0,0.0,0.0,0.0,0.0,0.0,0.0
14691,Sweden,Animal fats,Other uses (non-food),9.0,10.0,7.0,7.0,3.0,8.0,22.0,31.0,37.0,25.0,29.0,28.0,27.0,28.0,14.0,19.0,25.0,30.0
14692,Sweden,Offals,Losses,0.0,0.0,0.0,0.0,0.0,0.0,0.0,0.0,0.0,0.0,0.0,0.0,0.0,0.0,1.0,1.0,1.0,1.0
14693,Switzerland,Meat,Production,412.0,432.0,440.0,433.0,435.0,441.0,441.0,445.0,440.0,454.0,471.0,476.0,473.0,468.0,480.0,479.0,483.0,479.0
14694,Switzerland,Offals,Human Consumption,33.0,34.0,37.0,40.0,36.0,40.0,36.0,35.0,34.0,31.0,28.0,28.0,29.0,30.0,29.0,29.0,30.0,24.0
14695,Switzerland,Offals,Losses,0.0,0.0,0.0,0.0,0.0,0.0,0.0,0.0,0.0,0.0,0.0,0.0,0.0,0.0,2.0,2.0,2.0,2.0
14696,Switzerland,Offals,Feed,0.0,0.0,0.0,0.0,0.0,0.0,0.0,0.0,0.0,0.0,0.0,0.0,0.0,0.0,0.0,0.0,0.0,0.0
14697,Switzerland,Offals,Domestic supply,33.0,34.0,37.0,40.0,36.0,40.0,36.0,35.0,34.0,31.0,28.0,28.0,29.0,30.0,31.0,30.0,32.0,26.0
14698,Switzerland,Offals,Export,0.0,1.0,3.0,3.0,7.0,6.0,12.0,13.0,16.0,21.0,21.0,22.0,21.0,20.0,19.0,19.0,20.0,21.0
14699,Switzerland,Offals,Stock Variation,0.0,0.0,0.0,0.0,0.0,0.0,0.0,0.0,0.0,0.0,0.0,0.0,0.0,0.0,0.0,0.0,0.0,0.0
14700,Switzerland,Animal fats,Human Consumption,114.0,118.0,120.0,114.0,114.0,112.0,113.0,114.0,116.0,112.0,113.0,115.0,113.0,118.0,80.0,78.0,75.0,76.0
14701,Switzerland,Offals,Production,29.0,29.0,29.0,29.0,28.0,28.0,28.0,28.0,28.0,33.0,34.0,34.0,34.0,33.0,33.0,32.0,33.0,32.0
14702,Switzerland,Meat,Import,103.0,91.0,92.0,97.0,99.0,99.0,103.0,112.0,135.0,119.0,122.0,123.0,115.0,126.0,119.0,113.0,110.0,108.0
14703,Switzerland,Animal fats,Other uses (non-food),24.0,25.0,25.0,18.0,18.0,18.0,20.0,20.0,22.0,20.0,19.0,19.0,21.0,20.0,1.0,1.0,1.0,1.0
14704,Switzerland,Animal fats,Processing,0.0,0.0,0.0,0.0,0.0,0.0,0.0,0.0,0.0,0.0,0.0,0.0,0.0,0.0,111.0,110.0,107.0,111.0
14705,Switzerland,Animal fats,Losses,0.0,0.0,0.0,0.0,0.0,0.0,0.0,0.0,0.0,0.0,0.0,0.0,0.0,0.0,1.0,1.0,1.0,1.0
14706,Switzerland,Animal fats,Feed,0.0,0.0,1.0,1.0,0.0,0.0,1.0,1.0,1.0,1.0,1.0,1.0,1.0,1.0,1.0,1.0,1.0,1.0
14707,Switzerland,Animal fats,Domestic supply,138.0,143.0,146.0,134.0,132.0,130.0,134.0,135.0,138.0,133.0,132.0,135.0,135.0,138.0,193.0,189.0,183.0,186.0
14708,Switzerland,Animal fats,Export,2.0,6.0,7.0,6.0,7.0,11.0,10.0,10.0,9.0,15.0,13.0,19.0,19.0,9.0,10.0,12.0,17.0,14.0
14709,Switzerland,Animal fats,Stock Variation,0.0,0.0,-2.0,-2.0,-1.0,5.0,2.0,2.0,-2.0,1.0,-2.0,4.0,4.0,0.0,1.0,1.0,-2.0,-2.0
14710,Switzerland,Offals,Import,5.0,6.0,10.0,14.0,15.0,18.0,19.0,21.0,22.0,19.0,15.0,15.0,17.0,17.0,18.0,17.0,19.0,15.0
14711,Switzerland,Meat,Stock Variation,0.0,0.0,0.0,0.0,0.0,0.0,0.0,0.0,0.0,0.0,0.0,0.0,0.0,0.0,5.0,9.0,8.0,5.0
14712,Switzerland,Meat,Processing,0.0,0.0,0.0,0.0,0.0,0.0,0.0,0.0,0.0,0.0,0.0,0.0,0.0,0.0,0.0,0.0,0.0,0.0
14713,Switzerland,Meat,Domestic supply,513.0,521.0,527.0,528.0,531.0,536.0,540.0,554.0,571.0,569.0,588.0,592.0,576.0,584.0,584.0,575.0,575.0,571.0
14714,Switzerland,Spices,Domestic supply,4.0,4.0,5.0,5.0,4.0,4.0,5.0,5.0,5.0,5.0,6.0,6.0,5.0,6.0,6.0,6.0,6.0,6.0
14715,Switzerland,Animal fats,Import,22.0,31.0,30.0,21.0,20.0,20.0,26.0,27.0,23.0,18.0,19.0,22.0,19.0,20.0,15.0,15.0,14.0,14.0
14716,Switzerland,Spices,Export,0.0,0.0,0.0,0.0,1.0,1.0,1.0,0.0,0.0,0.0,0.0,0.0,0.0,0.0,0.0,0.0,1.0,1.0
14717,Switzerland,Spices,Stock Variation,0.0,0.0,0.0,0.0,0.0,0.0,0.0,0.0,0.0,0.0,0.0,0.0,0.0,0.0,1.0,1.0,1.0,1.0
14718,Switzerland,Spices,Import,5.0,4.0,5.0,5.0,5.0,5.0,5.0,5.0,6.0,6.0,6.0,6.0,6.0,6.0,7.0,7.0,7.0,8.0
14719,Switzerland,Alcoholic Beverages,Human Consumption,688.0,771.0,755.0,762.0,735.0,734.0,747.0,764.0,777.0,773.0,785.0,788.0,784.0,790.0,808.0,792.0,808.0,786.0
14720,Switzerland,Alcoholic Beverages,Other uses (non-food),26.0,30.0,27.0,32.0,27.0,38.0,47.0,36.0,37.0,39.0,46.0,43.0,48.0,41.0,48.0,62.0,79.0,74.0
14721,Switzerland,Alcoholic Beverages,Domestic supply,714.0,801.0,782.0,794.0,762.0,772.0,795.0,800.0,814.0,813.0,831.0,831.0,831.0,831.0,856.0,854.0,887.0,860.0
14722,Switzerland,Alcoholic Beverages,Export,4.0,4.0,4.0,5.0,5.0,5.0,8.0,9.0,10.0,8.0,9.0,12.0,12.0,9.0,10.0,9.0,12.0,8.0
14723,Switzerland,Alcoholic Beverages,Stock Variation,0.0,2.0,0.0,0.0,-22.0,10.0,10.0,4.0,2.0,-11.0,1.0,-11.0,-4.0,25.0,-27.0,-25.0,-24.0,-24.0
14724,Switzerland,Alcoholic Beverages,Import,280.0,305.0,305.0,308.0,301.0,309.0,326.0,333.0,336.0,348.0,366.0,370.0,378.0,378.0,389.0,397.0,412.0,406.0
14725,Switzerland,Alcoholic Beverages,Production,438.0,499.0,481.0,491.0,489.0,458.0,467.0,472.0,487.0,483.0,473.0,483.0,469.0,437.0,449.0,441.0,462.0,438.0
14726,Switzerland,Miscellaneous,Domestic supply,-16.0,-12.0,-13.0,-12.0,-11.0,-11.0,-10.0,-14.0,-20.0,-17.0,-24.0,-24.0,-31.0,-37.0,-56.0,-40.0,-66.0,-67.0
14727,Switzerland,Miscellaneous,Export,18.0,14.0,14.0,14.0,13.0,13.0,13.0,17.0,22.0,19.0,27.0,27.0,34.0,39.0,187.0,164.0,207.0,199.0
14728,Switzerland,Miscellaneous,Stock Variation,0.0,0.0,0.0,0.0,0.0,0.0,0.0,0.0,0.0,0.0,0.0,0.0,0.0,0.0,0.0,7.0,-7.0,0.0
14729,Switzerland,Miscellaneous,Import,2.0,2.0,2.0,2.0,2.0,2.0,2.0,3.0,3.0,3.0,3.0,3.0,3.0,3.0,130.0,131.0,134.0,132.0
14730,Switzerland,Meat,Human Consumption,513.0,521.0,527.0,528.0,531.0,536.0,540.0,554.0,571.0,569.0,588.0,592.0,576.0,584.0,584.0,575.0,575.0,571.0
14731,Switzerland,Meat,Export,3.0,2.0,4.0,3.0,3.0,3.0,4.0,4.0,4.0,4.0,5.0,7.0,12.0,10.0,10.0,9.0,10.0,10.0
14732,Switzerland,Miscellaneous,Human Consumption,0.0,0.0,0.0,0.0,0.0,0.0,0.0,0.0,0.0,0.0,0.0,0.0,0.0,0.0,0.0,0.0,0.0,0.0
14733,Switzerland,"Fish, Seafood",Human Consumption,113.0,118.0,113.0,115.0,118.0,118.0,127.0,131.0,136.0,140.0,142.0,142.0,135.0,144.0,139.0,143.0,147.0,143.0
14734,Switzerland,Milk - Excluding Butter,Human Consumption,2284.0,2171.0,2249.0,2291.0,2272.0,2276.0,2347.0,2389.0,2363.0,2435.0,2459.0,2503.0,2511.0,2574.0,2708.0,2693.0,2651.0,2627.0
14735,Switzerland,"Fish, Seafood",Stock Variation,0.0,0.0,0.0,0.0,0.0,0.0,0.0,0.0,0.0,0.0,-1.0,-4.0,4.0,1.0,0.0,0.0,0.0,0.0
14736,Switzerland,"Fish, Seafood",Import,145.0,154.0,148.0,144.0,147.0,147.0,151.0,147.0,148.0,152.0,154.0,156.0,142.0,151.0,148.0,151.0,151.0,146.0
14737,Switzerland,"Fish, Seafood",Production,3.0,3.0,3.0,3.0,3.0,3.0,3.0,3.0,3.0,3.0,3.0,3.0,3.0,3.0,4.0,4.0,4.0,4.0
14738,Switzerland,"Aquatic Products, Other",Human Consumption,0.0,0.0,0.0,0.0,0.0,0.0,0.0,0.0,0.0,0.0,0.0,0.0,0.0,0.0,0.0,0.0,0.0,0.0
14739,Switzerland,"Aquatic Products, Other",Other uses (non-food),0.0,0.0,0.0,0.0,0.0,0.0,0.0,0.0,0.0,0.0,0.0,0.0,0.0,0.0,0.0,0.0,0.0,0.0
14740,Switzerland,"Aquatic Products, Other",Domestic supply,0.0,0.0,0.0,0.0,0.0,0.0,0.0,0.0,0.0,0.0,0.0,0.0,0.0,0.0,0.0,0.0,1.0,0.0
14741,Switzerland,"Aquatic Products, Other",Export,0.0,0.0,0.0,0.0,0.0,0.0,0.0,0.0,0.0,0.0,0.0,0.0,0.0,0.0,0.0,0.0,0.0,0.0
14742,Switzerland,"Aquatic Products, Other",Import,0.0,0.0,0.0,0.0,0.0,0.0,0.0,0.0,0.0,0.0,0.0,0.0,0.0,0.0,0.0,0.0,1.0,0.0
14743,Switzerland,"Fish, Seafood",Export,1.0,0.0,0.0,0.0,0.0,1.0,1.0,1.0,1.0,1.0,1.0,1.0,1.0,1.0,1.0,1.0,1.0,1.0
14744,Switzerland,Cereals - Excluding Beer,Human Consumption,838.0,769.0,795.0,800.0,791.0,780.0,791.0,802.0,768.0,829.0,806.0,861.0,798.0,797.0,858.0,837.0,799.0,941.0
14745,Switzerland,Cereals - Excluding Beer,Processing,78.0,86.0,86.0,86.0,86.0,86.0,86.0,86.0,86.0,84.0,133.0,110.0,121.0,115.0,111.0,106.0,88.0,89.0
14746,Switzerland,Cereals - Excluding Beer,Losses,37.0,37.0,37.0,37.0,42.0,47.0,73.0,58.0,62.0,67.0,64.0,51.0,80.0,87.0,28.0,25.0,21.0,27.0
14747,Switzerland,Cereals - Excluding Beer,Seed,32.0,32.0,32.0,29.0,30.0,31.0,28.0,28.0,29.0,27.0,26.0,26.0,28.0,27.0,26.0,26.0,25.0,26.0
14748,Switzerland,Cereals - Excluding Beer,Feed,936.0,792.0,878.0,783.0,882.0,824.0,796.0,1044.0,1035.0,868.0,887.0,1082.0,917.0,909.0,1121.0,1017.0,984.0,1117.0
14749,Switzerland,Cereals - Excluding Beer,Domestic supply,1958.0,1755.0,1880.0,1801.0,1892.0,1805.0,1812.0,2054.0,2010.0,1932.0,1932.0,2145.0,1959.0,1950.0,2154.0,2022.0,1929.0,2211.0
14750,Switzerland,Cereals - Excluding Beer,Export,67.0,68.0,61.0,64.0,66.0,66.0,72.0,80.0,89.0,92.0,95.0,103.0,60.0,61.0,80.0,78.0,81.0,76.0
14751,Switzerland,Cereals - Excluding Beer,Stock Variation,16.0,15.0,-1.0,77.0,5.0,80.0,18.0,14.0,-3.0,1.0,20.0,7.0,4.0,1.0,-10.0,-12.0,5.0,19.0
14752,Switzerland,Cereals - Excluding Beer,Import,804.0,714.0,841.0,941.0,865.0,734.0,853.0,1110.0,1100.0,1017.0,1084.0,1268.0,1093.0,1173.0,1230.0,1178.0,1272.0,1329.0
14753,Switzerland,Cereals - Excluding Beer,Other uses (non-food),37.0,40.0,53.0,66.0,61.0,37.0,38.0,37.0,31.0,57.0,15.0,15.0,15.0,15.0,11.0,12.0,11.0,11.0
14754,Switzerland,"Fish, Seafood",Domestic supply,147.0,157.0,150.0,146.0,149.0,149.0,154.0,150.0,150.0,154.0,156.0,155.0,147.0,154.0,150.0,153.0,154.0,149.0
14755,Switzerland,"Fish, Seafood",Feed,34.0,38.0,37.0,31.0,31.0,31.0,26.0,19.0,15.0,15.0,14.0,13.0,12.0,10.0,11.0,10.0,7.0,5.0
14756,Switzerland,"Fish, Seafood",Other uses (non-food),0.0,0.0,0.0,0.0,0.0,0.0,0.0,0.0,0.0,0.0,0.0,0.0,0.0,0.0,0.0,0.0,0.0,0.0
14757,Switzerland,Milk - Excluding Butter,Other uses (non-food),419.0,579.0,631.0,586.0,619.0,605.0,633.0,592.0,616.0,574.0,502.0,495.0,520.0,476.0,510.0,501.0,493.0,467.0
14758,Switzerland,Milk - Excluding Butter,Processing,36.0,35.0,9.0,26.0,28.0,30.0,6.0,6.0,4.0,4.0,9.0,73.0,116.0,91.0,0.0,3.0,2.0,2.0
14759,Switzerland,Milk - Excluding Butter,Feed,862.0,1006.0,767.0,690.0,733.0,773.0,763.0,791.0,975.0,768.0,826.0,892.0,792.0,816.0,774.0,811.0,796.0,793.0
14760,Switzerland,Milk - Excluding Butter,Domestic supply,3601.0,3791.0,3655.0,3594.0,3652.0,3684.0,3749.0,3778.0,3957.0,3781.0,3797.0,3962.0,3939.0,3958.0,3992.0,4007.0,3943.0,3889.0
14761,Switzerland,Milk - Excluding Butter,Export,670.0,492.0,568.0,591.0,557.0,564.0,519.0,505.0,543.0,747.0,719.0,638.0,697.0,580.0,652.0,626.0,719.0,655.0
14762,Switzerland,Milk - Excluding Butter,Stock Variation,17.0,37.0,-26.0,-18.0,-23.0,-8.0,-9.0,-23.0,-12.0,-1.0,-36.0,0.0,35.0,0.0,87.0,92.0,-3.0,67.0
14763,Switzerland,Milk - Excluding Butter,Import,348.0,283.0,286.0,297.0,296.0,299.0,320.0,370.0,417.0,434.0,446.0,457.0,489.0,507.0,524.0,545.0,568.0,578.0
14764,Switzerland,Milk - Excluding Butter,Production,3907.0,3962.0,3964.0,3906.0,3936.0,3957.0,3958.0,3936.0,4097.0,4094.0,4106.0,4144.0,4112.0,4032.0,4207.0,4180.0,4091.0,4033.0
14765,Switzerland,Eggs,Human Consumption,70.0,72.0,75.0,74.0,74.0,74.0,76.0,79.0,80.0,84.0,85.0,82.0,82.0,85.0,82.0,84.0,83.0,85.0
14766,Switzerland,Eggs,Other uses (non-food),0.0,0.0,0.0,0.0,0.0,0.0,0.0,0.0,0.0,0.0,0.0,0.0,0.0,0.0,0.0,0.0,0.0,0.0
14767,Switzerland,Eggs,Losses,2.0,2.0,2.0,2.0,2.0,2.0,2.0,2.0,2.0,2.0,2.0,2.0,2.0,2.0,3.0,3.0,3.0,3.0
14768,Switzerland,Eggs,Seed,2.0,2.0,2.0,2.0,2.0,3.0,2.0,3.0,3.0,3.0,3.0,3.0,4.0,4.0,4.0,4.0,4.0,4.0
14769,Switzerland,Eggs,Feed,0.0,0.0,0.0,0.0,0.0,0.0,0.0,0.0,0.0,0.0,0.0,0.0,0.0,0.0,2.0,1.0,2.0,2.0
14770,Switzerland,Eggs,Domestic supply,74.0,75.0,78.0,78.0,79.0,79.0,80.0,84.0,85.0,89.0,91.0,87.0,88.0,91.0,91.0,92.0,92.0,94.0
14771,Switzerland,Eggs,Export,0.0,0.0,0.0,0.0,0.0,0.0,0.0,0.0,0.0,0.0,0.0,0.0,0.0,0.0,0.0,0.0,0.0,0.0
14772,Switzerland,Eggs,Stock Variation,0.0,0.0,0.0,0.0,0.0,0.0,0.0,0.0,0.0,0.0,0.0,0.0,0.0,0.0,0.0,0.0,0.0,0.0
14773,Switzerland,Eggs,Import,37.0,39.0,39.0,38.0,40.0,41.0,41.0,45.0,46.0,46.0,46.0,42.0,42.0,43.0,39.0,37.0,36.0,36.0
14774,Switzerland,Eggs,Production,36.0,36.0,39.0,40.0,38.0,38.0,39.0,39.0,39.0,43.0,45.0,46.0,46.0,49.0,52.0,55.0,56.0,58.0
14775,Switzerland,Spices,Human Consumption,4.0,4.0,5.0,5.0,4.0,4.0,5.0,5.0,5.0,5.0,6.0,6.0,5.0,6.0,6.0,6.0,6.0,6.0
14776,Switzerland,Animal fats,Production,117.0,119.0,126.0,121.0,120.0,116.0,116.0,116.0,126.0,128.0,130.0,129.0,132.0,127.0,188.0,187.0,185.0,183.0
14777,Switzerland,Stimulants,Production,0.0,0.0,0.0,0.0,0.0,0.0,0.0,0.0,0.0,0.0,0.0,0.0,0.0,0.0,0.0,0.0,0.0,0.0
14778,Switzerland,Vegetables,Losses,20.0,18.0,20.0,21.0,23.0,21.0,21.0,22.0,22.0,25.0,25.0,28.0,27.0,26.0,40.0,39.0,40.0,41.0
14779,Switzerland,Stimulants,Stock Variation,0.0,0.0,0.0,-2.0,0.0,0.0,0.0,2.0,0.0,0.0,0.0,0.0,-3.0,3.0,5.0,12.0,12.0,-1.0
14780,Switzerland,Oilcrops,Seed,0.0,0.0,0.0,0.0,0.0,0.0,0.0,0.0,0.0,0.0,0.0,0.0,0.0,0.0,0.0,0.0,0.0,0.0
14781,Switzerland,Oilcrops,Feed,2.0,7.0,2.0,4.0,11.0,4.0,2.0,2.0,5.0,7.0,9.0,8.0,6.0,7.0,7.0,8.0,12.0,12.0
14782,Switzerland,Oilcrops,Domestic supply,204.0,132.0,148.0,152.0,174.0,164.0,173.0,169.0,158.0,157.0,156.0,156.0,143.0,144.0,143.0,150.0,155.0,156.0
14783,Switzerland,Oilcrops,Export,5.0,5.0,6.0,6.0,5.0,5.0,3.0,2.0,2.0,2.0,2.0,1.0,2.0,1.0,1.0,2.0,2.0,2.0
14784,Switzerland,Oilcrops,Stock Variation,2.0,-9.0,-2.0,5.0,4.0,0.0,3.0,-3.0,-1.0,4.0,-1.0,1.0,0.0,0.0,19.0,2.0,-6.0,3.0
14785,Switzerland,Oilcrops,Import,153.0,92.0,85.0,84.0,96.0,92.0,99.0,96.0,83.0,73.0,76.0,68.0,63.0,60.0,56.0,52.0,61.0,60.0
14786,Switzerland,Oilcrops,Production,55.0,54.0,70.0,69.0,80.0,78.0,74.0,77.0,77.0,82.0,82.0,88.0,82.0,85.0,108.0,101.0,90.0,100.0
14787,Switzerland,Treenuts,Human Consumption,59.0,61.0,60.0,60.0,62.0,63.0,60.0,66.0,66.0,64.0,64.0,66.0,63.0,71.0,37.0,36.0,36.0,37.0
14788,Switzerland,Treenuts,Other uses (non-food),0.0,0.0,0.0,0.0,0.0,0.0,0.0,0.0,0.0,0.0,0.0,0.0,0.0,0.0,0.0,0.0,0.0,0.0
14789,Switzerland,Treenuts,Losses,1.0,1.0,1.0,1.0,1.0,1.0,1.0,1.0,1.0,1.0,1.0,1.0,1.0,1.0,0.0,0.0,0.0,0.0
14790,Switzerland,Treenuts,Domestic supply,60.0,62.0,61.0,60.0,63.0,63.0,61.0,67.0,67.0,65.0,65.0,67.0,64.0,72.0,37.0,36.0,36.0,38.0
14791,Switzerland,Treenuts,Export,1.0,2.0,1.0,1.0,1.0,1.0,1.0,1.0,1.0,2.0,2.0,1.0,2.0,2.0,1.0,1.0,1.0,1.0
14792,Switzerland,Treenuts,Stock Variation,0.0,0.0,0.0,0.0,0.0,0.0,0.0,0.0,0.0,0.0,0.0,0.0,0.0,0.0,0.0,1.0,1.0,1.0
14793,Switzerland,Treenuts,Import,56.0,61.0,58.0,58.0,61.0,63.0,61.0,66.0,66.0,63.0,64.0,66.0,63.0,72.0,35.0,35.0,36.0,38.0
14794,Switzerland,Treenuts,Production,4.0,3.0,4.0,3.0,3.0,1.0,2.0,3.0,2.0,3.0,3.0,3.0,3.0,2.0,3.0,3.0,3.0,3.0
14795,Switzerland,Pulses,Human Consumption,10.0,10.0,10.0,10.0,12.0,11.0,13.0,13.0,17.0,15.0,15.0,15.0,15.0,15.0,15.0,15.0,15.0,16.0
14796,Switzerland,Pulses,Processing,0.0,0.0,0.0,0.0,0.0,0.0,0.0,0.0,0.0,0.0,0.0,0.0,0.0,0.0,1.0,1.0,0.0,1.0
14797,Switzerland,Oilcrops,Losses,0.0,0.0,0.0,0.0,0.0,0.0,0.0,0.0,0.0,0.0,0.0,0.0,0.0,0.0,3.0,3.0,3.0,3.0
14798,Switzerland,Oilcrops,Processing,186.0,107.0,130.0,132.0,147.0,144.0,154.0,148.0,133.0,131.0,126.0,128.0,119.0,115.0,115.0,122.0,122.0,123.0
14799,Switzerland,Oilcrops,Other uses (non-food),0.0,0.0,0.0,0.0,0.0,0.0,0.0,0.0,0.0,0.0,0.0,0.0,0.0,0.0,0.0,0.0,0.0,0.0
14800,Switzerland,Oilcrops,Human Consumption,16.0,17.0,16.0,15.0,16.0,16.0,16.0,19.0,21.0,18.0,20.0,20.0,19.0,23.0,17.0,16.0,18.0,18.0
14801,Switzerland,Cereals - Excluding Beer,Production,1206.0,1094.0,1101.0,847.0,1089.0,1057.0,1013.0,1011.0,1001.0,1006.0,924.0,972.0,922.0,838.0,994.0,910.0,744.0,977.0
14802,Switzerland,Sugar Crops,Feed,0.0,0.0,0.0,0.0,0.0,0.0,0.0,5.0,4.0,4.0,4.0,4.0,0.0,0.0,70.0,4.0,4.0,15.0
14803,Switzerland,Sugar Crops,Domestic supply,1408.0,1055.0,1421.0,1274.0,1466.0,1409.0,1259.0,1593.0,1645.0,1747.0,1306.0,1856.0,1697.0,1391.0,2053.0,1560.0,1324.0,1628.0
14804,Switzerland,Sugar Crops,Export,0.0,0.0,0.0,0.0,0.0,0.0,0.0,0.0,0.0,0.0,0.0,0.0,0.0,0.0,0.0,0.0,0.0,0.0
14805,Switzerland,Sugar Crops,Stock Variation,0.0,0.0,0.0,0.0,0.0,0.0,0.0,0.0,0.0,0.0,0.0,0.0,0.0,0.0,-100.0,-178.0,0.0,0.0
14806,Switzerland,Sugar Crops,Import,0.0,5.0,13.0,17.0,10.0,0.0,16.0,20.0,20.0,28.0,4.0,28.0,25.0,15.0,29.0,27.0,47.0,83.0
14807,Switzerland,Sugar Crops,Production,1408.0,1050.0,1408.0,1257.0,1456.0,1409.0,1243.0,1573.0,1625.0,1720.0,1302.0,1828.0,1673.0,1376.0,1924.0,1356.0,1277.0,1545.0
14808,Switzerland,Starchy Roots,Human Consumption,422.0,327.0,325.0,326.0,310.0,302.0,279.0,296.0,331.0,341.0,342.0,332.0,354.0,331.0,330.0,315.0,336.0,339.0
14809,Switzerland,Pulses,Losses,0.0,0.0,0.0,0.0,0.0,0.0,0.0,0.0,0.0,0.0,0.0,0.0,0.0,0.0,1.0,1.0,1.0,1.0
14810,Switzerland,Starchy Roots,Other uses (non-food),204.0,170.0,159.0,127.0,80.0,128.0,145.0,66.0,121.0,130.0,7.0,14.0,1.0,4.0,2.0,0.0,1.0,1.0
14811,Switzerland,Starchy Roots,Losses,60.0,50.0,52.0,45.0,50.0,48.0,27.0,32.0,25.0,27.0,20.0,32.0,14.0,15.0,40.0,31.0,30.0,37.0
14812,Switzerland,Starchy Roots,Seed,29.0,26.0,27.0,26.0,24.0,25.0,25.0,23.0,25.0,24.0,24.0,25.0,27.0,22.0,24.0,22.0,23.0,24.0
14813,Switzerland,Starchy Roots,Feed,189.0,192.0,199.0,156.0,158.0,140.0,93.0,187.0,167.0,174.0,62.0,150.0,71.0,20.0,81.0,58.0,69.0,74.0
14814,Switzerland,Starchy Roots,Domestic supply,904.0,766.0,761.0,680.0,622.0,643.0,568.0,604.0,669.0,697.0,563.0,632.0,538.0,479.0,483.0,432.0,464.0,480.0
14815,Switzerland,Starchy Roots,Export,3.0,4.0,3.0,2.0,2.0,1.0,2.0,2.0,2.0,2.0,1.0,1.0,2.0,5.0,5.0,5.0,5.0,9.0
14816,Switzerland,Starchy Roots,Stock Variation,60.0,56.0,49.0,57.0,-26.0,7.0,-29.0,-15.0,-7.0,1.0,-3.0,-6.0,0.0,-26.0,69.0,2.0,23.0,44.0
14817,Switzerland,Starchy Roots,Import,247.0,196.0,189.0,166.0,123.0,152.0,208.0,131.0,205.0,177.0,146.0,124.0,94.0,150.0,54.0,51.0,120.0,74.0
14818,Switzerland,Starchy Roots,Production,601.0,518.0,526.0,458.0,527.0,485.0,391.0,491.0,473.0,522.0,421.0,515.0,447.0,360.0,504.0,389.0,373.0,459.0
14819,Switzerland,Starchy Roots,Processing,0.0,0.0,0.0,0.0,0.0,0.0,0.0,0.0,0.0,0.0,108.0,79.0,71.0,87.0,6.0,6.0,6.0,6.0
14820,Switzerland,Pulses,Seed,1.0,1.0,1.0,1.0,1.0,1.0,1.0,1.0,1.0,1.0,1.0,1.0,1.0,1.0,1.0,1.0,1.0,1.0
14821,Switzerland,Pulses,Feed,26.0,29.0,33.0,32.0,24.0,22.0,15.0,17.0,21.0,9.0,14.0,17.0,13.0,19.0,19.0,20.0,14.0,19.0
14822,Switzerland,Pulses,Domestic supply,36.0,41.0,45.0,44.0,37.0,35.0,30.0,32.0,38.0,25.0,30.0,33.0,28.0,35.0,36.0,37.0,31.0,37.0
14823,Switzerland,Vegetables,Feed,1.0,2.0,2.0,2.0,2.0,2.0,2.0,0.0,0.0,0.0,0.0,0.0,2.0,2.0,0.0,0.0,0.0,0.0
14824,Switzerland,Vegetables,Domestic supply,741.0,722.0,738.0,716.0,731.0,675.0,684.0,706.0,753.0,798.0,839.0,926.0,894.0,906.0,800.0,802.0,801.0,819.0
14825,Switzerland,Vegetables,Export,12.0,13.0,26.0,33.0,57.0,69.0,78.0,67.0,65.0,58.0,18.0,16.0,16.0,15.0,8.0,7.0,7.0,7.0
14826,Switzerland,Vegetables,Stock Variation,0.0,0.0,0.0,0.0,0.0,0.0,0.0,0.0,0.0,0.0,0.0,0.0,0.0,0.0,1.0,0.0,6.0,7.0
14827,Switzerland,Vegetables,Import,442.0,439.0,453.0,452.0,458.0,432.0,473.0,460.0,492.0,475.0,493.0,476.0,474.0,505.0,397.0,411.0,418.0,407.0
14828,Switzerland,Vegetables,Production,310.0,296.0,312.0,296.0,329.0,313.0,290.0,314.0,326.0,381.0,364.0,466.0,435.0,417.0,412.0,397.0,397.0,427.0
14829,Switzerland,Fruits - Excluding Wine,Human Consumption,644.0,633.0,634.0,584.0,561.0,533.0,556.0,601.0,662.0,741.0,807.0,834.0,874.0,837.0,676.0,691.0,682.0,724.0
14830,Switzerland,Fruits - Excluding Wine,Processing,194.0,184.0,173.0,156.0,177.0,164.0,155.0,161.0,165.0,168.0,160.0,159.0,159.0,135.0,254.0,216.0,255.0,219.0
14831,Switzerland,Vegetables,Other uses (non-food),0.0,0.0,0.0,0.0,0.0,0.0,0.0,0.0,0.0,0.0,0.0,0.0,0.0,0.0,0.0,0.0,0.0,0.0
14832,Switzerland,Fruits - Excluding Wine,Losses,42.0,35.0,26.0,26.0,27.0,26.0,27.0,56.0,32.0,44.0,20.0,23.0,21.0,22.0,21.0,19.0,20.0,20.0
14833,Switzerland,Fruits - Excluding Wine,Export,456.0,473.0,587.0,652.0,934.0,1098.0,929.0,675.0,689.0,456.0,122.0,55.0,74.0,139.0,69.0,30.0,24.0,20.0
14834,Switzerland,Fruits - Excluding Wine,Stock Variation,-124.0,5.0,-40.0,-95.0,-3.0,123.0,-7.0,-72.0,-15.0,-6.0,-9.0,-212.0,-11.0,-10.0,-24.0,17.0,42.0,20.0
14835,Switzerland,Fruits - Excluding Wine,Import,626.0,629.0,645.0,658.0,677.0,693.0,707.0,688.0,725.0,723.0,710.0,701.0,696.0,746.0,545.0,569.0,586.0,598.0
14836,Switzerland,Fruits - Excluding Wine,Production,708.0,466.0,513.0,460.0,551.0,439.0,485.0,533.0,508.0,506.0,408.0,582.0,443.0,398.0,451.0,405.0,436.0,405.0
14837,Switzerland,Stimulants,Human Consumption,59.0,59.0,52.0,61.0,50.0,75.0,63.0,68.0,68.0,66.0,66.0,68.0,66.0,68.0,55.0,56.0,56.0,59.0
14838,Switzerland,Stimulants,Processing,0.0,0.0,0.0,0.0,0.0,0.0,0.0,0.0,0.0,0.0,0.0,0.0,0.0,0.0,33.0,33.0,33.0,36.0
14839,Switzerland,Stimulants,Domestic supply,57.0,41.0,24.0,8.0,-16.0,13.0,-11.0,-10.0,-5.0,15.0,64.0,68.0,46.0,64.0,68.0,86.0,82.0,95.0
14840,Switzerland,Stimulants,Export,64.0,84.0,100.0,124.0,145.0,151.0,173.0,197.0,205.0,189.0,157.0,163.0,182.0,185.0,147.0,129.0,137.0,147.0
14841,Switzerland,Fruits - Excluding Wine,Domestic supply,753.0,628.0,531.0,371.0,292.0,158.0,256.0,475.0,528.0,767.0,986.0,1015.0,1054.0,995.0,951.0,927.0,957.0,963.0
14842,Switzerland,Stimulants,Import,120.0,126.0,124.0,133.0,129.0,164.0,162.0,185.0,200.0,205.0,221.0,231.0,230.0,247.0,220.0,227.0,231.0,241.0
14843,Switzerland,Vegetables,Human Consumption,719.0,702.0,716.0,693.0,705.0,652.0,660.0,684.0,730.0,773.0,814.0,898.0,866.0,878.0,760.0,763.0,761.0,778.0
14844,Switzerland,Vegetable Oils,Import,123.0,141.0,143.0,143.0,143.0,149.0,164.0,166.0,177.0,170.0,172.0,177.0,174.0,179.0,178.0,175.0,175.0,186.0
14845,Switzerland,Pulses,Stock Variation,0.0,0.0,0.0,0.0,0.0,0.0,0.0,0.0,0.0,0.0,0.0,0.0,0.0,0.0,2.0,3.0,-2.0,1.0
14846,Switzerland,Pulses,Import,28.0,30.0,29.0,27.0,21.0,17.0,11.0,13.0,22.0,10.0,15.0,17.0,14.0,22.0,21.0,23.0,18.0,21.0
14847,Switzerland,Pulses,Production,9.0,11.0,16.0,18.0,17.0,18.0,19.0,19.0,17.0,16.0,16.0,15.0,14.0,14.0,16.0,17.0,11.0,18.0
14848,Switzerland,Sugar & Sweeteners,Human Consumption,390.0,387.0,414.0,414.0,436.0,436.0,449.0,446.0,455.0,450.0,460.0,461.0,483.0,488.0,513.0,505.0,469.0,468.0
14849,Switzerland,Sugar & Sweeteners,Other uses (non-food),79.0,14.0,80.0,69.0,125.0,171.0,128.0,119.0,110.0,11.0,14.0,47.0,18.0,21.0,32.0,31.0,27.0,27.0
14850,Switzerland,Sugar & Sweeteners,Losses,0.0,0.0,0.0,0.0,0.0,0.0,0.0,0.0,0.0,0.0,0.0,0.0,0.0,0.0,0.0,0.0,0.0,0.0
14851,Switzerland,Sugar & Sweeteners,Feed,0.0,0.0,0.0,0.0,0.0,0.0,0.0,0.0,0.0,0.0,0.0,0.0,0.0,0.0,6.0,4.0,6.0,5.0
14852,Switzerland,Sugar & Sweeteners,Domestic supply,469.0,401.0,493.0,483.0,561.0,607.0,576.0,565.0,565.0,461.0,474.0,507.0,501.0,509.0,550.0,540.0,502.0,498.0
14853,Switzerland,Vegetable Oils,Production,60.0,42.0,51.0,55.0,58.0,61.0,63.0,64.0,58.0,56.0,58.0,56.0,58.0,53.0,79.0,82.0,82.0,80.0
14854,Switzerland,Sugar & Sweeteners,Export,50.0,44.0,41.0,42.0,44.0,49.0,88.0,98.0,140.0,139.0,148.0,157.0,172.0,180.0,841.0,869.0,858.0,851.0
14855,Switzerland,Sugar & Sweeteners,Import,296.0,285.0,330.0,361.0,413.0,447.0,434.0,466.0,395.0,310.0,230.0,270.0,248.0,325.0,518.0,512.0,496.0,497.0
14856,Switzerland,Sugar & Sweeteners,Production,241.0,182.0,225.0,189.0,223.0,250.0,207.0,284.0,284.0,317.0,290.0,358.0,317.0,279.0,937.0,932.0,841.0,847.0
14857,Switzerland,Vegetable Oils,Human Consumption,119.0,115.0,129.0,131.0,131.0,134.0,146.0,140.0,151.0,152.0,150.0,156.0,151.0,154.0,167.0,174.0,168.0,167.0
14858,Switzerland,Vegetable Oils,Other uses (non-food),26.0,54.0,51.0,50.0,53.0,56.0,62.0,64.0,57.0,52.0,55.0,53.0,49.0,52.0,60.0,51.0,48.0,54.0
14859,Switzerland,Vegetable Oils,Processing,9.0,9.0,9.0,10.0,10.0,13.0,13.0,14.0,14.0,13.0,14.0,14.0,14.0,15.0,21.0,22.0,23.0,19.0
14860,Switzerland,Vegetable Oils,Domestic supply,154.0,178.0,189.0,191.0,194.0,203.0,221.0,218.0,222.0,217.0,220.0,224.0,214.0,221.0,246.0,246.0,239.0,240.0
14861,Switzerland,Vegetable Oils,Export,29.0,5.0,5.0,8.0,6.0,7.0,6.0,7.0,7.0,8.0,13.0,15.0,14.0,19.0,8.0,7.0,7.0,9.0
14862,Switzerland,Vegetable Oils,Stock Variation,0.0,0.0,0.0,0.0,0.0,0.0,0.0,-6.0,-6.0,-2.0,2.0,6.0,-3.0,9.0,3.0,3.0,11.0,16.0
14863,Switzerland,Sugar & Sweeteners,Stock Variation,-18.0,-23.0,-19.0,-25.0,-31.0,-42.0,23.0,-87.0,26.0,-26.0,102.0,36.0,108.0,85.0,63.0,35.0,-22.0,-4.0
14864,Switzerland,Pulses,Export,0.0,0.0,0.0,1.0,0.0,0.0,0.0,0.0,0.0,0.0,0.0,0.0,0.0,0.0,0.0,0.0,0.0,0.0
14865,Switzerland,Sugar Crops,Processing,1408.0,1055.0,1421.0,1274.0,1466.0,1409.0,1259.0,1588.0,1641.0,1744.0,1302.0,1853.0,1697.0,1391.0,1887.0,1917.0,1433.0,1536.0
14866,Switzerland,Sugar Crops,Losses,0.0,0.0,0.0,0.0,0.0,0.0,0.0,0.0,0.0,0.0,0.0,0.0,0.0,0.0,96.0,68.0,64.0,77.0
14867,Tajikistan,Offals,Production,5.0,6.0,7.0,8.0,9.0,10.0,10.0,10.0,11.0,11.0,12.0,13.0,13.0,15.0,17.0,18.0,19.0,20.0
14868,Tajikistan,Miscellaneous,Stock Variation,0.0,0.0,0.0,0.0,0.0,0.0,0.0,0.0,0.0,0.0,0.0,0.0,0.0,0.0,0.0,0.0,0.0,0.0
14869,Tajikistan,Miscellaneous,Import,0.0,0.0,0.0,0.0,0.0,0.0,0.0,0.0,0.0,0.0,0.0,0.0,0.0,0.0,19.0,21.0,19.0,20.0
14870,Tajikistan,Miscellaneous,Production,0.0,0.0,0.0,0.0,0.0,0.0,0.0,0.0,0.0,0.0,0.0,0.0,0.0,0.0,0.0,0.0,0.0,0.0
14871,Tajikistan,Meat,Human Consumption,55.0,52.0,60.0,63.0,60.0,70.0,65.0,88.0,103.0,103.0,104.0,109.0,268.0,286.0,129.0,135.0,135.0,146.0
14872,Tajikistan,Meat,Other uses (non-food),0.0,0.0,0.0,0.0,0.0,0.0,0.0,0.0,0.0,0.0,0.0,0.0,0.0,0.0,4.0,4.0,0.0,0.0
14873,Tajikistan,Meat,Processing,0.0,0.0,0.0,0.0,0.0,0.0,0.0,0.0,0.0,0.0,0.0,0.0,0.0,0.0,0.0,0.0,0.0,0.0
14874,Tajikistan,Meat,Losses,0.0,0.0,0.0,0.0,0.0,0.0,0.0,0.0,0.0,0.0,0.0,0.0,0.0,0.0,5.0,5.0,5.0,6.0
14875,Tajikistan,Meat,Seed,0.0,0.0,0.0,0.0,0.0,0.0,0.0,0.0,0.0,0.0,0.0,0.0,0.0,0.0,0.0,0.0,0.0,0.0
14876,Tajikistan,Meat,Feed,0.0,0.0,0.0,0.0,0.0,0.0,0.0,0.0,0.0,0.0,0.0,0.0,0.0,0.0,0.0,0.0,0.0,0.0
14877,Tajikistan,Meat,Domestic supply,55.0,52.0,60.0,63.0,60.0,70.0,65.0,88.0,103.0,103.0,104.0,109.0,268.0,286.0,134.0,140.0,140.0,152.0
14878,Tajikistan,Meat,Export,0.0,0.0,0.0,0.0,0.0,0.0,0.0,0.0,0.0,0.0,0.0,0.0,0.0,0.0,1.0,0.0,0.0,0.0
14879,Tajikistan,Meat,Stock Variation,0.0,0.0,0.0,0.0,0.0,0.0,0.0,0.0,0.0,0.0,0.0,0.0,0.0,0.0,5.0,3.0,1.0,1.0
14880,Tajikistan,Meat,Import,27.0,21.0,23.0,17.0,10.0,14.0,9.0,28.0,39.0,32.0,31.0,31.0,27.0,27.0,41.0,38.0,32.0,39.0
14881,Tajikistan,Meat,Production,29.0,31.0,37.0,47.0,51.0,56.0,56.0,60.0,65.0,70.0,73.0,78.0,241.0,259.0,99.0,104.0,109.0,114.0
14882,Tajikistan,Offals,Human Consumption,5.0,6.0,7.0,8.0,9.0,10.0,10.0,10.0,11.0,11.0,12.0,13.0,13.0,15.0,18.0,18.0,20.0,21.0
14883,Tajikistan,Offals,Other uses (non-food),0.0,0.0,0.0,0.0,0.0,0.0,0.0,0.0,0.0,0.0,0.0,0.0,0.0,0.0,0.0,0.0,0.0,0.0
14884,Tajikistan,Offals,Processing,0.0,0.0,0.0,0.0,0.0,0.0,0.0,0.0,0.0,0.0,0.0,0.0,0.0,0.0,0.0,0.0,0.0,0.0
14885,Tajikistan,Offals,Losses,0.0,0.0,0.0,0.0,0.0,0.0,0.0,0.0,0.0,0.0,0.0,0.0,0.0,0.0,0.0,0.0,0.0,0.0
14886,Tajikistan,Offals,Seed,0.0,0.0,0.0,0.0,0.0,0.0,0.0,0.0,0.0,0.0,0.0,0.0,0.0,0.0,0.0,0.0,0.0,0.0
14887,Tajikistan,Offals,Feed,0.0,0.0,0.0,0.0,0.0,0.0,0.0,0.0,0.0,0.0,0.0,0.0,0.0,0.0,0.0,0.0,0.0,0.0
14888,Tajikistan,Offals,Domestic supply,5.0,6.0,7.0,8.0,9.0,10.0,10.0,10.0,11.0,11.0,12.0,13.0,13.0,15.0,18.0,19.0,20.0,21.0
14889,Tajikistan,Offals,Export,0.0,0.0,0.0,0.0,0.0,0.0,0.0,0.0,0.0,0.0,0.0,0.0,0.0,0.0,0.0,0.0,0.0,0.0
14890,Tajikistan,Offals,Stock Variation,0.0,0.0,0.0,0.0,0.0,0.0,0.0,0.0,0.0,0.0,0.0,0.0,0.0,0.0,0.0,0.0,0.0,0.0
14891,Tajikistan,Miscellaneous,Export,0.0,0.0,0.0,0.0,0.0,0.0,0.0,0.0,0.0,0.0,0.0,0.0,0.0,0.0,0.0,0.0,0.0,0.0
14892,Tajikistan,Miscellaneous,Domestic supply,0.0,0.0,0.0,0.0,0.0,0.0,0.0,0.0,0.0,0.0,0.0,0.0,0.0,0.0,19.0,21.0,19.0,20.0
14893,Tajikistan,Miscellaneous,Feed,0.0,0.0,0.0,0.0,0.0,0.0,0.0,0.0,0.0,0.0,0.0,0.0,0.0,0.0,0.0,0.0,0.0,0.0
14894,Tajikistan,Miscellaneous,Seed,0.0,0.0,0.0,0.0,0.0,0.0,0.0,0.0,0.0,0.0,0.0,0.0,0.0,0.0,0.0,0.0,0.0,0.0
14895,Tajikistan,Spices,Other uses (non-food),0.0,0.0,0.0,0.0,0.0,0.0,0.0,0.0,0.0,0.0,0.0,0.0,0.0,0.0,0.0,0.0,0.0,0.0
14896,Tajikistan,Spices,Processing,0.0,0.0,0.0,0.0,0.0,0.0,0.0,0.0,0.0,0.0,0.0,0.0,0.0,0.0,0.0,0.0,0.0,0.0
14897,Tajikistan,Spices,Losses,0.0,0.0,0.0,0.0,0.0,0.0,0.0,0.0,0.0,0.0,0.0,0.0,0.0,0.0,0.0,0.0,0.0,0.0
14898,Tajikistan,Spices,Seed,0.0,0.0,0.0,0.0,0.0,0.0,0.0,0.0,0.0,0.0,0.0,0.0,0.0,0.0,0.0,0.0,0.0,0.0
14899,Tajikistan,Spices,Feed,0.0,0.0,0.0,0.0,0.0,0.0,0.0,0.0,0.0,0.0,0.0,0.0,0.0,0.0,0.0,0.0,0.0,0.0
14900,Tajikistan,Spices,Domestic supply,0.0,0.0,0.0,0.0,0.0,0.0,0.0,0.0,0.0,0.0,0.0,0.0,0.0,0.0,0.0,0.0,1.0,3.0
14901,Tajikistan,Spices,Export,0.0,0.0,0.0,0.0,0.0,0.0,0.0,0.0,0.0,0.0,0.0,0.0,0.0,0.0,0.0,0.0,0.0,0.0
14902,Tajikistan,Spices,Stock Variation,0.0,0.0,0.0,0.0,0.0,0.0,0.0,0.0,0.0,0.0,0.0,0.0,0.0,0.0,0.0,0.0,0.0,0.0
14903,Tajikistan,Spices,Import,0.0,0.0,0.0,0.0,0.0,0.0,0.0,0.0,0.0,0.0,0.0,0.0,0.0,0.0,0.0,0.0,0.0,0.0
14904,Tajikistan,Spices,Production,0.0,0.0,0.0,0.0,0.0,0.0,0.0,0.0,0.0,0.0,0.0,0.0,0.0,0.0,0.0,0.0,1.0,3.0
14905,Tajikistan,Alcoholic Beverages,Human Consumption,6.0,13.0,11.0,6.0,7.0,10.0,12.0,10.0,7.0,6.0,6.0,7.0,10.0,13.0,10.0,10.0,12.0,14.0
14906,Tajikistan,Offals,Import,0.0,0.0,0.0,0.0,0.0,0.0,0.0,0.0,0.0,0.0,0.0,0.0,0.0,0.0,0.0,0.0,0.0,0.0
14907,Tajikistan,Alcoholic Beverages,Other uses (non-food),0.0,0.0,0.0,0.0,0.0,0.0,0.0,0.0,0.0,0.0,0.0,0.0,0.0,0.0,0.0,0.0,0.0,0.0
14908,Tajikistan,Alcoholic Beverages,Losses,0.0,0.0,0.0,0.0,0.0,0.0,0.0,0.0,0.0,0.0,0.0,0.0,0.0,0.0,0.0,0.0,0.0,0.0
14909,Tajikistan,Alcoholic Beverages,Seed,0.0,0.0,0.0,0.0,0.0,0.0,0.0,0.0,0.0,0.0,0.0,0.0,0.0,0.0,0.0,0.0,0.0,0.0
14910,Tajikistan,Alcoholic Beverages,Feed,0.0,0.0,0.0,0.0,0.0,0.0,0.0,0.0,0.0,0.0,0.0,0.0,0.0,0.0,0.0,0.0,0.0,0.0
14911,Tajikistan,Alcoholic Beverages,Domestic supply,6.0,13.0,11.0,6.0,7.0,10.0,12.0,10.0,7.0,6.0,6.0,7.0,10.0,13.0,10.0,10.0,12.0,14.0
14912,Tajikistan,Alcoholic Beverages,Export,1.0,0.0,0.0,0.0,0.0,0.0,0.0,0.0,0.0,0.0,0.0,0.0,0.0,0.0,0.0,0.0,0.0,0.0
14913,Tajikistan,Alcoholic Beverages,Stock Variation,0.0,0.0,0.0,0.0,0.0,0.0,0.0,0.0,0.0,0.0,0.0,0.0,0.0,0.0,0.0,0.0,0.0,0.0
14914,Tajikistan,Alcoholic Beverages,Import,1.0,4.0,1.0,0.0,2.0,6.0,9.0,7.0,4.0,3.0,3.0,4.0,7.0,10.0,6.0,6.0,8.0,10.0
14915,Tajikistan,Alcoholic Beverages,Production,6.0,9.0,10.0,6.0,5.0,4.0,3.0,3.0,3.0,3.0,3.0,3.0,3.0,3.0,4.0,3.0,4.0,4.0
14916,Tajikistan,Miscellaneous,Human Consumption,0.0,0.0,0.0,0.0,0.0,0.0,0.0,0.0,0.0,0.0,0.0,0.0,0.0,0.0,19.0,21.0,19.0,20.0
14917,Tajikistan,Miscellaneous,Other uses (non-food),0.0,0.0,0.0,0.0,0.0,0.0,0.0,0.0,0.0,0.0,0.0,0.0,0.0,0.0,0.0,0.0,0.0,0.0
14918,Tajikistan,Miscellaneous,Processing,0.0,0.0,0.0,0.0,0.0,0.0,0.0,0.0,0.0,0.0,0.0,0.0,0.0,0.0,0.0,0.0,0.0,0.0
14919,Tajikistan,Alcoholic Beverages,Processing,0.0,0.0,0.0,0.0,0.0,0.0,0.0,0.0,0.0,0.0,0.0,0.0,0.0,0.0,0.0,0.0,0.0,0.0
14920,Tajikistan,Animal fats,Human Consumption,0.0,0.0,0.0,0.0,1.0,1.0,1.0,1.0,1.0,1.0,1.0,1.0,0.0,0.0,0.0,1.0,0.0,0.0
14921,Tajikistan,Animal fats,Other uses (non-food),1.0,1.0,1.0,2.0,2.0,2.0,2.0,2.0,3.0,3.0,3.0,3.0,3.0,3.0,4.0,4.0,4.0,4.0
14922,Tajikistan,Animal fats,Processing,0.0,0.0,0.0,0.0,0.0,0.0,0.0,0.0,0.0,0.0,0.0,0.0,0.0,0.0,0.0,0.0,0.0,0.0
14923,Tajikistan,Eggs,Import,1.0,1.0,1.0,3.0,3.0,5.0,10.0,5.0,6.0,4.0,6.0,3.0,2.0,1.0,2.0,2.0,3.0,9.0
14924,Tajikistan,Eggs,Production,2.0,2.0,3.0,3.0,4.0,6.0,6.0,6.0,8.0,11.0,13.0,14.0,16.0,19.0,18.0,20.0,19.0,19.0
14925,Tajikistan,"Fish, Seafood",Human Consumption,0.0,1.0,1.0,1.0,1.0,1.0,2.0,2.0,3.0,3.0,3.0,4.0,4.0,4.0,5.0,5.0,3.0,3.0
14926,Tajikistan,"Fish, Seafood",Other uses (non-food),0.0,0.0,0.0,0.0,0.0,0.0,0.0,0.0,0.0,0.0,0.0,0.0,0.0,0.0,0.0,0.0,0.0,0.0
14927,Tajikistan,"Fish, Seafood",Feed,0.0,0.0,0.0,0.0,1.0,0.0,1.0,0.0,2.0,1.0,1.0,1.0,1.0,1.0,0.0,1.0,0.0,0.0
14928,Tajikistan,"Fish, Seafood",Domestic supply,0.0,1.0,1.0,1.0,2.0,1.0,4.0,3.0,4.0,3.0,4.0,5.0,5.0,5.0,5.0,5.0,3.0,3.0
14929,Tajikistan,"Fish, Seafood",Import,0.0,0.0,1.0,1.0,2.0,1.0,3.0,2.0,4.0,2.0,3.0,3.0,3.0,3.0,4.0,4.0,2.0,2.0
14930,Tajikistan,"Fish, Seafood",Production,0.0,0.0,0.0,0.0,0.0,0.0,0.0,0.0,0.0,1.0,1.0,1.0,1.0,1.0,2.0,2.0,2.0,2.0
14931,Tajikistan,"Aquatic Products, Other",Human Consumption,0.0,0.0,0.0,0.0,0.0,0.0,0.0,0.0,0.0,0.0,0.0,0.0,0.0,0.0,0.0,0.0,0.0,0.0
14932,Tajikistan,"Aquatic Products, Other",Other uses (non-food),0.0,0.0,0.0,0.0,0.0,0.0,0.0,0.0,0.0,0.0,0.0,0.0,0.0,0.0,0.0,0.0,0.0,0.0
14933,Tajikistan,"Aquatic Products, Other",Domestic supply,0.0,0.0,0.0,0.0,0.0,0.0,0.0,0.0,0.0,0.0,0.0,0.0,0.0,0.0,0.0,0.0,0.0,0.0
14934,Tajikistan,"Aquatic Products, Other",Import,0.0,0.0,0.0,0.0,0.0,0.0,0.0,0.0,0.0,0.0,0.0,0.0,0.0,0.0,0.0,0.0,0.0,0.0
14935,Tajikistan,Cereals - Excluding Beer,Human Consumption,1031.0,1030.0,1026.0,1037.0,1052.0,1104.0,1121.0,1132.0,1103.0,1146.0,1178.0,1108.0,1187.0,1241.0,1228.0,1245.0,1275.0,1285.0
14936,Tajikistan,Cereals - Excluding Beer,Other uses (non-food),0.0,0.0,0.0,0.0,0.0,5.0,6.0,6.0,6.0,5.0,5.0,5.0,5.0,5.0,5.0,5.0,7.0,7.0
14937,Tajikistan,Cereals - Excluding Beer,Processing,0.0,0.0,0.0,0.0,0.0,0.0,0.0,0.0,0.0,0.0,0.0,0.0,0.0,0.0,0.0,0.0,0.0,0.0
14938,Tajikistan,Cereals - Excluding Beer,Losses,60.0,57.0,54.0,53.0,51.0,61.0,62.0,61.0,61.0,92.0,90.0,86.0,98.0,99.0,61.0,64.0,66.0,66.0
14939,Tajikistan,Cereals - Excluding Beer,Seed,34.0,36.0,41.0,40.0,41.0,41.0,36.0,43.0,47.0,45.0,41.0,40.0,43.0,40.0,27.0,26.0,27.0,26.0
14940,Tajikistan,Cereals - Excluding Beer,Feed,26.0,15.0,23.0,123.0,187.0,440.0,495.0,614.0,684.0,848.0,976.0,939.0,1032.0,958.0,953.0,1002.0,1096.0,1140.0
14941,Tajikistan,Cereals - Excluding Beer,Domestic supply,1151.0,1139.0,1144.0,1252.0,1331.0,1651.0,1720.0,1857.0,1901.0,2136.0,2291.0,2178.0,2365.0,2344.0,2272.0,2340.0,2470.0,2522.0
14942,Tajikistan,Cereals - Excluding Beer,Export,0.0,3.0,0.0,0.0,4.0,4.0,2.0,2.0,2.0,5.0,3.0,5.0,5.0,2.0,10.0,13.0,10.0,11.0
14943,Tajikistan,Cereals - Excluding Beer,Stock Variation,224.0,323.0,1.0,-1.0,0.0,-16.0,16.0,-1.0,1.0,-201.0,-20.0,176.0,-52.0,55.0,31.0,66.0,78.0,8.0
14944,Tajikistan,Cereals - Excluding Beer,Import,410.0,354.0,472.0,407.0,492.0,789.0,829.0,970.0,1010.0,963.0,956.0,997.0,1274.0,988.0,1056.0,1096.0,1191.0,1177.0
14945,Tajikistan,Cereals - Excluding Beer,Production,518.0,464.0,671.0,846.0,843.0,882.0,877.0,889.0,892.0,1379.0,1357.0,1009.0,1148.0,1303.0,1258.0,1324.0,1367.0,1365.0
14946,Tajikistan,Eggs,Stock Variation,0.0,0.0,0.0,0.0,0.0,0.0,0.0,0.0,0.0,0.0,0.0,0.0,0.0,0.0,0.0,0.0,0.0,0.0
14947,Tajikistan,Eggs,Export,0.0,0.0,0.0,0.0,0.0,0.0,0.0,0.0,0.0,0.0,0.0,0.0,0.0,0.0,0.0,0.0,0.0,0.0
14948,Tajikistan,Eggs,Domestic supply,2.0,3.0,3.0,6.0,8.0,10.0,16.0,11.0,14.0,14.0,19.0,18.0,18.0,20.0,20.0,22.0,22.0,28.0
14949,Tajikistan,Eggs,Feed,0.0,0.0,0.0,0.0,0.0,0.0,0.0,0.0,0.0,0.0,0.0,0.0,0.0,0.0,2.0,1.0,2.0,0.0
14950,Tajikistan,Animal fats,Losses,0.0,0.0,0.0,0.0,0.0,0.0,0.0,0.0,0.0,0.0,0.0,0.0,0.0,0.0,0.0,0.0,0.0,0.0
14951,Tajikistan,Animal fats,Seed,0.0,0.0,0.0,0.0,0.0,0.0,0.0,0.0,0.0,0.0,0.0,0.0,0.0,0.0,0.0,0.0,0.0,0.0
14952,Tajikistan,Animal fats,Feed,0.0,0.0,0.0,0.0,0.0,0.0,0.0,0.0,0.0,0.0,0.0,0.0,0.0,0.0,0.0,0.0,0.0,0.0
14953,Tajikistan,Animal fats,Domestic supply,1.0,1.0,2.0,2.0,2.0,3.0,3.0,3.0,4.0,4.0,4.0,4.0,3.0,4.0,5.0,5.0,5.0,5.0
14954,Tajikistan,Animal fats,Export,0.0,0.0,0.0,0.0,0.0,0.0,0.0,0.0,0.0,0.0,0.0,0.0,0.0,0.0,0.0,0.0,0.0,0.0
14955,Tajikistan,Animal fats,Stock Variation,0.0,0.0,0.0,0.0,0.0,0.0,0.0,0.0,0.0,0.0,0.0,0.0,0.0,0.0,0.0,0.0,0.0,0.0
14956,Tajikistan,Animal fats,Import,0.0,0.0,0.0,0.0,0.0,1.0,1.0,1.0,1.0,1.0,1.0,1.0,0.0,0.0,1.0,1.0,1.0,1.0
14957,Tajikistan,Animal fats,Production,1.0,1.0,1.0,2.0,2.0,2.0,2.0,2.0,3.0,3.0,3.0,3.0,3.0,3.0,4.0,4.0,4.0,4.0
14958,Tajikistan,Milk - Excluding Butter,Human Consumption,310.0,348.0,360.0,359.0,357.0,368.0,444.0,387.0,391.0,393.0,405.0,413.0,426.0,448.0,453.0,484.0,486.0,503.0
14959,Tajikistan,Milk - Excluding Butter,Other uses (non-food),0.0,0.0,0.0,0.0,0.0,0.0,0.0,0.0,0.0,0.0,0.0,0.0,0.0,0.0,0.0,0.0,0.0,0.0
14960,Tajikistan,Milk - Excluding Butter,Processing,0.0,0.0,0.0,0.0,0.0,0.0,0.0,0.0,0.0,0.0,0.0,0.0,0.0,0.0,0.0,0.0,0.0,0.0
14961,Tajikistan,Spices,Human Consumption,0.0,0.0,0.0,0.0,0.0,0.0,0.0,0.0,0.0,0.0,0.0,0.0,0.0,0.0,0.0,0.0,1.0,3.0
14962,Tajikistan,Milk - Excluding Butter,Losses,0.0,0.0,0.0,0.0,0.0,0.0,0.0,0.0,0.0,0.0,0.0,0.0,0.0,0.0,46.0,48.0,49.0,52.0
14963,Tajikistan,Milk - Excluding Butter,Feed,2.0,47.0,78.0,124.0,136.0,170.0,107.0,201.0,215.0,242.0,259.0,287.0,357.0,387.0,436.0,447.0,459.0,497.0
14964,Tajikistan,Milk - Excluding Butter,Domestic supply,312.0,395.0,439.0,484.0,493.0,538.0,551.0,588.0,605.0,634.0,664.0,700.0,783.0,835.0,934.0,979.0,993.0,1052.0
14965,Tajikistan,Milk - Excluding Butter,Export,0.0,0.0,0.0,0.0,0.0,0.0,0.0,0.0,0.0,0.0,0.0,0.0,0.0,0.0,0.0,0.0,0.0,0.0
14966,Tajikistan,Milk - Excluding Butter,Stock Variation,1.0,0.0,0.0,0.0,-1.0,-1.0,0.0,1.0,1.0,1.0,0.0,0.0,0.0,0.0,0.0,0.0,0.0,0.0
14967,Tajikistan,Milk - Excluding Butter,Import,1.0,13.0,8.0,24.0,4.0,6.0,6.0,4.0,4.0,4.0,3.0,4.0,5.0,6.0,15.0,13.0,14.0,12.0
14968,Tajikistan,Milk - Excluding Butter,Production,310.0,383.0,431.0,459.0,490.0,533.0,545.0,584.0,601.0,630.0,661.0,696.0,778.0,828.0,920.0,966.0,979.0,1041.0
14969,Tajikistan,Eggs,Human Consumption,2.0,3.0,3.0,6.0,8.0,10.0,10.0,11.0,13.0,13.0,14.0,14.0,14.0,14.0,14.0,16.0,15.0,22.0
14970,Tajikistan,Eggs,Other uses (non-food),0.0,0.0,0.0,0.0,0.0,0.0,6.0,1.0,1.0,1.0,5.0,3.0,3.0,6.0,3.0,4.0,4.0,5.0
14971,Tajikistan,Eggs,Processing,0.0,0.0,0.0,0.0,0.0,0.0,0.0,0.0,0.0,0.0,0.0,0.0,0.0,0.0,0.0,0.0,0.0,0.0
14972,Tajikistan,Eggs,Losses,0.0,0.0,0.0,0.0,0.0,0.0,0.0,0.0,0.0,0.0,0.0,0.0,0.0,0.0,1.0,1.0,1.0,1.0
14973,Tajikistan,Eggs,Seed,0.0,0.0,0.0,0.0,0.0,0.0,0.0,0.0,0.0,0.0,0.0,0.0,1.0,0.0,0.0,0.0,0.0,0.0
14974,Tajikistan,Milk - Excluding Butter,Seed,0.0,0.0,0.0,0.0,0.0,0.0,0.0,0.0,0.0,0.0,0.0,0.0,0.0,0.0,0.0,0.0,0.0,0.0
14975,Tajikistan,Stimulants,Production,0.0,0.0,0.0,0.0,0.0,0.0,0.0,0.0,0.0,0.0,0.0,0.0,0.0,0.0,0.0,0.0,0.0,0.0
14976,Tajikistan,Miscellaneous,Losses,0.0,0.0,0.0,0.0,0.0,0.0,0.0,0.0,0.0,0.0,0.0,0.0,0.0,0.0,0.0,0.0,0.0,0.0
14977,Tajikistan,Stimulants,Stock Variation,0.0,0.0,0.0,0.0,0.0,0.0,0.0,0.0,0.0,0.0,0.0,0.0,0.0,0.0,0.0,0.0,0.0,0.0
14978,Tajikistan,Stimulants,Import,3.0,5.0,5.0,6.0,8.0,10.0,9.0,10.0,11.0,14.0,14.0,17.0,17.0,15.0,5.0,4.0,5.0,5.0
14979,Tajikistan,Oilcrops,Export,0.0,0.0,0.0,0.0,0.0,0.0,0.0,0.0,1.0,0.0,1.0,1.0,1.0,2.0,2.0,3.0,3.0,1.0
14980,Tajikistan,Oilcrops,Stock Variation,0.0,0.0,0.0,-37.0,-58.0,20.0,0.0,0.0,-1.0,1.0,-4.0,-1.0,5.0,0.0,11.0,3.0,7.0,9.0
14981,Tajikistan,Oilcrops,Import,0.0,0.0,0.0,0.0,0.0,0.0,0.0,0.0,0.0,0.0,0.0,0.0,0.0,0.0,10.0,9.0,10.0,23.0
14982,Tajikistan,Oilcrops,Production,194.0,262.0,299.0,312.0,316.0,254.0,250.0,237.0,199.0,171.0,183.0,240.0,240.0,242.0,225.0,173.0,181.0,242.0
14983,Tajikistan,Treenuts,Human Consumption,5.0,5.0,6.0,6.0,7.0,7.0,6.0,6.0,6.0,6.0,6.0,6.0,6.0,6.0,6.0,6.0,6.0,6.0
14984,Tajikistan,Treenuts,Other uses (non-food),0.0,0.0,0.0,0.0,0.0,0.0,0.0,0.0,0.0,0.0,0.0,0.0,0.0,0.0,0.0,0.0,0.0,0.0
14985,Tajikistan,Treenuts,Processing,0.0,0.0,0.0,0.0,0.0,0.0,0.0,0.0,0.0,0.0,0.0,0.0,0.0,0.0,0.0,0.0,0.0,0.0
14986,Tajikistan,Treenuts,Losses,0.0,0.0,0.0,0.0,0.0,0.0,0.0,0.0,0.0,0.0,0.0,0.0,0.0,0.0,0.0,0.0,0.0,0.0
14987,Tajikistan,Treenuts,Seed,0.0,0.0,0.0,0.0,0.0,0.0,0.0,0.0,0.0,0.0,0.0,0.0,0.0,0.0,0.0,0.0,0.0,0.0
14988,Tajikistan,Treenuts,Feed,0.0,0.0,0.0,0.0,0.0,0.0,0.0,0.0,0.0,0.0,0.0,0.0,0.0,0.0,0.0,0.0,0.0,0.0
14989,Tajikistan,Oilcrops,Feed,57.0,104.0,138.0,100.0,64.0,109.0,124.0,94.0,92.0,87.0,86.0,138.0,119.0,135.0,126.0,94.0,96.0,137.0
14990,Tajikistan,Treenuts,Domestic supply,5.0,5.0,6.0,6.0,7.0,7.0,6.0,6.0,6.0,6.0,6.0,6.0,6.0,6.0,2.0,2.0,4.0,4.0
14991,Tajikistan,Treenuts,Stock Variation,0.0,0.0,0.0,0.0,0.0,0.0,0.0,0.0,0.0,0.0,0.0,0.0,0.0,0.0,0.0,0.0,0.0,0.0
14992,Tajikistan,Treenuts,Import,0.0,0.0,0.0,0.0,0.0,0.0,0.0,0.0,0.0,0.0,0.0,0.0,0.0,0.0,0.0,1.0,0.0,0.0
14993,Tajikistan,Treenuts,Production,6.0,7.0,6.0,6.0,7.0,7.0,6.0,6.0,6.0,6.0,6.0,6.0,6.0,6.0,7.0,6.0,6.0,10.0
14994,Tajikistan,Pulses,Human Consumption,2.0,2.0,3.0,5.0,4.0,6.0,7.0,7.0,9.0,8.0,9.0,22.0,18.0,18.0,13.0,23.0,24.0,24.0
14995,Tajikistan,Pulses,Other uses (non-food),0.0,0.0,0.0,0.0,0.0,0.0,0.0,0.0,0.0,0.0,0.0,0.0,0.0,0.0,0.0,0.0,0.0,0.0
14996,Tajikistan,Pulses,Processing,0.0,0.0,0.0,0.0,0.0,0.0,0.0,0.0,0.0,0.0,0.0,0.0,0.0,0.0,0.0,0.0,0.0,0.0
14997,Tajikistan,Pulses,Losses,0.0,0.0,0.0,0.0,1.0,0.0,0.0,0.0,0.0,1.0,1.0,1.0,1.0,1.0,3.0,3.0,3.0,4.0
14998,Tajikistan,Pulses,Seed,1.0,1.0,1.0,0.0,1.0,1.0,1.0,1.0,1.0,1.0,1.0,1.0,1.0,1.0,1.0,1.0,1.0,1.0
14999,Tajikistan,Pulses,Feed,3.0,3.0,10.0,13.0,26.0,26.0,16.0,22.0,33.0,44.0,50.0,54.0,44.0,49.0,54.0,50.0,41.0,49.0
15000,Tajikistan,Pulses,Domestic supply,5.0,7.0,14.0,18.0,31.0,33.0,24.0,30.0,43.0,53.0,60.0,77.0,63.0,69.0,71.0,77.0,70.0,78.0
15001,Tajikistan,Pulses,Export,0.0,3.0,0.0,0.0,0.0,0.0,0.0,0.0,0.0,0.0,0.0,0.0,0.0,0.0,1.0,1.0,1.0,1.0
15002,Tajikistan,Treenuts,Export,1.0,2.0,0.0,0.0,0.0,0.0,0.0,0.0,0.0,0.0,0.0,0.0,0.0,0.0,5.0,5.0,2.0,6.0
15003,Tajikistan,Pulses,Stock Variation,0.0,3.0,0.0,0.0,0.0,0.0,0.0,0.0,0.0,0.0,0.0,0.0,0.0,0.0,2.0,-8.0,0.0,8.0
15004,Tajikistan,Oilcrops,Seed,10.0,11.0,12.0,10.0,10.0,10.0,10.0,10.0,7.0,7.0,8.0,8.0,7.0,8.0,7.0,7.0,6.0,7.0
15005,Tajikistan,Oilcrops,Processing,127.0,146.0,148.0,164.0,184.0,154.0,113.0,132.0,99.0,74.0,81.0,89.0,113.0,94.0,83.0,68.0,71.0,97.0
15006,Tajikistan,Sugar Crops,Human Consumption,0.0,0.0,0.0,0.0,0.0,0.0,0.0,0.0,0.0,0.0,0.0,0.0,0.0,0.0,0.0,0.0,0.0,0.0
15007,Tajikistan,Sugar Crops,Other uses (non-food),0.0,0.0,0.0,0.0,0.0,0.0,0.0,0.0,0.0,0.0,0.0,0.0,0.0,0.0,0.0,0.0,0.0,0.0
15008,Tajikistan,Sugar Crops,Processing,0.0,0.0,0.0,0.0,0.0,0.0,0.0,0.0,0.0,0.0,0.0,0.0,0.0,0.0,0.0,0.0,0.0,0.0
15009,Tajikistan,Sugar Crops,Losses,0.0,0.0,0.0,0.0,0.0,0.0,0.0,0.0,0.0,0.0,0.0,0.0,0.0,0.0,0.0,0.0,0.0,0.0
15010,Tajikistan,Sugar Crops,Seed,0.0,0.0,0.0,0.0,0.0,0.0,0.0,0.0,0.0,0.0,0.0,0.0,0.0,0.0,0.0,0.0,0.0,0.0
15011,Tajikistan,Sugar Crops,Feed,0.0,0.0,0.0,0.0,0.0,0.0,0.0,0.0,0.0,0.0,0.0,0.0,0.0,0.0,0.0,0.0,0.0,0.0
15012,Tajikistan,Sugar Crops,Domestic supply,0.0,0.0,0.0,0.0,0.0,0.0,0.0,0.0,0.0,0.0,0.0,0.0,0.0,0.0,0.0,0.0,0.0,0.0
15013,Tajikistan,Sugar Crops,Export,0.0,0.0,0.0,0.0,0.0,0.0,0.0,0.0,0.0,0.0,0.0,0.0,0.0,0.0,0.0,0.0,0.0,0.0
15014,Tajikistan,Sugar Crops,Stock Variation,0.0,0.0,0.0,0.0,0.0,0.0,0.0,0.0,0.0,0.0,0.0,0.0,0.0,0.0,0.0,0.0,0.0,0.0
15015,Tajikistan,Sugar Crops,Import,0.0,0.0,0.0,0.0,0.0,0.0,0.0,0.0,0.0,0.0,0.0,0.0,0.0,0.0,0.0,0.0,0.0,0.0
15016,Tajikistan,Sugar Crops,Production,0.0,0.0,0.0,0.0,0.0,0.0,0.0,0.0,0.0,0.0,0.0,0.0,0.0,0.0,0.0,0.0,0.0,0.0
15017,Tajikistan,Oilcrops,Losses,0.0,0.0,0.0,0.0,0.0,0.0,0.0,0.0,0.0,0.0,0.0,0.0,0.0,0.0,1.0,2.0,2.0,2.0
15018,Tajikistan,Starchy Roots,Human Consumption,205.0,195.0,199.0,222.0,260.0,240.0,254.0,258.0,370.0,312.0,312.0,254.0,281.0,295.0,283.0,310.0,297.0,281.0
15019,Tajikistan,Starchy Roots,Processing,6.0,5.0,7.0,7.0,7.0,6.0,6.0,6.0,6.0,7.0,7.0,7.0,7.0,7.0,7.0,6.0,6.0,5.0
15020,Tajikistan,Starchy Roots,Losses,21.0,22.0,25.0,33.0,37.0,39.0,41.0,48.0,51.0,50.0,55.0,58.0,90.0,83.0,59.0,63.0,65.0,56.0
15021,Tajikistan,Starchy Roots,Seed,19.0,18.0,21.0,23.0,23.0,23.0,24.0,23.0,24.0,25.0,29.0,33.0,36.0,35.0,31.0,34.0,35.0,32.0
15022,Tajikistan,Starchy Roots,Feed,53.0,73.0,109.0,191.0,201.0,247.0,260.0,351.0,278.0,324.0,383.0,527.0,614.0,742.0,507.0,506.0,527.0,409.0
15023,Tajikistan,Starchy Roots,Domestic supply,303.0,313.0,361.0,476.0,528.0,555.0,585.0,687.0,729.0,718.0,786.0,878.0,1027.0,1161.0,885.0,918.0,929.0,785.0
15024,Tajikistan,Starchy Roots,Export,0.0,0.0,0.0,0.0,0.0,0.0,0.0,1.0,0.0,0.0,0.0,0.0,0.0,0.0,0.0,0.0,0.0,0.0
15025,Tajikistan,Starchy Roots,Stock Variation,0.0,0.0,0.0,0.0,0.0,0.0,0.0,0.0,0.0,0.0,0.0,0.0,0.0,0.0,0.0,0.0,0.0,0.0
15026,Tajikistan,Starchy Roots,Import,0.0,5.0,4.0,3.0,1.0,1.0,12.0,26.0,50.0,28.0,26.0,15.0,36.0,45.0,31.0,31.0,31.0,2.0
15027,Tajikistan,Starchy Roots,Production,303.0,308.0,357.0,473.0,527.0,555.0,574.0,662.0,680.0,691.0,760.0,863.0,991.0,1116.0,854.0,887.0,898.0,783.0
15028,Tajikistan,Oilcrops,Human Consumption,0.0,1.0,1.0,0.0,0.0,1.0,2.0,1.0,1.0,4.0,3.0,4.0,5.0,4.0,5.0,6.0,8.0,13.0
15029,Tajikistan,Oilcrops,Other uses (non-food),0.0,0.0,0.0,0.0,0.0,0.0,0.0,0.0,0.0,0.0,0.0,0.0,0.0,0.0,0.0,0.0,0.0,0.0
15030,Tajikistan,Starchy Roots,Other uses (non-food),0.0,0.0,0.0,0.0,0.0,0.0,0.0,0.0,0.0,0.0,0.0,0.0,0.0,0.0,0.0,0.0,0.0,0.0
15031,Tajikistan,Pulses,Import,0.0,0.0,1.0,0.0,0.0,1.0,5.0,5.0,9.0,9.0,6.0,14.0,7.0,5.0,6.0,3.0,4.0,7.0
15032,Tajikistan,Oilcrops,Domestic supply,194.0,262.0,300.0,275.0,258.0,274.0,250.0,236.0,198.0,171.0,178.0,238.0,244.0,240.0,222.0,175.0,181.0,255.0
15033,Tajikistan,Pulses,Production,5.0,6.0,13.0,18.0,31.0,32.0,19.0,25.0,34.0,45.0,54.0,62.0,57.0,64.0,68.0,67.0,67.0,80.0
15034,Tajikistan,Vegetables,Domestic supply,399.0,470.0,549.0,674.0,733.0,810.0,939.0,889.0,1075.0,1396.0,1456.0,1570.0,1749.0,1877.0,2114.0,2247.0,2352.0,2540.0
15035,Tajikistan,Vegetables,Export,34.0,33.0,41.0,51.0,103.0,82.0,43.0,206.0,129.0,99.0,153.0,85.0,74.0,117.0,86.0,129.0,94.0,53.0
15036,Tajikistan,Vegetables,Stock Variation,-7.0,7.0,0.0,0.0,0.0,0.0,0.0,0.0,0.0,0.0,0.0,0.0,0.0,0.0,0.0,0.0,0.0,0.0
15037,Tajikistan,Vegetables,Import,0.0,1.0,5.0,3.0,4.0,4.0,5.0,5.0,11.0,27.0,12.0,6.0,16.0,8.0,11.0,7.0,7.0,7.0
15038,Tajikistan,Vegetables,Production,439.0,495.0,585.0,721.0,832.0,888.0,978.0,1089.0,1193.0,1468.0,1597.0,1649.0,1807.0,1986.0,2190.0,2368.0,2439.0,2586.0
15039,Tajikistan,Fruits - Excluding Wine,Human Consumption,124.0,109.0,79.0,33.0,114.0,107.0,132.0,127.0,163.0,168.0,174.0,222.0,250.0,273.0,280.0,315.0,337.0,364.0
15040,Tajikistan,Fruits - Excluding Wine,Other uses (non-food),0.0,0.0,0.0,0.0,0.0,0.0,0.0,0.0,0.0,0.0,0.0,0.0,0.0,0.0,0.0,0.0,0.0,0.0
15041,Tajikistan,Fruits - Excluding Wine,Processing,6.0,9.0,10.0,4.0,2.0,1.0,1.0,0.0,0.0,0.0,0.0,0.0,0.0,0.0,85.0,74.0,59.0,50.0
15042,Tajikistan,Fruits - Excluding Wine,Losses,15.0,15.0,12.0,6.0,13.0,13.0,15.0,15.0,17.0,19.0,18.0,21.0,24.0,24.0,30.0,32.0,33.0,35.0
15043,Tajikistan,Fruits - Excluding Wine,Seed,0.0,0.0,0.0,0.0,0.0,0.0,0.0,0.0,0.0,0.0,0.0,0.0,0.0,0.0,0.0,0.0,0.0,0.0
15044,Tajikistan,Fruits - Excluding Wine,Feed,2.0,2.0,1.0,0.0,11.0,10.0,57.0,35.0,63.0,24.0,55.0,81.0,91.0,87.0,125.0,95.0,89.0,100.0
15045,Tajikistan,Fruits - Excluding Wine,Domestic supply,146.0,134.0,101.0,43.0,141.0,131.0,205.0,178.0,244.0,211.0,248.0,324.0,366.0,384.0,396.0,434.0,454.0,513.0
15046,Tajikistan,Fruits - Excluding Wine,Export,102.0,148.0,142.0,78.0,114.0,123.0,132.0,118.0,137.0,143.0,104.0,95.0,116.0,121.0,152.0,116.0,92.0,59.0
15047,Tajikistan,Fruits - Excluding Wine,Stock Variation,-33.0,28.0,13.0,0.0,0.0,0.0,-3.0,3.0,0.0,0.0,0.0,0.0,0.0,0.0,0.0,0.0,0.0,0.0
15048,Tajikistan,Fruits - Excluding Wine,Import,1.0,1.0,1.0,0.0,17.0,15.0,25.0,20.0,1.0,2.0,3.0,2.0,1.0,2.0,11.0,6.0,4.0,3.0
15049,Tajikistan,Fruits - Excluding Wine,Production,280.0,253.0,230.0,120.0,238.0,239.0,314.0,274.0,380.0,353.0,349.0,418.0,481.0,504.0,537.0,544.0,543.0,569.0
15050,Tajikistan,Stimulants,Human Consumption,3.0,5.0,5.0,6.0,8.0,10.0,9.0,10.0,11.0,14.0,14.0,17.0,17.0,15.0,5.0,4.0,5.0,5.0
15051,Tajikistan,Stimulants,Other uses (non-food),0.0,0.0,0.0,0.0,0.0,0.0,0.0,0.0,0.0,0.0,0.0,0.0,0.0,0.0,0.0,0.0,0.0,0.0
15052,Tajikistan,Stimulants,Processing,0.0,0.0,0.0,0.0,0.0,0.0,0.0,0.0,0.0,0.0,0.0,0.0,0.0,0.0,0.0,0.0,0.0,0.0
15053,Tajikistan,Stimulants,Losses,0.0,0.0,0.0,0.0,0.0,0.0,0.0,0.0,0.0,0.0,0.0,0.0,0.0,0.0,0.0,0.0,0.0,0.0
15054,Tajikistan,Stimulants,Seed,0.0,0.0,0.0,0.0,0.0,0.0,0.0,0.0,0.0,0.0,0.0,0.0,0.0,0.0,0.0,0.0,0.0,0.0
15055,Tajikistan,Stimulants,Feed,0.0,0.0,0.0,0.0,0.0,0.0,0.0,0.0,0.0,0.0,0.0,0.0,0.0,0.0,0.0,0.0,0.0,0.0
15056,Tajikistan,Stimulants,Domestic supply,3.0,5.0,5.0,6.0,8.0,10.0,9.0,10.0,11.0,14.0,14.0,17.0,17.0,15.0,5.0,4.0,5.0,5.0
15057,Tajikistan,Vegetables,Feed,9.0,9.0,21.0,58.0,60.0,87.0,129.0,135.0,182.0,314.0,354.0,315.0,375.0,415.0,439.0,455.0,463.0,493.0
15058,Tajikistan,Vegetables,Seed,0.0,0.0,0.0,0.0,0.0,0.0,0.0,0.0,0.0,0.0,0.0,0.0,0.0,0.0,0.0,0.0,0.0,0.0
15059,Tajikistan,Stimulants,Export,0.0,0.0,0.0,0.0,0.0,0.0,0.0,0.0,0.0,0.0,0.0,0.0,0.0,0.0,0.0,0.0,0.0,0.0
15060,Tajikistan,Vegetables,Processing,0.0,0.0,0.0,0.0,0.0,0.0,0.0,0.0,0.0,0.0,0.0,0.0,0.0,0.0,0.0,0.0,0.0,0.0
15061,Tajikistan,Vegetables,Losses,10.0,12.0,14.0,18.0,19.0,20.0,20.0,22.0,25.0,43.0,32.0,36.0,56.0,58.0,164.0,178.0,180.0,193.0
15062,Tajikistan,Sugar & Sweeteners,Other uses (non-food),0.0,7.0,12.0,31.0,39.0,158.0,185.0,112.0,136.0,110.0,120.0,125.0,131.0,102.0,11.0,11.0,13.0,15.0
15063,Tajikistan,Sugar & Sweeteners,Processing,0.0,0.0,0.0,0.0,0.0,0.0,0.0,0.0,0.0,0.0,0.0,0.0,0.0,0.0,0.0,0.0,0.0,0.0
15064,Tajikistan,Sugar & Sweeteners,Losses,0.0,0.0,0.0,0.0,0.0,0.0,0.0,0.0,0.0,0.0,0.0,0.0,0.0,0.0,0.0,0.0,0.0,0.0
15065,Tajikistan,Sugar & Sweeteners,Seed,0.0,0.0,0.0,0.0,0.0,0.0,0.0,0.0,0.0,0.0,0.0,0.0,0.0,0.0,0.0,0.0,0.0,0.0
15066,Tajikistan,Sugar & Sweeteners,Feed,0.0,0.0,0.0,0.0,0.0,0.0,0.0,0.0,0.0,0.0,0.0,0.0,0.0,0.0,0.0,0.0,0.0,0.0
15067,Tajikistan,Sugar & Sweeteners,Domestic supply,92.0,80.0,95.0,119.0,131.0,254.0,300.0,228.0,263.0,247.0,258.0,272.0,278.0,258.0,182.0,171.0,163.0,175.0
15068,Tajikistan,Sugar & Sweeteners,Export,0.0,0.0,0.0,0.0,0.0,0.0,0.0,0.0,0.0,0.0,0.0,0.0,0.0,0.0,0.0,0.0,0.0,1.0
15069,Tajikistan,Sugar & Sweeteners,Stock Variation,50.0,54.0,36.0,11.0,8.0,0.0,0.0,-60.0,60.0,0.0,0.0,0.0,0.0,0.0,0.0,0.0,0.0,0.0
15070,Tajikistan,Sugar & Sweeteners,Import,42.0,26.0,59.0,108.0,123.0,254.0,298.0,286.0,201.0,245.0,256.0,269.0,275.0,254.0,179.0,167.0,159.0,171.0
15071,Tajikistan,Sugar & Sweeteners,Production,0.0,0.0,0.0,1.0,1.0,0.0,2.0,2.0,2.0,3.0,3.0,3.0,3.0,4.0,4.0,4.0,4.0,4.0
15072,Tajikistan,Vegetable Oils,Human Consumption,45.0,54.0,54.0,60.0,62.0,69.0,59.0,70.0,73.0,73.0,77.0,83.0,79.0,81.0,74.0,76.0,85.0,81.0
15073,Tajikistan,Sugar & Sweeteners,Human Consumption,91.0,73.0,83.0,88.0,92.0,96.0,114.0,116.0,127.0,137.0,138.0,147.0,148.0,156.0,171.0,161.0,150.0,160.0
15074,Tajikistan,Vegetable Oils,Processing,0.0,0.0,0.0,0.0,0.0,0.0,0.0,0.0,0.0,0.0,0.0,0.0,0.0,0.0,0.0,0.0,0.0,0.0
15075,Tajikistan,Vegetable Oils,Losses,0.0,0.0,0.0,0.0,0.0,0.0,0.0,0.0,0.0,0.0,0.0,0.0,0.0,0.0,0.0,0.0,0.0,0.0
15076,Tajikistan,Vegetable Oils,Seed,0.0,0.0,0.0,0.0,0.0,0.0,0.0,0.0,0.0,0.0,0.0,0.0,0.0,0.0,0.0,0.0,0.0,0.0
15077,Tajikistan,Vegetable Oils,Feed,0.0,0.0,0.0,0.0,0.0,0.0,0.0,0.0,0.0,0.0,0.0,0.0,0.0,0.0,0.0,0.0,0.0,0.0
15078,Tajikistan,Vegetable Oils,Domestic supply,46.0,59.0,58.0,80.0,78.0,95.0,74.0,81.0,83.0,87.0,94.0,100.0,94.0,89.0,88.0,90.0,99.0,88.0
15079,Tajikistan,Vegetable Oils,Export,0.0,0.0,0.0,0.0,0.0,0.0,0.0,0.0,0.0,0.0,0.0,0.0,0.0,0.0,0.0,0.0,0.0,0.0
15080,Tajikistan,Vegetable Oils,Stock Variation,0.0,0.0,0.0,0.0,0.0,0.0,-6.0,1.0,5.0,0.0,0.0,0.0,0.0,0.0,1.0,2.0,4.0,34.0
15081,Tajikistan,Vegetable Oils,Import,23.0,32.0,31.0,50.0,44.0,66.0,59.0,55.0,60.0,73.0,79.0,82.0,72.0,70.0,72.0,78.0,85.0,93.0
15082,Tajikistan,Vegetable Oils,Production,23.0,27.0,27.0,30.0,34.0,28.0,21.0,24.0,18.0,14.0,15.0,17.0,22.0,19.0,18.0,15.0,19.0,29.0
15083,Tajikistan,Vegetables,Human Consumption,379.0,449.0,513.0,598.0,654.0,704.0,790.0,731.0,869.0,1039.0,1069.0,1218.0,1318.0,1403.0,1511.0,1614.0,1709.0,1854.0
15084,Tajikistan,Vegetables,Other uses (non-food),0.0,0.0,0.0,0.0,0.0,0.0,0.0,0.0,0.0,0.0,0.0,0.0,0.0,0.0,0.0,0.0,0.0,0.0
15085,Tajikistan,Vegetable Oils,Other uses (non-food),1.0,5.0,4.0,20.0,16.0,26.0,14.0,11.0,10.0,14.0,18.0,16.0,15.0,8.0,15.0,15.0,15.0,7.0
15086,Thailand,Animal fats,Other uses (non-food),14.0,14.0,13.0,15.0,14.0,18.0,28.0,25.0,19.0,25.0,20.0,23.0,23.0,24.0,24.0,25.0,16.0,18.0
15087,Thailand,Meat,Stock Variation,0.0,0.0,0.0,0.0,0.0,0.0,0.0,0.0,0.0,0.0,0.0,0.0,0.0,0.0,220.0,85.0,3.0,-10.0
15088,Thailand,Meat,Export,365.0,478.0,516.0,549.0,246.0,305.0,332.0,377.0,461.0,459.0,521.0,588.0,729.0,759.0,673.0,747.0,797.0,863.0
15089,Thailand,Meat,Domestic supply,1682.0,1618.0,1692.0,1804.0,1742.0,1842.0,1927.0,2047.0,1889.0,1799.0,1876.0,1863.0,1836.0,1880.0,2084.0,1984.0,1941.0,1903.0
15090,Thailand,Meat,Human Consumption,1662.0,1597.0,1670.0,1780.0,1726.0,1824.0,1907.0,2030.0,1874.0,1789.0,1866.0,1857.0,1882.0,1965.0,2016.0,1927.0,1888.0,1894.0
15091,Thailand,Meat,Seed,0.0,0.0,0.0,0.0,0.0,0.0,0.0,0.0,0.0,0.0,0.0,0.0,0.0,0.0,0.0,0.0,0.0,0.0
15092,Thailand,Meat,Losses,21.0,23.0,24.0,25.0,17.0,20.0,21.0,22.0,23.0,23.0,24.0,25.0,26.0,28.0,90.0,86.0,84.0,84.0
15093,Thailand,Meat,Processing,0.0,0.0,0.0,0.0,0.0,0.0,0.0,0.0,0.0,0.0,0.0,0.0,0.0,0.0,0.0,0.0,0.0,0.0
15094,Thailand,Meat,Other uses (non-food),0.0,0.0,0.0,0.0,0.0,0.0,0.0,0.0,0.0,0.0,0.0,0.0,0.0,0.0,10312.0,10795.0,13672.0,0.0
15095,Thailand,Meat,Import,3.0,2.0,3.0,3.0,6.0,4.0,4.0,5.0,5.0,5.0,9.0,29.0,57.0,80.0,50.0,39.0,23.0,21.0
15096,Thailand,Meat,Feed,0.0,0.0,0.0,0.0,0.0,0.0,0.0,0.0,0.0,0.0,0.0,0.0,0.0,0.0,0.0,0.0,0.0,0.0
15097,Thailand,Meat,Production,2044.0,2094.0,2205.0,2350.0,1981.0,2143.0,2255.0,2419.0,2345.0,2253.0,2387.0,2422.0,2508.0,2558.0,2926.0,2777.0,2718.0,2735.0
15098,Thailand,Offals,Feed,0.0,0.0,0.0,0.0,0.0,0.0,0.0,0.0,0.0,0.0,0.0,0.0,0.0,0.0,0.0,0.0,0.0,0.0
15099,Thailand,Offals,Other uses (non-food),0.0,0.0,0.0,0.0,0.0,0.0,0.0,0.0,0.0,0.0,0.0,0.0,0.0,0.0,0.0,0.0,0.0,0.0
15100,Thailand,Offals,Processing,0.0,0.0,0.0,0.0,0.0,0.0,0.0,0.0,0.0,0.0,0.0,0.0,0.0,0.0,0.0,0.0,0.0,0.0
15101,Thailand,Offals,Losses,0.0,0.0,0.0,0.0,0.0,0.0,0.0,0.0,0.0,0.0,0.0,0.0,0.0,0.0,5.0,5.0,5.0,0.0
15102,Thailand,Offals,Seed,0.0,0.0,0.0,0.0,0.0,0.0,0.0,0.0,0.0,0.0,0.0,0.0,0.0,0.0,0.0,0.0,0.0,0.0
15103,Thailand,Offals,Domestic supply,34.0,38.0,36.0,36.0,43.0,46.0,53.0,56.0,59.0,61.0,66.0,74.0,71.0,74.0,88.0,101.0,105.0,92.0
15104,Thailand,Offals,Export,1.0,2.0,2.0,2.0,0.0,1.0,1.0,0.0,0.0,0.0,0.0,2.0,2.0,5.0,6.0,4.0,2.0,3.0
15105,Thailand,Offals,Stock Variation,-1.0,1.0,1.0,0.0,0.0,0.0,0.0,0.0,0.0,0.0,0.0,0.0,0.0,0.0,0.0,0.0,0.0,0.0
15106,Thailand,Offals,Import,5.0,6.0,7.0,7.0,11.0,13.0,16.0,14.0,16.0,18.0,21.0,31.0,28.0,33.0,50.0,61.0,64.0,53.0
15107,Thailand,Offals,Production,30.0,34.0,30.0,30.0,32.0,34.0,38.0,42.0,42.0,43.0,46.0,45.0,46.0,45.0,45.0,43.0,43.0,42.0
15108,Thailand,Animal fats,Human Consumption,24.0,27.0,23.0,22.0,25.0,22.0,27.0,36.0,36.0,37.0,44.0,33.0,30.0,28.0,17.0,34.0,60.0,69.0
15109,Thailand,Miscellaneous,Production,0.0,0.0,0.0,0.0,0.0,0.0,0.0,0.0,0.0,0.0,0.0,0.0,0.0,0.0,818.0,839.0,892.0,940.0
15110,Thailand,Offals,Human Consumption,35.0,40.0,37.0,37.0,43.0,47.0,53.0,56.0,59.0,61.0,66.0,75.0,72.0,75.0,83.0,95.0,99.0,92.0
15111,Thailand,Miscellaneous,Import,11.0,12.0,10.0,12.0,15.0,13.0,13.0,12.0,17.0,16.0,16.0,16.0,18.0,19.0,132.0,139.0,158.0,173.0
15112,Thailand,Alcoholic Beverages,Export,118.0,145.0,159.0,144.0,138.0,210.0,100.0,158.0,206.0,149.0,184.0,306.0,568.0,383.0,314.0,320.0,324.0,196.0
15113,Thailand,Miscellaneous,Export,1.0,1.0,1.0,2.0,2.0,2.0,3.0,3.0,6.0,6.0,4.0,5.0,6.0,7.0,943.0,969.0,1044.0,1105.0
15114,Thailand,Animal fats,Processing,0.0,0.0,0.0,0.0,0.0,0.0,0.0,0.0,0.0,0.0,0.0,0.0,0.0,0.0,0.0,0.0,0.0,0.0
15115,Thailand,Spices,Seed,0.0,0.0,0.0,0.0,0.0,0.0,0.0,0.0,0.0,0.0,0.0,0.0,0.0,0.0,0.0,0.0,0.0,0.0
15116,Thailand,Spices,Feed,0.0,0.0,0.0,0.0,0.0,0.0,0.0,0.0,0.0,0.0,0.0,0.0,0.0,0.0,0.0,0.0,0.0,0.0
15117,Thailand,Spices,Domestic supply,261.0,315.0,353.0,326.0,301.0,299.0,300.0,337.0,330.0,341.0,356.0,334.0,347.0,325.0,526.0,568.0,585.0,527.0
15118,Thailand,Spices,Export,30.0,26.0,29.0,27.0,12.0,47.0,21.0,39.0,45.0,56.0,38.0,29.0,31.0,46.0,41.0,37.0,56.0,99.0
15119,Thailand,Spices,Stock Variation,0.0,0.0,0.0,0.0,0.0,0.0,0.0,0.0,0.0,0.0,0.0,0.0,0.0,0.0,0.0,0.0,0.0,0.0
15120,Thailand,Spices,Import,12.0,14.0,20.0,25.0,32.0,37.0,42.0,50.0,41.0,52.0,53.0,52.0,66.0,69.0,80.0,90.0,91.0,105.0
15121,Thailand,Spices,Production,279.0,326.0,362.0,328.0,282.0,309.0,278.0,326.0,333.0,345.0,341.0,312.0,313.0,302.0,487.0,515.0,550.0,521.0
15122,Thailand,Alcoholic Beverages,Human Consumption,1762.0,1884.0,1900.0,2219.0,2294.0,2301.0,2666.0,2790.0,2797.0,2453.0,2438.0,2572.0,2868.0,2746.0,2734.0,2834.0,2864.0,2781.0
15123,Thailand,Alcoholic Beverages,Other uses (non-food),22.0,15.0,20.0,27.0,39.0,14.0,83.0,63.0,80.0,141.0,286.0,192.0,140.0,358.0,455.0,451.0,454.0,446.0
15124,Thailand,Alcoholic Beverages,Processing,0.0,0.0,0.0,0.0,0.0,0.0,0.0,0.0,0.0,0.0,0.0,0.0,0.0,0.0,0.0,0.0,0.0,0.0
15125,Thailand,Alcoholic Beverages,Losses,0.0,0.0,0.0,0.0,0.0,0.0,0.0,0.0,0.0,0.0,0.0,0.0,0.0,0.0,0.0,0.0,0.0,0.0
15126,Thailand,Alcoholic Beverages,Seed,0.0,0.0,0.0,0.0,0.0,0.0,0.0,0.0,0.0,0.0,0.0,0.0,0.0,0.0,0.0,0.0,0.0,0.0
15127,Thailand,Alcoholic Beverages,Feed,0.0,0.0,0.0,0.0,0.0,0.0,0.0,0.0,0.0,0.0,0.0,0.0,0.0,0.0,0.0,0.0,0.0,0.0
15128,Thailand,Alcoholic Beverages,Domestic supply,1784.0,1898.0,1919.0,2246.0,2332.0,2315.0,2750.0,2853.0,2877.0,2593.0,2724.0,2764.0,3008.0,3104.0,3188.0,3285.0,3317.0,3227.0
15129,Thailand,Alcoholic Beverages,Stock Variation,490.0,402.0,-4.0,-124.0,-205.0,-255.0,-100.0,-300.0,0.0,0.0,0.0,0.0,0.0,0.0,1.0,1.0,1.0,2.0
15130,Thailand,Alcoholic Beverages,Import,50.0,57.0,67.0,78.0,80.0,131.0,98.0,86.0,90.0,72.0,79.0,84.0,116.0,95.0,99.0,91.0,89.0,63.0
15131,Thailand,Alcoholic Beverages,Production,1362.0,1584.0,2016.0,2436.0,2595.0,2650.0,2851.0,3225.0,2994.0,2670.0,2829.0,2987.0,3461.0,3392.0,3403.0,3515.0,3553.0,3362.0
15132,Thailand,Miscellaneous,Human Consumption,10.0,11.0,8.0,10.0,13.0,11.0,10.0,9.0,11.0,10.0,12.0,11.0,13.0,12.0,7.0,9.0,7.0,7.0
15133,Thailand,Miscellaneous,Other uses (non-food),0.0,0.0,0.0,0.0,0.0,0.0,0.0,0.0,0.0,0.0,0.0,0.0,0.0,0.0,0.0,0.0,0.0,0.0
15134,Thailand,Miscellaneous,Processing,0.0,0.0,0.0,0.0,0.0,0.0,0.0,0.0,0.0,0.0,0.0,0.0,0.0,0.0,0.0,0.0,0.0,0.0
15135,Thailand,Miscellaneous,Losses,0.0,0.0,0.0,0.0,0.0,0.0,0.0,0.0,0.0,0.0,0.0,0.0,0.0,0.0,0.0,0.0,0.0,0.0
15136,Thailand,Miscellaneous,Seed,0.0,0.0,0.0,0.0,0.0,0.0,0.0,0.0,0.0,0.0,0.0,0.0,0.0,0.0,0.0,0.0,0.0,0.0
15137,Thailand,Miscellaneous,Feed,0.0,0.0,0.0,0.0,0.0,0.0,0.0,0.0,0.0,0.0,0.0,0.0,0.0,0.0,0.0,0.0,0.0,0.0
15138,Thailand,Miscellaneous,Domestic supply,10.0,11.0,8.0,10.0,13.0,11.0,10.0,9.0,11.0,10.0,12.0,11.0,13.0,12.0,7.0,9.0,7.0,7.0
15139,Thailand,Miscellaneous,Stock Variation,0.0,0.0,0.0,0.0,0.0,0.0,0.0,0.0,0.0,0.0,0.0,0.0,0.0,0.0,0.0,0.0,0.0,0.0
15140,Thailand,Animal fats,Losses,0.0,0.0,0.0,0.0,0.0,0.0,0.0,0.0,0.0,0.0,0.0,0.0,0.0,0.0,0.0,0.0,0.0,0.0
15141,Thailand,Treenuts,Export,35.0,34.0,41.0,56.0,87.0,49.0,44.0,61.0,54.0,67.0,64.0,53.0,73.0,65.0,65.0,66.0,68.0,68.0
15142,Thailand,Animal fats,Feed,0.0,0.0,0.0,0.0,0.0,0.0,0.0,0.0,0.0,0.0,0.0,0.0,0.0,0.0,0.0,0.0,0.0,0.0
15143,Thailand,"Fish, Seafood",Feed,1192.0,1201.0,953.0,958.0,1083.0,1099.0,689.0,519.0,538.0,573.0,358.0,367.0,367.0,367.0,82.0,66.0,107.0,444.0
15144,Thailand,"Fish, Seafood",Domestic supply,3024.0,3090.0,2963.0,2946.0,3238.0,3296.0,2745.0,2434.0,2089.0,2249.0,1982.0,2031.0,2031.0,2031.0,1662.0,1654.0,1935.0,2476.0
15145,Thailand,"Fish, Seafood",Export,1651.0,1757.0,1859.0,2054.0,2079.0,2274.0,2667.0,2761.0,2538.0,2540.0,2754.0,2666.0,2666.0,2666.0,2831.0,2655.0,2576.0,2017.0
15146,Thailand,"Fish, Seafood",Stock Variation,0.0,0.0,0.0,0.0,-86.0,14.0,0.0,72.0,-15.0,-15.0,30.0,0.0,0.0,0.0,200.0,140.0,0.0,0.0
15147,Thailand,"Fish, Seafood",Import,1081.0,1251.0,1058.0,1099.0,1309.0,1478.0,1503.0,1460.0,1592.0,1640.0,1650.0,1770.0,1770.0,1770.0,1794.0,1828.0,2165.0,2186.0
15148,Thailand,"Fish, Seafood",Production,3594.0,3595.0,3764.0,3901.0,4093.0,4077.0,3910.0,3663.0,3050.0,3164.0,3056.0,2927.0,2927.0,2927.0,2499.0,2341.0,2346.0,2307.0
15149,Thailand,"Aquatic Products, Other",Human Consumption,121.0,40.0,13.0,0.0,0.0,27.0,108.0,3.0,144.0,109.0,19.0,86.0,86.0,86.0,47.0,63.0,47.0,25.0
15150,Thailand,"Aquatic Products, Other",Other uses (non-food),1.0,1.0,1.0,1.0,2.0,2.0,1.0,2.0,2.0,3.0,3.0,3.0,3.0,3.0,4.0,4.0,5.0,5.0
15151,Thailand,"Aquatic Products, Other",Domestic supply,122.0,41.0,14.0,1.0,2.0,28.0,109.0,5.0,146.0,111.0,22.0,89.0,89.0,89.0,51.0,67.0,52.0,29.0
15152,Thailand,"Aquatic Products, Other",Export,21.0,15.0,22.0,14.0,8.0,17.0,40.0,11.0,14.0,16.0,22.0,26.0,26.0,26.0,23.0,20.0,21.0,40.0
15153,Thailand,"Aquatic Products, Other",Stock Variation,0.0,0.0,0.0,-1.0,0.0,0.0,0.0,0.0,0.0,0.0,0.0,0.0,0.0,0.0,0.0,0.0,0.0,0.0
15154,Thailand,"Aquatic Products, Other",Import,2.0,3.0,3.0,3.0,3.0,4.0,5.0,4.0,6.0,4.0,4.0,5.0,5.0,5.0,6.0,5.0,8.0,7.0
15155,Thailand,"Aquatic Products, Other",Production,141.0,53.0,33.0,13.0,7.0,41.0,144.0,12.0,154.0,123.0,40.0,110.0,110.0,110.0,68.0,81.0,65.0,62.0
15156,Thailand,Cereals - Excluding Beer,Human Consumption,8183.0,8074.0,8246.0,8343.0,8598.0,9301.0,9396.0,8829.0,9033.0,9121.0,8998.0,8923.0,9136.0,9091.0,13415.0,13528.0,13287.0,13479.0
15157,Thailand,Cereals - Excluding Beer,Other uses (non-food),0.0,0.0,0.0,0.0,0.0,0.0,0.0,0.0,0.0,0.0,0.0,0.0,0.0,0.0,2000.0,2000.0,65.0,0.0
15158,Thailand,Cereals - Excluding Beer,Processing,567.0,499.0,491.0,584.0,684.0,679.0,783.0,840.0,933.0,903.0,1319.0,1308.0,1733.0,1734.0,1702.0,2024.0,1826.0,1459.0
15159,Thailand,Cereals - Excluding Beer,Losses,1399.0,1505.0,1497.0,1571.0,1586.0,1600.0,1562.0,1675.0,1718.0,1690.0,1811.0,1894.0,1962.0,1893.0,1860.0,1599.0,1544.0,1907.0
15160,Thailand,Cereals - Excluding Beer,Seed,522.0,522.0,522.0,514.0,530.0,459.0,548.0,546.0,561.0,624.0,636.0,648.0,634.0,634.0,1031.0,899.0,715.0,881.0
15161,Thailand,Cereals - Excluding Beer,Feed,5614.0,4999.0,5130.0,5050.0,4325.0,5188.0,4590.0,5040.0,5471.0,5411.0,6822.0,7245.0,8332.0,7363.0,6372.0,8007.0,9583.0,8830.0
15162,Thailand,Cereals - Excluding Beer,Domestic supply,16285.0,15599.0,15886.0,16063.0,15723.0,17228.0,16880.0,16929.0,17701.0,17744.0,19579.0,20019.0,21796.0,20716.0,26380.0,28057.0,26927.0,26554.0
15163,Thailand,Cereals - Excluding Beer,Export,6466.0,8504.0,7825.0,8976.0,11379.0,8045.0,8308.0,10064.0,11372.0,10196.0,9919.0,11621.0,7360.0,7914.0,18299.0,16010.0,16749.0,19266.0
15164,Thailand,Cereals - Excluding Beer,Stock Variation,-493.0,-517.0,-714.0,-306.0,2058.0,-1011.0,-468.0,-261.0,1592.0,-418.0,-1414.0,-175.0,-4811.0,-3627.0,-4103.0,-5117.0,-5653.0,-2792.0
15165,Thailand,Cereals - Excluding Beer,Import,1320.0,1198.0,1269.0,1218.0,1479.0,1765.0,1748.0,1640.0,1798.0,1973.0,2730.0,2372.0,3633.0,2732.0,2384.0,5597.0,5565.0,3761.0
15166,Thailand,Cereals - Excluding Beer,Production,21923.0,23422.0,23156.0,24127.0,23565.0,24519.0,23908.0,25615.0,25683.0,26385.0,28182.0,29443.0,30333.0,29524.0,38192.0,33353.0,32458.0,39267.0
15167,Thailand,Spices,Losses,7.0,7.0,8.0,8.0,9.0,9.0,9.0,10.0,10.0,11.0,10.0,9.0,10.0,10.0,17.0,19.0,23.0,19.0
15168,Thailand,"Fish, Seafood",Other uses (non-food),0.0,0.0,0.0,0.0,0.0,0.0,0.0,0.0,0.0,0.0,0.0,0.0,0.0,0.0,2.0,2.0,3.0,13.0
15169,Thailand,Animal fats,Seed,0.0,0.0,0.0,0.0,0.0,0.0,0.0,0.0,0.0,0.0,0.0,0.0,0.0,0.0,0.0,0.0,0.0,0.0
15170,Thailand,"Fish, Seafood",Human Consumption,1832.0,1889.0,2010.0,1988.0,2155.0,2197.0,2056.0,1915.0,1550.0,1676.0,1624.0,1664.0,1664.0,1664.0,1578.0,1586.0,1825.0,2019.0
15171,Thailand,Eggs,Import,2.0,2.0,2.0,1.0,1.0,2.0,2.0,2.0,2.0,2.0,1.0,2.0,3.0,4.0,4.0,7.0,6.0,8.0
15172,Thailand,Animal fats,Domestic supply,38.0,42.0,36.0,36.0,35.0,37.0,53.0,60.0,55.0,62.0,64.0,56.0,53.0,52.0,41.0,59.0,75.0,87.0
15173,Thailand,Animal fats,Export,4.0,1.0,4.0,4.0,22.0,13.0,9.0,7.0,5.0,4.0,6.0,11.0,35.0,46.0,24.0,12.0,14.0,15.0
15174,Thailand,Animal fats,Stock Variation,0.0,0.0,-5.0,-6.0,9.0,0.0,-5.0,1.0,-1.0,0.0,-2.0,-22.0,6.0,23.0,0.0,0.0,0.0,0.0
15175,Thailand,Animal fats,Import,23.0,22.0,24.0,25.0,26.0,27.0,32.0,30.0,27.0,33.0,35.0,51.0,45.0,37.0,23.0,30.0,52.0,67.0
15176,Thailand,Animal fats,Production,19.0,21.0,20.0,21.0,23.0,23.0,35.0,37.0,34.0,33.0,37.0,38.0,38.0,38.0,42.0,40.0,37.0,36.0
15177,Thailand,Milk - Excluding Butter,Human Consumption,1437.0,1275.0,1286.0,1553.0,1964.0,1677.0,1628.0,1420.0,1568.0,1495.0,1747.0,1888.0,2024.0,1967.0,1010.0,976.0,1089.0,1020.0
15178,Thailand,Milk - Excluding Butter,Other uses (non-food),7.0,8.0,11.0,12.0,0.0,12.0,15.0,28.0,6.0,13.0,0.0,2.0,184.0,147.0,219.0,191.0,216.0,177.0
15179,Thailand,Milk - Excluding Butter,Processing,0.0,0.0,0.0,0.0,0.0,0.0,0.0,0.0,0.0,0.0,0.0,0.0,0.0,0.0,0.0,0.0,0.0,0.0
15180,Thailand,Milk - Excluding Butter,Losses,16.0,18.0,20.0,22.0,25.0,27.0,24.0,22.0,24.0,25.0,27.0,29.0,31.0,33.0,47.0,38.0,40.0,21.0
15181,Thailand,Milk - Excluding Butter,Seed,0.0,0.0,0.0,0.0,0.0,0.0,0.0,0.0,0.0,0.0,0.0,0.0,0.0,0.0,0.0,0.0,0.0,0.0
15182,Thailand,Milk - Excluding Butter,Feed,0.0,0.0,0.0,0.0,0.0,0.0,0.0,0.0,0.0,0.0,0.0,0.0,0.0,0.0,0.0,0.0,0.0,0.0
15183,Thailand,Milk - Excluding Butter,Domestic supply,1460.0,1300.0,1317.0,1587.0,1989.0,1716.0,1667.0,1470.0,1597.0,1533.0,1775.0,1919.0,2239.0,2147.0,1235.0,1176.0,1310.0,1155.0
15184,Thailand,Milk - Excluding Butter,Export,105.0,277.0,496.0,263.0,313.0,318.0,254.0,268.0,173.0,166.0,164.0,210.0,152.0,200.0,159.0,142.0,148.0,167.0
15185,Thailand,Milk - Excluding Butter,Stock Variation,-2.0,-42.0,-78.0,-78.0,191.0,3.0,3.0,5.0,-8.0,-2.0,5.0,9.0,-9.0,11.0,0.0,0.0,0.0,0.0
15186,Thailand,Milk - Excluding Butter,Import,1046.0,1031.0,1232.0,1196.0,1269.0,1142.0,1115.0,1004.0,992.0,860.0,1023.0,1138.0,1378.0,1241.0,327.0,318.0,358.0,322.0
15187,Thailand,Milk - Excluding Butter,Production,520.0,588.0,660.0,732.0,843.0,888.0,803.0,729.0,786.0,841.0,911.0,982.0,1022.0,1095.0,1067.0,1000.0,1100.0,1000.0
15188,Thailand,Eggs,Human Consumption,613.0,600.0,641.0,642.0,529.0,592.0,625.0,663.0,667.0,751.0,769.0,788.0,830.0,827.0,862.0,833.0,764.0,855.0
15189,Thailand,Eggs,Other uses (non-food),0.0,0.0,0.0,0.0,0.0,0.0,0.0,0.0,0.0,0.0,0.0,0.0,0.0,0.0,0.0,0.0,0.0,0.0
15190,Thailand,Eggs,Processing,0.0,0.0,0.0,0.0,0.0,0.0,0.0,0.0,0.0,0.0,0.0,0.0,0.0,0.0,0.0,0.0,0.0,0.0
15191,Thailand,Eggs,Losses,40.0,40.0,42.0,43.0,35.0,39.0,41.0,43.0,44.0,48.0,49.0,50.0,53.0,53.0,56.0,55.0,54.0,54.0
15192,Thailand,Eggs,Seed,145.0,150.0,154.0,165.0,130.0,140.0,142.0,145.0,146.0,146.0,150.0,152.0,157.0,161.0,191.0,185.0,163.0,163.0
15193,Thailand,Eggs,Feed,0.0,0.0,0.0,0.0,0.0,0.0,0.0,0.0,0.0,0.0,0.0,0.0,0.0,0.0,2.0,0.0,1.0,2.0
15194,Thailand,Eggs,Domestic supply,799.0,789.0,837.0,850.0,694.0,770.0,808.0,852.0,858.0,946.0,969.0,990.0,1040.0,1042.0,1113.0,1072.0,982.0,1073.0
15195,Thailand,Eggs,Export,10.0,6.0,7.0,18.0,6.0,10.0,15.0,19.0,29.0,26.0,13.0,9.0,17.0,25.0,20.0,27.0,17.0,15.0
15196,Thailand,Eggs,Stock Variation,0.0,0.0,0.0,0.0,0.0,0.0,0.0,0.0,0.0,0.0,0.0,0.0,0.0,0.0,0.0,0.0,0.0,0.0
15197,Thailand,Eggs,Production,807.0,794.0,842.0,867.0,698.0,779.0,821.0,869.0,885.0,970.0,980.0,996.0,1054.0,1063.0,1129.0,1091.0,993.0,1080.0
15198,Thailand,Spices,Processing,0.0,0.0,0.0,0.0,0.0,0.0,0.0,0.0,0.0,0.0,0.0,0.0,0.0,0.0,0.0,0.0,0.0,0.0
15199,Thailand,Starchy Roots,Import,194.0,190.0,187.0,238.0,215.0,275.0,230.0,176.0,413.0,1067.0,618.0,1052.0,2447.0,1507.0,1864.0,4635.0,6840.0,576.0
15200,Thailand,Spices,Human Consumption,253.0,307.0,345.0,318.0,293.0,290.0,290.0,327.0,320.0,330.0,346.0,325.0,337.0,315.0,509.0,549.0,562.0,509.0
15201,Thailand,Oilcrops,Export,40.0,49.0,58.0,59.0,128.0,82.0,107.0,73.0,63.0,68.0,69.0,82.0,101.0,103.0,118.0,169.0,262.0,341.0
15202,Thailand,Oilcrops,Stock Variation,0.0,0.0,0.0,0.0,0.0,0.0,0.0,-1.0,-1.0,4.0,3.0,-3.0,3.0,-3.0,-6495.0,-7746.0,39.0,-1727.0
15203,Thailand,Oilcrops,Import,1359.0,1411.0,1577.0,1736.0,1500.0,1673.0,1467.0,1598.0,1797.0,1610.0,1910.0,2213.0,2257.0,1831.0,2121.0,2820.0,3283.0,3326.0
15204,Thailand,Oilcrops,Production,2651.0,2721.0,2816.0,2860.0,2850.0,2669.0,2526.0,2447.0,2247.0,2139.0,2070.0,1890.0,1929.0,1941.0,13707.0,12178.0,13235.0,15705.0
15205,Thailand,Treenuts,Human Consumption,61.0,55.0,53.0,48.0,47.0,78.0,70.0,62.0,68.0,63.0,73.0,58.0,56.0,61.0,81.0,85.0,70.0,72.0
15206,Thailand,Treenuts,Other uses (non-food),0.0,0.0,0.0,0.0,0.0,0.0,0.0,0.0,0.0,0.0,0.0,0.0,0.0,0.0,0.0,0.0,0.0,0.0
15207,Thailand,Treenuts,Processing,0.0,0.0,0.0,0.0,0.0,0.0,0.0,0.0,0.0,0.0,0.0,0.0,0.0,0.0,0.0,0.0,0.0,0.0
15208,Thailand,Spices,Other uses (non-food),0.0,0.0,0.0,0.0,0.0,0.0,0.0,0.0,0.0,0.0,0.0,0.0,0.0,0.0,0.0,0.0,0.0,0.0
15209,Thailand,Treenuts,Seed,0.0,0.0,0.0,0.0,0.0,0.0,0.0,0.0,0.0,0.0,0.0,0.0,0.0,0.0,0.0,0.0,0.0,0.0
15210,Thailand,Treenuts,Feed,0.0,0.0,0.0,0.0,0.0,0.0,0.0,0.0,0.0,0.0,0.0,0.0,0.0,0.0,0.0,0.0,0.0,0.0
15211,Thailand,Treenuts,Domestic supply,60.0,53.0,51.0,45.0,44.0,73.0,68.0,60.0,66.0,62.0,71.0,58.0,55.0,58.0,66.0,78.0,65.0,64.0
15212,Thailand,Oilcrops,Domestic supply,3969.0,4083.0,4335.0,4537.0,4221.0,4261.0,3886.0,3971.0,3979.0,3685.0,3914.0,4017.0,4087.0,3666.0,22205.0,22575.0,16217.0,20418.0
15213,Thailand,Treenuts,Stock Variation,6.0,1.0,5.0,0.0,0.0,0.0,0.0,0.0,0.0,0.0,0.0,0.0,0.0,0.0,3.0,8.0,7.0,8.0
15214,Thailand,Treenuts,Production,85.0,84.0,82.0,93.0,121.0,106.0,98.0,104.0,98.0,100.0,99.0,75.0,85.0,73.0,79.0,79.0,77.0,78.0
15215,Thailand,Pulses,Human Consumption,208.0,242.0,210.0,204.0,180.0,156.0,146.0,155.0,143.0,144.0,196.0,176.0,164.0,228.0,205.0,189.0,182.0,180.0
15216,Thailand,Pulses,Other uses (non-food),0.0,0.0,0.0,0.0,0.0,0.0,0.0,0.0,0.0,0.0,0.0,0.0,0.0,0.0,0.0,0.0,0.0,0.0
15217,Thailand,Pulses,Processing,0.0,0.0,0.0,0.0,0.0,0.0,0.0,0.0,0.0,0.0,0.0,0.0,0.0,0.0,0.0,0.0,0.0,0.0
15218,Thailand,Pulses,Losses,9.0,9.0,8.0,8.0,7.0,6.0,6.0,6.0,7.0,7.0,8.0,7.0,7.0,9.0,10.0,10.0,10.0,10.0
15219,Thailand,Pulses,Seed,21.0,21.0,19.0,15.0,14.0,21.0,13.0,13.0,13.0,13.0,14.0,14.0,14.0,14.0,14.0,11.0,12.0,6.0
15220,Thailand,Pulses,Feed,0.0,0.0,0.0,0.0,0.0,0.0,0.0,0.0,0.0,0.0,0.0,0.0,0.0,0.0,2.0,0.0,0.0,0.0
15221,Thailand,Pulses,Domestic supply,237.0,271.0,237.0,228.0,201.0,184.0,166.0,174.0,159.0,164.0,217.0,196.0,185.0,251.0,232.0,211.0,203.0,196.0
15222,Thailand,Pulses,Export,50.0,35.0,44.0,40.0,30.0,33.0,45.0,42.0,65.0,72.0,38.0,49.0,53.0,41.0,30.0,40.0,36.0,57.0
15223,Thailand,Pulses,Stock Variation,0.0,0.0,0.0,0.0,0.0,0.0,0.0,0.0,0.0,0.0,0.0,0.0,0.0,0.0,-12.0,-11.0,1.0,-20.0
15224,Thailand,Pulses,Import,5.0,10.0,7.0,10.0,16.0,25.0,18.0,23.0,20.0,29.0,42.0,32.0,30.0,72.0,50.0,42.0,45.0,40.0
15225,Thailand,Treenuts,Import,3.0,3.0,4.0,8.0,11.0,16.0,14.0,17.0,23.0,29.0,36.0,36.0,44.0,51.0,56.0,73.0,63.0,62.0
15226,Thailand,Pulses,Production,282.0,297.0,274.0,258.0,215.0,192.0,192.0,193.0,205.0,206.0,213.0,213.0,208.0,220.0,200.0,198.0,195.0,193.0
15227,Thailand,Oilcrops,Feed,52.0,33.0,30.0,37.0,26.0,43.0,29.0,28.0,25.0,26.0,30.0,25.0,31.0,31.0,27.0,17.0,5.0,6.0
15228,Thailand,Oilcrops,Losses,178.0,184.0,198.0,207.0,194.0,194.0,177.0,178.0,175.0,159.0,170.0,172.0,174.0,151.0,262.0,233.0,247.0,78.0
15229,Thailand,Sugar Crops,Human Consumption,2511.0,2367.0,2713.0,3316.0,2946.0,2290.0,2282.0,2922.0,3317.0,3098.0,3120.0,2991.0,3416.0,4095.0,3599.0,3676.0,3788.0,0.0
15230,Thailand,Sugar Crops,Other uses (non-food),0.0,0.0,0.0,0.0,0.0,0.0,0.0,0.0,0.0,0.0,0.0,0.0,0.0,0.0,882.0,915.0,0.0,0.0
15231,Thailand,Sugar Crops,Processing,51000.0,46700.0,56700.0,70200.0,61400.0,46800.0,44900.0,60800.0,69450.0,63050.0,65000.0,92000.0,94000.0,95000.0,102476.0,102370.0,92322.0,97618.0
15232,Thailand,Sugar Crops,Losses,541.0,496.0,600.0,743.0,650.0,496.0,477.0,644.0,735.0,668.0,688.0,960.0,984.0,1001.0,1037.0,941.0,901.0,1030.0
15233,Thailand,Sugar Crops,Seed,0.0,0.0,0.0,0.0,0.0,0.0,0.0,0.0,0.0,0.0,0.0,0.0,0.0,0.0,0.0,0.0,0.0,0.0
15234,Thailand,Sugar Crops,Feed,0.0,0.0,0.0,0.0,0.0,0.0,0.0,0.0,0.0,0.0,0.0,0.0,0.0,0.0,0.0,0.0,0.0,4275.0
15235,Thailand,Sugar Crops,Domestic supply,54051.0,49563.0,60013.0,74259.0,64996.0,49586.0,47657.0,64365.0,73502.0,66816.0,68808.0,95950.0,98400.0,100096.0,107994.0,107902.0,97011.0,102923.0
15236,Thailand,Sugar Crops,Export,1.0,0.0,0.0,0.0,0.0,0.0,1.0,0.0,0.0,0.0,0.0,0.0,0.0,0.0,0.0,0.0,0.0,28.0
15237,Thailand,Sugar Crops,Stock Variation,0.0,0.0,0.0,0.0,0.0,0.0,0.0,0.0,0.0,0.0,0.0,0.0,0.0,0.0,-4287.0,-13753.0,-6911.0,0.0
15238,Thailand,Sugar Crops,Import,0.0,0.0,0.0,0.0,0.0,0.0,0.0,0.0,0.0,0.0,0.0,0.0,0.0,0.0,10.0,10.0,11.0,5.0
15239,Thailand,Sugar Crops,Production,54052.0,49563.0,60013.0,74259.0,64996.0,49586.0,47658.0,64365.0,73502.0,66816.0,68808.0,95950.0,98400.0,100096.0,103697.0,94138.0,90090.0,102946.0
15240,Thailand,Oilcrops,Seed,12.0,11.0,9.0,9.0,9.0,11.0,8.0,7.0,7.0,6.0,6.0,6.0,7.0,7.0,6.0,5.0,5.0,4.0
15241,Thailand,Starchy Roots,Human Consumption,1275.0,1265.0,1246.0,1304.0,1355.0,1488.0,1489.0,1464.0,1458.0,1435.0,1510.0,1542.0,1606.0,1556.0,1513.0,1545.0,1521.0,1450.0
15242,Thailand,Starchy Roots,Processing,0.0,0.0,0.0,0.0,0.0,0.0,0.0,0.0,0.0,0.0,0.0,0.0,0.0,0.0,0.0,0.0,0.0,0.0
15243,Thailand,Starchy Roots,Losses,959.0,975.0,849.0,992.0,1078.0,853.0,1136.0,1353.0,1266.0,1513.0,1109.0,1106.0,1503.0,1521.0,2283.0,2461.0,2373.0,2359.0
15244,Thailand,Starchy Roots,Seed,8.0,7.0,7.0,7.0,8.0,7.0,8.0,8.0,8.0,10.0,10.0,9.0,7.0,7.0,4.0,4.0,6.0,5.0
15245,Thailand,Starchy Roots,Feed,1850.0,1550.0,1600.0,1900.0,1850.0,1200.0,2151.0,2625.0,3521.0,2201.0,1760.0,1321.0,1800.0,1800.0,1510.0,10976.0,8175.0,1510.0
15246,Thailand,Starchy Roots,Domestic supply,5948.0,4170.0,6297.0,6157.0,4321.0,3895.0,5371.0,9579.0,13296.0,12911.0,4799.0,5928.0,11380.0,6966.0,8258.0,18164.0,15134.0,9189.0
15247,Thailand,Starchy Roots,Export,12620.0,15717.0,11044.0,14100.0,17698.0,13662.0,17824.0,17950.0,12706.0,18697.0,18276.0,17512.0,21394.0,25223.0,30085.0,31021.0,30101.0,29424.0
15248,Thailand,Starchy Roots,Stock Variation,-996.0,1001.0,-5.0,0.0,0.0,0.0,0.0,0.0,0.0,0.0,0.0,0.0,0.0,0.0,-5996.0,-11687.0,-6707.0,-6539.0
15249,Thailand,Starchy Roots,Production,19370.0,18696.0,17158.0,20019.0,21804.0,17282.0,22965.0,27352.0,25589.0,30541.0,22457.0,22388.0,30327.0,30682.0,30483.0,32863.0,31688.0,31497.0
15250,Thailand,Oilcrops,Human Consumption,1458.0,1512.0,1593.0,1707.0,1705.0,1570.0,1495.0,1407.0,1233.0,1161.0,1115.0,1043.0,925.0,879.0,932.0,839.0,893.0,981.0
15251,Thailand,Oilcrops,Other uses (non-food),501.0,460.0,435.0,712.0,405.0,506.0,441.0,266.0,427.0,287.0,509.0,287.0,516.0,197.0,7497.0,7841.0,1047.0,300.0
15252,Thailand,Oilcrops,Processing,1770.0,1884.0,2072.0,1866.0,1930.0,1939.0,1777.0,2093.0,2112.0,2043.0,2085.0,2487.0,2435.0,2401.0,13482.0,13639.0,14020.0,19049.0
15253,Thailand,Starchy Roots,Other uses (non-food),1857.0,373.0,2594.0,1954.0,31.0,347.0,587.0,4128.0,7044.0,7752.0,410.0,1949.0,6463.0,2081.0,2948.0,3177.0,3060.0,3864.0
15254,Thailand,Sugar & Sweeteners,Human Consumption,1814.0,1907.0,1973.0,2052.0,2176.0,2110.0,2510.0,2443.0,2517.0,2544.0,2611.0,2697.0,2630.0,2676.0,3194.0,2667.0,2833.0,3103.0
15255,Thailand,Treenuts,Losses,0.0,0.0,0.0,0.0,0.0,0.0,0.0,0.0,0.0,0.0,0.0,0.0,0.0,0.0,2.0,2.0,2.0,2.0
15256,Thailand,Sugar & Sweeteners,Processing,11.0,11.0,11.0,11.0,18.0,12.0,9.0,7.0,10.0,3.0,1.0,1.0,1.0,1.0,385.0,178.0,151.0,177.0
15257,Thailand,Vegetables,Import,38.0,45.0,102.0,150.0,192.0,222.0,229.0,216.0,278.0,301.0,374.0,430.0,467.0,549.0,513.0,568.0,537.0,603.0
15258,Thailand,Vegetables,Production,4028.0,4204.0,4314.0,3675.0,4071.0,3866.0,3828.0,4111.0,3902.0,3817.0,3835.0,3778.0,3876.0,3778.0,2743.0,2826.0,2996.0,2896.0
15259,Thailand,Fruits - Excluding Wine,Human Consumption,8117.0,7896.0,8297.0,7948.0,7248.0,7618.0,8113.0,8892.0,7486.0,7107.0,7086.0,7087.0,7455.0,6910.0,6370.0,6120.0,6186.0,6394.0
15260,Thailand,Fruits - Excluding Wine,Other uses (non-food),0.0,0.0,0.0,0.0,0.0,0.0,0.0,0.0,0.0,0.0,0.0,0.0,0.0,0.0,0.0,0.0,0.0,0.0
15261,Thailand,Fruits - Excluding Wine,Processing,57.0,63.0,57.0,74.0,80.0,91.0,93.0,52.0,48.0,45.0,34.0,32.0,35.0,35.0,852.0,851.0,825.0,711.0
15262,Thailand,Fruits - Excluding Wine,Losses,682.0,662.0,646.0,664.0,629.0,514.0,596.0,654.0,594.0,578.0,600.0,667.0,687.0,690.0,1108.0,1045.0,1035.0,1109.0
15263,Thailand,Fruits - Excluding Wine,Seed,0.0,0.0,0.0,0.0,0.0,0.0,0.0,0.0,0.0,0.0,0.0,0.0,0.0,0.0,0.0,0.0,0.0,0.0
15264,Thailand,Fruits - Excluding Wine,Feed,0.0,0.0,0.0,0.0,0.0,0.0,0.0,0.0,0.0,0.0,0.0,0.0,0.0,0.0,0.0,0.0,0.0,0.0
15265,Thailand,Fruits - Excluding Wine,Domestic supply,8710.0,8441.0,8802.0,8428.0,7662.0,7908.0,8459.0,9145.0,7714.0,7352.0,7305.0,7375.0,7773.0,7168.0,7646.0,7114.0,7037.0,7215.0
15266,Thailand,Fruits - Excluding Wine,Export,1763.0,1668.0,1779.0,2077.0,2584.0,2621.0,2845.0,3110.0,3159.0,3400.0,3204.0,3970.0,4018.0,4740.0,4145.0,4138.0,4238.0,5005.0
15267,Thailand,Fruits - Excluding Wine,Stock Variation,-64.0,-134.0,134.0,201.0,-80.0,134.0,107.0,-54.0,107.0,161.0,141.0,-20.0,-73.0,73.0,0.0,0.0,0.0,0.0
15268,Thailand,Vegetables,Stock Variation,0.0,0.0,0.0,0.0,0.0,0.0,0.0,0.0,0.0,0.0,0.0,0.0,0.0,0.0,0.0,0.0,0.0,0.0
15269,Thailand,Fruits - Excluding Wine,Import,68.0,95.0,112.0,178.0,241.0,318.0,346.0,396.0,428.0,442.0,503.0,557.0,700.0,738.0,597.0,715.0,827.0,711.0
15270,Thailand,Stimulants,Human Consumption,58.0,54.0,69.0,75.0,83.0,86.0,83.0,94.0,105.0,106.0,120.0,130.0,137.0,141.0,59.0,70.0,84.0,97.0
15271,Thailand,Stimulants,Other uses (non-food),0.0,0.0,0.0,0.0,0.0,0.0,0.0,0.0,0.0,0.0,0.0,0.0,0.0,0.0,0.0,0.0,0.0,0.0
15272,Thailand,Sugar & Sweeteners,Other uses (non-food),0.0,0.0,0.0,0.0,0.0,0.0,0.0,0.0,0.0,0.0,1.0,1.0,1.0,1.0,1.0,2.0,2.0,2.0
15273,Thailand,Stimulants,Losses,0.0,0.0,0.0,0.0,0.0,0.0,0.0,0.0,0.0,0.0,0.0,0.0,0.0,0.0,4.0,4.0,5.0,5.0
15274,Thailand,Stimulants,Seed,0.0,0.0,0.0,0.0,0.0,0.0,0.0,0.0,0.0,0.0,0.0,0.0,0.0,0.0,0.0,0.0,0.0,0.0
15275,Thailand,Stimulants,Feed,0.0,0.0,0.0,0.0,0.0,0.0,0.0,0.0,0.0,0.0,0.0,0.0,0.0,0.0,0.0,0.0,0.0,0.0
15276,Thailand,Stimulants,Domestic supply,58.0,54.0,70.0,75.0,83.0,83.0,82.0,92.0,102.0,99.0,112.0,118.0,113.0,114.0,3.0,42.0,92.0,106.0
15277,Thailand,Stimulants,Export,74.0,87.0,37.0,51.0,87.0,108.0,133.0,117.0,109.0,137.0,160.0,161.0,192.0,202.0,205.0,168.0,109.0,103.0
15278,Thailand,Stimulants,Stock Variation,-15.0,-25.0,-37.0,-32.0,-26.0,-17.0,32.0,17.0,6.0,33.0,56.0,33.0,39.0,49.0,0.0,0.0,0.0,0.0
15279,Thailand,Stimulants,Import,33.0,45.0,53.0,59.0,81.0,95.0,81.0,78.0,93.0,82.0,99.0,129.0,150.0,142.0,108.0,123.0,108.0,107.0
15280,Thailand,Stimulants,Production,114.0,121.0,91.0,99.0,115.0,112.0,102.0,114.0,113.0,121.0,117.0,116.0,116.0,126.0,100.0,87.0,93.0,102.0
15281,Thailand,Fruits - Excluding Wine,Production,10469.0,10149.0,10335.0,10126.0,10086.0,10076.0,10851.0,11912.0,10338.0,10149.0,9865.0,10809.0,11164.0,11096.0,11194.0,10537.0,10449.0,11509.0
15282,Thailand,Vegetables,Export,357.0,381.0,419.0,475.0,540.0,551.0,598.0,582.0,565.0,541.0,553.0,594.0,537.0,511.0,548.0,515.0,534.0,577.0
15283,Thailand,Stimulants,Processing,0.0,0.0,0.0,0.0,0.0,0.0,0.0,0.0,0.0,0.0,0.0,0.0,0.0,0.0,21.0,19.0,4.0,4.0
15284,Thailand,Vegetables,Feed,0.0,1.0,2.0,0.0,0.0,2.0,7.0,0.0,0.0,0.0,0.0,0.0,0.0,0.0,0.0,0.0,0.0,0.0
15285,Thailand,Vegetables,Domestic supply,3709.0,3867.0,3997.0,3350.0,3724.0,3537.0,3459.0,3745.0,3615.0,3577.0,3655.0,3615.0,3806.0,3817.0,2708.0,2879.0,3000.0,2923.0
15286,Thailand,Sugar & Sweeteners,Losses,0.0,0.0,0.0,0.0,0.0,0.0,0.0,0.0,0.0,0.0,0.0,0.0,0.0,0.0,0.0,0.0,1.0,1.0
15287,Thailand,Sugar & Sweeteners,Seed,0.0,0.0,0.0,0.0,0.0,0.0,0.0,0.0,0.0,0.0,0.0,0.0,0.0,0.0,0.0,0.0,0.0,0.0
15288,Thailand,Sugar & Sweeteners,Feed,0.0,0.0,0.0,0.0,0.0,0.0,0.0,0.0,0.0,0.0,0.0,0.0,0.0,0.0,0.0,0.0,0.0,0.0
15289,Thailand,Sugar & Sweeteners,Domestic supply,1825.0,1918.0,1984.0,2063.0,2195.0,2122.0,2517.0,2450.0,2526.0,2546.0,2613.0,2698.0,2632.0,2678.0,3580.0,2847.0,2986.0,3283.0
15290,Thailand,Sugar & Sweeteners,Export,4311.0,3413.0,4279.0,5450.0,4938.0,3336.0,2458.0,4751.0,5383.0,5489.0,4901.0,6936.0,7288.0,6536.0,7902.0,9950.0,8739.0,7674.0
15291,Thailand,Sugar & Sweeteners,Import,16.0,19.0,28.0,29.0,28.0,41.0,55.0,51.0,56.0,59.0,98.0,99.0,90.0,124.0,122.0,129.0,137.0,132.0
15292,Thailand,Sugar & Sweeteners,Production,5876.0,5483.0,6540.0,7723.0,7353.0,5515.0,5214.0,6832.0,7942.0,7303.0,7048.0,9777.0,10359.0,10149.0,12666.0,12780.0,12208.0,12083.0
15293,Thailand,Vegetable Oils,Human Consumption,363.0,385.0,423.0,408.0,421.0,429.0,427.0,500.0,500.0,485.0,507.0,546.0,511.0,507.0,474.0,532.0,623.0,600.0
15294,Thailand,Vegetable Oils,Other uses (non-food),391.0,451.0,426.0,564.0,556.0,541.0,790.0,595.0,1062.0,1160.0,1081.0,1295.0,1558.0,1398.0,1098.0,1093.0,1236.0,1403.0
15295,Thailand,Vegetable Oils,Processing,0.0,0.0,0.0,0.0,0.0,0.0,0.0,0.0,0.0,0.0,0.0,0.0,0.0,0.0,195.0,221.0,214.0,245.0
15296,Thailand,Vegetable Oils,Losses,0.0,0.0,0.0,0.0,0.0,0.0,0.0,0.0,0.0,0.0,0.0,0.0,0.0,0.0,0.0,0.0,0.0,0.0
15297,Thailand,Vegetable Oils,Seed,0.0,0.0,0.0,0.0,0.0,0.0,0.0,0.0,0.0,0.0,0.0,0.0,0.0,0.0,0.0,0.0,0.0,0.0
15298,Thailand,Sugar & Sweeteners,Stock Variation,244.0,-171.0,-304.0,-240.0,-248.0,-98.0,-294.0,319.0,-89.0,674.0,368.0,-242.0,-529.0,-1060.0,1305.0,111.0,620.0,1258.0
15299,Thailand,Vegetable Oils,Feed,0.0,0.0,0.0,0.0,0.0,0.0,0.0,0.0,0.0,0.0,0.0,0.0,0.0,0.0,0.0,0.0,0.0,0.0
15300,Thailand,Vegetables,Losses,354.0,357.0,378.0,318.0,346.0,334.0,337.0,368.0,351.0,345.0,353.0,349.0,359.0,361.0,286.0,283.0,299.0,284.0
15301,Thailand,Vegetables,Processing,0.0,0.0,0.0,0.0,0.0,0.0,0.0,0.0,0.0,0.0,0.0,0.0,0.0,0.0,0.0,0.0,0.0,0.0
15302,Thailand,Vegetables,Seed,0.0,0.0,0.0,0.0,0.0,0.0,0.0,0.0,0.0,0.0,0.0,0.0,0.0,0.0,0.0,0.0,0.0,0.0
15303,Thailand,Vegetables,Human Consumption,3355.0,3509.0,3617.0,3032.0,3379.0,3203.0,3115.0,3378.0,3264.0,3233.0,3303.0,3266.0,3447.0,3455.0,2481.0,2602.0,2706.0,2761.0
15304,Thailand,Vegetables,Other uses (non-food),0.0,0.0,0.0,0.0,0.0,0.0,0.0,0.0,0.0,0.0,0.0,0.0,0.0,0.0,0.0,0.0,0.0,0.0
15305,Thailand,Vegetable Oils,Import,63.0,77.0,89.0,109.0,144.0,130.0,115.0,121.0,159.0,136.0,125.0,246.0,281.0,236.0,157.0,170.0,147.0,104.0
15306,Thailand,Vegetable Oils,Stock Variation,-6.0,38.0,17.0,-8.0,8.0,0.0,-3.0,3.0,3.0,1.0,-4.0,13.0,0.0,0.0,411.0,601.0,426.0,700.0
15307,Thailand,Vegetable Oils,Export,204.0,405.0,276.0,355.0,388.0,317.0,429.0,533.0,627.0,360.0,318.0,644.0,590.0,936.0,410.0,222.0,200.0,529.0
15308,Thailand,Vegetable Oils,Domestic supply,750.0,834.0,848.0,972.0,977.0,972.0,1221.0,1094.0,1559.0,1640.0,1586.0,1843.0,2047.0,1847.0,1748.0,1829.0,2054.0,2248.0
15309,Thailand,Vegetable Oils,Production,897.0,1124.0,1018.0,1226.0,1213.0,1159.0,1537.0,1502.0,2024.0,1863.0,1784.0,2228.0,2356.0,2547.0,2412.0,2482.0,2534.0,3374.0
15310,The former Yugoslav Republic of Macedonia,Meat,Export,3.0,5.0,5.0,4.0,5.0,5.0,4.0,5.0,7.0,8.0,9.0,11.0,12.0,12.0,0.0,0.0,0.0,0.0
15311,The former Yugoslav Republic of Macedonia,Meat,Import,41.0,40.0,54.0,52.0,58.0,56.0,56.0,83.0,62.0,67.0,64.0,64.0,69.0,71.0,0.0,0.0,0.0,0.0
15312,The former Yugoslav Republic of Macedonia,Meat,Production,25.0,26.0,26.0,28.0,28.0,27.0,27.0,26.0,24.0,24.0,23.0,22.0,23.0,21.0,0.0,0.0,0.0,0.0
15313,The former Yugoslav Republic of Macedonia,Offals,Human Consumption,2.0,3.0,9.0,7.0,7.0,8.0,8.0,7.0,7.0,9.0,8.0,9.0,9.0,9.0,0.0,0.0,0.0,0.0
15314,The former Yugoslav Republic of Macedonia,Offals,Domestic supply,2.0,3.0,9.0,7.0,7.0,8.0,8.0,7.0,7.0,9.0,8.0,9.0,9.0,9.0,0.0,0.0,0.0,0.0
15315,The former Yugoslav Republic of Macedonia,Offals,Export,0.0,0.0,0.0,0.0,0.0,0.0,0.0,0.0,0.0,0.0,0.0,0.0,0.0,0.0,0.0,0.0,0.0,0.0
15316,The former Yugoslav Republic of Macedonia,Offals,Import,1.0,1.0,7.0,5.0,5.0,7.0,6.0,6.0,6.0,7.0,6.0,8.0,7.0,7.0,0.0,0.0,0.0,0.0
15317,The former Yugoslav Republic of Macedonia,Offals,Production,2.0,2.0,2.0,2.0,2.0,2.0,2.0,2.0,2.0,2.0,2.0,2.0,2.0,2.0,0.0,0.0,0.0,0.0
15318,The former Yugoslav Republic of Macedonia,Animal fats,Feed,0.0,0.0,0.0,0.0,0.0,0.0,0.0,0.0,0.0,0.0,0.0,0.0,0.0,0.0,0.0,0.0,0.0,0.0
15319,The former Yugoslav Republic of Macedonia,Animal fats,Other uses (non-food),1.0,1.0,1.0,1.0,1.0,1.0,1.0,1.0,1.0,1.0,0.0,1.0,0.0,1.0,0.0,0.0,0.0,0.0
15320,The former Yugoslav Republic of Macedonia,Animal fats,Processing,0.0,0.0,0.0,0.0,0.0,0.0,0.0,0.0,0.0,0.0,0.0,0.0,0.0,0.0,0.0,0.0,0.0,0.0
15321,The former Yugoslav Republic of Macedonia,Animal fats,Import,2.0,2.0,3.0,3.0,3.0,3.0,6.0,7.0,4.0,3.0,4.0,3.0,4.0,4.0,0.0,0.0,0.0,0.0
15322,The former Yugoslav Republic of Macedonia,Animal fats,Domestic supply,14.0,13.0,14.0,13.0,14.0,13.0,17.0,20.0,17.0,16.0,14.0,14.0,14.0,14.0,0.0,0.0,0.0,0.0
15323,The former Yugoslav Republic of Macedonia,Animal fats,Export,0.0,0.0,0.0,0.0,2.0,3.0,4.0,0.0,0.0,0.0,0.0,0.0,0.0,0.0,0.0,0.0,0.0,0.0
15324,The former Yugoslav Republic of Macedonia,Animal fats,Production,12.0,11.0,12.0,11.0,13.0,13.0,15.0,14.0,13.0,13.0,11.0,11.0,11.0,11.0,0.0,0.0,0.0,0.0
15325,The former Yugoslav Republic of Macedonia,Meat,Domestic supply,62.0,61.0,75.0,76.0,82.0,78.0,78.0,104.0,79.0,84.0,78.0,75.0,80.0,81.0,0.0,0.0,0.0,0.0
15326,The former Yugoslav Republic of Macedonia,Animal fats,Human Consumption,14.0,13.0,14.0,13.0,13.0,12.0,16.0,20.0,16.0,15.0,14.0,13.0,14.0,14.0,0.0,0.0,0.0,0.0
15327,The former Yugoslav Republic of Macedonia,Meat,Human Consumption,63.0,62.0,76.0,77.0,82.0,77.0,77.0,103.0,78.0,83.0,78.0,75.0,80.0,80.0,0.0,0.0,0.0,0.0
15328,The former Yugoslav Republic of Macedonia,Alcoholic Beverages,Human Consumption,83.0,77.0,69.0,88.0,77.0,75.0,70.0,68.0,73.0,68.0,63.0,63.0,63.0,68.0,0.0,0.0,0.0,0.0
15329,The former Yugoslav Republic of Macedonia,Miscellaneous,Export,0.0,0.0,0.0,0.0,0.0,0.0,0.0,0.0,0.0,0.0,0.0,0.0,0.0,0.0,0.0,0.0,0.0,0.0
15330,The former Yugoslav Republic of Macedonia,Milk - Excluding Butter,Human Consumption,240.0,228.0,226.0,234.0,262.0,257.0,276.0,321.0,328.0,308.0,321.0,324.0,327.0,333.0,0.0,0.0,0.0,0.0
15331,The former Yugoslav Republic of Macedonia,Spices,Human Consumption,4.0,4.0,4.0,4.0,4.0,4.0,4.0,3.0,4.0,5.0,6.0,6.0,6.0,6.0,0.0,0.0,0.0,0.0
15332,The former Yugoslav Republic of Macedonia,Spices,Domestic supply,4.0,4.0,4.0,4.0,4.0,4.0,4.0,3.0,4.0,5.0,6.0,6.0,6.0,6.0,0.0,0.0,0.0,0.0
15333,The former Yugoslav Republic of Macedonia,Spices,Export,1.0,1.0,1.0,1.0,0.0,1.0,1.0,1.0,1.0,1.0,1.0,1.0,1.0,1.0,0.0,0.0,0.0,0.0
15334,The former Yugoslav Republic of Macedonia,Spices,Stock Variation,0.0,0.0,0.0,0.0,0.0,0.0,0.0,0.0,0.0,0.0,0.0,0.0,0.0,0.0,0.0,0.0,0.0,0.0
15335,The former Yugoslav Republic of Macedonia,Spices,Import,0.0,0.0,0.0,0.0,0.0,0.0,1.0,0.0,0.0,1.0,1.0,1.0,1.0,1.0,0.0,0.0,0.0,0.0
15336,The former Yugoslav Republic of Macedonia,Spices,Production,5.0,5.0,4.0,4.0,4.0,5.0,5.0,4.0,4.0,5.0,6.0,6.0,6.0,6.0,0.0,0.0,0.0,0.0
15337,The former Yugoslav Republic of Macedonia,Alcoholic Beverages,Other uses (non-food),1.0,3.0,4.0,4.0,4.0,4.0,3.0,1.0,2.0,5.0,5.0,3.0,5.0,5.0,0.0,0.0,0.0,0.0
15338,The former Yugoslav Republic of Macedonia,Alcoholic Beverages,Processing,8.0,7.0,8.0,5.0,6.0,3.0,3.0,2.0,2.0,2.0,2.0,2.0,1.0,1.0,0.0,0.0,0.0,0.0
15339,The former Yugoslav Republic of Macedonia,Alcoholic Beverages,Losses,2.0,1.0,2.0,3.0,3.0,3.0,3.0,3.0,3.0,3.0,3.0,3.0,3.0,3.0,0.0,0.0,0.0,0.0
15340,The former Yugoslav Republic of Macedonia,Alcoholic Beverages,Domestic supply,95.0,88.0,83.0,100.0,90.0,85.0,80.0,75.0,80.0,78.0,73.0,71.0,72.0,76.0,0.0,0.0,0.0,0.0
15341,The former Yugoslav Republic of Macedonia,Alcoholic Beverages,Export,89.0,89.0,84.0,65.0,65.0,75.0,92.0,107.0,79.0,74.0,79.0,107.0,129.0,102.0,0.0,0.0,0.0,0.0
15342,The former Yugoslav Republic of Macedonia,Alcoholic Beverages,Stock Variation,8.0,18.0,43.0,-10.0,-35.0,-8.0,30.0,-10.0,-20.0,-25.0,-4.0,34.0,42.0,-5.0,0.0,0.0,0.0,0.0
15343,The former Yugoslav Republic of Macedonia,Alcoholic Beverages,Import,3.0,2.0,3.0,5.0,5.0,6.0,6.0,10.0,10.0,10.0,9.0,10.0,10.0,11.0,0.0,0.0,0.0,0.0
15344,The former Yugoslav Republic of Macedonia,Alcoholic Beverages,Production,173.0,157.0,120.0,170.0,184.0,160.0,136.0,182.0,169.0,166.0,147.0,134.0,149.0,172.0,0.0,0.0,0.0,0.0
15345,The former Yugoslav Republic of Macedonia,Miscellaneous,Human Consumption,0.0,0.0,0.0,0.0,0.0,0.0,0.0,0.0,0.0,0.0,0.0,0.0,0.0,0.0,0.0,0.0,0.0,0.0
15346,The former Yugoslav Republic of Macedonia,Miscellaneous,Domestic supply,0.0,0.0,0.0,0.0,0.0,0.0,0.0,0.0,0.0,0.0,0.0,0.0,0.0,0.0,0.0,0.0,0.0,0.0
15347,The former Yugoslav Republic of Macedonia,Miscellaneous,Import,0.0,0.0,0.0,0.0,0.0,0.0,0.0,0.0,0.0,0.0,0.0,0.0,0.0,0.0,0.0,0.0,0.0,0.0
15348,The former Yugoslav Republic of Macedonia,Milk - Excluding Butter,Other uses (non-food),0.0,0.0,0.0,3.0,2.0,0.0,0.0,1.0,0.0,0.0,0.0,0.0,2.0,1.0,0.0,0.0,0.0,0.0
15349,The former Yugoslav Republic of Macedonia,Sugar & Sweeteners,Import,37.0,48.0,79.0,77.0,66.0,74.0,72.0,88.0,94.0,79.0,93.0,86.0,93.0,95.0,0.0,0.0,0.0,0.0
15350,The former Yugoslav Republic of Macedonia,Milk - Excluding Butter,Feed,31.0,33.0,35.0,30.0,34.0,23.0,39.0,113.0,94.0,94.0,94.0,100.0,96.0,94.0,0.0,0.0,0.0,0.0
15351,The former Yugoslav Republic of Macedonia,"Aquatic Products, Other",Domestic supply,0.0,0.0,0.0,0.0,0.0,0.0,0.0,0.0,0.0,0.0,0.0,0.0,0.0,0.0,0.0,0.0,0.0,0.0
15352,The former Yugoslav Republic of Macedonia,"Aquatic Products, Other",Export,0.0,0.0,0.0,0.0,0.0,0.0,0.0,0.0,0.0,0.0,0.0,0.0,0.0,0.0,0.0,0.0,0.0,0.0
15353,The former Yugoslav Republic of Macedonia,"Aquatic Products, Other",Import,0.0,0.0,0.0,0.0,0.0,0.0,0.0,0.0,0.0,0.0,0.0,0.0,0.0,0.0,0.0,0.0,0.0,0.0
15354,The former Yugoslav Republic of Macedonia,"Aquatic Products, Other",Production,0.0,0.0,0.0,0.0,0.0,0.0,0.0,0.0,0.0,0.0,0.0,0.0,0.0,0.0,0.0,0.0,0.0,0.0
15355,The former Yugoslav Republic of Macedonia,Cereals - Excluding Beer,Human Consumption,282.0,266.0,278.0,266.0,276.0,281.0,272.0,269.0,273.0,286.0,273.0,278.0,279.0,279.0,0.0,0.0,0.0,0.0
15356,The former Yugoslav Republic of Macedonia,Cereals - Excluding Beer,Other uses (non-food),67.0,85.0,106.0,73.0,109.0,124.0,13.0,13.0,118.0,99.0,79.0,75.0,94.0,85.0,0.0,0.0,0.0,0.0
15357,The former Yugoslav Republic of Macedonia,Cereals - Excluding Beer,Processing,24.0,23.0,22.0,23.0,23.0,23.0,23.0,18.0,20.0,18.0,18.0,17.0,18.0,17.0,0.0,0.0,0.0,0.0
15358,The former Yugoslav Republic of Macedonia,"Aquatic Products, Other",Other uses (non-food),0.0,0.0,0.0,0.0,0.0,0.0,0.0,0.0,0.0,0.0,0.0,0.0,0.0,0.0,0.0,0.0,0.0,0.0
15359,The former Yugoslav Republic of Macedonia,Cereals - Excluding Beer,Losses,58.0,50.0,57.0,51.0,68.0,63.0,54.0,44.0,52.0,51.0,53.0,59.0,50.0,51.0,0.0,0.0,0.0,0.0
15360,The former Yugoslav Republic of Macedonia,Cereals - Excluding Beer,Feed,275.0,235.0,278.0,233.0,324.0,309.0,290.0,240.0,343.0,318.0,257.0,279.0,234.0,266.0,0.0,0.0,0.0,0.0
15361,The former Yugoslav Republic of Macedonia,Cereals - Excluding Beer,Domestic supply,748.0,697.0,782.0,685.0,842.0,837.0,687.0,620.0,841.0,804.0,712.0,741.0,708.0,730.0,0.0,0.0,0.0,0.0
15362,The former Yugoslav Republic of Macedonia,Cereals - Excluding Beer,Export,7.0,5.0,5.0,6.0,8.0,15.0,15.0,15.0,23.0,21.0,32.0,41.0,40.0,45.0,0.0,0.0,0.0,0.0
15363,The former Yugoslav Republic of Macedonia,Cereals - Excluding Beer,Stock Variation,-17.0,71.0,-38.0,30.0,-61.0,6.0,-28.0,0.0,-3.0,-2.0,-2.0,8.0,5.0,4.0,0.0,0.0,0.0,0.0
15364,The former Yugoslav Republic of Macedonia,Cereals - Excluding Beer,Import,215.0,160.0,272.0,194.0,234.0,206.0,132.0,171.0,260.0,224.0,214.0,227.0,291.0,218.0,0.0,0.0,0.0,0.0
15365,The former Yugoslav Republic of Macedonia,Cereals - Excluding Beer,Production,558.0,472.0,553.0,467.0,677.0,640.0,598.0,464.0,608.0,602.0,533.0,546.0,452.0,553.0,0.0,0.0,0.0,0.0
15366,The former Yugoslav Republic of Macedonia,Stimulants,Import,7.0,11.0,12.0,13.0,14.0,15.0,16.0,16.0,18.0,18.0,19.0,18.0,19.0,19.0,0.0,0.0,0.0,0.0
15367,The former Yugoslav Republic of Macedonia,Cereals - Excluding Beer,Seed,43.0,39.0,39.0,39.0,42.0,38.0,36.0,36.0,37.0,33.0,33.0,33.0,34.0,32.0,0.0,0.0,0.0,0.0
15368,The former Yugoslav Republic of Macedonia,"Aquatic Products, Other",Human Consumption,0.0,0.0,0.0,0.0,0.0,0.0,0.0,0.0,0.0,0.0,0.0,0.0,0.0,0.0,0.0,0.0,0.0,0.0
15369,The former Yugoslav Republic of Macedonia,"Fish, Seafood",Production,1.0,1.0,1.0,1.0,1.0,1.0,1.0,1.0,1.0,2.0,2.0,2.0,2.0,2.0,0.0,0.0,0.0,0.0
15370,The former Yugoslav Republic of Macedonia,"Fish, Seafood",Import,16.0,15.0,15.0,12.0,14.0,12.0,12.0,13.0,13.0,13.0,12.0,12.0,11.0,11.0,0.0,0.0,0.0,0.0
15371,The former Yugoslav Republic of Macedonia,Milk - Excluding Butter,Domestic supply,280.0,271.0,274.0,276.0,310.0,291.0,348.0,512.0,472.0,453.0,452.0,467.0,459.0,485.0,0.0,0.0,0.0,0.0
15372,The former Yugoslav Republic of Macedonia,Milk - Excluding Butter,Export,3.0,1.0,2.0,4.0,3.0,8.0,4.0,2.0,10.0,5.0,12.0,17.0,19.0,13.0,0.0,0.0,0.0,0.0
15373,The former Yugoslav Republic of Macedonia,Milk - Excluding Butter,Stock Variation,0.0,0.0,0.0,0.0,0.0,0.0,0.0,0.0,0.0,0.0,0.0,0.0,0.0,0.0,0.0,0.0,0.0,0.0
15374,The former Yugoslav Republic of Macedonia,Milk - Excluding Butter,Import,22.0,24.0,26.0,35.0,38.0,40.0,46.0,62.0,42.0,51.0,54.0,67.0,75.0,69.0,0.0,0.0,0.0,0.0
15375,The former Yugoslav Republic of Macedonia,Milk - Excluding Butter,Production,260.0,248.0,250.0,244.0,275.0,259.0,306.0,452.0,440.0,407.0,410.0,417.0,403.0,429.0,0.0,0.0,0.0,0.0
15376,The former Yugoslav Republic of Macedonia,Eggs,Human Consumption,20.0,20.0,19.0,15.0,19.0,18.0,19.0,17.0,16.0,16.0,20.0,15.0,14.0,13.0,0.0,0.0,0.0,0.0
15377,The former Yugoslav Republic of Macedonia,Eggs,Seed,0.0,0.0,0.0,0.0,0.0,0.0,0.0,0.0,0.0,0.0,0.0,0.0,0.0,0.0,0.0,0.0,0.0,0.0
15378,The former Yugoslav Republic of Macedonia,Eggs,Domestic supply,21.0,21.0,19.0,15.0,19.0,18.0,19.0,17.0,17.0,16.0,20.0,15.0,14.0,14.0,0.0,0.0,0.0,0.0
15379,The former Yugoslav Republic of Macedonia,Eggs,Export,5.0,2.0,1.0,1.0,0.0,2.0,0.0,1.0,0.0,0.0,0.0,0.0,1.0,0.0,0.0,0.0,0.0,0.0
15380,The former Yugoslav Republic of Macedonia,Eggs,Import,0.0,0.0,0.0,0.0,0.0,1.0,1.0,0.0,1.0,1.0,1.0,1.0,1.0,2.0,0.0,0.0,0.0,0.0
15381,The former Yugoslav Republic of Macedonia,Eggs,Production,26.0,22.0,19.0,16.0,19.0,19.0,19.0,18.0,15.0,15.0,19.0,14.0,13.0,12.0,0.0,0.0,0.0,0.0
15382,The former Yugoslav Republic of Macedonia,"Fish, Seafood",Human Consumption,9.0,7.0,10.0,10.0,11.0,10.0,12.0,13.0,12.0,12.0,12.0,12.0,11.0,12.0,0.0,0.0,0.0,0.0
15383,The former Yugoslav Republic of Macedonia,"Fish, Seafood",Other uses (non-food),0.0,0.0,0.0,0.0,0.0,0.0,0.0,0.0,0.0,0.0,0.0,0.0,0.0,0.0,0.0,0.0,0.0,0.0
15384,The former Yugoslav Republic of Macedonia,"Fish, Seafood",Feed,9.0,8.0,6.0,3.0,4.0,3.0,1.0,1.0,2.0,2.0,2.0,1.0,1.0,1.0,0.0,0.0,0.0,0.0
15385,The former Yugoslav Republic of Macedonia,"Fish, Seafood",Domestic supply,17.0,15.0,16.0,13.0,15.0,13.0,13.0,14.0,14.0,14.0,13.0,13.0,12.0,12.0,0.0,0.0,0.0,0.0
15386,The former Yugoslav Republic of Macedonia,"Fish, Seafood",Export,0.0,0.0,0.0,0.0,0.0,0.0,0.0,0.0,0.0,0.0,0.0,0.0,0.0,0.0,0.0,0.0,0.0,0.0
15387,The former Yugoslav Republic of Macedonia,"Fish, Seafood",Stock Variation,0.0,0.0,0.0,0.0,0.0,0.0,0.0,0.0,0.0,0.0,0.0,0.0,0.0,0.0,0.0,0.0,0.0,0.0
15388,The former Yugoslav Republic of Macedonia,Milk - Excluding Butter,Losses,9.0,10.0,13.0,8.0,12.0,10.0,32.0,77.0,51.0,51.0,38.0,43.0,34.0,58.0,0.0,0.0,0.0,0.0
15389,The former Yugoslav Republic of Macedonia,Stimulants,Stock Variation,0.0,0.0,1.0,0.0,0.0,0.0,0.0,0.0,0.0,0.0,0.0,0.0,0.0,0.0,0.0,0.0,0.0,0.0
15390,The former Yugoslav Republic of Macedonia,Treenuts,Human Consumption,5.0,3.0,4.0,6.0,7.0,7.0,8.0,9.0,8.0,8.0,9.0,9.0,9.0,9.0,0.0,0.0,0.0,0.0
15391,The former Yugoslav Republic of Macedonia,Stimulants,Domestic supply,6.0,8.0,12.0,12.0,13.0,13.0,13.0,14.0,14.0,16.0,15.0,15.0,16.0,16.0,0.0,0.0,0.0,0.0
15392,The former Yugoslav Republic of Macedonia,Oilcrops,Seed,0.0,0.0,0.0,0.0,0.0,0.0,0.0,0.0,0.0,0.0,0.0,0.0,0.0,0.0,0.0,0.0,0.0,0.0
15393,The former Yugoslav Republic of Macedonia,Oilcrops,Feed,1.0,2.0,2.0,1.0,1.0,1.0,1.0,1.0,1.0,1.0,1.0,1.0,1.0,1.0,0.0,0.0,0.0,0.0
15394,The former Yugoslav Republic of Macedonia,Oilcrops,Domestic supply,15.0,12.0,31.0,30.0,32.0,30.0,29.0,28.0,29.0,34.0,30.0,31.0,29.0,29.0,0.0,0.0,0.0,0.0
15395,The former Yugoslav Republic of Macedonia,Oilcrops,Export,18.0,19.0,7.0,2.0,3.0,1.0,1.0,1.0,2.0,2.0,5.0,6.0,7.0,7.0,0.0,0.0,0.0,0.0
15396,The former Yugoslav Republic of Macedonia,Oilcrops,Stock Variation,-3.0,0.0,1.0,-2.0,0.0,-1.0,0.0,1.0,-4.0,-1.0,-4.0,0.0,1.0,0.0,0.0,0.0,0.0,0.0
15397,The former Yugoslav Republic of Macedonia,Oilcrops,Import,9.0,9.0,15.0,9.0,10.0,11.0,11.0,10.0,15.0,14.0,14.0,12.0,11.0,14.0,0.0,0.0,0.0,0.0
15398,The former Yugoslav Republic of Macedonia,Oilcrops,Production,25.0,21.0,22.0,24.0,24.0,21.0,19.0,18.0,19.0,23.0,26.0,25.0,23.0,22.0,0.0,0.0,0.0,0.0
15399,The former Yugoslav Republic of Macedonia,Oilcrops,Losses,1.0,1.0,1.0,1.0,1.0,1.0,1.0,0.0,1.0,1.0,1.0,1.0,1.0,1.0,0.0,0.0,0.0,0.0
15400,The former Yugoslav Republic of Macedonia,Treenuts,Losses,0.0,0.0,0.0,0.0,0.0,0.0,0.0,0.0,0.0,0.0,0.0,0.0,0.0,0.0,0.0,0.0,0.0,0.0
15401,The former Yugoslav Republic of Macedonia,Treenuts,Export,1.0,1.0,0.0,1.0,0.0,1.0,0.0,0.0,1.0,1.0,1.0,1.0,1.0,2.0,0.0,0.0,0.0,0.0
15402,The former Yugoslav Republic of Macedonia,Treenuts,Stock Variation,0.0,1.0,0.0,0.0,0.0,0.0,0.0,0.0,0.0,0.0,0.0,0.0,-1.0,1.0,0.0,0.0,0.0,0.0
15403,The former Yugoslav Republic of Macedonia,Treenuts,Import,1.0,1.0,2.0,3.0,2.0,2.0,2.0,3.0,3.0,2.0,3.0,3.0,3.0,3.0,0.0,0.0,0.0,0.0
15404,The former Yugoslav Republic of Macedonia,Treenuts,Production,5.0,2.0,2.0,4.0,5.0,5.0,7.0,6.0,6.0,6.0,7.0,7.0,7.0,7.0,0.0,0.0,0.0,0.0
15405,The former Yugoslav Republic of Macedonia,Pulses,Human Consumption,12.0,12.0,14.0,16.0,15.0,6.0,8.0,8.0,14.0,11.0,10.0,10.0,11.0,10.0,0.0,0.0,0.0,0.0
15406,The former Yugoslav Republic of Macedonia,Pulses,Losses,6.0,4.0,5.0,5.0,3.0,1.0,2.0,1.0,2.0,2.0,1.0,2.0,2.0,2.0,0.0,0.0,0.0,0.0
15407,The former Yugoslav Republic of Macedonia,Pulses,Seed,3.0,3.0,3.0,3.0,3.0,3.0,3.0,3.0,3.0,2.0,2.0,2.0,2.0,2.0,0.0,0.0,0.0,0.0
15408,The former Yugoslav Republic of Macedonia,Treenuts,Domestic supply,5.0,3.0,4.0,6.0,7.0,7.0,8.0,9.0,8.0,8.0,9.0,10.0,9.0,9.0,0.0,0.0,0.0,0.0
15409,The former Yugoslav Republic of Macedonia,Pulses,Feed,12.0,10.0,12.0,13.0,12.0,11.0,11.0,10.0,12.0,14.0,11.0,12.0,12.0,12.0,0.0,0.0,0.0,0.0
15410,The former Yugoslav Republic of Macedonia,Oilcrops,Processing,6.0,3.0,15.0,18.0,19.0,18.0,16.0,14.0,15.0,19.0,15.0,16.0,15.0,14.0,0.0,0.0,0.0,0.0
15411,The former Yugoslav Republic of Macedonia,Oilcrops,Human Consumption,6.0,6.0,14.0,9.0,10.0,9.0,11.0,12.0,12.0,13.0,13.0,13.0,12.0,12.0,0.0,0.0,0.0,0.0
15412,The former Yugoslav Republic of Macedonia,Stimulants,Export,1.0,2.0,1.0,1.0,1.0,2.0,2.0,3.0,4.0,2.0,3.0,3.0,3.0,3.0,0.0,0.0,0.0,0.0
15413,The former Yugoslav Republic of Macedonia,Sugar Crops,Processing,76.0,34.0,48.0,39.0,53.0,58.0,25.0,8.0,8.0,8.0,8.0,8.0,9.0,10.0,0.0,0.0,0.0,0.0
15414,The former Yugoslav Republic of Macedonia,Sugar Crops,Feed,3.0,0.0,0.0,0.0,0.0,0.0,0.0,0.0,0.0,0.0,0.0,0.0,0.0,0.0,0.0,0.0,0.0,0.0
15415,The former Yugoslav Republic of Macedonia,Sugar Crops,Domestic supply,79.0,34.0,48.0,39.0,53.0,58.0,25.0,8.0,8.0,8.0,8.0,8.0,9.0,10.0,0.0,0.0,0.0,0.0
15416,The former Yugoslav Republic of Macedonia,Sugar Crops,Stock Variation,23.0,-4.0,4.0,0.0,0.0,0.0,0.0,0.0,0.0,0.0,0.0,0.0,0.0,0.0,0.0,0.0,0.0,0.0
15417,The former Yugoslav Republic of Macedonia,Sugar Crops,Production,56.0,38.0,44.0,39.0,52.0,58.0,25.0,8.0,8.0,8.0,8.0,8.0,9.0,10.0,0.0,0.0,0.0,0.0
15418,The former Yugoslav Republic of Macedonia,Starchy Roots,Human Consumption,94.0,99.0,113.0,98.0,118.0,117.0,106.0,110.0,118.0,133.0,125.0,121.0,114.0,125.0,0.0,0.0,0.0,0.0
15419,The former Yugoslav Republic of Macedonia,Oilcrops,Other uses (non-food),0.0,0.0,0.0,1.0,1.0,1.0,0.0,0.0,1.0,0.0,0.0,0.0,1.0,1.0,0.0,0.0,0.0,0.0
15420,The former Yugoslav Republic of Macedonia,Starchy Roots,Other uses (non-food),0.0,0.0,1.0,1.0,1.0,2.0,2.0,1.0,2.0,3.0,3.0,4.0,4.0,4.0,0.0,0.0,0.0,0.0
15421,The former Yugoslav Republic of Macedonia,Starchy Roots,Seed,27.0,29.0,29.0,29.0,27.0,27.0,29.0,28.0,28.0,27.0,28.0,28.0,28.0,27.0,0.0,0.0,0.0,0.0
15422,The former Yugoslav Republic of Macedonia,Starchy Roots,Feed,26.0,27.0,29.0,27.0,32.0,31.0,29.0,28.0,30.0,32.0,32.0,31.0,21.0,30.0,0.0,0.0,0.0,0.0
15423,The former Yugoslav Republic of Macedonia,Starchy Roots,Domestic supply,164.0,172.0,191.0,173.0,198.0,197.0,184.0,186.0,198.0,217.0,208.0,204.0,184.0,206.0,0.0,0.0,0.0,0.0
15424,The former Yugoslav Republic of Macedonia,Starchy Roots,Export,7.0,5.0,3.0,9.0,4.0,6.0,11.0,3.0,3.0,2.0,4.0,6.0,3.0,5.0,0.0,0.0,0.0,0.0
15425,The former Yugoslav Republic of Macedonia,Starchy Roots,Stock Variation,0.0,0.0,0.0,0.0,-10.0,10.0,0.0,0.0,0.0,0.0,0.0,0.0,0.0,0.0,0.0,0.0,0.0,0.0
15426,The former Yugoslav Republic of Macedonia,Starchy Roots,Import,6.0,5.0,11.0,7.0,13.0,6.0,7.0,8.0,10.0,12.0,10.0,16.0,17.0,20.0,0.0,0.0,0.0,0.0
15427,The former Yugoslav Republic of Macedonia,Starchy Roots,Production,164.0,173.0,183.0,175.0,199.0,187.0,188.0,181.0,191.0,207.0,202.0,194.0,170.0,191.0,0.0,0.0,0.0,0.0
15428,The former Yugoslav Republic of Macedonia,Starchy Roots,Losses,17.0,18.0,19.0,18.0,21.0,20.0,19.0,18.0,20.0,21.0,20.0,20.0,18.0,20.0,0.0,0.0,0.0,0.0
15429,The former Yugoslav Republic of Macedonia,Pulses,Domestic supply,33.0,28.0,33.0,37.0,33.0,22.0,24.0,23.0,30.0,29.0,25.0,26.0,27.0,26.0,0.0,0.0,0.0,0.0
15430,The former Yugoslav Republic of Macedonia,Sugar Crops,Import,0.0,0.0,0.0,0.0,1.0,0.0,0.0,0.0,0.0,0.0,0.0,0.0,0.0,0.0,0.0,0.0,0.0,0.0
15431,The former Yugoslav Republic of Macedonia,Pulses,Import,1.0,2.0,2.0,3.0,3.0,2.0,2.0,2.0,5.0,4.0,3.0,4.0,5.0,4.0,0.0,0.0,0.0,0.0
15432,The former Yugoslav Republic of Macedonia,Vegetables,Feed,38.0,40.0,46.0,41.0,38.0,40.0,39.0,38.0,39.0,37.0,41.0,39.0,39.0,39.0,0.0,0.0,0.0,0.0
15433,The former Yugoslav Republic of Macedonia,Vegetables,Domestic supply,473.0,494.0,423.0,416.0,392.0,380.0,393.0,416.0,387.0,507.0,534.0,506.0,537.0,535.0,0.0,0.0,0.0,0.0
15434,The former Yugoslav Republic of Macedonia,Vegetables,Export,79.0,60.0,119.0,118.0,141.0,164.0,185.0,187.0,239.0,182.0,254.0,253.0,199.0,199.0,0.0,0.0,0.0,0.0
15435,The former Yugoslav Republic of Macedonia,Vegetables,Stock Variation,0.0,0.0,0.0,0.0,0.0,0.0,0.0,0.0,0.0,0.0,0.0,0.0,0.0,0.0,0.0,0.0,0.0,0.0
15436,The former Yugoslav Republic of Macedonia,Vegetables,Import,12.0,13.0,10.0,9.0,12.0,13.0,14.0,23.0,18.0,18.0,19.0,18.0,20.0,22.0,0.0,0.0,0.0,0.0
15437,The former Yugoslav Republic of Macedonia,Vegetables,Production,540.0,541.0,532.0,525.0,522.0,531.0,564.0,580.0,608.0,670.0,769.0,741.0,716.0,712.0,0.0,0.0,0.0,0.0
15438,The former Yugoslav Republic of Macedonia,Fruits - Excluding Wine,Human Consumption,239.0,167.0,149.0,193.0,211.0,229.0,166.0,233.0,249.0,247.0,216.0,225.0,196.0,207.0,0.0,0.0,0.0,0.0
15439,The former Yugoslav Republic of Macedonia,Vegetables,Losses,53.0,54.0,53.0,52.0,51.0,52.0,55.0,57.0,59.0,65.0,75.0,72.0,69.0,69.0,0.0,0.0,0.0,0.0
15440,The former Yugoslav Republic of Macedonia,Fruits - Excluding Wine,Other uses (non-food),18.0,15.0,8.0,17.0,20.0,15.0,11.0,15.0,17.0,14.0,11.0,18.0,17.0,18.0,0.0,0.0,0.0,0.0
15441,The former Yugoslav Republic of Macedonia,Fruits - Excluding Wine,Losses,21.0,14.0,16.0,18.0,24.0,24.0,25.0,32.0,33.0,27.0,29.0,29.0,30.0,30.0,0.0,0.0,0.0,0.0
15442,The former Yugoslav Republic of Macedonia,Fruits - Excluding Wine,Domestic supply,409.0,311.0,235.0,351.0,393.0,380.0,286.0,430.0,424.0,416.0,362.0,365.0,351.0,396.0,0.0,0.0,0.0,0.0
15443,The former Yugoslav Republic of Macedonia,Fruits - Excluding Wine,Export,26.0,19.0,53.0,54.0,68.0,100.0,131.0,147.0,132.0,88.0,173.0,153.0,170.0,166.0,0.0,0.0,0.0,0.0
15444,The former Yugoslav Republic of Macedonia,Fruits - Excluding Wine,Import,28.0,25.0,53.0,64.0,67.0,67.0,63.0,92.0,69.0,69.0,72.0,74.0,74.0,72.0,0.0,0.0,0.0,0.0
15445,The former Yugoslav Republic of Macedonia,Fruits - Excluding Wine,Production,408.0,305.0,233.0,341.0,395.0,415.0,420.0,430.0,488.0,439.0,453.0,436.0,446.0,491.0,0.0,0.0,0.0,0.0
15446,The former Yugoslav Republic of Macedonia,Stimulants,Human Consumption,6.0,8.0,12.0,12.0,13.0,13.0,13.0,14.0,14.0,16.0,15.0,15.0,16.0,16.0,0.0,0.0,0.0,0.0
15447,The former Yugoslav Republic of Macedonia,Pulses,Export,1.0,0.0,1.0,0.0,0.0,0.0,0.0,0.0,0.0,0.0,0.0,0.0,0.0,0.0,0.0,0.0,0.0,0.0
15448,The former Yugoslav Republic of Macedonia,Fruits - Excluding Wine,Processing,131.0,115.0,60.0,122.0,139.0,113.0,86.0,149.0,125.0,129.0,107.0,93.0,109.0,141.0,0.0,0.0,0.0,0.0
15449,The former Yugoslav Republic of Macedonia,Vegetables,Human Consumption,382.0,401.0,325.0,323.0,303.0,288.0,299.0,321.0,289.0,404.0,418.0,396.0,429.0,428.0,0.0,0.0,0.0,0.0
15450,The former Yugoslav Republic of Macedonia,Fruits - Excluding Wine,Stock Variation,-1.0,0.0,1.0,1.0,-2.0,-2.0,-65.0,55.0,0.0,-5.0,11.0,8.0,0.0,0.0,0.0,0.0,0.0,0.0
15451,The former Yugoslav Republic of Macedonia,Vegetable Oils,Import,28.0,28.0,29.0,33.0,38.0,40.0,41.0,46.0,46.0,48.0,52.0,58.0,62.0,56.0,0.0,0.0,0.0,0.0
15452,The former Yugoslav Republic of Macedonia,Sugar & Sweeteners,Human Consumption,77.0,72.0,75.0,76.0,78.0,71.0,73.0,76.0,84.0,77.0,86.0,82.0,87.0,85.0,0.0,0.0,0.0,0.0
15453,The former Yugoslav Republic of Macedonia,Vegetable Oils,Production,3.0,2.0,3.0,4.0,5.0,5.0,4.0,4.0,4.0,6.0,5.0,5.0,4.0,4.0,0.0,0.0,0.0,0.0
15454,The former Yugoslav Republic of Macedonia,Sugar & Sweeteners,Other uses (non-food),0.0,1.0,1.0,1.0,0.0,0.0,1.0,1.0,0.0,1.0,1.0,1.0,1.0,1.0,0.0,0.0,0.0,0.0
15455,The former Yugoslav Republic of Macedonia,Sugar & Sweeteners,Processing,0.0,0.0,0.0,0.0,0.0,0.0,0.0,0.0,0.0,0.0,0.0,0.0,0.0,0.0,0.0,0.0,0.0,0.0
15456,The former Yugoslav Republic of Macedonia,Sugar & Sweeteners,Domestic supply,77.0,73.0,76.0,77.0,78.0,72.0,74.0,76.0,85.0,78.0,86.0,83.0,88.0,85.0,0.0,0.0,0.0,0.0
15457,The former Yugoslav Republic of Macedonia,Sugar & Sweeteners,Export,8.0,10.0,18.0,15.0,13.0,18.0,16.0,9.0,16.0,7.0,15.0,8.0,7.0,7.0,0.0,0.0,0.0,0.0
15458,The former Yugoslav Republic of Macedonia,Sugar & Sweeteners,Stock Variation,27.0,22.0,0.0,0.0,10.0,-1.0,6.0,-7.0,2.0,1.0,4.0,0.0,-2.0,-6.0,0.0,0.0,0.0,0.0
15459,The former Yugoslav Republic of Macedonia,Sugar & Sweeteners,Production,21.0,13.0,16.0,15.0,16.0,17.0,11.0,4.0,5.0,5.0,4.0,5.0,4.0,4.0,0.0,0.0,0.0,0.0
15460,The former Yugoslav Republic of Macedonia,Pulses,Production,32.0,26.0,31.0,34.0,30.0,21.0,21.0,21.0,25.0,25.0,22.0,22.0,22.0,22.0,0.0,0.0,0.0,0.0
15461,The former Yugoslav Republic of Macedonia,Vegetable Oils,Human Consumption,22.0,26.0,23.0,29.0,33.0,32.0,36.0,37.0,34.0,35.0,35.0,34.0,35.0,35.0,0.0,0.0,0.0,0.0
15462,The former Yugoslav Republic of Macedonia,Vegetable Oils,Other uses (non-food),4.0,3.0,6.0,7.0,8.0,9.0,6.0,12.0,13.0,12.0,11.0,19.0,19.0,17.0,0.0,0.0,0.0,0.0
15463,The former Yugoslav Republic of Macedonia,Vegetable Oils,Processing,0.0,0.0,0.0,0.0,0.0,0.0,0.0,0.0,0.0,0.0,0.0,0.0,0.0,0.0,0.0,0.0,0.0,0.0
15464,The former Yugoslav Republic of Macedonia,Vegetable Oils,Feed,0.0,0.0,0.0,0.0,0.0,0.0,0.0,0.0,0.0,0.0,0.0,0.0,0.0,0.0,0.0,0.0,0.0,0.0
15465,The former Yugoslav Republic of Macedonia,Vegetable Oils,Domestic supply,27.0,30.0,29.0,36.0,42.0,41.0,42.0,48.0,47.0,46.0,46.0,53.0,53.0,51.0,0.0,0.0,0.0,0.0
15466,The former Yugoslav Republic of Macedonia,Vegetable Oils,Stock Variation,2.0,5.0,3.0,0.0,0.0,0.0,0.0,0.0,4.0,0.0,0.0,3.0,0.0,0.0,0.0,0.0,0.0,0.0
15467,The former Yugoslav Republic of Macedonia,Vegetable Oils,Export,4.0,4.0,6.0,1.0,1.0,4.0,3.0,1.0,8.0,8.0,10.0,13.0,13.0,8.0,0.0,0.0,0.0,0.0
15468,Timor-Leste,Animal fats,Domestic supply,0.0,0.0,0.0,0.0,0.0,0.0,0.0,1.0,1.0,1.0,1.0,1.0,1.0,1.0,1.0,1.0,1.0,1.0
15469,Timor-Leste,Meat,Human Consumption,32.0,34.0,37.0,38.0,39.0,32.0,34.0,35.0,36.0,37.0,37.0,39.0,40.0,42.0,37.0,39.0,39.0,39.0
15470,Timor-Leste,Meat,Domestic supply,32.0,34.0,37.0,38.0,39.0,32.0,34.0,35.0,36.0,37.0,37.0,39.0,40.0,42.0,37.0,39.0,39.0,39.0
15471,Timor-Leste,Meat,Stock Variation,0.0,0.0,0.0,0.0,0.0,0.0,0.0,0.0,0.0,0.0,0.0,0.0,0.0,0.0,4.0,4.0,5.0,8.0
15472,Timor-Leste,Meat,Import,5.0,5.0,6.0,6.0,6.0,6.0,6.0,6.0,5.0,5.0,5.0,6.0,7.0,8.0,7.0,8.0,9.0,13.0
15473,Timor-Leste,Meat,Production,27.0,29.0,31.0,32.0,33.0,27.0,29.0,30.0,31.0,32.0,32.0,33.0,34.0,34.0,34.0,35.0,35.0,34.0
15474,Timor-Leste,Offals,Domestic supply,1.0,1.0,1.0,1.0,1.0,1.0,1.0,1.0,1.0,1.0,1.0,1.0,1.0,1.0,1.0,1.0,1.0,1.0
15475,Timor-Leste,Offals,Losses,0.0,0.0,0.0,0.0,0.0,0.0,0.0,0.0,0.0,0.0,0.0,0.0,0.0,0.0,0.0,0.0,0.0,0.0
15476,Timor-Leste,Animal fats,Stock Variation,0.0,0.0,0.0,0.0,0.0,0.0,0.0,0.0,0.0,0.0,0.0,0.0,0.0,0.0,0.0,0.0,0.0,0.0
15477,Timor-Leste,Offals,Import,0.0,0.0,0.0,0.0,0.0,0.0,0.0,0.0,0.0,0.0,0.0,0.0,0.0,0.0,0.0,0.0,0.0,0.0
15478,Timor-Leste,Offals,Production,1.0,1.0,1.0,1.0,1.0,1.0,1.0,1.0,1.0,1.0,1.0,1.0,1.0,1.0,1.0,1.0,1.0,1.0
15479,Timor-Leste,Miscellaneous,Import,0.0,0.0,0.0,0.0,0.0,0.0,0.0,0.0,0.0,0.0,0.0,0.0,0.0,0.0,11.0,9.0,11.0,9.0
15480,Timor-Leste,Animal fats,Losses,0.0,0.0,0.0,0.0,0.0,0.0,0.0,0.0,0.0,0.0,0.0,0.0,0.0,0.0,0.0,0.0,0.0,0.0
15481,Timor-Leste,Offals,Human Consumption,1.0,1.0,1.0,1.0,1.0,1.0,1.0,1.0,1.0,1.0,1.0,1.0,1.0,1.0,1.0,1.0,1.0,1.0
15482,Timor-Leste,Animal fats,Human Consumption,0.0,0.0,0.0,0.0,0.0,0.0,0.0,1.0,1.0,1.0,1.0,1.0,1.0,1.0,1.0,1.0,1.0,1.0
15483,Timor-Leste,Alcoholic Beverages,Stock Variation,0.0,0.0,0.0,0.0,0.0,0.0,0.0,0.0,0.0,0.0,0.0,0.0,0.0,0.0,2.0,4.0,3.0,-3.0
15484,Timor-Leste,Miscellaneous,Export,0.0,0.0,0.0,0.0,0.0,0.0,0.0,0.0,0.0,0.0,0.0,0.0,0.0,0.0,0.0,0.0,0.0,0.0
15485,Timor-Leste,Spices,Losses,0.0,0.0,0.0,0.0,0.0,0.0,0.0,0.0,0.0,0.0,0.0,0.0,0.0,0.0,0.0,0.0,0.0,0.0
15486,Timor-Leste,Spices,Human Consumption,0.0,0.0,0.0,0.0,0.0,0.0,0.0,1.0,1.0,1.0,1.0,0.0,1.0,0.0,0.0,0.0,1.0,0.0
15487,Timor-Leste,Spices,Domestic supply,0.0,0.0,0.0,0.0,0.0,0.0,0.0,1.0,1.0,1.0,1.0,0.0,1.0,0.0,0.0,0.0,0.0,0.0
15488,Timor-Leste,Animal fats,Import,0.0,0.0,0.0,0.0,0.0,0.0,0.0,0.0,0.0,0.0,0.0,0.0,0.0,0.0,0.0,0.0,0.0,0.0
15489,Timor-Leste,Spices,Export,0.0,0.0,0.0,0.0,0.0,0.0,0.0,0.0,0.0,0.0,0.0,0.0,0.0,0.0,0.0,0.0,0.0,0.0
15490,Timor-Leste,Spices,Stock Variation,0.0,0.0,0.0,0.0,0.0,0.0,0.0,0.0,0.0,0.0,0.0,0.0,0.0,0.0,0.0,0.0,0.0,0.0
15491,Timor-Leste,Spices,Import,0.0,0.0,0.0,0.0,0.0,0.0,0.0,0.0,0.0,0.0,0.0,0.0,0.0,0.0,0.0,0.0,0.0,0.0
15492,Timor-Leste,Spices,Production,0.0,0.0,0.0,0.0,0.0,0.0,0.0,1.0,1.0,1.0,0.0,0.0,0.0,0.0,0.0,0.0,0.0,0.0
15493,Timor-Leste,Alcoholic Beverages,Human Consumption,4.0,4.0,4.0,4.0,4.0,4.0,0.0,0.0,0.0,0.0,1.0,5.0,6.0,6.0,4.0,5.0,4.0,4.0
15494,Timor-Leste,Alcoholic Beverages,Domestic supply,4.0,4.0,4.0,4.0,4.0,4.0,0.0,0.0,0.0,0.0,1.0,5.0,6.0,6.0,4.0,5.0,4.0,4.0
15495,Timor-Leste,Alcoholic Beverages,Export,0.0,0.0,0.0,0.0,0.0,0.0,0.0,0.0,0.0,0.0,0.0,0.0,0.0,0.0,0.0,0.0,0.0,0.0
15496,Timor-Leste,Alcoholic Beverages,Import,4.0,4.0,4.0,4.0,4.0,4.0,0.0,0.0,0.0,0.0,1.0,5.0,6.0,6.0,7.0,8.0,7.0,1.0
15497,Timor-Leste,Alcoholic Beverages,Production,0.0,0.0,0.0,0.0,0.0,0.0,0.0,0.0,0.0,0.0,0.0,0.0,0.0,0.0,0.0,0.0,0.0,0.0
15498,Timor-Leste,Miscellaneous,Human Consumption,0.0,0.0,0.0,0.0,0.0,0.0,0.0,0.0,0.0,0.0,0.0,0.0,0.0,0.0,11.0,9.0,11.0,9.0
15499,Timor-Leste,Miscellaneous,Domestic supply,0.0,0.0,0.0,0.0,0.0,0.0,0.0,0.0,0.0,0.0,0.0,0.0,0.0,0.0,11.0,9.0,11.0,9.0
15500,Timor-Leste,Miscellaneous,Stock Variation,0.0,0.0,0.0,0.0,0.0,0.0,0.0,0.0,0.0,0.0,0.0,0.0,0.0,0.0,0.0,0.0,0.0,0.0
15501,Timor-Leste,Animal fats,Production,0.0,0.0,0.0,0.0,0.0,0.0,0.0,1.0,1.0,1.0,1.0,1.0,1.0,1.0,1.0,1.0,1.0,1.0
15502,Timor-Leste,"Fish, Seafood",Import,0.0,0.0,0.0,0.0,0.0,0.0,0.0,0.0,0.0,1.0,2.0,3.0,3.0,3.0,5.0,4.0,5.0,7.0
15503,Timor-Leste,Milk - Excluding Butter,Losses,0.0,0.0,0.0,0.0,0.0,0.0,0.0,0.0,0.0,0.0,0.0,0.0,0.0,0.0,0.0,0.0,0.0,0.0
15504,Timor-Leste,"Aquatic Products, Other",Domestic supply,0.0,0.0,0.0,0.0,0.0,0.0,0.0,0.0,1.0,2.0,2.0,2.0,2.0,2.0,2.0,2.0,2.0,2.0
15505,Timor-Leste,"Aquatic Products, Other",Export,0.0,0.0,0.0,0.0,0.0,0.0,0.0,0.0,0.0,0.0,0.0,0.0,0.0,0.0,0.0,0.0,0.0,0.0
15506,Timor-Leste,"Aquatic Products, Other",Production,0.0,0.0,0.0,0.0,0.0,0.0,0.0,0.0,1.0,2.0,2.0,2.0,2.0,2.0,2.0,2.0,2.0,2.0
15507,Timor-Leste,Cereals - Excluding Beer,Human Consumption,119.0,124.0,134.0,142.0,139.0,155.0,156.0,159.0,170.0,162.0,178.0,179.0,185.0,183.0,243.0,250.0,252.0,255.0
15508,Timor-Leste,Cereals - Excluding Beer,Other uses (non-food),0.0,0.0,0.0,0.0,0.0,0.0,0.0,0.0,0.0,0.0,0.0,0.0,0.0,0.0,0.0,0.0,0.0,0.0
15509,Timor-Leste,Cereals - Excluding Beer,Losses,7.0,6.0,7.0,7.0,6.0,7.0,8.0,8.0,6.0,8.0,8.0,5.0,6.0,5.0,11.0,12.0,11.0,10.0
15510,Timor-Leste,"Aquatic Products, Other",Other uses (non-food),0.0,0.0,0.0,0.0,0.0,0.0,0.0,0.0,1.0,2.0,2.0,2.0,2.0,2.0,2.0,2.0,2.0,2.0
15511,Timor-Leste,Cereals - Excluding Beer,Seed,2.0,2.0,2.0,1.0,2.0,2.0,2.0,2.0,2.0,2.0,1.0,2.0,1.0,1.0,3.0,4.0,1.0,4.0
15512,Timor-Leste,Cereals - Excluding Beer,Domestic supply,141.0,143.0,156.0,163.0,158.0,178.0,182.0,184.0,192.0,190.0,206.0,195.0,202.0,198.0,265.0,276.0,278.0,278.0
15513,Timor-Leste,Cereals - Excluding Beer,Export,0.0,0.0,0.0,0.0,0.0,0.0,0.0,0.0,0.0,0.0,0.0,0.0,0.0,0.0,0.0,0.0,0.0,0.0
15514,Timor-Leste,Cereals - Excluding Beer,Stock Variation,-29.0,-12.0,-22.0,3.0,3.0,8.0,-15.0,35.0,8.0,-45.0,-35.0,48.0,29.0,8.0,22.0,-5.0,-13.0,28.0
15515,Timor-Leste,Stimulants,Production,13.0,14.0,14.0,12.0,15.0,15.0,14.0,14.0,14.0,10.0,13.0,8.0,20.0,20.0,20.0,25.0,27.0,15.0
15516,Timor-Leste,Cereals - Excluding Beer,Import,48.0,50.0,48.0,46.0,50.0,38.0,40.0,38.0,30.0,19.0,17.0,32.0,30.0,31.0,96.0,57.0,60.0,94.0
15517,Timor-Leste,Cereals - Excluding Beer,Production,122.0,105.0,130.0,114.0,106.0,131.0,156.0,112.0,154.0,215.0,224.0,115.0,142.0,159.0,191.0,214.0,205.0,212.0
15518,Timor-Leste,Cereals - Excluding Beer,Feed,13.0,12.0,13.0,13.0,11.0,14.0,16.0,15.0,13.0,18.0,19.0,8.0,9.0,8.0,8.0,10.0,13.0,9.0
15519,Timor-Leste,"Aquatic Products, Other",Human Consumption,0.0,0.0,0.0,0.0,0.0,0.0,0.0,0.0,0.0,0.0,0.0,0.0,0.0,0.0,0.0,0.0,0.0,0.0
15520,Timor-Leste,"Fish, Seafood",Production,4.0,4.0,4.0,4.0,4.0,4.0,3.0,3.0,3.0,3.0,3.0,3.0,3.0,3.0,3.0,3.0,3.0,3.0
15521,Timor-Leste,"Fish, Seafood",Export,0.0,0.0,0.0,0.0,0.0,0.0,0.0,0.0,0.0,0.0,0.0,0.0,0.0,0.0,0.0,0.0,0.0,0.0
15522,Timor-Leste,Milk - Excluding Butter,Feed,0.0,0.0,0.0,0.0,0.0,0.0,0.0,0.0,0.0,0.0,0.0,0.0,0.0,0.0,9.0,8.0,7.0,7.0
15523,Timor-Leste,Milk - Excluding Butter,Domestic supply,10.0,11.0,11.0,27.0,4.0,4.0,3.0,1.0,5.0,12.0,9.0,9.0,9.0,12.0,11.0,10.0,9.0,8.0
15524,Timor-Leste,Milk - Excluding Butter,Stock Variation,0.0,0.0,0.0,0.0,0.0,0.0,0.0,0.0,0.0,0.0,0.0,0.0,0.0,0.0,0.0,0.0,0.0,0.0
15525,Timor-Leste,Milk - Excluding Butter,Import,9.0,10.0,11.0,26.0,3.0,3.0,2.0,0.0,4.0,11.0,8.0,8.0,8.0,11.0,5.0,4.0,4.0,3.0
15526,Timor-Leste,Milk - Excluding Butter,Production,1.0,1.0,1.0,1.0,1.0,1.0,1.0,1.0,1.0,1.0,1.0,1.0,1.0,1.0,6.0,6.0,5.0,5.0
15527,Timor-Leste,Eggs,Human Consumption,1.0,1.0,1.0,1.0,1.0,1.0,1.0,1.0,2.0,2.0,2.0,2.0,3.0,2.0,2.0,2.0,3.0,1.0
15528,Timor-Leste,Eggs,Losses,0.0,0.0,0.0,0.0,0.0,0.0,0.0,0.0,0.0,0.0,0.0,0.0,0.0,0.0,0.0,0.0,0.0,0.0
15529,Timor-Leste,Eggs,Seed,0.0,0.0,0.0,0.0,0.0,0.0,0.0,0.0,0.0,0.0,0.0,0.0,0.0,0.0,0.0,0.0,0.0,0.0
15530,Timor-Leste,Eggs,Domestic supply,1.0,1.0,1.0,1.0,1.0,1.0,1.0,1.0,2.0,2.0,2.0,2.0,4.0,2.0,2.0,3.0,3.0,1.0
15531,Timor-Leste,Eggs,Import,0.0,0.0,0.0,0.0,0.0,0.0,0.0,0.0,1.0,1.0,1.0,1.0,3.0,1.0,1.0,1.0,2.0,0.0
15532,Timor-Leste,Eggs,Production,1.0,1.0,1.0,1.0,1.0,1.0,1.0,1.0,1.0,1.0,1.0,1.0,1.0,1.0,1.0,1.0,1.0,1.0
15533,Timor-Leste,"Fish, Seafood",Human Consumption,4.0,4.0,4.0,4.0,4.0,4.0,3.0,3.0,4.0,4.0,6.0,7.0,7.0,7.0,8.0,7.0,8.0,10.0
15534,Timor-Leste,"Fish, Seafood",Other uses (non-food),0.0,0.0,0.0,0.0,0.0,0.0,0.0,0.0,0.0,0.0,0.0,0.0,0.0,0.0,0.0,0.0,0.0,0.0
15535,Timor-Leste,"Fish, Seafood",Feed,0.0,0.0,0.0,0.0,0.0,0.0,0.0,0.0,0.0,0.0,0.0,0.0,0.0,0.0,0.0,0.0,0.0,0.0
15536,Timor-Leste,"Fish, Seafood",Domestic supply,4.0,4.0,4.0,4.0,4.0,4.0,3.0,3.0,4.0,4.0,6.0,7.0,7.0,7.0,8.0,7.0,8.0,10.0
15537,Timor-Leste,Milk - Excluding Butter,Human Consumption,9.0,10.0,11.0,27.0,4.0,4.0,3.0,1.0,5.0,12.0,9.0,9.0,9.0,12.0,2.0,2.0,2.0,1.0
15538,Timor-Leste,Stimulants,Import,1.0,1.0,1.0,0.0,0.0,0.0,0.0,0.0,1.0,3.0,3.0,4.0,4.0,5.0,2.0,3.0,2.0,1.0
15539,Timor-Leste,"Aquatic Products, Other",Import,0.0,0.0,0.0,0.0,0.0,0.0,0.0,0.0,0.0,0.0,0.0,0.0,0.0,0.0,0.0,0.0,0.0,1.0
15540,Timor-Leste,Stimulants,Export,12.0,13.0,13.0,10.0,8.0,7.0,9.0,1.0,21.0,10.0,26.0,17.0,19.0,18.0,10.0,24.0,27.0,5.0
15541,Timor-Leste,Oilcrops,Export,7.0,8.0,7.0,7.0,7.0,7.0,7.0,7.0,6.0,6.0,5.0,5.0,5.0,5.0,1.0,4.0,3.0,1.0
15542,Timor-Leste,Oilcrops,Stock Variation,0.0,0.0,0.0,0.0,0.0,0.0,0.0,0.0,0.0,-2.0,2.0,-1.0,0.0,0.0,1.0,0.0,1.0,0.0
15543,Timor-Leste,Oilcrops,Import,0.0,0.0,0.0,0.0,0.0,0.0,0.0,0.0,0.0,0.0,0.0,0.0,0.0,0.0,1.0,1.0,2.0,1.0
15544,Timor-Leste,Oilcrops,Production,13.0,14.0,13.0,13.0,13.0,13.0,13.0,13.0,13.0,15.0,10.0,13.0,14.0,15.0,15.0,14.0,14.0,14.0
15545,Timor-Leste,Treenuts,Human Consumption,0.0,0.0,0.0,0.0,0.0,0.0,0.0,0.0,0.0,0.0,0.0,0.0,0.0,0.0,0.0,0.0,0.0,0.0
15546,Timor-Leste,Treenuts,Domestic supply,0.0,0.0,0.0,0.0,0.0,0.0,0.0,0.0,0.0,0.0,0.0,0.0,0.0,0.0,0.0,0.0,0.0,0.0
15547,Timor-Leste,Oilcrops,Domestic supply,6.0,6.0,6.0,6.0,7.0,7.0,7.0,6.0,7.0,7.0,7.0,8.0,8.0,10.0,15.0,11.0,13.0,14.0
15548,Timor-Leste,Treenuts,Export,0.0,0.0,0.0,0.0,0.0,0.0,0.0,0.0,0.0,0.0,0.0,0.0,0.0,0.0,0.0,0.0,0.0,0.0
15549,Timor-Leste,Treenuts,Import,0.0,0.0,0.0,0.0,0.0,0.0,0.0,0.0,0.0,0.0,0.0,0.0,0.0,0.0,0.0,0.0,0.0,0.0
15550,Timor-Leste,Pulses,Human Consumption,3.0,4.0,4.0,5.0,5.0,5.0,10.0,11.0,9.0,9.0,9.0,10.0,9.0,10.0,8.0,9.0,9.0,9.0
15551,Timor-Leste,Pulses,Losses,0.0,0.0,0.0,0.0,0.0,0.0,0.0,0.0,0.0,0.0,0.0,0.0,0.0,0.0,0.0,0.0,0.0,0.0
15552,Timor-Leste,Pulses,Seed,0.0,0.0,0.0,0.0,0.0,0.0,0.0,0.0,0.0,0.0,0.0,0.0,0.0,0.0,1.0,1.0,1.0,1.0
15553,Timor-Leste,Pulses,Feed,0.0,0.0,0.0,0.0,0.0,0.0,0.0,0.0,0.0,0.0,0.0,0.0,0.0,0.0,0.0,0.0,0.0,0.0
15554,Timor-Leste,Pulses,Domestic supply,4.0,4.0,5.0,5.0,5.0,6.0,10.0,11.0,9.0,9.0,9.0,11.0,10.0,11.0,9.0,10.0,10.0,10.0
15555,Timor-Leste,Treenuts,Stock Variation,0.0,0.0,0.0,0.0,0.0,0.0,0.0,0.0,0.0,0.0,0.0,0.0,0.0,0.0,0.0,0.0,0.0,0.0
15556,Timor-Leste,Pulses,Export,0.0,0.0,0.0,0.0,0.0,0.0,0.0,0.0,0.0,0.0,0.0,0.0,0.0,0.0,0.0,0.0,0.0,0.0
15557,Timor-Leste,Oilcrops,Feed,0.0,0.0,0.0,0.0,0.0,0.0,0.0,0.0,0.0,0.0,0.0,0.0,0.0,0.0,0.0,0.0,0.0,0.0
15558,Timor-Leste,Oilcrops,Processing,1.0,1.0,1.0,1.0,1.0,1.0,1.0,1.0,2.0,2.0,3.0,3.0,3.0,3.0,7.0,4.0,6.0,7.0
15559,Timor-Leste,Stimulants,Stock Variation,-1.0,-1.0,0.0,-2.0,-6.0,-6.0,-5.0,-12.0,8.0,0.0,14.0,9.0,0.0,0.0,7.0,-5.0,-2.0,1.0
15560,Timor-Leste,Sugar Crops,Feed,0.0,0.0,0.0,0.0,0.0,0.0,0.0,0.0,0.0,0.0,0.0,0.0,0.0,0.0,0.0,0.0,0.0,0.0
15561,Timor-Leste,Sugar Crops,Domestic supply,0.0,0.0,0.0,0.0,0.0,0.0,0.0,0.0,0.0,0.0,0.0,0.0,0.0,0.0,0.0,0.0,0.0,0.0
15562,Timor-Leste,Sugar Crops,Import,0.0,0.0,0.0,0.0,0.0,0.0,0.0,0.0,0.0,0.0,0.0,0.0,0.0,0.0,0.0,0.0,0.0,0.0
15563,Timor-Leste,Starchy Roots,Human Consumption,101.0,106.0,111.0,98.0,121.0,103.0,97.0,96.0,80.0,88.0,66.0,56.0,60.0,63.0,57.0,56.0,55.0,53.0
15564,Timor-Leste,Starchy Roots,Losses,6.0,7.0,7.0,6.0,7.0,7.0,7.0,7.0,5.0,6.0,5.0,4.0,4.0,4.0,3.0,3.0,3.0,3.0
15565,Timor-Leste,Oilcrops,Losses,1.0,1.0,1.0,1.0,1.0,1.0,1.0,1.0,1.0,1.0,1.0,1.0,1.0,1.0,2.0,2.0,2.0,2.0
15566,Timor-Leste,Starchy Roots,Seed,0.0,0.0,0.0,0.0,0.0,0.0,0.0,0.0,0.0,0.0,0.0,0.0,0.0,0.0,0.0,0.0,0.0,0.0
15567,Timor-Leste,Starchy Roots,Domestic supply,109.0,114.0,120.0,106.0,129.0,112.0,104.0,103.0,86.0,95.0,71.0,61.0,65.0,68.0,61.0,60.0,59.0,57.0
15568,Timor-Leste,Starchy Roots,Export,0.0,0.0,0.0,0.0,0.0,0.0,0.0,0.0,0.0,0.0,0.0,0.0,0.0,0.0,0.0,0.0,0.0,0.0
15569,Timor-Leste,Starchy Roots,Stock Variation,0.0,0.0,0.0,0.0,0.0,0.0,0.0,0.0,0.0,0.0,0.0,0.0,0.0,0.0,7.0,10.0,8.0,10.0
15570,Timor-Leste,Starchy Roots,Import,0.0,0.0,0.0,0.0,0.0,0.0,0.0,0.0,0.0,0.0,1.0,1.0,1.0,1.0,2.0,3.0,2.0,4.0
15571,Timor-Leste,Starchy Roots,Production,109.0,114.0,120.0,106.0,129.0,112.0,104.0,103.0,86.0,95.0,70.0,60.0,64.0,67.0,67.0,67.0,65.0,63.0
15572,Timor-Leste,Oilcrops,Human Consumption,4.0,3.0,3.0,4.0,4.0,4.0,4.0,4.0,4.0,4.0,4.0,4.0,4.0,5.0,6.0,5.0,6.0,5.0
15573,Timor-Leste,Starchy Roots,Feed,1.0,1.0,1.0,1.0,1.0,1.0,1.0,1.0,0.0,1.0,0.0,0.0,1.0,1.0,0.0,0.0,0.0,0.0
15574,Timor-Leste,Pulses,Stock Variation,0.0,0.0,0.0,0.0,0.0,0.0,0.0,0.0,0.0,0.0,0.0,0.0,0.0,0.0,1.0,-1.0,-1.0,0.0
15575,Timor-Leste,Oilcrops,Seed,0.0,0.0,0.0,0.0,0.0,0.0,0.0,0.0,0.0,0.0,0.0,0.0,0.0,0.0,0.0,0.0,0.0,0.0
15576,Timor-Leste,Pulses,Production,4.0,4.0,5.0,5.0,5.0,6.0,6.0,7.0,8.0,8.0,8.0,10.0,10.0,11.0,10.0,9.0,9.0,9.0
15577,Timor-Leste,Vegetables,Export,0.0,0.0,0.0,0.0,0.0,0.0,0.0,0.0,0.0,0.0,0.0,0.0,0.0,0.0,0.0,0.0,0.0,0.0
15578,Timor-Leste,Vegetables,Stock Variation,0.0,0.0,0.0,0.0,0.0,0.0,0.0,0.0,0.0,0.0,0.0,0.0,0.0,0.0,0.0,0.0,0.0,0.0
15579,Timor-Leste,Vegetables,Import,7.0,7.0,7.0,7.0,7.0,7.0,6.0,6.0,5.0,5.0,5.0,5.0,5.0,5.0,2.0,2.0,1.0,3.0
15580,Timor-Leste,Vegetables,Production,19.0,20.0,18.0,19.0,20.0,22.0,21.0,23.0,23.0,29.0,26.0,31.0,33.0,34.0,29.0,29.0,30.0,30.0
15581,Timor-Leste,Fruits - Excluding Wine,Human Consumption,14.0,15.0,17.0,12.0,13.0,14.0,15.0,16.0,15.0,15.0,15.0,19.0,19.0,19.0,18.0,19.0,20.0,20.0
15582,Timor-Leste,Fruits - Excluding Wine,Domestic supply,14.0,15.0,17.0,13.0,13.0,14.0,15.0,16.0,15.0,16.0,15.0,19.0,19.0,19.0,20.0,21.0,21.0,22.0
15583,Timor-Leste,Vegetables,Domestic supply,26.0,27.0,26.0,26.0,27.0,29.0,27.0,28.0,28.0,34.0,31.0,36.0,38.0,39.0,31.0,31.0,31.0,33.0
15584,Timor-Leste,Fruits - Excluding Wine,Export,0.0,0.0,0.0,0.0,0.0,0.0,0.0,0.0,0.0,0.0,0.0,0.0,0.0,0.0,0.0,0.0,0.0,0.0
15585,Timor-Leste,Fruits - Excluding Wine,Import,8.0,8.0,8.0,2.0,2.0,2.0,2.0,2.0,0.0,0.0,0.0,1.0,1.0,1.0,3.0,3.0,3.0,3.0
15586,Timor-Leste,Fruits - Excluding Wine,Production,6.0,7.0,9.0,10.0,11.0,11.0,12.0,13.0,15.0,15.0,15.0,18.0,18.0,18.0,18.0,18.0,19.0,19.0
15587,Timor-Leste,Stimulants,Human Consumption,0.0,0.0,1.0,0.0,0.0,1.0,0.0,1.0,1.0,3.0,3.0,4.0,5.0,7.0,4.0,7.0,3.0,10.0
15588,Timor-Leste,Stimulants,Losses,1.0,1.0,1.0,1.0,1.0,1.0,1.0,1.0,1.0,1.0,1.0,1.0,1.0,1.0,1.0,1.0,1.0,1.0
15589,Timor-Leste,Pulses,Import,0.0,0.0,0.0,0.0,0.0,0.0,4.0,4.0,1.0,1.0,1.0,1.0,0.0,0.0,0.0,0.0,0.0,0.0
15590,Timor-Leste,Stimulants,Domestic supply,1.0,1.0,2.0,1.0,1.0,2.0,1.0,2.0,2.0,3.0,4.0,5.0,6.0,8.0,4.0,8.0,4.0,10.0
15591,Timor-Leste,Fruits - Excluding Wine,Stock Variation,0.0,0.0,0.0,0.0,0.0,0.0,0.0,0.0,0.0,0.0,0.0,0.0,0.0,0.0,0.0,0.0,0.0,0.0
15592,Timor-Leste,Vegetables,Losses,1.0,1.0,1.0,1.0,1.0,1.0,1.0,1.0,1.0,1.0,1.0,1.0,2.0,2.0,2.0,2.0,2.0,2.0
15593,Timor-Leste,Fruits - Excluding Wine,Losses,0.0,0.0,0.0,0.0,0.0,0.0,0.0,0.0,0.0,0.0,0.0,0.0,0.0,0.0,2.0,2.0,2.0,2.0
15594,Timor-Leste,Sugar & Sweeteners,Export,0.0,0.0,0.0,0.0,0.0,0.0,0.0,0.0,0.0,0.0,0.0,0.0,0.0,0.0,0.0,0.0,0.0,0.0
15595,Timor-Leste,Sugar & Sweeteners,Human Consumption,4.0,6.0,5.0,6.0,6.0,5.0,7.0,8.0,10.0,11.0,11.0,12.0,15.0,14.0,23.0,25.0,26.0,27.0
15596,Timor-Leste,Sugar & Sweeteners,Losses,0.0,0.0,0.0,0.0,0.0,0.0,0.0,0.0,0.0,0.0,0.0,0.0,0.0,0.0,0.0,0.0,0.0,0.0
15597,Timor-Leste,Sugar & Sweeteners,Feed,0.0,0.0,0.0,0.0,0.0,0.0,0.0,0.0,0.0,0.0,0.0,0.0,0.0,0.0,0.0,0.0,0.0,0.0
15598,Timor-Leste,Sugar & Sweeteners,Domestic supply,4.0,6.0,5.0,6.0,6.0,5.0,7.0,8.0,10.0,11.0,11.0,12.0,15.0,14.0,23.0,25.0,26.0,27.0
15599,Timor-Leste,Sugar & Sweeteners,Stock Variation,0.0,0.0,0.0,0.0,-1.0,0.0,-2.0,-6.0,0.0,3.0,0.0,2.0,2.0,-4.0,6.0,3.0,14.0,3.0
15600,Timor-Leste,Sugar & Sweeteners,Import,3.0,5.0,5.0,5.0,7.0,4.0,9.0,13.0,10.0,7.0,10.0,10.0,13.0,18.0,28.0,28.0,40.0,30.0
15601,Timor-Leste,Vegetables,Human Consumption,25.0,26.0,25.0,25.0,26.0,28.0,26.0,27.0,27.0,32.0,30.0,35.0,37.0,38.0,29.0,29.0,29.0,31.0
15602,Timor-Leste,Sugar & Sweeteners,Production,1.0,0.0,1.0,1.0,1.0,1.0,1.0,1.0,1.0,1.0,0.0,0.0,0.0,0.0,1.0,1.0,1.0,1.0
15603,Timor-Leste,Vegetable Oils,Human Consumption,1.0,1.0,4.0,4.0,4.0,4.0,4.0,4.0,4.0,4.0,5.0,5.0,7.0,8.0,5.0,6.0,6.0,7.0
15604,Timor-Leste,Vegetable Oils,Other uses (non-food),0.0,0.0,0.0,0.0,0.0,0.0,0.0,0.0,0.0,0.0,0.0,4.0,0.0,0.0,2.0,2.0,2.0,2.0
15605,Timor-Leste,Vegetable Oils,Domestic supply,1.0,1.0,4.0,4.0,4.0,4.0,4.0,4.0,4.0,5.0,5.0,9.0,7.0,8.0,7.0,8.0,8.0,9.0
15606,Timor-Leste,Vegetable Oils,Export,0.0,0.0,0.0,0.0,0.0,0.0,0.0,0.0,0.0,0.0,0.0,0.0,0.0,0.0,0.0,0.0,0.0,0.0
15607,Timor-Leste,Vegetable Oils,Stock Variation,0.0,0.0,0.0,0.0,0.0,0.0,-1.0,-1.0,2.0,-1.0,-2.0,-2.0,0.0,-2.0,5.0,5.0,4.0,8.0
15608,Timor-Leste,Vegetable Oils,Import,1.0,1.0,3.0,4.0,4.0,4.0,5.0,5.0,2.0,5.0,6.0,11.0,7.0,9.0,11.0,12.0,11.0,17.0
15609,Timor-Leste,Vegetable Oils,Production,0.0,0.0,0.0,0.0,0.0,0.0,0.0,0.0,0.0,0.0,0.0,0.0,0.0,0.0,1.0,1.0,1.0,1.0
15610,Timor-Leste,Sugar & Sweeteners,Processing,0.0,0.0,0.0,0.0,0.0,0.0,0.0,0.0,0.0,0.0,0.0,0.0,0.0,0.0,0.0,0.0,0.0,0.0
15611,Togo,Offals,Domestic supply,3.0,3.0,3.0,3.0,4.0,4.0,4.0,4.0,4.0,4.0,6.0,6.0,5.0,5.0,6.0,6.0,6.0,6.0
15612,Togo,Offals,Export,0.0,0.0,0.0,0.0,0.0,0.0,0.0,0.0,0.0,0.0,0.0,0.0,0.0,0.0,0.0,0.0,0.0,0.0
15613,Togo,Animal fats,Production,1.0,1.0,1.0,1.0,1.0,1.0,1.0,1.0,1.0,1.0,1.0,1.0,1.0,1.0,1.0,2.0,1.0,1.0
15614,Togo,Offals,Human Consumption,3.0,3.0,3.0,3.0,4.0,4.0,4.0,4.0,4.0,4.0,6.0,6.0,5.0,5.0,5.0,6.0,6.0,5.0
15615,Togo,Offals,Import,0.0,0.0,0.0,0.0,0.0,0.0,0.0,0.0,0.0,0.0,1.0,1.0,1.0,1.0,1.0,1.0,1.0,0.0
15616,Togo,Meat,Production,37.0,39.0,41.0,42.0,44.0,48.0,49.0,52.0,53.0,60.0,64.0,66.0,65.0,67.0,70.0,75.0,77.0,79.0
15617,Togo,Offals,Losses,0.0,0.0,0.0,0.0,0.0,0.0,0.0,0.0,0.0,0.0,0.0,0.0,0.0,0.0,0.0,0.0,0.0,0.0
15618,Togo,Offals,Production,3.0,3.0,3.0,3.0,3.0,4.0,4.0,4.0,4.0,4.0,4.0,5.0,4.0,5.0,5.0,5.0,5.0,5.0
15619,Togo,Animal fats,Stock Variation,0.0,0.0,0.0,0.0,0.0,0.0,0.0,0.0,0.0,0.0,0.0,0.0,0.0,0.0,0.0,0.0,0.0,0.0
15620,Togo,Animal fats,Other uses (non-food),0.0,0.0,0.0,0.0,0.0,0.0,0.0,1.0,2.0,0.0,0.0,0.0,0.0,0.0,0.0,0.0,0.0,0.0
15621,Togo,Animal fats,Losses,0.0,0.0,0.0,0.0,0.0,0.0,0.0,0.0,0.0,0.0,0.0,0.0,0.0,0.0,0.0,0.0,0.0,0.0
15622,Togo,Animal fats,Feed,0.0,0.0,0.0,0.0,0.0,0.0,0.0,0.0,0.0,0.0,0.0,0.0,0.0,0.0,0.0,0.0,0.0,0.0
15623,Togo,Animal fats,Domestic supply,1.0,1.0,1.0,1.0,2.0,2.0,1.0,2.0,4.0,1.0,2.0,2.0,2.0,2.0,2.0,2.0,2.0,2.0
15624,Togo,Animal fats,Export,0.0,0.0,0.0,0.0,0.0,0.0,0.0,0.0,0.0,0.0,0.0,0.0,0.0,0.0,0.0,0.0,0.0,0.0
15625,Togo,Animal fats,Import,0.0,0.0,1.0,0.0,1.0,1.0,0.0,1.0,3.0,0.0,0.0,0.0,0.0,0.0,0.0,1.0,1.0,1.0
15626,Togo,Meat,Import,8.0,8.0,10.0,10.0,7.0,5.0,7.0,6.0,15.0,12.0,12.0,13.0,16.0,16.0,16.0,23.0,19.0,17.0
15627,Togo,Animal fats,Human Consumption,1.0,1.0,1.0,1.0,1.0,2.0,1.0,1.0,2.0,1.0,2.0,2.0,2.0,2.0,2.0,2.0,2.0,2.0
15628,Togo,Meat,Stock Variation,0.0,0.0,0.0,0.0,0.0,0.0,0.0,0.0,0.0,0.0,0.0,1.0,0.0,0.0,-3.0,5.0,2.0,-1.0
15629,Togo,Spices,Production,4.0,3.0,3.0,3.0,3.0,3.0,4.0,3.0,3.0,3.0,3.0,4.0,4.0,4.0,4.0,4.0,4.0,4.0
15630,Togo,Meat,Domestic supply,45.0,47.0,49.0,51.0,50.0,53.0,56.0,58.0,67.0,72.0,75.0,78.0,81.0,83.0,90.0,92.0,94.0,97.0
15631,Togo,Milk - Excluding Butter,Human Consumption,20.0,18.0,22.0,20.0,25.0,30.0,30.0,28.0,15.0,27.0,24.0,24.0,55.0,54.0,56.0,60.0,55.0,50.0
15632,Togo,Spices,Stock Variation,0.0,0.0,0.0,0.0,0.0,0.0,0.0,0.0,0.0,0.0,0.0,0.0,0.0,0.0,0.0,0.0,1.0,0.0
15633,Togo,Spices,Import,0.0,0.0,0.0,0.0,0.0,0.0,0.0,0.0,0.0,0.0,0.0,0.0,0.0,0.0,0.0,1.0,1.0,1.0
15634,Togo,Alcoholic Beverages,Human Consumption,48.0,47.0,55.0,68.0,51.0,64.0,77.0,84.0,77.0,78.0,77.0,75.0,65.0,94.0,73.0,77.0,70.0,70.0
15635,Togo,Alcoholic Beverages,Other uses (non-food),0.0,0.0,0.0,0.0,0.0,0.0,2.0,5.0,8.0,10.0,11.0,12.0,11.0,12.0,12.0,13.0,15.0,17.0
15636,Togo,Alcoholic Beverages,Domestic supply,48.0,47.0,55.0,68.0,52.0,65.0,79.0,89.0,84.0,88.0,88.0,87.0,77.0,106.0,85.0,90.0,86.0,84.0
15637,Togo,Alcoholic Beverages,Export,1.0,1.0,2.0,2.0,3.0,2.0,1.0,2.0,5.0,4.0,4.0,4.0,5.0,6.0,6.0,8.0,12.0,28.0
15638,Togo,Meat,Export,0.0,1.0,1.0,0.0,0.0,0.0,0.0,0.0,0.0,1.0,1.0,2.0,1.0,0.0,0.0,0.0,0.0,0.0
15639,Togo,Alcoholic Beverages,Stock Variation,0.0,0.0,0.0,0.0,0.0,0.0,-1.0,0.0,1.0,0.0,0.0,0.0,0.0,0.0,0.0,18.0,11.0,10.0
15640,Togo,Alcoholic Beverages,Production,44.0,44.0,54.0,66.0,47.0,58.0,64.0,75.0,72.0,75.0,75.0,66.0,56.0,85.0,62.0,83.0,77.0,79.0
15641,Togo,Miscellaneous,Human Consumption,0.0,0.0,0.0,0.0,0.0,0.0,0.0,0.0,0.0,0.0,0.0,0.0,0.0,0.0,27.0,42.0,30.0,51.0
15642,Togo,Miscellaneous,Domestic supply,0.0,0.0,0.0,0.0,0.0,0.0,0.0,0.0,0.0,0.0,0.0,0.0,0.0,0.0,27.0,42.0,30.0,51.0
15643,Togo,Miscellaneous,Export,0.0,0.0,0.0,0.0,0.0,0.0,0.0,0.0,0.0,0.0,0.0,0.0,0.0,0.0,0.0,1.0,1.0,1.0
15644,Togo,Miscellaneous,Stock Variation,0.0,0.0,0.0,0.0,0.0,0.0,0.0,0.0,0.0,0.0,0.0,0.0,0.0,0.0,0.0,0.0,0.0,0.0
15645,Togo,Miscellaneous,Import,0.0,0.0,0.0,0.0,0.0,0.0,0.0,0.0,0.0,0.0,0.0,0.0,0.0,0.0,28.0,43.0,31.0,52.0
15646,Togo,Meat,Human Consumption,45.0,47.0,49.0,51.0,50.0,53.0,56.0,58.0,67.0,72.0,75.0,78.0,81.0,83.0,90.0,92.0,94.0,97.0
15647,Togo,Alcoholic Beverages,Import,5.0,4.0,3.0,5.0,8.0,8.0,16.0,16.0,16.0,17.0,17.0,25.0,25.0,27.0,28.0,34.0,32.0,43.0
15648,Togo,Milk - Excluding Butter,Other uses (non-food),0.0,0.0,0.0,0.0,0.0,0.0,0.0,0.0,0.0,0.0,0.0,0.0,0.0,1.0,0.0,0.0,0.0,0.0
15649,Togo,Cereals - Excluding Beer,Feed,105.0,120.0,125.0,130.0,95.0,95.0,92.0,77.0,79.0,119.0,120.0,110.0,129.0,150.0,263.0,198.0,204.0,214.0
15650,Togo,Milk - Excluding Butter,Losses,1.0,1.0,1.0,1.0,1.0,1.0,1.0,1.0,1.0,1.0,1.0,1.0,1.0,1.0,4.0,5.0,5.0,5.0
15651,Togo,"Fish, Seafood",Production,22.0,23.0,21.0,28.0,28.0,28.0,25.0,20.0,23.0,27.0,28.0,24.0,24.0,24.0,20.0,22.0,32.0,32.0
15652,Togo,"Aquatic Products, Other",Human Consumption,0.0,0.0,0.0,0.0,0.0,0.0,0.0,0.0,0.0,0.0,0.0,0.0,0.0,0.0,0.0,0.0,0.0,0.0
15653,Togo,"Aquatic Products, Other",Other uses (non-food),0.0,0.0,0.0,0.0,0.0,0.0,0.0,0.0,0.0,0.0,0.0,0.0,0.0,0.0,0.0,0.0,0.0,0.0
15654,Togo,"Aquatic Products, Other",Domestic supply,0.0,0.0,0.0,0.0,0.0,0.0,0.0,0.0,0.0,0.0,0.0,0.0,0.0,0.0,0.0,0.0,0.0,0.0
15655,Togo,"Aquatic Products, Other",Export,0.0,0.0,0.0,0.0,0.0,0.0,0.0,0.0,0.0,0.0,0.0,0.0,0.0,0.0,0.0,0.0,0.0,0.0
15656,Togo,"Aquatic Products, Other",Production,0.0,0.0,0.0,0.0,0.0,0.0,0.0,0.0,0.0,0.0,0.0,0.0,0.0,0.0,0.0,0.0,0.0,0.0
15657,Togo,Cereals - Excluding Beer,Human Consumption,615.0,616.0,623.0,647.0,683.0,716.0,754.0,791.0,813.0,831.0,853.0,871.0,894.0,956.0,1105.0,1030.0,1083.0,1084.0
15658,Togo,Cereals - Excluding Beer,Other uses (non-food),0.0,0.0,0.0,0.0,0.0,0.0,0.0,0.0,2.0,2.0,3.0,3.0,4.0,3.0,3.0,2.0,2.0,0.0
15659,Togo,Cereals - Excluding Beer,Processing,10.0,10.0,12.0,15.0,11.0,13.0,15.0,17.0,16.0,17.0,17.0,16.0,14.0,20.0,11.0,15.0,13.0,14.0
15660,Togo,Cereals - Excluding Beer,Losses,126.0,131.0,127.0,136.0,128.0,133.0,139.0,141.0,147.0,163.0,161.0,163.0,191.0,176.0,106.0,174.0,176.0,182.0
15661,Togo,Cereals - Excluding Beer,Seed,19.0,19.0,19.0,21.0,20.0,21.0,21.0,22.0,24.0,25.0,24.0,33.0,35.0,33.0,39.0,40.0,42.0,42.0
15662,Togo,Spices,Export,0.0,0.0,0.0,1.0,0.0,0.0,1.0,0.0,0.0,0.0,0.0,0.0,0.0,0.0,0.0,0.0,0.0,0.0
15663,Togo,Cereals - Excluding Beer,Domestic supply,876.0,896.0,906.0,948.0,936.0,978.0,1021.0,1048.0,1082.0,1156.0,1178.0,1196.0,1267.0,1336.0,1527.0,1459.0,1520.0,1535.0
15664,Togo,Cereals - Excluding Beer,Export,30.0,64.0,69.0,49.0,24.0,35.0,27.0,17.0,29.0,31.0,29.0,5.0,33.0,13.0,5.0,2.0,1.0,9.0
15665,Togo,Cereals - Excluding Beer,Stock Variation,82.0,-33.0,-42.0,8.0,-40.0,0.0,-5.0,37.0,52.0,-31.0,41.0,-27.0,-138.0,-38.0,37.0,58.0,62.0,82.0
15666,Togo,Cereals - Excluding Beer,Import,104.0,198.0,238.0,202.0,224.0,204.0,193.0,175.0,152.0,197.0,158.0,207.0,223.0,276.0,257.0,269.0,320.0,326.0
15667,Togo,Cereals - Excluding Beer,Production,720.0,794.0,778.0,787.0,776.0,809.0,860.0,853.0,907.0,1021.0,1009.0,1021.0,1215.0,1111.0,1311.0,1250.0,1264.0,1301.0
15668,Togo,"Fish, Seafood",Import,34.0,31.0,22.0,24.0,16.0,28.0,25.0,19.0,13.0,19.0,43.0,57.0,57.0,57.0,61.0,76.0,62.0,62.0
15669,Togo,Milk - Excluding Butter,Processing,0.0,0.0,0.0,0.0,0.0,0.0,0.0,0.0,0.0,0.0,0.0,0.0,0.0,0.0,0.0,0.0,0.0,0.0
15670,Togo,"Fish, Seafood",Stock Variation,-1.0,-2.0,2.0,0.0,0.0,0.0,0.0,0.0,0.0,0.0,0.0,0.0,0.0,0.0,0.0,0.0,0.0,0.0
15671,Togo,"Fish, Seafood",Domestic supply,49.0,42.0,36.0,44.0,37.0,49.0,44.0,39.0,33.0,42.0,70.0,80.0,80.0,80.0,80.0,97.0,94.0,94.0
15672,Togo,Milk - Excluding Butter,Feed,0.0,0.0,0.0,0.0,0.0,0.0,0.0,0.0,0.0,0.0,0.0,0.0,0.0,0.0,31.0,39.0,41.0,47.0
15673,Togo,Milk - Excluding Butter,Domestic supply,21.0,19.0,22.0,21.0,26.0,30.0,30.0,28.0,16.0,27.0,25.0,25.0,25.0,17.0,77.0,89.0,94.0,87.0
15674,Togo,Milk - Excluding Butter,Export,3.0,8.0,9.0,24.0,20.0,21.0,4.0,7.0,29.0,20.0,25.0,39.0,60.0,70.0,21.0,25.0,17.0,25.0
15675,Togo,Milk - Excluding Butter,Stock Variation,-3.0,-2.0,-16.0,-3.0,-6.0,6.0,-19.0,-8.0,7.0,8.0,12.0,27.0,0.0,0.0,0.0,2.0,1.0,-1.0
15676,Togo,Milk - Excluding Butter,Import,16.0,18.0,36.0,37.0,39.0,33.0,41.0,30.0,26.0,27.0,25.0,25.0,73.0,74.0,18.0,23.0,20.0,20.0
15677,Togo,Milk - Excluding Butter,Production,11.0,11.0,12.0,12.0,12.0,12.0,12.0,12.0,12.0,13.0,13.0,13.0,13.0,13.0,81.0,92.0,92.0,92.0
15678,Togo,Eggs,Human Consumption,4.0,4.0,4.0,4.0,5.0,5.0,5.0,5.0,6.0,6.0,6.0,6.0,5.0,6.0,6.0,7.0,7.0,7.0
15679,Togo,Eggs,Losses,1.0,1.0,1.0,1.0,1.0,1.0,1.0,1.0,1.0,1.0,1.0,1.0,1.0,2.0,2.0,2.0,2.0,2.0
15680,Togo,Eggs,Seed,1.0,1.0,1.0,1.0,1.0,1.0,2.0,2.0,2.0,2.0,2.0,2.0,3.0,3.0,2.0,2.0,2.0,2.0
15681,Togo,Eggs,Feed,0.0,0.0,0.0,0.0,0.0,0.0,0.0,0.0,0.0,0.0,0.0,0.0,0.0,0.0,2.0,1.0,1.0,1.0
15682,Togo,Eggs,Domestic supply,6.0,6.0,6.0,7.0,8.0,8.0,7.0,8.0,9.0,9.0,9.0,9.0,10.0,10.0,11.0,12.0,12.0,13.0
15683,Togo,Eggs,Export,0.0,0.0,0.0,0.0,0.0,0.0,0.0,0.0,0.0,0.0,0.0,0.0,0.0,0.0,0.0,0.0,0.0,0.0
15684,Togo,Eggs,Import,0.0,0.0,0.0,0.0,0.0,0.0,0.0,0.0,0.0,0.0,0.0,0.0,0.0,0.0,0.0,0.0,0.0,0.0
15685,Togo,Eggs,Production,6.0,6.0,6.0,6.0,8.0,8.0,7.0,8.0,9.0,9.0,9.0,9.0,10.0,10.0,11.0,12.0,12.0,13.0
15686,Togo,"Fish, Seafood",Human Consumption,49.0,42.0,36.0,44.0,37.0,49.0,42.0,39.0,33.0,42.0,70.0,80.0,80.0,80.0,75.0,94.0,90.0,90.0
15687,Togo,"Fish, Seafood",Other uses (non-food),0.0,0.0,0.0,0.0,0.0,0.0,0.0,0.0,0.0,0.0,0.0,0.0,0.0,0.0,0.0,0.0,0.0,0.0
15688,Togo,"Fish, Seafood",Feed,0.0,0.0,0.0,0.0,0.0,0.0,3.0,0.0,0.0,0.0,1.0,1.0,1.0,1.0,5.0,2.0,3.0,3.0
15689,Togo,"Fish, Seafood",Export,7.0,10.0,9.0,8.0,7.0,6.0,5.0,0.0,3.0,4.0,1.0,1.0,1.0,1.0,0.0,0.0,0.0,0.0
15690,Togo,Spices,Domestic supply,4.0,3.0,3.0,3.0,3.0,4.0,3.0,3.0,4.0,4.0,3.0,4.0,4.0,4.0,4.0,4.0,4.0,4.0
15691,Togo,Fruits - Excluding Wine,Losses,9.0,9.0,8.0,8.0,8.0,7.0,8.0,7.0,7.0,8.0,8.0,8.0,9.0,9.0,9.0,9.0,10.0,10.0
15692,Togo,Spices,Human Consumption,4.0,3.0,3.0,3.0,3.0,4.0,4.0,3.0,3.0,3.0,3.0,4.0,4.0,4.0,4.0,4.0,4.0,4.0
15693,Togo,Oilcrops,Export,27.0,38.0,43.0,43.0,27.0,17.0,1.0,1.0,1.0,0.0,3.0,10.0,17.0,37.0,26.0,53.0,51.0,79.0
15694,Togo,Oilcrops,Stock Variation,8.0,2.0,-15.0,-5.0,-20.0,33.0,20.0,0.0,12.0,5.0,-4.0,-13.0,7.0,33.0,5.0,-1.0,14.0,36.0
15695,Togo,Oilcrops,Import,3.0,6.0,14.0,11.0,23.0,15.0,12.0,1.0,1.0,1.0,0.0,0.0,0.0,0.0,1.0,19.0,17.0,32.0
15696,Togo,Oilcrops,Production,128.0,155.0,165.0,168.0,164.0,119.0,110.0,118.0,113.0,114.0,130.0,158.0,151.0,154.0,282.0,218.0,289.0,302.0
15697,Togo,Treenuts,Human Consumption,0.0,0.0,0.0,0.0,0.0,0.0,0.0,2.0,2.0,4.0,4.0,2.0,2.0,1.0,0.0,4.0,5.0,0.0
15698,Togo,Treenuts,Losses,0.0,0.0,0.0,0.0,0.0,0.0,0.0,0.0,0.0,0.0,0.0,0.0,0.0,0.0,0.0,0.0,0.0,0.0
15699,Togo,Treenuts,Domestic supply,0.0,0.0,0.0,0.0,0.0,0.0,0.0,2.0,2.0,4.0,4.0,2.0,2.0,1.0,0.0,4.0,5.0,-11.0
15700,Togo,Oilcrops,Domestic supply,112.0,124.0,121.0,131.0,141.0,150.0,141.0,118.0,125.0,120.0,124.0,135.0,141.0,150.0,252.0,184.0,241.0,218.0
15701,Togo,Treenuts,Export,0.0,0.0,0.0,0.0,1.0,0.0,1.0,0.0,0.0,0.0,0.0,6.0,4.0,7.0,8.0,4.0,4.0,27.0
15702,Togo,Treenuts,Import,0.0,0.0,0.0,0.0,0.0,0.0,0.0,0.0,0.0,0.0,0.0,0.0,0.0,0.0,0.0,2.0,3.0,1.0
15703,Togo,Treenuts,Production,0.0,0.0,0.0,0.0,1.0,1.0,1.0,1.0,2.0,4.0,5.0,7.0,7.0,7.0,8.0,8.0,9.0,10.0
15704,Togo,Pulses,Human Consumption,40.0,41.0,45.0,40.0,44.0,61.0,47.0,58.0,61.0,69.0,73.0,70.0,94.0,103.0,111.0,113.0,118.0,121.0
15705,Togo,Pulses,Losses,5.0,5.0,5.0,5.0,5.0,7.0,6.0,7.0,7.0,8.0,8.0,8.0,14.0,12.0,13.0,19.0,18.0,21.0
15706,Togo,Pulses,Seed,3.0,3.0,3.0,3.0,3.0,3.0,3.0,3.0,4.0,4.0,4.0,5.0,7.0,7.0,3.0,4.0,4.0,4.0
15707,Togo,Pulses,Feed,0.0,0.0,0.0,0.0,0.0,0.0,0.0,0.0,0.0,0.0,0.0,0.0,0.0,0.0,37.0,46.0,50.0,56.0
15708,Togo,Pulses,Domestic supply,48.0,49.0,53.0,48.0,52.0,71.0,55.0,68.0,72.0,81.0,85.0,84.0,115.0,122.0,165.0,181.0,189.0,201.0
15709,Togo,Treenuts,Stock Variation,0.0,0.0,0.0,0.0,1.0,0.0,0.0,0.0,0.0,0.0,-1.0,1.0,-2.0,2.0,0.0,2.0,3.0,-5.0
15710,Togo,Pulses,Export,0.0,0.0,0.0,0.0,0.0,0.0,0.0,0.0,0.0,0.0,0.0,1.0,0.0,0.0,0.0,0.0,0.0,0.0
15711,Togo,Spices,Losses,0.0,0.0,0.0,0.0,0.0,0.0,0.0,0.0,0.0,0.0,0.0,0.0,0.0,0.0,0.0,0.0,0.0,0.0
15712,Togo,Oilcrops,Losses,2.0,2.0,2.0,2.0,2.0,2.0,2.0,2.0,2.0,2.0,2.0,3.0,2.0,2.0,3.0,5.0,4.0,3.0
15713,Togo,Sugar Crops,Feed,0.0,0.0,0.0,0.0,0.0,0.0,0.0,0.0,0.0,0.0,0.0,0.0,0.0,0.0,0.0,0.0,0.0,0.0
15714,Togo,Sugar Crops,Domestic supply,0.0,0.0,0.0,0.0,0.0,0.0,0.0,0.0,0.0,0.0,0.0,0.0,0.0,0.0,0.0,0.0,0.0,0.0
15715,Togo,Sugar Crops,Import,0.0,0.0,0.0,0.0,0.0,0.0,0.0,0.0,0.0,0.0,0.0,0.0,0.0,0.0,0.0,0.0,0.0,0.0
15716,Togo,Starchy Roots,Human Consumption,1043.0,1003.0,1028.0,1077.0,1099.0,1079.0,1138.0,1165.0,1189.0,1219.0,1241.0,1275.0,1339.0,1364.0,1417.0,1324.0,1426.0,1375.0
15717,Togo,Starchy Roots,Other uses (non-food),0.0,50.0,10.0,5.0,5.0,0.0,0.0,0.0,1.0,1.0,1.0,1.0,1.0,1.0,6.0,5.0,0.0,6.0
15718,Togo,Starchy Roots,Losses,193.0,197.0,202.0,212.0,206.0,201.0,211.0,216.0,222.0,244.0,247.0,263.0,279.0,259.0,194.0,285.0,287.0,292.0
15719,Togo,Starchy Roots,Seed,54.0,54.0,58.0,58.0,58.0,60.0,58.0,63.0,69.0,72.0,71.0,106.0,67.0,101.0,63.0,61.0,63.0,64.0
15720,Togo,Oilcrops,Seed,8.0,7.0,9.0,9.0,7.0,5.0,5.0,5.0,5.0,6.0,7.0,7.0,7.0,7.0,10.0,8.0,10.0,8.0
15721,Togo,Starchy Roots,Feed,0.0,0.0,0.0,0.0,0.0,0.0,0.0,0.0,0.0,0.0,0.0,2.0,1.0,0.0,291.0,172.0,88.0,156.0
15722,Togo,Starchy Roots,Export,2.0,1.0,0.0,0.0,0.0,0.0,1.0,1.0,0.0,1.0,2.0,2.0,1.0,3.0,6.0,8.0,8.0,8.0
15723,Togo,Starchy Roots,Stock Variation,0.0,-11.0,-52.0,-65.0,37.0,60.0,0.0,30.0,10.0,-92.0,-89.0,-109.0,-175.0,125.0,-5.0,-2.0,0.0,0.0
15724,Togo,Starchy Roots,Import,1.0,2.0,2.0,2.0,1.0,2.0,4.0,3.0,4.0,3.0,6.0,6.0,6.0,4.0,5.0,3.0,4.0,4.0
15725,Togo,Starchy Roots,Production,1292.0,1313.0,1349.0,1415.0,1331.0,1280.0,1405.0,1411.0,1466.0,1625.0,1645.0,1753.0,1857.0,1598.0,1964.0,1846.0,1863.0,1893.0
15726,Togo,Oilcrops,Human Consumption,27.0,37.0,34.0,40.0,46.0,36.0,41.0,36.0,38.0,40.0,40.0,39.0,40.0,41.0,34.0,37.0,46.0,32.0
15727,Togo,Oilcrops,Other uses (non-food),1.0,1.0,1.0,1.0,0.0,3.0,3.0,0.0,0.0,0.0,1.0,0.0,1.0,1.0,1.0,1.0,1.0,0.0
15728,Togo,Oilcrops,Processing,75.0,77.0,75.0,80.0,87.0,104.0,91.0,75.0,79.0,72.0,75.0,86.0,91.0,98.0,210.0,146.0,194.0,210.0
15729,Togo,Starchy Roots,Domestic supply,1291.0,1303.0,1298.0,1352.0,1368.0,1341.0,1408.0,1444.0,1480.0,1535.0,1560.0,1647.0,1687.0,1724.0,1967.0,1843.0,1859.0,1889.0
15730,Togo,Pulses,Stock Variation,0.0,0.0,0.0,0.0,0.0,0.0,0.0,0.0,0.0,0.0,0.0,0.0,-25.0,10.0,23.0,17.0,0.0,20.0
15731,Togo,Oilcrops,Feed,0.0,0.0,0.0,0.0,0.0,0.0,0.0,0.0,0.0,0.0,0.0,0.0,0.0,0.0,2.0,1.0,1.0,1.0
15732,Togo,Pulses,Production,47.0,49.0,53.0,48.0,52.0,71.0,55.0,68.0,72.0,81.0,84.0,85.0,140.0,113.0,187.0,198.0,189.0,221.0
15733,Togo,Vegetables,Production,135.0,136.0,145.0,154.0,165.0,141.0,140.0,142.0,143.0,144.0,144.0,141.0,151.0,145.0,145.0,144.0,147.0,147.0
15734,Togo,Fruits - Excluding Wine,Human Consumption,57.0,59.0,58.0,61.0,61.0,47.0,52.0,52.0,50.0,54.0,57.0,61.0,65.0,65.0,60.0,61.0,62.0,62.0
15735,Togo,Fruits - Excluding Wine,Domestic supply,65.0,67.0,66.0,69.0,70.0,54.0,60.0,60.0,57.0,61.0,64.0,69.0,73.0,74.0,69.0,70.0,71.0,71.0
15736,Togo,Fruits - Excluding Wine,Export,0.0,0.0,0.0,0.0,0.0,0.0,1.0,0.0,1.0,2.0,1.0,1.0,3.0,2.0,1.0,2.0,1.0,4.0
15737,Togo,Fruits - Excluding Wine,Stock Variation,0.0,0.0,0.0,0.0,0.0,0.0,0.0,0.0,0.0,0.0,0.0,0.0,0.0,0.0,0.0,0.0,1.0,2.0
15738,Togo,Fruits - Excluding Wine,Import,1.0,1.0,2.0,3.0,2.0,2.0,3.0,5.0,4.0,5.0,6.0,9.0,12.0,11.0,5.0,6.0,6.0,8.0
15739,Togo,Stimulants,Human Consumption,3.0,2.0,4.0,4.0,3.0,3.0,5.0,4.0,12.0,4.0,6.0,3.0,8.0,7.0,5.0,5.0,5.0,6.0
15740,Togo,Vegetables,Import,12.0,12.0,19.0,25.0,26.0,29.0,131.0,24.0,17.0,29.0,27.0,46.0,59.0,62.0,22.0,19.0,20.0,26.0
15741,Togo,Stimulants,Other uses (non-food),0.0,1.0,1.0,0.0,0.0,1.0,1.0,1.0,83.0,1.0,5.0,1.0,1.0,11.0,14.0,14.0,18.0,19.0
15742,Togo,Stimulants,Losses,0.0,0.0,0.0,0.0,0.0,0.0,0.0,0.0,0.0,0.0,0.0,0.0,0.0,0.0,2.0,2.0,2.0,2.0
15743,Togo,Stimulants,Domestic supply,3.0,3.0,5.0,4.0,4.0,4.0,6.0,5.0,94.0,5.0,11.0,4.0,9.0,19.0,22.0,21.0,27.0,28.0
15744,Togo,Stimulants,Export,19.0,13.0,9.0,10.0,33.0,36.0,81.0,89.0,30.0,124.0,93.0,155.0,39.0,9.0,18.0,21.0,9.0,7.0
15745,Togo,Stimulants,Stock Variation,-1.0,-11.0,-2.0,2.0,2.0,-22.0,1.0,6.0,3.0,11.0,-11.0,2.0,1.0,0.0,1.0,-2.0,5.0,7.0
15746,Togo,Stimulants,Import,2.0,1.0,1.0,1.0,4.0,1.0,4.0,1.0,1.0,2.0,2.0,2.0,2.0,2.0,0.0,0.0,0.0,1.0
15747,Togo,Stimulants,Production,22.0,27.0,15.0,11.0,31.0,60.0,82.0,87.0,120.0,117.0,113.0,155.0,45.0,26.0,41.0,39.0,40.0,41.0
15748,Togo,Pulses,Import,0.0,0.0,0.0,0.0,0.0,0.0,0.0,0.0,0.0,0.0,1.0,0.0,0.0,0.0,1.0,0.0,0.0,0.0
15749,Togo,Stimulants,Processing,0.0,0.0,0.0,0.0,0.0,0.0,0.0,0.0,0.0,0.0,0.0,0.0,0.0,0.0,1.0,0.0,1.0,1.0
15750,Togo,Vegetables,Stock Variation,0.0,0.0,0.0,0.0,0.0,0.0,-93.0,27.0,40.0,10.0,17.0,0.0,0.0,0.0,7.0,4.0,-2.0,-4.0
15751,Togo,Fruits - Excluding Wine,Production,65.0,67.0,65.0,66.0,68.0,53.0,58.0,54.0,53.0,58.0,60.0,62.0,64.0,64.0,65.0,67.0,68.0,70.0
15752,Togo,Vegetables,Domestic supply,147.0,147.0,162.0,173.0,187.0,169.0,176.0,192.0,189.0,183.0,185.0,187.0,186.0,204.0,159.0,155.0,158.0,163.0
15753,Togo,Sugar & Sweeteners,Human Consumption,14.0,14.0,24.0,29.0,32.0,31.0,37.0,46.0,52.0,62.0,70.0,78.0,82.0,83.0,105.0,118.0,126.0,126.0
15754,Togo,Vegetables,Export,0.0,0.0,2.0,6.0,5.0,2.0,1.0,0.0,11.0,0.0,2.0,1.0,24.0,3.0,2.0,4.0,10.0,15.0
15755,Togo,Sugar & Sweeteners,Other uses (non-food),0.0,0.0,0.0,1.0,0.0,0.0,1.0,1.0,0.0,0.0,0.0,0.0,3.0,3.0,3.0,2.0,1.0,2.0
15756,Togo,Sugar & Sweeteners,Processing,0.0,0.0,0.0,0.0,0.0,0.0,0.0,0.0,0.0,0.0,0.0,0.0,0.0,0.0,10.0,11.0,11.0,14.0
15757,Togo,Sugar & Sweeteners,Domestic supply,14.0,14.0,24.0,29.0,32.0,31.0,38.0,46.0,53.0,63.0,71.0,78.0,84.0,86.0,118.0,131.0,138.0,142.0
15758,Togo,Sugar & Sweeteners,Export,3.0,6.0,6.0,6.0,4.0,14.0,8.0,7.0,20.0,68.0,61.0,23.0,11.0,14.0,18.0,26.0,34.0,28.0
15759,Togo,Sugar & Sweeteners,Import,19.0,22.0,33.0,39.0,41.0,39.0,65.0,59.0,42.0,162.0,180.0,71.0,87.0,94.0,117.0,130.0,101.0,167.0
15760,Togo,Sugar & Sweeteners,Production,0.0,0.0,0.0,0.0,0.0,0.0,0.0,0.0,0.0,0.0,0.0,0.0,0.0,0.0,50.0,56.0,53.0,70.0
15761,Togo,Vegetable Oils,Human Consumption,36.0,43.0,46.0,48.0,46.0,49.0,46.0,46.0,50.0,51.0,57.0,60.0,59.0,56.0,44.0,96.0,49.0,97.0
15762,Togo,Sugar & Sweeteners,Stock Variation,-2.0,-2.0,-3.0,-4.0,-6.0,6.0,-19.0,-5.0,30.0,-31.0,-48.0,30.0,8.0,7.0,30.0,29.0,-18.0,68.0
15763,Togo,Vegetable Oils,Domestic supply,36.0,43.0,66.0,68.0,69.0,58.0,68.0,66.0,61.0,86.0,80.0,81.0,76.0,76.0,63.0,126.0,43.0,125.0
15764,Togo,Vegetable Oils,Export,2.0,8.0,15.0,20.0,19.0,11.0,16.0,4.0,24.0,8.0,2.0,5.0,37.0,73.0,46.0,61.0,49.0,54.0
15765,Togo,Vegetable Oils,Stock Variation,2.0,1.0,0.0,-12.0,-5.0,-8.0,-22.0,17.0,18.0,-13.0,-40.0,12.0,7.0,32.0,-27.0,-21.0,9.0,9.0
15766,Togo,Vegetable Oils,Import,10.0,20.0,51.0,68.0,60.0,43.0,73.0,23.0,34.0,75.0,87.0,38.0,69.0,79.0,48.0,139.0,71.0,153.0
15767,Togo,Vegetable Oils,Production,27.0,29.0,29.0,32.0,33.0,34.0,33.0,30.0,32.0,32.0,34.0,36.0,37.0,39.0,34.0,28.0,30.0,34.0
15768,Togo,Vegetables,Human Consumption,133.0,134.0,147.0,158.0,170.0,155.0,162.0,178.0,175.0,169.0,171.0,173.0,171.0,189.0,144.0,140.0,143.0,148.0
15769,Togo,Vegetables,Losses,14.0,14.0,15.0,15.0,17.0,14.0,14.0,14.0,14.0,14.0,14.0,14.0,15.0,14.0,15.0,15.0,15.0,15.0
15770,Togo,Vegetable Oils,Other uses (non-food),0.0,0.0,20.0,20.0,23.0,9.0,23.0,20.0,11.0,35.0,23.0,21.0,19.0,23.0,20.0,38.0,9.0,38.0
15771,Trinidad and Tobago,Meat,Import,17.0,15.0,15.0,17.0,23.0,21.0,21.0,30.0,37.0,33.0,36.0,39.0,42.0,48.0,44.0,28.0,43.0,39.0
15772,Trinidad and Tobago,Offals,Production,0.0,0.0,0.0,0.0,0.0,0.0,0.0,0.0,0.0,1.0,0.0,0.0,0.0,0.0,0.0,0.0,0.0,0.0
15773,Trinidad and Tobago,Meat,Production,42.0,50.0,62.0,61.0,62.0,62.0,52.0,58.0,58.0,63.0,70.0,69.0,71.0,71.0,71.0,52.0,63.0,64.0
15774,Trinidad and Tobago,Offals,Human Consumption,2.0,2.0,2.0,2.0,2.0,2.0,2.0,2.0,2.0,2.0,2.0,3.0,3.0,3.0,2.0,3.0,3.0,3.0
15775,Trinidad and Tobago,Offals,Losses,0.0,0.0,0.0,0.0,0.0,0.0,0.0,0.0,0.0,0.0,0.0,0.0,0.0,0.0,0.0,0.0,0.0,0.0
15776,Trinidad and Tobago,Offals,Export,0.0,0.0,0.0,0.0,0.0,0.0,0.0,0.0,0.0,0.0,0.0,0.0,0.0,0.0,0.0,0.0,0.0,0.0
15777,Trinidad and Tobago,Offals,Import,1.0,1.0,1.0,1.0,2.0,2.0,2.0,2.0,2.0,1.0,2.0,3.0,2.0,2.0,2.0,3.0,2.0,2.0
15778,Trinidad and Tobago,Animal fats,Human Consumption,6.0,6.0,6.0,5.0,5.0,5.0,5.0,5.0,6.0,5.0,5.0,6.0,6.0,7.0,4.0,4.0,4.0,4.0
15779,Trinidad and Tobago,Milk - Excluding Butter,Human Consumption,130.0,142.0,145.0,140.0,137.0,129.0,174.0,137.0,119.0,131.0,137.0,125.0,144.0,139.0,41.0,42.0,40.0,41.0
15780,Trinidad and Tobago,Animal fats,Losses,0.0,0.0,0.0,0.0,0.0,0.0,0.0,0.0,0.0,0.0,0.0,0.0,0.0,0.0,0.0,0.0,0.0,0.0
15781,Trinidad and Tobago,Animal fats,Feed,0.0,0.0,0.0,0.0,0.0,0.0,0.0,0.0,0.0,0.0,0.0,0.0,0.0,0.0,0.0,0.0,0.0,0.0
15782,Trinidad and Tobago,Animal fats,Domestic supply,6.0,6.0,6.0,5.0,6.0,5.0,5.0,7.0,8.0,5.0,5.0,6.0,6.0,8.0,4.0,4.0,4.0,4.0
15783,Trinidad and Tobago,Animal fats,Export,0.0,0.0,0.0,0.0,0.0,0.0,0.0,0.0,0.0,0.0,0.0,0.0,1.0,0.0,0.0,0.0,0.0,0.0
15784,Trinidad and Tobago,Animal fats,Stock Variation,0.0,0.0,1.0,1.0,0.0,0.0,-1.0,-1.0,1.0,0.0,0.0,-1.0,0.0,0.0,1.0,0.0,1.0,2.0
15785,Trinidad and Tobago,Animal fats,Import,6.0,5.0,4.0,4.0,6.0,5.0,5.0,7.0,7.0,4.0,5.0,7.0,6.0,7.0,5.0,4.0,5.0,6.0
15786,Trinidad and Tobago,Animal fats,Production,0.0,0.0,1.0,0.0,1.0,1.0,1.0,1.0,1.0,1.0,0.0,0.0,0.0,0.0,0.0,0.0,0.0,0.0
15787,Trinidad and Tobago,Meat,Stock Variation,0.0,0.0,0.0,0.0,0.0,0.0,0.0,0.0,0.0,0.0,0.0,0.0,0.0,0.0,16.0,-21.0,9.0,7.0
15788,Trinidad and Tobago,Animal fats,Other uses (non-food),0.0,0.0,0.0,0.0,1.0,0.0,0.0,2.0,3.0,0.0,0.0,0.0,0.0,1.0,0.0,0.0,0.0,0.0
15789,Trinidad and Tobago,Meat,Export,2.0,1.0,2.0,1.0,1.0,2.0,1.0,1.0,1.0,2.0,2.0,3.0,3.0,3.0,2.0,2.0,1.0,1.0
15790,Trinidad and Tobago,Milk - Excluding Butter,Other uses (non-food),0.0,0.0,0.0,0.0,0.0,0.0,0.0,0.0,0.0,0.0,0.0,0.0,0.0,0.0,0.0,0.0,0.0,0.0
15791,Trinidad and Tobago,Meat,Other uses (non-food),6.0,8.0,11.0,9.0,9.0,9.0,3.0,8.0,14.0,10.0,12.0,13.0,13.0,13.0,0.0,0.0,0.0,0.0
15792,Trinidad and Tobago,Spices,Export,1.0,1.0,1.0,0.0,0.0,0.0,0.0,0.0,0.0,0.0,0.0,0.0,0.0,0.0,0.0,0.0,0.0,0.0
15793,Trinidad and Tobago,Spices,Stock Variation,0.0,0.0,0.0,0.0,0.0,0.0,0.0,0.0,0.0,0.0,0.0,0.0,0.0,0.0,0.0,1.0,0.0,0.0
15794,Trinidad and Tobago,Spices,Import,2.0,1.0,1.0,2.0,2.0,2.0,2.0,2.0,2.0,2.0,3.0,3.0,3.0,4.0,2.0,3.0,2.0,3.0
15795,Trinidad and Tobago,Spices,Production,0.0,0.0,0.0,0.0,0.0,0.0,0.0,0.0,0.0,0.0,0.0,1.0,1.0,1.0,1.0,1.0,1.0,1.0
15796,Trinidad and Tobago,Alcoholic Beverages,Human Consumption,37.0,45.0,51.0,31.0,38.0,38.0,48.0,49.0,54.0,41.0,46.0,33.0,33.0,39.0,34.0,30.0,30.0,35.0
15797,Trinidad and Tobago,Alcoholic Beverages,Other uses (non-food),14.0,10.0,8.0,0.0,1.0,1.0,7.0,7.0,2.0,4.0,4.0,1.0,9.0,3.0,0.0,5.0,2.0,0.0
15798,Trinidad and Tobago,Alcoholic Beverages,Domestic supply,50.0,55.0,58.0,30.0,38.0,38.0,54.0,56.0,55.0,45.0,49.0,34.0,42.0,42.0,33.0,32.0,21.0,36.0
15799,Trinidad and Tobago,Alcoholic Beverages,Export,35.0,35.0,38.0,35.0,20.0,59.0,67.0,132.0,287.0,65.0,18.0,256.0,32.0,27.0,35.0,31.0,31.0,21.0
15800,Trinidad and Tobago,Alcoholic Beverages,Stock Variation,-8.0,3.0,3.0,-1.0,-6.0,16.0,-150.0,-10.0,80.0,-40.0,-4.0,118.0,-4.0,5.0,-1.0,20.0,10.0,19.0
15801,Trinidad and Tobago,Alcoholic Beverages,Import,18.0,15.0,15.0,19.0,19.0,34.0,203.0,125.0,197.0,100.0,14.0,117.0,19.0,14.0,18.0,34.0,17.0,15.0
15802,Trinidad and Tobago,Alcoholic Beverages,Production,75.0,71.0,79.0,47.0,45.0,48.0,68.0,73.0,66.0,51.0,56.0,56.0,59.0,51.0,49.0,49.0,45.0,61.0
15803,Trinidad and Tobago,Miscellaneous,Human Consumption,1.0,1.0,1.0,2.0,2.0,2.0,3.0,2.0,3.0,3.0,3.0,3.0,3.0,3.0,7.0,9.0,4.0,3.0
15804,Trinidad and Tobago,Miscellaneous,Domestic supply,1.0,1.0,1.0,2.0,2.0,2.0,3.0,2.0,3.0,3.0,3.0,3.0,3.0,3.0,7.0,9.0,4.0,3.0
15805,Trinidad and Tobago,Miscellaneous,Export,0.0,0.0,0.0,0.0,0.0,0.0,0.0,0.0,0.0,0.0,0.0,0.0,0.0,0.0,9.0,11.0,10.0,12.0
15806,Trinidad and Tobago,Miscellaneous,Stock Variation,0.0,0.0,0.0,0.0,0.0,0.0,0.0,0.0,0.0,0.0,0.0,-2.0,0.0,0.0,0.0,0.0,0.0,0.0
15807,Trinidad and Tobago,Miscellaneous,Import,1.0,1.0,1.0,2.0,2.0,2.0,3.0,2.0,3.0,3.0,3.0,5.0,3.0,4.0,16.0,20.0,14.0,15.0
15808,Trinidad and Tobago,Meat,Human Consumption,50.0,56.0,65.0,68.0,75.0,71.0,68.0,79.0,80.0,85.0,92.0,92.0,96.0,102.0,97.0,99.0,95.0,95.0
15809,Trinidad and Tobago,Meat,Domestic supply,56.0,64.0,75.0,77.0,83.0,80.0,71.0,87.0,93.0,94.0,104.0,105.0,109.0,115.0,97.0,99.0,96.0,95.0
15810,Trinidad and Tobago,Milk - Excluding Butter,Losses,1.0,1.0,1.0,0.0,0.0,0.0,0.0,0.0,0.0,0.0,0.0,0.0,0.0,0.0,0.0,0.0,0.0,0.0
15811,Trinidad and Tobago,Cereals - Excluding Beer,Human Consumption,154.0,151.0,146.0,147.0,144.0,144.0,142.0,146.0,150.0,153.0,156.0,159.0,163.0,160.0,175.0,180.0,189.0,185.0
15812,Trinidad and Tobago,Milk - Excluding Butter,Domestic supply,131.0,143.0,146.0,140.0,137.0,130.0,175.0,138.0,119.0,131.0,137.0,126.0,144.0,140.0,42.0,42.0,41.0,41.0
15813,Trinidad and Tobago,"Aquatic Products, Other",Human Consumption,0.0,0.0,0.0,0.0,0.0,0.0,0.0,0.0,0.0,0.0,0.0,0.0,0.0,0.0,0.0,0.0,0.0,0.0
15814,Trinidad and Tobago,"Aquatic Products, Other",Other uses (non-food),0.0,0.0,0.0,0.0,0.0,0.0,0.0,0.0,0.0,0.0,0.0,0.0,0.0,0.0,0.0,0.0,0.0,0.0
15815,Trinidad and Tobago,"Aquatic Products, Other",Domestic supply,0.0,0.0,0.0,0.0,0.0,0.0,0.0,0.0,0.0,0.0,0.0,0.0,0.0,0.0,0.0,0.0,0.0,0.0
15816,Trinidad and Tobago,"Aquatic Products, Other",Export,0.0,0.0,0.0,0.0,0.0,0.0,0.0,0.0,0.0,0.0,0.0,0.0,0.0,0.0,0.0,0.0,0.0,0.0
15817,Trinidad and Tobago,"Aquatic Products, Other",Import,0.0,0.0,0.0,0.0,0.0,0.0,0.0,0.0,0.0,0.0,0.0,0.0,0.0,0.0,0.0,0.0,0.0,0.0
15818,Trinidad and Tobago,"Aquatic Products, Other",Production,0.0,0.0,0.0,0.0,0.0,0.0,0.0,0.0,0.0,0.0,0.0,0.0,0.0,0.0,0.0,0.0,0.0,0.0
15819,Trinidad and Tobago,Cereals - Excluding Beer,Other uses (non-food),1.0,2.0,2.0,2.0,2.0,2.0,1.0,2.0,1.0,2.0,2.0,1.0,1.0,3.0,2.0,1.0,2.0,1.0
15820,Trinidad and Tobago,Cereals - Excluding Beer,Processing,9.0,10.0,12.0,7.0,7.0,7.0,11.0,12.0,11.0,9.0,9.0,9.0,10.0,10.0,15.0,16.0,17.0,20.0
15821,Trinidad and Tobago,Cereals - Excluding Beer,Losses,10.0,11.0,10.0,9.0,10.0,10.0,10.0,10.0,12.0,9.0,10.0,10.0,11.0,12.0,4.0,3.0,4.0,4.0
15822,Trinidad and Tobago,Cereals - Excluding Beer,Seed,0.0,0.0,0.0,0.0,0.0,0.0,0.0,0.0,0.0,0.0,0.0,0.0,0.0,0.0,0.0,0.0,0.0,0.0
15823,Trinidad and Tobago,Cereals - Excluding Beer,Feed,57.0,71.0,60.0,38.0,49.0,44.0,59.0,46.0,105.0,47.0,47.0,70.0,85.0,88.0,96.0,86.0,90.0,92.0
15824,Trinidad and Tobago,Cereals - Excluding Beer,Domestic supply,232.0,245.0,230.0,202.0,211.0,208.0,223.0,216.0,280.0,221.0,224.0,250.0,269.0,273.0,294.0,288.0,302.0,303.0
15825,Trinidad and Tobago,Cereals - Excluding Beer,Export,27.0,35.0,30.0,37.0,32.0,60.0,52.0,59.0,25.0,38.0,34.0,16.0,19.0,23.0,21.0,31.0,22.0,30.0
15826,Trinidad and Tobago,Cereals - Excluding Beer,Stock Variation,20.0,-9.0,11.0,1.0,-18.0,-14.0,41.0,10.0,-16.0,-10.0,-3.0,-6.0,-19.0,-30.0,7.0,-23.0,-27.0,-21.0
15827,Trinidad and Tobago,Cereals - Excluding Beer,Import,234.0,285.0,244.0,234.0,258.0,278.0,231.0,260.0,315.0,265.0,256.0,266.0,302.0,321.0,310.0,285.0,286.0,299.0
15828,Trinidad and Tobago,Cereals - Excluding Beer,Production,5.0,4.0,6.0,4.0,4.0,4.0,4.0,5.0,5.0,4.0,5.0,5.0,5.0,5.0,11.0,11.0,11.0,14.0
15829,Trinidad and Tobago,Spices,Domestic supply,1.0,1.0,1.0,1.0,1.0,2.0,2.0,2.0,2.0,2.0,3.0,4.0,4.0,4.0,3.0,3.0,3.0,3.0
15830,Trinidad and Tobago,"Fish, Seafood",Production,14.0,17.0,19.0,15.0,15.0,17.0,13.0,13.0,14.0,14.0,14.0,13.0,13.0,13.0,13.0,13.0,13.0,13.0
15831,Trinidad and Tobago,Milk - Excluding Butter,Feed,0.0,0.0,0.0,0.0,0.0,0.0,0.0,0.0,0.0,0.0,0.0,0.0,0.0,0.0,0.0,0.0,0.0,0.0
15832,Trinidad and Tobago,"Fish, Seafood",Import,10.0,13.0,15.0,13.0,15.0,21.0,16.0,17.0,16.0,18.0,17.0,23.0,23.0,23.0,23.0,24.0,19.0,24.0
15833,Trinidad and Tobago,"Fish, Seafood",Export,5.0,6.0,6.0,5.0,4.0,3.0,7.0,4.0,4.0,5.0,4.0,4.0,4.0,4.0,4.0,6.0,5.0,5.0
15834,Trinidad and Tobago,Milk - Excluding Butter,Export,12.0,6.0,4.0,4.0,3.0,4.0,4.0,6.0,7.0,4.0,4.0,2.0,4.0,1.0,2.0,2.0,1.0,2.0
15835,Trinidad and Tobago,Milk - Excluding Butter,Stock Variation,-16.0,1.0,6.0,4.0,-4.0,0.0,0.0,0.0,-10.0,2.0,2.0,-3.0,0.0,0.0,2.0,11.0,-2.0,-1.0
15836,Trinidad and Tobago,Milk - Excluding Butter,Import,149.0,138.0,134.0,131.0,138.0,125.0,171.0,137.0,131.0,129.0,135.0,125.0,144.0,136.0,42.0,52.0,38.0,39.0
15837,Trinidad and Tobago,Milk - Excluding Butter,Production,10.0,10.0,10.0,9.0,7.0,8.0,7.0,6.0,5.0,5.0,4.0,6.0,4.0,5.0,4.0,4.0,2.0,3.0
15838,Trinidad and Tobago,Eggs,Human Consumption,4.0,4.0,4.0,5.0,4.0,4.0,5.0,5.0,5.0,7.0,6.0,4.0,4.0,6.0,6.0,5.0,7.0,6.0
15839,Trinidad and Tobago,Eggs,Other uses (non-food),0.0,0.0,0.0,0.0,0.0,0.0,0.0,0.0,0.0,0.0,0.0,0.0,0.0,0.0,0.0,0.0,0.0,0.0
15840,Trinidad and Tobago,Eggs,Losses,0.0,0.0,0.0,0.0,0.0,0.0,0.0,0.0,0.0,0.0,0.0,0.0,0.0,0.0,0.0,0.0,0.0,0.0
15841,Trinidad and Tobago,Eggs,Seed,2.0,2.0,3.0,3.0,3.0,3.0,3.0,3.0,3.0,3.0,3.0,3.0,3.0,3.0,2.0,3.0,3.0,3.0
15842,Trinidad and Tobago,Eggs,Domestic supply,7.0,7.0,7.0,8.0,7.0,8.0,8.0,8.0,8.0,10.0,9.0,7.0,7.0,9.0,9.0,8.0,10.0,9.0
15843,Trinidad and Tobago,Eggs,Export,0.0,0.0,0.0,0.0,0.0,0.0,0.0,0.0,0.0,0.0,0.0,0.0,0.0,0.0,0.0,0.0,0.0,0.0
15844,Trinidad and Tobago,Eggs,Stock Variation,0.0,0.0,0.0,0.0,0.0,0.0,0.0,0.0,0.0,0.0,0.0,0.0,0.0,0.0,0.0,0.0,0.0,0.0
15845,Trinidad and Tobago,Eggs,Import,3.0,3.0,4.0,4.0,3.0,4.0,4.0,4.0,4.0,4.0,4.0,3.0,4.0,5.0,6.0,5.0,8.0,5.0
15846,Trinidad and Tobago,Eggs,Production,3.0,3.0,4.0,4.0,4.0,4.0,4.0,4.0,5.0,6.0,5.0,4.0,4.0,4.0,3.0,3.0,3.0,3.0
15847,Trinidad and Tobago,"Fish, Seafood",Human Consumption,17.0,21.0,28.0,23.0,26.0,32.0,25.0,26.0,26.0,26.0,26.0,32.0,32.0,32.0,32.0,30.0,28.0,33.0
15848,Trinidad and Tobago,"Fish, Seafood",Other uses (non-food),0.0,0.0,0.0,0.0,0.0,0.0,0.0,0.0,0.0,0.0,0.0,0.0,0.0,0.0,0.0,0.0,0.0,0.0
15849,Trinidad and Tobago,"Fish, Seafood",Feed,3.0,2.0,0.0,0.0,0.0,1.0,0.0,0.0,0.0,1.0,0.0,0.0,0.0,0.0,0.0,0.0,0.0,0.0
15850,Trinidad and Tobago,"Fish, Seafood",Domestic supply,19.0,24.0,28.0,23.0,26.0,32.0,25.0,26.0,26.0,27.0,26.0,32.0,32.0,32.0,32.0,30.0,28.0,33.0
15851,Trinidad and Tobago,"Fish, Seafood",Stock Variation,0.0,0.0,0.0,0.0,0.0,-3.0,3.0,0.0,0.0,0.0,0.0,0.0,0.0,0.0,0.0,-2.0,1.0,0.0
15852,Trinidad and Tobago,Spices,Human Consumption,1.0,1.0,1.0,1.0,1.0,2.0,2.0,2.0,2.0,2.0,3.0,4.0,4.0,4.0,3.0,3.0,3.0,3.0
15853,Trinidad and Tobago,Offals,Domestic supply,2.0,2.0,2.0,2.0,2.0,2.0,2.0,2.0,2.0,2.0,2.0,3.0,3.0,3.0,2.0,3.0,3.0,3.0
15854,Trinidad and Tobago,Stimulants,Import,4.0,4.0,5.0,4.0,5.0,6.0,5.0,8.0,4.0,7.0,6.0,5.0,5.0,5.0,2.0,2.0,2.0,2.0
15855,Trinidad and Tobago,Oilcrops,Domestic supply,98.0,109.0,108.0,91.0,90.0,87.0,51.0,56.0,38.0,24.0,30.0,30.0,31.0,38.0,32.0,49.0,41.0,39.0
15856,Trinidad and Tobago,Oilcrops,Export,4.0,4.0,2.0,2.0,2.0,4.0,4.0,2.0,2.0,8.0,7.0,1.0,1.0,1.0,1.0,4.0,3.0,3.0
15857,Trinidad and Tobago,Oilcrops,Stock Variation,-10.0,-8.0,-5.0,-3.0,-9.0,17.0,16.0,16.0,-1.0,0.0,0.0,-1.0,-1.0,0.0,1.0,-2.0,0.0,1.0
15858,Trinidad and Tobago,Oilcrops,Import,88.0,97.0,91.0,79.0,83.0,56.0,21.0,25.0,23.0,16.0,20.0,16.0,17.0,19.0,11.0,31.0,25.0,24.0
15859,Trinidad and Tobago,Oilcrops,Production,23.0,23.0,24.0,17.0,18.0,18.0,18.0,18.0,18.0,16.0,17.0,16.0,16.0,21.0,24.0,20.0,19.0,19.0
15860,Trinidad and Tobago,Treenuts,Human Consumption,2.0,2.0,2.0,2.0,3.0,3.0,5.0,3.0,2.0,3.0,1.0,4.0,2.0,3.0,1.0,2.0,1.0,1.0
15861,Trinidad and Tobago,Treenuts,Losses,0.0,0.0,0.0,0.0,0.0,0.0,0.0,0.0,0.0,0.0,0.0,0.0,0.0,0.0,0.0,0.0,0.0,0.0
15862,Trinidad and Tobago,Treenuts,Domestic supply,2.0,2.0,2.0,2.0,3.0,3.0,5.0,2.0,2.0,2.0,1.0,4.0,2.0,3.0,1.0,2.0,1.0,1.0
15863,Trinidad and Tobago,Treenuts,Export,0.0,0.0,0.0,0.0,0.0,1.0,1.0,1.0,1.0,0.0,2.0,0.0,1.0,1.0,0.0,1.0,0.0,1.0
15864,Trinidad and Tobago,Treenuts,Stock Variation,0.0,0.0,0.0,0.0,0.0,0.0,0.0,0.0,0.0,0.0,0.0,0.0,0.0,0.0,1.0,0.0,0.0,0.0
15865,Trinidad and Tobago,Treenuts,Import,2.0,2.0,2.0,2.0,3.0,3.0,5.0,3.0,3.0,3.0,3.0,4.0,3.0,3.0,3.0,3.0,2.0,2.0
15866,Trinidad and Tobago,Treenuts,Production,0.0,0.0,0.0,0.0,0.0,0.0,0.0,0.0,0.0,0.0,0.0,0.0,0.0,0.0,0.0,0.0,0.0,0.0
15867,Trinidad and Tobago,Pulses,Human Consumption,14.0,14.0,14.0,12.0,12.0,13.0,12.0,13.0,13.0,11.0,13.0,13.0,12.0,13.0,13.0,13.0,13.0,13.0
15868,Trinidad and Tobago,Pulses,Losses,0.0,0.0,0.0,0.0,0.0,0.0,0.0,0.0,0.0,0.0,0.0,0.0,0.0,0.0,0.0,0.0,0.0,0.0
15869,Trinidad and Tobago,Pulses,Seed,0.0,0.0,0.0,0.0,0.0,0.0,0.0,0.0,0.0,0.0,0.0,0.0,0.0,0.0,0.0,0.0,0.0,0.0
15870,Trinidad and Tobago,Pulses,Domestic supply,14.0,14.0,15.0,12.0,12.0,13.0,12.0,13.0,13.0,12.0,13.0,13.0,13.0,13.0,13.0,13.0,13.0,13.0
15871,Trinidad and Tobago,Pulses,Export,0.0,0.0,0.0,0.0,1.0,1.0,1.0,1.0,0.0,0.0,0.0,0.0,0.0,0.0,0.0,1.0,0.0,0.0
15872,Trinidad and Tobago,Oilcrops,Feed,0.0,0.0,0.0,0.0,0.0,0.0,0.0,0.0,0.0,0.0,0.0,0.0,0.0,0.0,0.0,0.0,16.0,14.0
15873,Trinidad and Tobago,Pulses,Stock Variation,2.0,2.0,-1.0,0.0,0.0,0.0,0.0,0.0,0.0,0.0,0.0,0.0,0.0,0.0,1.0,0.0,0.0,0.0
15874,Trinidad and Tobago,Oilcrops,Losses,2.0,2.0,2.0,2.0,2.0,1.0,1.0,1.0,0.0,0.0,0.0,0.0,0.0,0.0,0.0,1.0,0.0,0.0
15875,Trinidad and Tobago,Oilcrops,Human Consumption,12.0,12.0,14.0,12.0,12.0,12.0,12.0,10.0,11.0,9.0,10.0,14.0,11.0,15.0,18.0,19.0,18.0,17.0
15876,Trinidad and Tobago,Sugar Crops,Human Consumption,0.0,0.0,0.0,0.0,0.0,0.0,0.0,0.0,0.0,0.0,0.0,0.0,0.0,0.0,1.0,0.0,0.0,0.0
15877,Trinidad and Tobago,Sugar Crops,Processing,1373.0,1029.0,1339.0,874.0,535.0,420.0,860.0,810.0,0.0,0.0,0.0,0.0,0.0,0.0,0.0,0.0,0.0,0.0
15878,Trinidad and Tobago,Sugar Crops,Losses,0.0,0.0,0.0,0.0,0.0,0.0,0.0,0.0,0.0,0.0,0.0,0.0,0.0,0.0,0.0,0.0,0.0,0.0
15879,Trinidad and Tobago,Sugar Crops,Seed,0.0,0.0,0.0,0.0,0.0,0.0,0.0,0.0,0.0,0.0,0.0,0.0,0.0,0.0,0.0,0.0,0.0,0.0
15880,Trinidad and Tobago,Sugar Crops,Domestic supply,1373.0,1029.0,1339.0,874.0,535.0,420.0,860.0,810.0,0.0,0.0,0.0,0.0,0.0,0.0,1.0,0.0,0.0,0.0
15881,Trinidad and Tobago,Sugar Crops,Export,0.0,0.0,0.0,0.0,0.0,0.0,0.0,0.0,0.0,0.0,0.0,0.0,0.0,0.0,0.0,0.0,0.0,0.0
15882,Trinidad and Tobago,Sugar Crops,Import,0.0,0.0,0.0,0.0,0.0,0.0,0.0,0.0,0.0,0.0,0.0,0.0,0.0,0.0,1.0,0.0,0.0,0.0
15883,Trinidad and Tobago,Sugar Crops,Production,1373.0,1029.0,1339.0,874.0,535.0,420.0,860.0,810.0,0.0,0.0,0.0,0.0,0.0,0.0,0.0,0.0,0.0,0.0
15884,Trinidad and Tobago,Starchy Roots,Human Consumption,36.0,48.0,47.0,49.0,50.0,45.0,49.0,52.0,61.0,60.0,59.0,63.0,68.0,59.0,53.0,49.0,49.0,50.0
15885,Trinidad and Tobago,Starchy Roots,Other uses (non-food),1.0,0.0,0.0,0.0,0.0,0.0,1.0,0.0,3.0,0.0,0.0,1.0,1.0,0.0,0.0,0.0,0.0,0.0
15886,Trinidad and Tobago,Starchy Roots,Losses,3.0,4.0,4.0,3.0,3.0,4.0,4.0,4.0,5.0,4.0,4.0,4.0,5.0,4.0,4.0,4.0,4.0,4.0
15887,Trinidad and Tobago,Starchy Roots,Feed,0.0,0.0,0.0,0.0,0.0,0.0,0.0,0.0,0.0,0.0,0.0,0.0,0.0,0.0,0.0,0.0,0.0,0.0
15888,Trinidad and Tobago,Starchy Roots,Domestic supply,39.0,52.0,51.0,53.0,54.0,49.0,53.0,56.0,69.0,65.0,64.0,68.0,73.0,63.0,57.0,53.0,53.0,55.0
15889,Trinidad and Tobago,Starchy Roots,Export,1.0,1.0,0.0,0.0,0.0,0.0,0.0,1.0,0.0,0.0,0.0,0.0,0.0,0.0,0.0,1.0,0.0,0.0
15890,Trinidad and Tobago,Starchy Roots,Stock Variation,2.0,0.0,0.0,0.0,0.0,0.0,0.0,0.0,0.0,-3.0,3.0,0.0,-4.0,0.0,0.0,-1.0,2.0,7.0
15891,Trinidad and Tobago,Starchy Roots,Import,34.0,48.0,41.0,45.0,45.0,40.0,44.0,46.0,57.0,58.0,51.0,58.0,68.0,51.0,45.0,43.0,44.0,50.0
15892,Trinidad and Tobago,Starchy Roots,Production,5.0,5.0,11.0,8.0,8.0,9.0,9.0,10.0,12.0,11.0,11.0,10.0,10.0,13.0,12.0,10.0,10.0,11.0
15893,Trinidad and Tobago,Oilcrops,Other uses (non-food),0.0,0.0,0.0,0.0,2.0,0.0,2.0,3.0,3.0,3.0,3.0,1.0,1.0,0.0,1.0,1.0,1.0,1.0
15894,Trinidad and Tobago,Pulses,Import,11.0,10.0,12.0,11.0,11.0,12.0,11.0,12.0,12.0,10.0,12.0,11.0,11.0,12.0,12.0,12.0,12.0,12.0
15895,Trinidad and Tobago,Oilcrops,Processing,84.0,95.0,91.0,77.0,75.0,73.0,37.0,42.0,24.0,18.0,22.0,14.0,19.0,22.0,13.0,13.0,7.0,7.0
15896,Trinidad and Tobago,Sugar & Sweeteners,Human Consumption,83.0,84.0,76.0,76.0,81.0,81.0,83.0,82.0,82.0,83.0,76.0,76.0,78.0,79.0,85.0,76.0,81.0,80.0
15897,Trinidad and Tobago,Vegetables,Stock Variation,0.0,0.0,0.0,0.0,0.0,0.0,0.0,0.0,0.0,0.0,0.0,0.0,0.0,0.0,1.0,4.0,0.0,1.0
15898,Trinidad and Tobago,Vegetables,Import,26.0,28.0,27.0,31.0,33.0,36.0,34.0,37.0,36.0,39.0,39.0,42.0,45.0,46.0,38.0,43.0,39.0,39.0
15899,Trinidad and Tobago,Vegetables,Production,26.0,25.0,22.0,22.0,21.0,18.0,20.0,17.0,16.0,16.0,12.0,17.0,16.0,14.0,13.0,17.0,16.0,16.0
15900,Trinidad and Tobago,Fruits - Excluding Wine,Human Consumption,82.0,86.0,87.0,96.0,81.0,96.0,97.0,94.0,94.0,91.0,101.0,152.0,158.0,150.0,79.0,99.0,68.0,70.0
15901,Trinidad and Tobago,Fruits - Excluding Wine,Processing,0.0,0.0,0.0,0.0,0.0,0.0,0.0,0.0,0.0,0.0,0.0,0.0,0.0,0.0,0.0,0.0,0.0,0.0
15902,Trinidad and Tobago,Fruits - Excluding Wine,Losses,2.0,2.0,2.0,2.0,2.0,2.0,3.0,2.0,3.0,2.0,3.0,3.0,3.0,2.0,6.0,8.0,7.0,7.0
15903,Trinidad and Tobago,Fruits - Excluding Wine,Export,27.0,17.0,15.0,16.0,61.0,45.0,50.0,72.0,40.0,46.0,47.0,14.0,16.0,16.0,7.0,15.0,36.0,16.0
15904,Trinidad and Tobago,Fruits - Excluding Wine,Stock Variation,5.0,7.0,7.0,0.0,0.0,0.0,0.0,0.0,0.0,0.0,0.0,0.0,0.0,0.0,-1.0,2.0,2.0,0.0
15905,Trinidad and Tobago,Fruits - Excluding Wine,Import,44.0,39.0,34.0,51.0,41.0,51.0,54.0,62.0,45.0,51.0,63.0,99.0,105.0,98.0,23.0,51.0,27.0,21.0
15906,Trinidad and Tobago,Fruits - Excluding Wine,Production,62.0,59.0,64.0,64.0,82.0,83.0,86.0,86.0,84.0,76.0,72.0,70.0,72.0,70.0,69.0,73.0,72.0,72.0
15907,Trinidad and Tobago,Stimulants,Human Consumption,4.0,4.0,5.0,4.0,6.0,6.0,6.0,7.0,3.0,6.0,5.0,4.0,4.0,5.0,1.0,1.0,1.0,1.0
15908,Trinidad and Tobago,Stimulants,Processing,0.0,0.0,0.0,0.0,0.0,0.0,0.0,0.0,0.0,0.0,0.0,0.0,0.0,0.0,0.0,0.0,0.0,0.0
15909,Trinidad and Tobago,Stimulants,Losses,0.0,0.0,0.0,0.0,0.0,0.0,0.0,0.0,0.0,0.0,0.0,0.0,0.0,0.0,0.0,0.0,0.0,0.0
15910,Trinidad and Tobago,Stimulants,Domestic supply,4.0,4.0,5.0,4.0,6.0,6.0,6.0,7.0,3.0,6.0,5.0,4.0,4.0,5.0,1.0,1.0,1.0,1.0
15911,Trinidad and Tobago,Stimulants,Export,2.0,1.0,2.0,1.0,1.0,1.0,2.0,2.0,1.0,1.0,1.0,1.0,1.0,1.0,1.0,1.0,1.0,1.0
15912,Trinidad and Tobago,Stimulants,Stock Variation,0.0,0.0,0.0,0.0,0.0,0.0,0.0,0.0,0.0,0.0,0.0,0.0,0.0,0.0,0.0,1.0,0.0,0.0
15913,Trinidad and Tobago,Pulses,Production,1.0,2.0,3.0,2.0,2.0,2.0,2.0,2.0,1.0,1.0,1.0,2.0,2.0,1.0,3.0,2.0,2.0,2.0
15914,Trinidad and Tobago,Vegetables,Export,10.0,9.0,9.0,9.0,10.0,7.0,7.0,7.0,5.0,6.0,8.0,8.0,7.0,7.0,2.0,4.0,2.0,2.0
15915,Trinidad and Tobago,Vegetables,Domestic supply,42.0,43.0,40.0,45.0,44.0,47.0,47.0,46.0,47.0,48.0,43.0,51.0,54.0,54.0,48.0,52.0,53.0,52.0
15916,Trinidad and Tobago,Fruits - Excluding Wine,Domestic supply,84.0,88.0,90.0,99.0,61.0,89.0,90.0,76.0,89.0,80.0,88.0,155.0,161.0,152.0,86.0,107.0,61.0,77.0
15917,Trinidad and Tobago,Vegetables,Losses,3.0,2.0,3.0,3.0,3.0,3.0,3.0,2.0,2.0,2.0,2.0,2.0,2.0,2.0,2.0,3.0,2.0,2.0
15918,Trinidad and Tobago,Sugar & Sweeteners,Processing,0.0,0.0,0.0,0.0,0.0,0.0,0.0,0.0,0.0,0.0,0.0,0.0,0.0,0.0,6.0,6.0,6.0,6.0
15919,Trinidad and Tobago,Sugar & Sweeteners,Feed,0.0,0.0,0.0,0.0,0.0,0.0,0.0,0.0,0.0,0.0,0.0,0.0,0.0,0.0,0.0,0.0,0.0,0.0
15920,Trinidad and Tobago,Sugar & Sweeteners,Domestic supply,83.0,84.0,76.0,76.0,81.0,81.0,83.0,82.0,82.0,83.0,76.0,76.0,78.0,79.0,91.0,55.0,87.0,86.0
15921,Trinidad and Tobago,Sugar & Sweeteners,Export,100.0,78.0,56.0,37.0,57.0,53.0,65.0,45.0,20.0,14.0,11.0,6.0,10.0,10.0,63.0,119.0,63.0,83.0
15922,Trinidad and Tobago,Sugar & Sweeteners,Stock Variation,7.0,13.0,-16.0,-33.0,-12.0,7.0,1.0,-39.0,27.0,23.0,8.0,1.0,-21.0,15.0,4.0,-9.0,20.0,-17.0
15923,Trinidad and Tobago,Sugar & Sweeteners,Import,65.0,59.0,46.0,79.0,107.0,93.0,76.0,99.0,75.0,73.0,79.0,82.0,109.0,74.0,112.0,117.0,122.0,101.0
15924,Trinidad and Tobago,Sugar & Sweeteners,Production,111.0,91.0,101.0,68.0,43.0,33.0,71.0,67.0,0.0,0.0,0.0,0.0,0.0,0.0,47.0,49.0,48.0,50.0
15925,Trinidad and Tobago,Vegetable Oils,Human Consumption,15.0,15.0,16.0,16.0,16.0,16.0,16.0,16.0,15.0,15.0,15.0,16.0,16.0,16.0,19.0,19.0,18.0,18.0
15926,Trinidad and Tobago,Vegetable Oils,Other uses (non-food),5.0,6.0,6.0,9.0,7.0,11.0,10.0,15.0,13.0,10.0,13.0,16.0,16.0,17.0,17.0,15.0,18.0,19.0
15927,Trinidad and Tobago,Sugar & Sweeteners,Losses,0.0,0.0,0.0,0.0,0.0,0.0,0.0,0.0,0.0,0.0,0.0,0.0,0.0,0.0,0.0,0.0,0.0,0.0
15928,Trinidad and Tobago,Stimulants,Production,2.0,1.0,2.0,2.0,1.0,1.0,2.0,1.0,1.0,1.0,1.0,0.0,1.0,1.0,0.0,0.0,0.0,0.0
15929,Trinidad and Tobago,Vegetable Oils,Domestic supply,20.0,21.0,22.0,25.0,23.0,26.0,26.0,31.0,28.0,25.0,28.0,32.0,32.0,34.0,37.0,35.0,37.0,38.0
15930,Trinidad and Tobago,Vegetable Oils,Export,4.0,5.0,6.0,6.0,9.0,7.0,3.0,3.0,1.0,3.0,2.0,1.0,1.0,1.0,2.0,4.0,2.0,4.0
15931,Trinidad and Tobago,Vegetable Oils,Stock Variation,-1.0,1.0,-1.0,0.0,1.0,0.0,-1.0,-1.0,-2.0,0.0,1.0,0.0,-1.0,0.0,1.0,-1.0,-1.0,-1.0
15932,Trinidad and Tobago,Vegetable Oils,Import,11.0,9.0,14.0,18.0,18.0,21.0,23.0,28.0,28.0,25.0,26.0,30.0,31.0,32.0,36.0,34.0,36.0,37.0
15933,Trinidad and Tobago,Vegetable Oils,Production,15.0,17.0,16.0,13.0,13.0,13.0,6.0,7.0,4.0,3.0,4.0,2.0,3.0,3.0,4.0,4.0,2.0,3.0
15934,Trinidad and Tobago,Vegetable Oils,Processing,0.0,0.0,0.0,0.0,0.0,0.0,0.0,0.0,0.0,0.0,0.0,0.0,0.0,0.0,1.0,1.0,1.0,2.0
15935,Trinidad and Tobago,Vegetables,Human Consumption,40.0,43.0,39.0,43.0,45.0,46.0,46.0,44.0,45.0,46.0,40.0,47.0,50.0,50.0,46.0,49.0,50.0,50.0
15936,Tunisia,Animal fats,Export,8.0,4.0,0.0,0.0,1.0,2.0,0.0,4.0,24.0,13.0,16.0,17.0,9.0,13.0,5.0,10.0,11.0,12.0
15937,Tunisia,Offals,Losses,0.0,0.0,0.0,0.0,0.0,0.0,0.0,0.0,0.0,0.0,0.0,0.0,0.0,0.0,1.0,1.0,1.0,1.0
15938,Tunisia,Offals,Other uses (non-food),0.0,0.0,0.0,0.0,0.0,0.0,0.0,0.0,0.0,0.0,0.0,0.0,0.0,0.0,0.0,0.0,0.0,0.0
15939,Tunisia,Meat,Import,4.0,0.0,0.0,2.0,10.0,9.0,7.0,8.0,7.0,8.0,9.0,6.0,13.0,8.0,8.0,4.0,1.0,2.0
15940,Tunisia,Meat,Production,253.0,260.0,267.0,249.0,251.0,246.0,239.0,266.0,267.0,264.0,286.0,277.0,310.0,328.0,336.0,341.0,335.0,336.0
15941,Tunisia,Offals,Domestic supply,16.0,15.0,15.0,15.0,14.0,15.0,15.0,16.0,15.0,17.0,16.0,15.0,16.0,16.0,19.0,19.0,19.0,19.0
15942,Tunisia,Meat,Stock Variation,0.0,0.0,0.0,0.0,0.0,0.0,0.0,0.0,0.0,0.0,0.0,0.0,0.0,0.0,25.0,25.0,13.0,9.0
15943,Tunisia,Offals,Human Consumption,16.0,15.0,15.0,15.0,14.0,15.0,15.0,16.0,15.0,17.0,15.0,15.0,16.0,15.0,18.0,18.0,18.0,18.0
15944,Tunisia,Offals,Export,0.0,0.0,0.0,0.0,0.0,0.0,0.0,0.0,0.0,0.0,0.0,0.0,0.0,0.0,0.0,0.0,0.0,0.0
15945,Tunisia,Animal fats,Processing,0.0,0.0,0.0,0.0,0.0,0.0,0.0,0.0,0.0,0.0,0.0,0.0,0.0,0.0,21.0,24.0,22.0,19.0
15946,Tunisia,Offals,Production,16.0,15.0,15.0,15.0,14.0,15.0,15.0,15.0,15.0,16.0,15.0,15.0,14.0,15.0,18.0,18.0,18.0,18.0
15947,Tunisia,Animal fats,Human Consumption,10.0,14.0,19.0,19.0,16.0,16.0,20.0,14.0,25.0,26.0,18.0,19.0,26.0,23.0,42.0,48.0,46.0,41.0
15948,Tunisia,Animal fats,Other uses (non-food),2.0,0.0,0.0,0.0,0.0,0.0,0.0,0.0,0.0,0.0,0.0,0.0,0.0,0.0,0.0,0.0,0.0,0.0
15949,Tunisia,Animal fats,Losses,0.0,0.0,0.0,0.0,0.0,0.0,0.0,0.0,0.0,0.0,0.0,0.0,0.0,0.0,0.0,0.0,0.0,0.0
15950,Tunisia,Animal fats,Feed,0.0,0.0,0.0,0.0,0.0,0.0,0.0,0.0,0.0,0.0,0.0,0.0,0.0,0.0,0.0,0.0,0.0,0.0
15951,Tunisia,Animal fats,Domestic supply,12.0,15.0,19.0,19.0,16.0,16.0,20.0,15.0,25.0,26.0,18.0,19.0,26.0,23.0,63.0,72.0,68.0,60.0
15952,Tunisia,Animal fats,Stock Variation,0.0,-1.0,-2.0,-3.0,-2.0,-3.0,0.0,-1.0,18.0,6.0,1.0,1.0,0.0,0.0,3.0,-1.0,1.0,1.0
15953,Tunisia,Meat,Export,1.0,1.0,1.0,1.0,1.0,1.0,1.0,1.0,1.0,2.0,4.0,6.0,4.0,2.0,3.0,2.0,3.0,4.0
15954,Tunisia,Offals,Import,0.0,0.0,0.0,0.0,0.0,0.0,0.0,0.0,0.0,0.0,0.0,0.0,1.0,1.0,1.0,1.0,1.0,1.0
15955,Tunisia,Meat,Domestic supply,256.0,259.0,266.0,250.0,261.0,254.0,245.0,272.0,272.0,269.0,291.0,277.0,318.0,334.0,315.0,317.0,320.0,325.0
15956,Tunisia,Spices,Domestic supply,23.0,22.0,23.0,20.0,18.0,20.0,21.0,19.0,16.0,20.0,21.0,24.0,28.0,28.0,27.0,26.0,24.0,23.0
15957,Tunisia,Meat,Human Consumption,255.0,258.0,265.0,249.0,260.0,253.0,245.0,271.0,271.0,268.0,291.0,277.0,317.0,333.0,314.0,317.0,319.0,324.0
15958,Tunisia,Animal fats,Import,3.0,1.0,2.0,3.0,2.0,2.0,1.0,0.0,2.0,2.0,1.0,2.0,2.0,1.0,2.0,5.0,3.0,2.0
15959,Tunisia,Spices,Losses,2.0,2.0,2.0,2.0,2.0,2.0,2.0,2.0,2.0,2.0,2.0,2.0,2.0,3.0,2.0,2.0,2.0,2.0
15960,Tunisia,Spices,Export,2.0,3.0,4.0,6.0,6.0,6.0,6.0,9.0,13.0,13.0,14.0,19.0,13.0,20.0,15.0,19.0,15.0,19.0
15961,Tunisia,Spices,Stock Variation,0.0,0.0,0.0,0.0,-1.0,0.0,2.0,1.0,0.0,0.0,0.0,0.0,0.0,0.0,2.0,0.0,7.0,4.0
15962,Tunisia,Spices,Import,7.0,7.0,7.0,7.0,7.0,7.0,6.0,8.0,7.0,10.0,9.0,10.0,14.0,11.0,12.0,13.0,12.0,12.0
15963,Tunisia,Spices,Production,19.0,19.0,19.0,19.0,17.0,19.0,19.0,20.0,22.0,22.0,25.0,33.0,27.0,37.0,31.0,33.0,34.0,35.0
15964,Tunisia,Alcoholic Beverages,Human Consumption,86.0,82.0,78.0,67.0,76.0,74.0,83.0,88.0,90.0,102.0,106.0,107.0,137.0,140.0,130.0,126.0,136.0,139.0
15965,Tunisia,Alcoholic Beverages,Other uses (non-food),6.0,9.0,5.0,6.0,8.0,6.0,6.0,9.0,8.0,8.0,8.0,8.0,9.0,9.0,6.0,8.0,9.0,10.0
15966,Tunisia,Alcoholic Beverages,Processing,1.0,1.0,1.0,1.0,1.0,1.0,1.0,1.0,1.0,1.0,1.0,1.0,1.0,1.0,1.0,1.0,1.0,1.0
15967,Tunisia,Alcoholic Beverages,Domestic supply,93.0,92.0,85.0,74.0,85.0,82.0,90.0,98.0,99.0,111.0,115.0,116.0,147.0,150.0,137.0,135.0,146.0,150.0
15968,Tunisia,Alcoholic Beverages,Export,9.0,15.0,11.0,22.0,40.0,34.0,14.0,12.0,16.0,9.0,7.0,6.0,5.0,3.0,5.0,4.0,5.0,5.0
15969,Tunisia,Alcoholic Beverages,Stock Variation,0.0,0.0,-5.0,4.0,11.0,14.0,2.0,6.0,1.0,0.0,0.0,0.0,-12.0,12.0,-7.0,-1.0,15.0,6.0
15970,Tunisia,Alcoholic Beverages,Import,3.0,7.0,3.0,4.0,5.0,4.0,4.0,6.0,5.0,4.0,4.0,4.0,4.0,4.0,2.0,4.0,5.0,7.0
15971,Tunisia,Alcoholic Beverages,Production,99.0,100.0,98.0,88.0,109.0,98.0,98.0,97.0,109.0,115.0,117.0,117.0,160.0,137.0,133.0,134.0,161.0,155.0
15972,Tunisia,Miscellaneous,Human Consumption,0.0,0.0,0.0,0.0,1.0,1.0,1.0,0.0,1.0,1.0,2.0,2.0,2.0,2.0,2.0,2.0,2.0,2.0
15973,Tunisia,Miscellaneous,Domestic supply,0.0,0.0,0.0,0.0,1.0,1.0,1.0,0.0,1.0,1.0,2.0,2.0,2.0,2.0,-6.0,-16.0,-18.0,-28.0
15974,Tunisia,Miscellaneous,Export,1.0,1.0,1.0,1.0,0.0,0.0,0.0,1.0,0.0,0.0,0.0,0.0,0.0,0.0,18.0,28.0,28.0,38.0
15975,Tunisia,Miscellaneous,Stock Variation,0.0,0.0,0.0,0.0,0.0,0.0,0.0,0.0,0.0,0.0,0.0,0.0,0.0,0.0,0.0,0.0,0.0,0.0
15976,Tunisia,Miscellaneous,Import,1.0,1.0,1.0,1.0,1.0,1.0,1.0,1.0,1.0,1.0,2.0,2.0,2.0,3.0,11.0,12.0,10.0,11.0
15977,Tunisia,Meat,Other uses (non-food),1.0,1.0,1.0,1.0,1.0,1.0,1.0,1.0,1.0,1.0,1.0,1.0,1.0,1.0,1.0,1.0,1.0,1.0
15978,Tunisia,Animal fats,Production,18.0,18.0,18.0,18.0,18.0,19.0,19.0,19.0,29.0,32.0,32.0,33.0,33.0,35.0,69.0,75.0,78.0,72.0
15979,Tunisia,Cereals - Excluding Beer,Export,257.0,237.0,250.0,150.0,152.0,195.0,68.0,130.0,124.0,142.0,155.0,330.0,140.0,150.0,143.0,162.0,144.0,170.0
15980,Tunisia,Milk - Excluding Butter,Other uses (non-food),9.0,10.0,10.0,10.0,9.0,9.0,10.0,11.0,11.0,11.0,11.0,11.0,12.0,12.0,13.0,14.0,15.0,14.0
15981,Tunisia,"Fish, Seafood",Import,15.0,22.0,22.0,34.0,31.0,44.0,48.0,49.0,57.0,59.0,61.0,62.0,70.0,58.0,68.0,47.0,62.0,62.0
15982,Tunisia,"Fish, Seafood",Production,97.0,100.0,99.0,92.0,114.0,112.0,114.0,107.0,101.0,103.0,103.0,111.0,118.0,123.0,123.0,133.0,131.0,131.0
15983,Tunisia,"Aquatic Products, Other",Human Consumption,0.0,0.0,0.0,0.0,0.0,0.0,0.0,0.0,0.0,0.0,0.0,0.0,0.0,0.0,0.0,0.0,0.0,0.0
15984,Tunisia,"Aquatic Products, Other",Other uses (non-food),0.0,0.0,0.0,0.0,0.0,1.0,1.0,1.0,0.0,0.0,0.0,0.0,0.0,0.0,1.0,1.0,0.0,0.0
15985,Tunisia,"Aquatic Products, Other",Domestic supply,0.0,0.0,0.0,0.0,0.0,1.0,1.0,1.0,0.0,0.0,0.0,0.0,0.0,0.0,1.0,1.0,0.0,0.0
15986,Tunisia,"Aquatic Products, Other",Export,0.0,0.0,0.0,0.0,0.0,0.0,0.0,0.0,0.0,0.0,0.0,0.0,0.0,0.0,0.0,0.0,0.0,0.0
15987,Tunisia,"Aquatic Products, Other",Import,0.0,0.0,0.0,0.0,0.0,1.0,1.0,1.0,0.0,0.0,0.0,0.0,0.0,0.0,1.0,1.0,1.0,1.0
15988,Tunisia,"Aquatic Products, Other",Production,0.0,0.0,0.0,0.0,0.0,0.0,0.0,0.0,0.0,0.0,0.0,0.0,0.0,0.0,0.0,0.0,0.0,0.0
15989,Tunisia,"Fish, Seafood",Stock Variation,0.0,0.0,0.0,0.0,0.0,0.0,0.0,-1.0,-1.0,-1.0,0.0,2.0,0.0,0.0,0.0,0.0,0.0,0.0
15990,Tunisia,Cereals - Excluding Beer,Human Consumption,1970.0,2035.0,1991.0,2016.0,2008.0,2134.0,2060.0,2122.0,2112.0,2229.0,2259.0,2294.0,2313.0,2262.0,2329.0,2337.0,2386.0,2381.0
15991,Tunisia,Cereals - Excluding Beer,Processing,14.0,17.0,17.0,16.0,18.0,16.0,15.0,18.0,19.0,22.0,23.0,23.0,32.0,25.0,27.0,27.0,31.0,28.0
15992,Tunisia,Cereals - Excluding Beer,Losses,209.0,219.0,214.0,269.0,227.0,239.0,220.0,269.0,226.0,245.0,230.0,267.0,268.0,237.0,258.0,232.0,245.0,251.0
15993,Tunisia,Cereals - Excluding Beer,Seed,98.0,90.0,118.0,127.0,114.0,116.0,110.0,81.0,108.0,77.0,107.0,106.0,90.0,111.0,105.0,66.0,76.0,61.0
15994,Tunisia,Cereals - Excluding Beer,Feed,1329.0,1492.0,1829.0,1199.0,1304.0,1790.0,1855.0,2006.0,1554.0,1662.0,1604.0,1796.0,2023.0,2028.0,2171.0,2244.0,2377.0,2349.0
15995,Tunisia,Cereals - Excluding Beer,Domestic supply,3630.0,3862.0,4180.0,3635.0,3679.0,4303.0,4271.0,4506.0,4029.0,4244.0,4233.0,4500.0,4740.0,4674.0,4901.0,4916.0,5127.0,5086.0
15996,Tunisia,Spices,Human Consumption,22.0,21.0,21.0,19.0,17.0,18.0,19.0,17.0,15.0,18.0,19.0,22.0,26.0,25.0,25.0,24.0,22.0,21.0
15997,Tunisia,Cereals - Excluding Beer,Stock Variation,266.0,-184.0,312.0,-871.0,-346.0,-110.0,-99.0,-537.0,-159.0,-188.0,-4.0,-298.0,-338.0,268.0,486.0,-67.0,116.0,128.0
15998,Tunisia,Cereals - Excluding Beer,Production,1108.0,1392.0,551.0,2326.0,2165.0,2136.0,1641.0,2026.0,1231.0,2564.0,1109.0,2342.0,2306.0,1328.0,2350.0,1340.0,1324.0,1642.0
15999,Tunisia,Cereals - Excluding Beer,Other uses (non-food),9.0,8.0,10.0,7.0,9.0,7.0,10.0,9.0,9.0,9.0,10.0,14.0,14.0,12.0,12.0,11.0,12.0,14.0
16000,Tunisia,"Fish, Seafood",Export,14.0,16.0,18.0,16.0,17.0,24.0,25.0,31.0,26.0,24.0,28.0,41.0,34.0,28.0,27.0,26.0,26.0,26.0
16001,Tunisia,"Fish, Seafood",Domestic supply,98.0,107.0,103.0,110.0,128.0,131.0,136.0,125.0,132.0,138.0,136.0,134.0,154.0,153.0,164.0,154.0,167.0,167.0
16002,Tunisia,"Fish, Seafood",Feed,0.0,0.0,0.0,0.0,0.0,0.0,0.0,0.0,0.0,0.0,0.0,0.0,1.0,4.0,11.0,10.0,16.0,16.0
16003,Tunisia,Milk - Excluding Butter,Processing,0.0,0.0,0.0,0.0,0.0,0.0,0.0,0.0,0.0,0.0,0.0,0.0,0.0,0.0,0.0,0.0,0.0,0.0
16004,Tunisia,Milk - Excluding Butter,Losses,28.0,29.0,30.0,30.0,27.0,28.0,30.0,31.0,33.0,33.0,32.0,33.0,34.0,36.0,65.0,43.0,45.0,68.0
16005,Tunisia,Milk - Excluding Butter,Feed,8.0,8.0,8.0,8.0,8.0,8.0,8.0,8.0,14.0,16.0,16.0,16.0,17.0,18.0,19.0,21.0,21.0,19.0
16006,Tunisia,Milk - Excluding Butter,Domestic supply,984.0,1002.0,1024.0,1044.0,982.0,997.0,1076.0,1127.0,1182.0,1185.0,1202.0,1218.0,1287.0,1324.0,1319.0,1446.0,1499.0,1381.0
16007,Tunisia,Milk - Excluding Butter,Export,15.0,15.0,21.0,16.0,21.0,36.0,2.0,93.0,58.0,48.0,7.0,33.0,18.0,17.0,18.0,17.0,18.0,21.0
16008,Tunisia,Milk - Excluding Butter,Stock Variation,-1.0,-9.0,-17.0,-24.0,-22.0,-12.0,-16.0,67.0,16.0,19.0,-1.0,6.0,-2.0,6.0,1.0,-1.0,-1.0,1.0
16009,Tunisia,Milk - Excluding Butter,Import,79.0,65.0,89.0,113.0,131.0,114.0,105.0,114.0,145.0,131.0,142.0,142.0,168.0,144.0,26.0,23.0,26.0,32.0
16010,Tunisia,Milk - Excluding Butter,Production,921.0,961.0,973.0,970.0,894.0,931.0,989.0,1039.0,1079.0,1083.0,1069.0,1103.0,1139.0,1191.0,1312.0,1440.0,1490.0,1371.0
16011,Tunisia,Eggs,Human Consumption,70.0,70.0,72.0,67.0,71.0,73.0,71.0,75.0,76.0,75.0,79.0,79.0,85.0,84.0,91.0,102.0,91.0,89.0
16012,Tunisia,Eggs,Other uses (non-food),4.0,4.0,4.0,4.0,4.0,4.0,4.0,4.0,4.0,4.0,5.0,5.0,5.0,5.0,5.0,6.0,6.0,5.0
16013,Tunisia,Eggs,Losses,3.0,3.0,3.0,3.0,3.0,3.0,3.0,3.0,4.0,4.0,4.0,4.0,4.0,4.0,5.0,6.0,6.0,5.0
16014,Tunisia,Eggs,Seed,5.0,5.0,5.0,5.0,5.0,5.0,5.0,5.0,6.0,5.0,6.0,6.0,7.0,7.0,8.0,9.0,8.0,8.0
16015,Tunisia,Eggs,Domestic supply,83.0,83.0,84.0,79.0,83.0,85.0,83.0,89.0,90.0,89.0,93.0,94.0,101.0,101.0,110.0,124.0,111.0,107.0
16016,Tunisia,Eggs,Export,0.0,0.0,0.0,0.0,0.0,0.0,0.0,0.0,0.0,0.0,0.0,0.0,0.0,0.0,0.0,2.0,1.0,3.0
16017,Tunisia,Eggs,Stock Variation,0.0,0.0,0.0,0.0,0.0,0.0,0.0,0.0,0.0,0.0,0.0,0.0,0.0,0.0,0.0,0.0,0.0,0.0
16018,Tunisia,Eggs,Import,1.0,2.0,1.0,1.0,1.0,1.0,0.0,2.0,1.0,1.0,2.0,1.0,3.0,2.0,1.0,1.0,1.0,0.0
16019,Tunisia,Eggs,Production,82.0,81.0,83.0,78.0,82.0,84.0,83.0,87.0,89.0,88.0,92.0,93.0,98.0,99.0,108.0,125.0,111.0,110.0
16020,Tunisia,"Fish, Seafood",Human Consumption,98.0,107.0,103.0,110.0,128.0,131.0,136.0,124.0,132.0,138.0,136.0,134.0,153.0,150.0,153.0,144.0,150.0,150.0
16021,Tunisia,"Fish, Seafood",Other uses (non-food),0.0,0.0,0.0,0.0,0.0,0.0,0.0,0.0,0.0,0.0,0.0,0.0,0.0,0.0,0.0,0.0,0.0,0.0
16022,Tunisia,Milk - Excluding Butter,Human Consumption,939.0,956.0,976.0,996.0,937.0,951.0,1028.0,1077.0,1125.0,1126.0,1144.0,1158.0,1225.0,1259.0,1223.0,1368.0,1418.0,1280.0
16023,Tunisia,Stimulants,Production,0.0,0.0,0.0,0.0,0.0,0.0,0.0,0.0,0.0,0.0,0.0,0.0,0.0,0.0,0.0,0.0,0.0,0.0
16024,Tunisia,Cereals - Excluding Beer,Import,2512.0,2891.0,3567.0,2330.0,2013.0,2472.0,2797.0,3147.0,3082.0,2009.0,3282.0,2787.0,2912.0,3229.0,3179.0,3670.0,4063.0,3741.0
16025,Tunisia,Stimulants,Stock Variation,0.0,0.0,0.0,1.0,0.0,0.0,0.0,0.0,0.0,0.0,0.0,0.0,0.0,0.0,-1.0,0.0,1.0,1.0
16026,Tunisia,Oilcrops,Feed,0.0,0.0,0.0,0.0,0.0,0.0,0.0,0.0,0.0,0.0,0.0,0.0,0.0,0.0,2.0,2.0,67.0,2.0
16027,Tunisia,Oilcrops,Domestic supply,599.0,205.0,387.0,1437.0,684.0,1083.0,1251.0,1034.0,1238.0,1054.0,1321.0,995.0,1461.0,1617.0,847.0,2203.0,1358.0,1379.0
16028,Tunisia,Oilcrops,Export,0.0,0.0,1.0,0.0,1.0,1.0,0.0,0.0,0.0,2.0,2.0,3.0,1.0,1.0,1.0,5.0,4.0,4.0
16029,Tunisia,Oilcrops,Stock Variation,0.0,0.0,5.0,-1.0,0.0,0.0,1.0,0.0,0.0,0.0,0.0,-61.0,49.0,12.0,3.0,49.0,-31.0,48.0
16030,Tunisia,Oilcrops,Import,31.0,37.0,13.0,15.0,18.0,19.0,16.0,20.0,39.0,244.0,439.0,484.0,436.0,492.0,460.0,543.0,617.0,519.0
16031,Tunisia,Oilcrops,Production,568.0,168.0,369.0,1423.0,667.0,1066.0,1235.0,1014.0,1200.0,812.0,884.0,575.0,977.0,1114.0,391.0,1713.0,714.0,911.0
16032,Tunisia,Treenuts,Human Consumption,52.0,33.0,34.0,43.0,44.0,41.0,56.0,56.0,50.0,59.0,53.0,68.0,67.0,64.0,66.0,70.0,70.0,69.0
16033,Tunisia,Treenuts,Other uses (non-food),6.0,3.0,3.0,4.0,4.0,4.0,6.0,6.0,5.0,6.0,5.0,7.0,7.0,6.0,7.0,8.0,8.0,7.0
16034,Tunisia,Oilcrops,Losses,1.0,1.0,1.0,1.0,1.0,1.0,1.0,1.0,1.0,1.0,1.0,1.0,1.0,1.0,41.0,181.0,75.0,96.0
16035,Tunisia,Treenuts,Losses,0.0,0.0,0.0,0.0,0.0,0.0,0.0,0.0,0.0,0.0,0.0,0.0,0.0,0.0,3.0,4.0,3.0,4.0
16036,Tunisia,Treenuts,Export,1.0,1.0,0.0,0.0,1.0,4.0,1.0,4.0,4.0,4.0,5.0,2.0,1.0,2.0,2.0,1.0,1.0,1.0
16037,Tunisia,Treenuts,Stock Variation,-4.0,0.0,12.0,0.0,-1.0,0.0,0.0,1.0,1.0,0.0,0.0,0.0,-9.0,9.0,-1.0,-1.0,0.0,2.0
16038,Tunisia,Treenuts,Import,1.0,4.0,7.0,7.0,5.0,4.0,3.0,4.0,5.0,6.0,9.0,14.0,14.0,10.0,9.0,8.0,17.0,9.0
16039,Tunisia,Treenuts,Production,62.0,33.0,19.0,41.0,46.0,45.0,59.0,61.0,54.0,63.0,54.0,63.0,71.0,53.0,70.0,74.0,64.0,71.0
16040,Tunisia,Pulses,Human Consumption,58.0,55.0,61.0,92.0,87.0,82.0,80.0,92.0,89.0,103.0,94.0,97.0,88.0,87.0,86.0,77.0,85.0,85.0
16041,Tunisia,Pulses,Losses,4.0,4.0,4.0,5.0,5.0,5.0,5.0,6.0,5.0,6.0,5.0,6.0,5.0,5.0,4.0,3.0,4.0,4.0
16042,Tunisia,Pulses,Seed,7.0,6.0,7.0,7.0,7.0,8.0,8.0,9.0,8.0,8.0,8.0,8.0,8.0,8.0,5.0,5.0,5.0,5.0
16043,Tunisia,Pulses,Feed,15.0,15.0,15.0,15.0,15.0,15.0,18.0,30.0,20.0,30.0,13.0,32.0,31.0,27.0,30.0,17.0,32.0,29.0
16044,Tunisia,Treenuts,Domestic supply,58.0,37.0,38.0,48.0,49.0,45.0,61.0,62.0,55.0,64.0,58.0,75.0,75.0,71.0,77.0,81.0,80.0,77.0
16045,Tunisia,Pulses,Domestic supply,84.0,80.0,86.0,119.0,114.0,109.0,111.0,137.0,123.0,148.0,120.0,142.0,133.0,127.0,124.0,102.0,127.0,123.0
16046,Tunisia,Oilcrops,Processing,544.0,146.0,348.0,1385.0,642.0,1037.0,1205.0,983.0,1186.0,1001.0,1264.0,935.0,1397.0,1547.0,1500.0,2228.0,1370.0,1430.0
16047,Tunisia,Oilcrops,Human Consumption,52.0,55.0,35.0,48.0,38.0,43.0,43.0,46.0,48.0,51.0,54.0,57.0,60.0,65.0,41.0,41.0,42.0,40.0
16048,Tunisia,Stimulants,Import,29.0,33.0,30.0,24.0,33.0,28.0,24.0,35.0,40.0,39.0,37.0,45.0,49.0,45.0,39.0,35.0,35.0,45.0
16049,Tunisia,Sugar Crops,Processing,21.0,0.0,0.0,0.0,0.0,0.0,0.0,0.0,0.0,0.0,0.0,0.0,3.0,34.0,100.0,120.0,140.0,150.0
16050,Tunisia,Sugar Crops,Losses,0.0,0.0,0.0,0.0,0.0,0.0,0.0,0.0,0.0,0.0,0.0,0.0,0.0,0.0,4.0,4.0,4.0,4.0
16051,Tunisia,Sugar Crops,Domestic supply,21.0,0.0,0.0,0.0,0.0,0.0,0.0,0.0,0.0,0.0,0.0,0.0,3.0,34.0,85.0,76.0,76.0,72.0
16052,Tunisia,Sugar Crops,Export,0.0,0.0,0.0,0.0,0.0,0.0,0.0,0.0,0.0,0.0,0.0,0.0,0.0,0.0,0.0,0.0,0.0,0.0
16053,Tunisia,Sugar Crops,Stock Variation,0.0,0.0,0.0,0.0,0.0,0.0,0.0,0.0,0.0,0.0,0.0,0.0,0.0,0.0,-7.0,0.0,0.0,0.0
16054,Tunisia,Sugar Crops,Import,0.0,0.0,0.0,0.0,0.0,0.0,0.0,0.0,0.0,0.0,0.0,0.0,0.0,0.0,0.0,0.0,0.0,0.0
16055,Tunisia,Sugar Crops,Production,21.0,0.0,0.0,0.0,0.0,0.0,0.0,0.0,0.0,0.0,0.0,0.0,3.0,34.0,78.0,77.0,76.0,72.0
16056,Tunisia,Oilcrops,Other uses (non-food),2.0,2.0,3.0,3.0,2.0,2.0,3.0,3.0,3.0,2.0,2.0,3.0,2.0,3.0,4.0,3.0,4.0,3.0
16057,Tunisia,Starchy Roots,Human Consumption,270.0,303.0,297.0,287.0,346.0,284.0,322.0,369.0,317.0,332.0,320.0,326.0,313.0,341.0,337.0,341.0,345.0,350.0
16058,Tunisia,Starchy Roots,Processing,0.0,0.0,0.0,0.0,0.0,0.0,0.0,0.0,0.0,0.0,0.0,0.0,0.0,0.0,0.0,0.0,0.0,0.0
16059,Tunisia,Starchy Roots,Losses,32.0,37.0,36.0,35.0,42.0,35.0,39.0,45.0,39.0,40.0,39.0,40.0,38.0,42.0,41.0,42.0,47.0,45.0
16060,Tunisia,Starchy Roots,Seed,21.0,22.0,22.0,24.0,25.0,25.0,25.0,25.0,22.0,24.0,24.0,23.0,25.0,26.0,19.0,19.0,20.0,21.0
16061,Tunisia,Starchy Roots,Domestic supply,325.0,363.0,356.0,346.0,413.0,343.0,387.0,440.0,378.0,396.0,385.0,390.0,376.0,411.0,398.0,403.0,413.0,416.0
16062,Tunisia,Starchy Roots,Export,0.0,5.0,1.0,1.0,9.0,4.0,9.0,14.0,12.0,5.0,10.0,14.0,5.0,12.0,15.0,1.0,3.0,1.0
16063,Tunisia,Starchy Roots,Stock Variation,0.0,0.0,0.0,0.0,0.0,0.0,0.0,0.0,0.0,0.0,0.0,0.0,0.0,0.0,3.0,40.0,67.0,39.0
16064,Tunisia,Starchy Roots,Import,35.0,38.0,47.0,37.0,47.0,37.0,30.0,103.0,21.0,77.0,25.0,37.0,42.0,38.0,27.0,43.0,43.0,36.0
16065,Tunisia,Starchy Roots,Production,290.0,330.0,310.0,310.0,375.0,310.0,365.0,350.0,370.0,324.0,370.0,367.0,340.0,385.0,390.0,400.0,440.0,420.0
16066,Tunisia,Starchy Roots,Other uses (non-food),1.0,1.0,1.0,0.0,0.0,0.0,1.0,0.0,0.0,0.0,1.0,1.0,1.0,2.0,0.0,0.0,1.0,0.0
16067,Tunisia,Pulses,Export,0.0,2.0,1.0,0.0,0.0,1.0,0.0,2.0,3.0,1.0,1.0,5.0,1.0,2.0,4.0,3.0,2.0,2.0
16068,Tunisia,Oilcrops,Seed,0.0,0.0,0.0,0.0,0.0,0.0,0.0,0.0,0.0,0.0,0.0,0.0,0.0,0.0,1.0,1.0,1.0,1.0
16069,Tunisia,Pulses,Import,27.0,32.0,34.0,33.0,31.0,31.0,17.0,29.0,24.0,33.0,30.0,21.0,13.0,10.0,19.0,28.0,23.0,19.0
16070,Tunisia,Vegetables,Domestic supply,1917.0,1723.0,1950.0,2185.0,2315.0,2248.0,2311.0,2482.0,2523.0,2604.0,3000.0,2704.0,2817.0,3126.0,3398.0,3953.0,3506.0,3524.0
16071,Tunisia,Vegetables,Export,170.0,194.0,174.0,44.0,136.0,160.0,111.0,158.0,273.0,141.0,157.0,341.0,313.0,280.0,113.0,148.0,199.0,184.0
16072,Tunisia,Vegetables,Stock Variation,0.0,0.0,0.0,-65.0,0.0,41.0,36.0,5.0,0.0,-2.0,1.0,2.0,-46.0,46.0,20.0,41.0,7.0,4.0
16073,Tunisia,Vegetables,Import,21.0,19.0,5.0,9.0,12.0,18.0,8.0,69.0,14.0,17.0,45.0,21.0,18.0,16.0,21.0,27.0,21.0,28.0
16074,Tunisia,Vegetables,Production,2066.0,1897.0,2119.0,2284.0,2439.0,2349.0,2378.0,2567.0,2782.0,2730.0,3110.0,3023.0,3158.0,3343.0,3510.0,4114.0,3690.0,3685.0
16075,Tunisia,Fruits - Excluding Wine,Human Consumption,843.0,820.0,839.0,839.0,910.0,830.0,947.0,852.0,942.0,940.0,948.0,1042.0,1029.0,996.0,1004.0,1082.0,1040.0,1073.0
16076,Tunisia,Fruits - Excluding Wine,Other uses (non-food),6.0,6.0,6.0,6.0,6.0,6.0,7.0,7.0,7.0,8.0,8.0,9.0,9.0,9.0,11.0,12.0,12.0,14.0
16077,Tunisia,Fruits - Excluding Wine,Losses,83.0,82.0,84.0,84.0,91.0,86.0,96.0,89.0,101.0,101.0,103.0,111.0,110.0,107.0,117.0,124.0,123.0,124.0
16078,Tunisia,Fruits - Excluding Wine,Feed,11.0,11.0,12.0,12.0,12.0,11.0,14.0,12.0,15.0,16.0,17.0,18.0,19.0,20.0,25.0,27.0,29.0,35.0
16079,Tunisia,Fruits - Excluding Wine,Domestic supply,994.0,962.0,977.0,974.0,1069.0,984.0,1121.0,999.0,1113.0,1105.0,1118.0,1226.0,1214.0,1186.0,1239.0,1337.0,1306.0,1360.0
16080,Tunisia,Fruits - Excluding Wine,Export,49.0,83.0,75.0,60.0,71.0,91.0,77.0,106.0,134.0,132.0,149.0,153.0,158.0,178.0,156.0,177.0,164.0,150.0
16081,Tunisia,Fruits - Excluding Wine,Stock Variation,0.0,0.0,0.0,0.0,-7.0,-7.0,14.0,0.0,0.0,0.0,0.0,0.0,0.0,0.0,-2.0,-22.0,2.0,4.0
16082,Tunisia,Fruits - Excluding Wine,Import,31.0,28.0,35.0,30.0,77.0,44.0,38.0,64.0,55.0,56.0,44.0,68.0,43.0,53.0,55.0,77.0,85.0,75.0
16083,Tunisia,Fruits - Excluding Wine,Production,1012.0,1017.0,1016.0,1003.0,1071.0,1037.0,1146.0,1041.0,1193.0,1181.0,1222.0,1312.0,1329.0,1311.0,1339.0,1415.0,1387.0,1439.0
16084,Tunisia,Stimulants,Human Consumption,28.0,32.0,30.0,23.0,32.0,24.0,24.0,31.0,35.0,32.0,33.0,38.0,40.0,39.0,34.0,32.0,31.0,39.0
16085,Tunisia,Stimulants,Processing,0.0,0.0,0.0,0.0,0.0,0.0,0.0,0.0,0.0,0.0,0.0,0.0,0.0,0.0,6.0,3.0,3.0,6.0
16086,Tunisia,Stimulants,Domestic supply,28.0,32.0,30.0,23.0,32.0,24.0,24.0,31.0,35.0,32.0,33.0,38.0,40.0,39.0,40.0,35.0,34.0,45.0
16087,Tunisia,Pulses,Stock Variation,0.0,5.0,2.0,0.0,0.0,-2.0,16.0,0.0,0.0,0.0,0.0,0.0,0.0,0.0,-19.0,4.0,0.0,-4.0
16088,Tunisia,Stimulants,Export,0.0,1.0,1.0,1.0,1.0,5.0,0.0,4.0,5.0,7.0,4.0,7.0,9.0,6.0,0.0,0.0,0.0,0.0
16089,Tunisia,Vegetables,Feed,44.0,44.0,48.0,60.0,68.0,67.0,70.0,70.0,71.0,72.0,53.0,47.0,57.0,75.0,81.0,101.0,86.0,89.0
16090,Tunisia,Vegetables,Losses,157.0,150.0,163.0,175.0,182.0,185.0,200.0,206.0,222.0,218.0,241.0,235.0,253.0,275.0,299.0,341.0,312.0,314.0
16091,Tunisia,Fruits - Excluding Wine,Processing,52.0,42.0,36.0,33.0,49.0,50.0,56.0,39.0,49.0,40.0,41.0,47.0,47.0,53.0,81.0,92.0,102.0,113.0
16092,Tunisia,Sugar & Sweeteners,Human Consumption,275.0,276.0,311.0,351.0,350.0,340.0,356.0,361.0,362.0,379.0,370.0,386.0,380.0,383.0,383.0,390.0,407.0,412.0
16093,Tunisia,Pulses,Production,57.0,45.0,51.0,86.0,84.0,81.0,78.0,109.0,101.0,116.0,91.0,126.0,122.0,119.0,91.0,81.0,107.0,102.0
16094,Tunisia,Vegetables,Other uses (non-food),9.0,8.0,9.0,9.0,10.0,9.0,9.0,10.0,11.0,11.0,13.0,13.0,12.0,12.0,11.0,4.0,11.0,12.0
16095,Tunisia,Sugar & Sweeteners,Processing,0.0,0.0,0.0,0.0,0.0,0.0,0.0,0.0,0.0,0.0,0.0,0.0,0.0,0.0,0.0,0.0,0.0,0.0
16096,Tunisia,Sugar & Sweeteners,Losses,0.0,0.0,0.0,0.0,0.0,0.0,0.0,0.0,0.0,0.0,0.0,0.0,0.0,0.0,0.0,0.0,0.0,0.0
16097,Tunisia,Sugar & Sweeteners,Feed,0.0,0.0,0.0,0.0,0.0,0.0,0.0,0.0,0.0,0.0,0.0,0.0,0.0,0.0,0.0,0.0,0.0,0.0
16098,Tunisia,Sugar & Sweeteners,Domestic supply,275.0,276.0,311.0,351.0,350.0,340.0,356.0,360.0,361.0,379.0,370.0,386.0,380.0,383.0,349.0,359.0,386.0,372.0
16099,Tunisia,Sugar & Sweeteners,Stock Variation,0.0,18.0,-56.0,4.0,-41.0,7.0,-40.0,-14.0,20.0,58.0,17.0,-65.0,-29.0,-8.0,69.0,33.0,-40.0,45.0
16100,Tunisia,Sugar & Sweeteners,Import,273.0,258.0,374.0,353.0,399.0,348.0,401.0,387.0,354.0,337.0,364.0,475.0,419.0,400.0,461.0,464.0,487.0,737.0
16101,Tunisia,Sugar & Sweeteners,Production,8.0,5.0,5.0,5.0,6.0,6.0,6.0,7.0,6.0,5.0,6.0,6.0,8.0,10.0,16.0,19.0,22.0,23.0
16102,Tunisia,Sugar & Sweeteners,Export,5.0,5.0,11.0,11.0,14.0,20.0,12.0,19.0,19.0,20.0,17.0,30.0,18.0,19.0,59.0,91.0,163.0,343.0
16103,Tunisia,Vegetable Oils,Other uses (non-food),33.0,17.0,76.0,101.0,71.0,89.0,71.0,119.0,126.0,82.0,84.0,59.0,88.0,107.0,92.0,94.0,76.0,88.0
16104,Tunisia,Vegetables,Human Consumption,1707.0,1520.0,1730.0,1941.0,2055.0,1987.0,2031.0,2196.0,2219.0,2302.0,2693.0,2409.0,2496.0,2763.0,3080.0,3543.0,3104.0,3117.0
16105,Tunisia,Vegetable Oils,Human Consumption,198.0,200.0,187.0,181.0,196.0,174.0,202.0,179.0,221.0,189.0,191.0,194.0,203.0,208.0,231.0,244.0,235.0,248.0
16106,Tunisia,Vegetable Oils,Import,196.0,147.0,247.0,283.0,267.0,313.0,335.0,309.0,372.0,280.0,298.0,368.0,303.0,279.0,262.0,257.0,254.0,319.0
16107,Tunisia,Vegetable Oils,Stock Variation,48.0,138.0,-12.0,-232.0,82.0,-108.0,132.0,53.0,59.0,29.0,-55.0,0.0,0.0,1.0,75.0,-11.0,30.0,96.0
16108,Tunisia,Vegetable Oils,Production,131.0,38.0,86.0,321.0,150.0,240.0,205.0,230.0,197.0,210.0,268.0,194.0,297.0,287.0,393.0,536.0,367.0,400.0
16109,Tunisia,Vegetable Oils,Domestic supply,231.0,217.0,263.0,282.0,267.0,263.0,273.0,298.0,347.0,271.0,275.0,253.0,290.0,316.0,405.0,430.0,397.0,437.0
16110,Tunisia,Vegetable Oils,Processing,0.0,0.0,0.0,0.0,0.0,0.0,0.0,0.0,0.0,0.0,0.0,0.0,0.0,0.0,96.0,102.0,96.0,114.0
16111,Tunisia,Vegetable Oils,Export,144.0,107.0,58.0,90.0,232.0,182.0,398.0,294.0,281.0,248.0,237.0,310.0,309.0,250.0,175.0,374.0,194.0,186.0
16112,Turkey,Offals,Import,0.0,0.0,0.0,0.0,0.0,0.0,0.0,0.0,0.0,0.0,0.0,0.0,0.0,0.0,0.0,0.0,0.0,0.0
16113,Turkey,Meat,Import,2.0,1.0,0.0,1.0,1.0,1.0,1.0,1.0,2.0,2.0,52.0,112.0,27.0,8.0,3.0,23.0,9.0,22.0
16114,Turkey,Meat,Stock Variation,0.0,0.0,0.0,0.0,0.0,0.0,0.0,0.0,0.0,0.0,0.0,0.0,0.0,0.0,8.0,153.0,73.0,21.0
16115,Turkey,Meat,Production,1397.0,1319.0,1375.0,1493.0,1582.0,1594.0,1593.0,1843.0,1795.0,1937.0,2356.0,2571.0,2861.0,2995.0,3209.0,3386.0,3396.0,3584.0
16116,Turkey,Offals,Human Consumption,76.0,70.0,66.0,61.0,66.0,62.0,64.0,68.0,64.0,57.0,69.0,71.0,77.0,88.0,120.0,135.0,138.0,131.0
16117,Turkey,Offals,Losses,0.0,0.0,0.0,0.0,0.0,0.0,0.0,0.0,0.0,0.0,0.0,0.0,0.0,0.0,4.0,5.0,5.0,5.0
16118,Turkey,Offals,Domestic supply,76.0,70.0,66.0,61.0,66.0,62.0,64.0,68.0,64.0,57.0,69.0,71.0,77.0,88.0,125.0,140.0,143.0,135.0
16119,Turkey,Offals,Export,0.0,0.0,0.0,0.0,0.0,0.0,0.0,0.0,0.0,1.0,1.0,1.0,0.0,2.0,2.0,1.0,2.0,3.0
16120,Turkey,Offals,Production,76.0,70.0,66.0,61.0,66.0,62.0,64.0,68.0,64.0,58.0,69.0,71.0,78.0,90.0,126.0,141.0,145.0,138.0
16121,Turkey,Animal fats,Import,175.0,152.0,168.0,180.0,146.0,191.0,205.0,192.0,199.0,205.0,197.0,168.0,164.0,127.0,142.0,93.0,81.0,76.0
16122,Turkey,Animal fats,Other uses (non-food),196.0,162.0,166.0,132.0,131.0,201.0,200.0,183.0,165.0,166.0,153.0,103.0,104.0,32.0,97.0,40.0,41.0,40.0
16123,Turkey,Animal fats,Processing,0.0,0.0,0.0,0.0,0.0,0.0,0.0,0.0,0.0,0.0,0.0,0.0,0.0,0.0,19.0,22.0,17.0,18.0
16124,Turkey,Animal fats,Losses,0.0,0.0,0.0,0.0,0.0,0.0,0.0,0.0,0.0,0.0,0.0,0.0,0.0,0.0,1.0,1.0,1.0,1.0
16125,Turkey,Animal fats,Feed,0.0,0.0,0.0,1.0,3.0,2.0,12.0,12.0,2.0,18.0,16.0,16.0,24.0,31.0,31.0,39.0,35.0,35.0
16126,Turkey,Animal fats,Domestic supply,320.0,277.0,288.0,318.0,290.0,342.0,358.0,345.0,321.0,349.0,365.0,306.0,382.0,353.0,363.0,313.0,298.0,316.0
16127,Turkey,Animal fats,Export,4.0,14.0,11.0,21.0,7.0,5.0,7.0,14.0,49.0,27.0,17.0,66.0,15.0,20.0,22.0,15.0,17.0,17.0
16128,Turkey,Animal fats,Stock Variation,2.0,0.0,0.0,0.0,0.0,0.0,0.0,-5.0,0.0,0.0,0.0,0.0,0.0,0.0,-10.0,-1.0,-3.0,-5.0
16129,Turkey,Meat,Export,6.0,24.0,23.0,28.0,32.0,49.0,42.0,58.0,85.0,122.0,156.0,258.0,333.0,396.0,435.0,360.0,336.0,447.0
16130,Turkey,Animal fats,Human Consumption,124.0,115.0,122.0,185.0,157.0,139.0,146.0,151.0,154.0,165.0,196.0,187.0,254.0,290.0,215.0,211.0,204.0,222.0
16131,Turkey,Meat,Domestic supply,1393.0,1296.0,1353.0,1466.0,1551.0,1546.0,1552.0,1786.0,1713.0,1817.0,2251.0,2425.0,2555.0,2607.0,2769.0,2896.0,2996.0,3138.0
16132,Turkey,Spices,Losses,1.0,1.0,0.0,1.0,1.0,1.0,0.0,0.0,0.0,1.0,0.0,0.0,1.0,1.0,2.0,2.0,2.0,2.0
16133,Turkey,Meat,Processing,0.0,0.0,0.0,0.0,0.0,0.0,0.0,0.0,0.0,0.0,0.0,0.0,0.0,0.0,0.0,0.0,0.0,0.0
16134,Turkey,Animal fats,Production,147.0,139.0,130.0,159.0,151.0,155.0,160.0,172.0,171.0,172.0,185.0,204.0,234.0,247.0,233.0,234.0,231.0,252.0
16135,Turkey,Spices,Domestic supply,36.0,40.0,86.0,66.0,60.0,73.0,68.0,83.0,81.0,107.0,110.0,115.0,144.0,143.0,163.0,170.0,173.0,193.0
16136,Turkey,Spices,Export,27.0,29.0,44.0,39.0,32.0,30.0,32.0,29.0,27.0,33.0,35.0,35.0,34.0,40.0,43.0,41.0,49.0,46.0
16137,Turkey,Spices,Stock Variation,-8.0,2.0,13.0,7.0,1.0,-1.0,0.0,-2.0,-2.0,-1.0,-6.0,-6.0,0.0,0.0,71.0,75.0,98.0,48.0
16138,Turkey,Spices,Import,5.0,4.0,7.0,6.0,6.0,9.0,9.0,11.0,9.0,10.0,14.0,11.0,17.0,19.0,19.0,21.0,25.0,38.0
16139,Turkey,Spices,Production,66.0,63.0,110.0,92.0,85.0,95.0,91.0,102.0,100.0,130.0,136.0,145.0,161.0,163.0,257.0,264.0,295.0,248.0
16140,Turkey,Alcoholic Beverages,Human Consumption,768.0,849.0,801.0,833.0,837.0,899.0,916.0,920.0,1026.0,1007.0,1040.0,1069.0,1057.0,1038.0,1201.0,1137.0,977.0,987.0
16141,Turkey,Alcoholic Beverages,Other uses (non-food),58.0,39.0,51.0,44.0,76.0,86.0,75.0,84.0,91.0,95.0,74.0,77.0,73.0,108.0,131.0,119.0,129.0,138.0
16142,Turkey,Alcoholic Beverages,Domestic supply,826.0,888.0,851.0,877.0,914.0,985.0,991.0,1004.0,1117.0,1102.0,1113.0,1146.0,1131.0,1146.0,1333.0,1255.0,1105.0,1125.0
16143,Turkey,Alcoholic Beverages,Export,34.0,37.0,46.0,53.0,70.0,90.0,101.0,107.0,120.0,119.0,153.0,138.0,150.0,119.0,105.0,89.0,71.0,70.0
16144,Turkey,Alcoholic Beverages,Stock Variation,0.0,0.0,0.0,0.0,0.0,0.0,0.0,0.0,0.0,0.0,0.0,0.0,0.0,0.0,-99.0,-74.0,0.0,-17.0
16145,Turkey,Alcoholic Beverages,Import,4.0,4.0,7.0,12.0,42.0,49.0,52.0,59.0,61.0,61.0,69.0,76.0,72.0,84.0,95.0,97.0,94.0,104.0
16146,Turkey,Alcoholic Beverages,Production,856.0,922.0,890.0,918.0,941.0,1026.0,1041.0,1052.0,1176.0,1160.0,1197.0,1209.0,1208.0,1181.0,1243.0,1174.0,1082.0,1073.0
16147,Turkey,Miscellaneous,Human Consumption,3.0,3.0,3.0,4.0,4.0,5.0,7.0,8.0,8.0,7.0,8.0,11.0,13.0,14.0,14.0,14.0,15.0,15.0
16148,Turkey,Miscellaneous,Domestic supply,3.0,3.0,3.0,4.0,4.0,5.0,7.0,8.0,8.0,7.0,8.0,11.0,13.0,14.0,-149.0,-74.0,-71.0,-69.0
16149,Turkey,Miscellaneous,Export,0.0,0.0,0.0,0.0,0.0,0.0,0.0,1.0,1.0,1.0,1.0,1.0,1.0,1.0,287.0,252.0,261.0,279.0
16150,Turkey,Miscellaneous,Stock Variation,0.0,0.0,0.0,0.0,0.0,0.0,0.0,0.0,0.0,0.0,0.0,0.0,0.0,0.0,1.0,2.0,0.0,0.0
16151,Turkey,Miscellaneous,Import,3.0,3.0,3.0,4.0,5.0,6.0,8.0,9.0,8.0,8.0,9.0,12.0,14.0,15.0,138.0,180.0,189.0,210.0
16152,Turkey,Meat,Human Consumption,1393.0,1296.0,1353.0,1467.0,1551.0,1547.0,1553.0,1787.0,1714.0,1820.0,2264.0,2442.0,2579.0,2632.0,2787.0,2909.0,3004.0,3153.0
16153,Turkey,Meat,Losses,0.0,0.0,0.0,0.0,0.0,0.0,0.0,0.0,0.0,0.0,0.0,0.0,0.0,0.0,0.0,0.0,0.0,0.0
16154,Turkey,Milk - Excluding Butter,Human Consumption,7989.0,7720.0,6862.0,8704.0,8760.0,9110.0,9891.0,10102.0,9927.0,10187.0,10973.0,12162.0,13894.0,14532.0,14320.0,14310.0,14093.0,14264.0
16155,Turkey,Cereals - Excluding Beer,Import,2712.0,1181.0,2681.0,4223.0,2586.0,794.0,608.0,3596.0,5407.0,4246.0,3540.0,5508.0,4859.0,6180.0,8400.0,6816.0,5843.0,8590.0
16156,Turkey,Milk - Excluding Butter,Processing,0.0,0.0,0.0,0.0,0.0,0.0,0.0,0.0,0.0,0.0,0.0,0.0,0.0,0.0,0.0,0.0,0.0,0.0
16157,Turkey,"Fish, Seafood",Production,581.0,592.0,626.0,583.0,643.0,545.0,661.0,772.0,646.0,623.0,653.0,703.0,645.0,607.0,536.0,670.0,584.0,584.0
16158,Turkey,"Aquatic Products, Other",Human Consumption,1.0,2.0,1.0,3.0,2.0,1.0,2.0,1.0,0.0,0.0,0.0,0.0,1.0,1.0,1.0,0.0,0.0,0.0
16159,Turkey,"Aquatic Products, Other",Other uses (non-food),0.0,0.0,0.0,0.0,0.0,0.0,0.0,0.0,0.0,0.0,0.0,0.0,0.0,0.0,1.0,1.0,1.0,1.0
16160,Turkey,"Aquatic Products, Other",Domestic supply,1.0,2.0,1.0,3.0,2.0,1.0,2.0,1.0,0.0,0.0,0.0,0.0,1.0,1.0,2.0,1.0,1.0,1.0
16161,Turkey,"Aquatic Products, Other",Export,0.0,1.0,0.0,2.0,0.0,0.0,0.0,0.0,0.0,0.0,2.0,1.0,0.0,0.0,0.0,1.0,2.0,2.0
16162,Turkey,"Aquatic Products, Other",Stock Variation,0.0,0.0,0.0,0.0,0.0,0.0,0.0,0.0,0.0,0.0,1.0,0.0,0.0,0.0,0.0,0.0,0.0,0.0
16163,Turkey,"Aquatic Products, Other",Import,0.0,0.0,0.0,0.0,0.0,0.0,0.0,0.0,0.0,0.0,0.0,0.0,0.0,0.0,1.0,1.0,1.0,1.0
16164,Turkey,"Aquatic Products, Other",Production,1.0,3.0,1.0,5.0,2.0,1.0,2.0,1.0,1.0,1.0,1.0,1.0,1.0,1.0,1.0,1.0,2.0,2.0
16165,Turkey,Cereals - Excluding Beer,Human Consumption,14729.0,15547.0,15406.0,15530.0,15493.0,15209.0,15481.0,15478.0,15302.0,15273.0,15259.0,14940.0,15073.0,15590.0,14913.0,14855.0,15434.0,14791.0
16166,Turkey,Cereals - Excluding Beer,Other uses (non-food),1429.0,1252.0,1338.0,1457.0,1479.0,1490.0,1376.0,1388.0,1548.0,1625.0,1538.0,1743.0,1670.0,2105.0,1927.0,2012.0,1905.0,2018.0
16167,Turkey,Cereals - Excluding Beer,Processing,150.0,151.0,146.0,158.0,160.0,191.0,192.0,221.0,249.0,241.0,265.0,277.0,281.0,287.0,381.0,456.0,451.0,510.0
16168,Turkey,Cereals - Excluding Beer,Losses,3291.0,2998.0,3173.0,3116.0,3466.0,3688.0,3463.0,2816.0,2741.0,3264.0,3163.0,3414.0,3355.0,3830.0,2349.0,2838.0,2522.0,2621.0
16169,Turkey,Cereals - Excluding Beer,Seed,2515.0,2497.0,2419.0,2496.0,2501.0,2356.0,2236.0,2147.0,2165.0,2176.0,2142.0,2118.0,2014.0,2072.0,1990.0,2109.0,1977.0,2000.0
16170,Turkey,Cereals - Excluding Beer,Feed,10025.0,8969.0,9689.0,10381.0,11577.0,10112.0,9691.0,8421.0,8590.0,8505.0,8249.0,9010.0,8917.0,10800.0,12421.0,13384.0,12051.0,12899.0
16171,Turkey,Cereals - Excluding Beer,Domestic supply,32138.0,31413.0,32172.0,33138.0,34677.0,33045.0,32439.0,30471.0,30595.0,31085.0,30617.0,31501.0,31310.0,34684.0,33980.0,35653.0,34341.0,34840.0
16172,Turkey,Cereals - Excluding Beer,Export,2618.0,1708.0,1150.0,1470.0,1413.0,3740.0,3407.0,2374.0,2152.0,3873.0,4922.0,3686.0,4082.0,4862.0,4844.0,5589.0,6877.0,7298.0
16173,Turkey,Cereals - Excluding Beer,Stock Variation,-89.0,2490.0,-70.0,-297.0,-474.0,-272.0,833.0,215.0,-1689.0,-2608.0,-480.0,-5216.0,-2546.0,-3860.0,2310.0,4244.0,-44.0,2629.0
16174,Turkey,Spices,Human Consumption,36.0,39.0,86.0,66.0,59.0,73.0,67.0,83.0,80.0,107.0,109.0,114.0,144.0,142.0,161.0,168.0,170.0,190.0
16175,Turkey,Cereals - Excluding Beer,Production,32132.0,29451.0,30711.0,30683.0,33977.0,36264.0,34405.0,29034.0,29029.0,33320.0,32478.0,34895.0,33079.0,37226.0,32733.0,38669.0,35331.0,36178.0
16176,Turkey,"Fish, Seafood",Import,202.0,196.0,98.0,146.0,315.0,251.0,315.0,350.0,350.0,346.0,354.0,302.0,408.0,449.0,424.0,517.0,689.0,689.0
16177,Turkey,Milk - Excluding Butter,Other uses (non-food),7.0,3.0,5.0,11.0,14.0,11.0,16.0,21.0,17.0,28.0,81.0,28.0,21.0,24.0,1.0,1.0,1.0,1.0
16178,Turkey,"Fish, Seafood",Stock Variation,0.0,0.0,0.0,0.0,0.0,0.0,0.0,0.0,-1.0,1.0,0.0,0.0,0.0,0.0,0.0,-14.0,14.0,14.0
16179,Turkey,"Fish, Seafood",Domestic supply,727.0,751.0,672.0,675.0,905.0,738.0,911.0,1051.0,918.0,891.0,912.0,896.0,933.0,915.0,798.0,1002.0,1078.0,1078.0
16180,Turkey,Milk - Excluding Butter,Losses,554.0,534.0,471.0,591.0,593.0,612.0,653.0,676.0,677.0,693.0,748.0,832.0,1120.0,1174.0,1223.0,1224.0,1206.0,1440.0
16181,Turkey,Milk - Excluding Butter,Feed,1323.0,1257.0,1114.0,1403.0,1413.0,1431.0,1502.0,1584.0,1622.0,1657.0,1788.0,1986.0,2288.0,2401.0,2926.0,2972.0,3018.0,4779.0
16182,Turkey,Milk - Excluding Butter,Domestic supply,9873.0,9514.0,8452.0,10709.0,10779.0,11163.0,12063.0,12382.0,12243.0,12564.0,13590.0,15007.0,17322.0,18130.0,18466.0,18504.0,18268.0,20458.0
16183,Turkey,Milk - Excluding Butter,Export,23.0,21.0,30.0,39.0,49.0,65.0,81.0,91.0,101.0,120.0,135.0,251.0,184.0,239.0,206.0,195.0,265.0,284.0
16184,Turkey,Milk - Excluding Butter,Stock Variation,0.0,0.0,0.0,0.0,0.0,0.0,0.0,-25.0,-97.0,-89.0,-46.0,121.0,47.0,79.0,1.0,1.0,0.0,-3.0
16185,Turkey,Milk - Excluding Butter,Import,102.0,40.0,74.0,137.0,149.0,119.0,192.0,168.0,198.0,231.0,227.0,81.0,58.0,67.0,42.0,46.0,44.0,38.0
16186,Turkey,Milk - Excluding Butter,Production,9794.0,9496.0,8409.0,10611.0,10679.0,11108.0,11952.0,12330.0,12243.0,12542.0,13544.0,15056.0,17401.0,18224.0,18631.0,18655.0,18489.0,20700.0
16187,Turkey,Eggs,Human Consumption,736.0,581.0,654.0,706.0,607.0,663.0,646.0,662.0,658.0,675.0,506.0,488.0,564.0,615.0,574.0,596.0,588.0,602.0
16188,Turkey,Eggs,Losses,41.0,33.0,36.0,40.0,35.0,38.0,37.0,40.0,41.0,43.0,37.0,41.0,47.0,52.0,53.0,52.0,56.0,60.0
16189,Turkey,Eggs,Seed,32.0,30.0,33.0,41.0,41.0,44.0,39.0,48.0,49.0,58.0,67.0,76.0,78.0,85.0,91.0,89.0,93.0,99.0
16190,Turkey,Eggs,Feed,0.0,0.0,0.0,0.0,0.0,0.0,0.0,0.0,0.0,0.0,0.0,0.0,0.0,0.0,67.0,93.0,106.0,98.0
16191,Turkey,Eggs,Domestic supply,808.0,644.0,723.0,786.0,683.0,744.0,722.0,750.0,748.0,776.0,610.0,605.0,688.0,752.0,784.0,830.0,844.0,859.0
16192,Turkey,Eggs,Export,4.0,19.0,2.0,8.0,11.0,11.0,12.0,47.0,78.0,90.0,132.0,206.0,245.0,281.0,290.0,218.0,289.0,348.0
16193,Turkey,Eggs,Stock Variation,0.0,0.0,0.0,0.0,0.0,0.0,0.0,0.0,0.0,0.0,0.0,0.0,0.0,0.0,0.0,0.0,0.0,0.0
16194,Turkey,Eggs,Import,2.0,2.0,3.0,2.0,3.0,2.0,1.0,1.0,1.0,1.0,1.0,1.0,1.0,2.0,3.0,2.0,2.0,2.0
16195,Turkey,Eggs,Production,810.0,661.0,722.0,792.0,691.0,753.0,733.0,795.0,824.0,865.0,740.0,810.0,932.0,1031.0,1072.0,1045.0,1131.0,1205.0
16196,Turkey,"Fish, Seafood",Human Consumption,508.0,499.0,449.0,448.0,541.0,508.0,584.0,592.0,543.0,536.0,496.0,441.0,504.0,455.0,391.0,433.0,393.0,393.0
16197,Turkey,"Fish, Seafood",Other uses (non-food),2.0,8.0,1.0,13.0,9.0,4.0,16.0,9.0,4.0,6.0,6.0,6.0,10.0,7.0,5.0,6.0,6.0,6.0
16198,Turkey,"Fish, Seafood",Feed,217.0,243.0,222.0,214.0,356.0,226.0,311.0,450.0,371.0,349.0,410.0,448.0,419.0,454.0,402.0,564.0,678.0,678.0
16199,Turkey,"Fish, Seafood",Export,56.0,37.0,52.0,53.0,53.0,58.0,64.0,71.0,78.0,79.0,95.0,109.0,120.0,142.0,162.0,171.0,209.0,209.0
16200,Turkey,Stimulants,Production,139.0,143.0,135.0,154.0,202.0,218.0,202.0,206.0,198.0,199.0,235.0,222.0,225.0,212.0,227.0,239.0,243.0,234.0
16201,Turkey,Stimulants,Processing,0.0,0.0,0.0,0.0,0.0,0.0,0.0,0.0,0.0,0.0,0.0,0.0,0.0,0.0,109.0,105.0,103.0,123.0
16202,Turkey,Stimulants,Stock Variation,0.0,0.0,0.0,0.0,0.0,0.0,0.0,0.0,0.0,0.0,0.0,0.0,0.0,0.0,-27.0,-14.0,4.0,2.0
16203,Turkey,Oilcrops,Seed,61.0,65.0,60.0,59.0,53.0,56.0,52.0,51.0,47.0,53.0,57.0,54.0,53.0,55.0,43.0,38.0,45.0,49.0
16204,Turkey,Oilcrops,Feed,7.0,1.0,1.0,1.0,0.0,1.0,1.0,1.0,1.0,0.0,1.0,1.0,0.0,52.0,680.0,428.0,163.0,240.0
16205,Turkey,Oilcrops,Domestic supply,5156.0,3264.0,5118.0,4539.0,5383.0,5542.0,6305.0,5665.0,5832.0,5395.0,7189.0,7379.0,7345.0,7136.0,8770.0,8668.0,8181.0,9323.0
16206,Turkey,Oilcrops,Export,42.0,77.0,62.0,90.0,93.0,89.0,97.0,103.0,82.0,104.0,115.0,138.0,149.0,149.0,132.0,128.0,317.0,212.0
16207,Turkey,Oilcrops,Stock Variation,2.0,4.0,-1.0,-17.0,6.0,1.0,-6.0,6.0,0.0,-5.0,-10.0,-10.0,15.0,10.0,-247.0,-374.0,55.0,-125.0
16208,Turkey,Oilcrops,Import,1166.0,586.0,893.0,1434.0,1392.0,2034.0,1876.0,2360.0,2165.0,1844.0,2959.0,2576.0,2560.0,2337.0,3370.0,3270.0,3334.0,3417.0
16209,Turkey,Oilcrops,Production,4030.0,2750.0,4288.0,3212.0,4077.0,3596.0,4533.0,3402.0,3750.0,3660.0,4355.0,4950.0,4918.0,4937.0,5285.0,5151.0,5219.0,5993.0
16210,Turkey,Treenuts,Human Consumption,342.0,362.0,385.0,404.0,334.0,449.0,500.0,473.0,519.0,503.0,522.0,507.0,594.0,508.0,409.0,650.0,511.0,710.0
16211,Turkey,Oilcrops,Losses,105.0,85.0,107.0,120.0,121.0,141.0,145.0,149.0,141.0,131.0,190.0,182.0,175.0,173.0,417.0,420.0,421.0,486.0
16212,Turkey,Treenuts,Processing,0.0,0.0,0.0,0.0,0.0,0.0,0.0,0.0,0.0,0.0,0.0,0.0,0.0,0.0,0.0,0.0,0.0,0.0
16213,Turkey,Treenuts,Domestic supply,377.0,403.0,425.0,440.0,362.0,488.0,546.0,514.0,576.0,544.0,570.0,546.0,648.0,555.0,451.0,706.0,558.0,750.0
16214,Turkey,Treenuts,Export,296.0,468.0,443.0,375.0,409.0,386.0,437.0,415.0,395.0,407.0,446.0,463.0,502.0,523.0,477.0,449.0,423.0,516.0
16215,Turkey,Treenuts,Stock Variation,-100.0,0.0,0.0,0.0,140.0,0.0,-60.0,0.0,-300.0,0.0,-80.0,80.0,-100.0,0.0,-18.0,41.0,67.0,-42.0
16216,Turkey,Treenuts,Import,14.0,10.0,23.0,24.0,38.0,36.0,43.0,45.0,69.0,73.0,72.0,71.0,96.0,82.0,58.0,70.0,111.0,106.0
16217,Turkey,Treenuts,Production,759.0,861.0,845.0,791.0,593.0,837.0,1000.0,884.0,1202.0,878.0,1024.0,858.0,1153.0,995.0,851.0,1127.0,938.0,1119.0
16218,Turkey,Pulses,Human Consumption,874.0,763.0,975.0,666.0,814.0,958.0,772.0,767.0,725.0,801.0,958.0,993.0,938.0,974.0,1012.0,1028.0,981.0,1039.0
16219,Turkey,Pulses,Losses,48.0,51.0,54.0,50.0,51.0,53.0,55.0,47.0,39.0,47.0,51.0,51.0,49.0,50.0,46.0,48.0,47.0,50.0
16220,Turkey,Pulses,Seed,158.0,162.0,153.0,136.0,128.0,125.0,115.0,105.0,95.0,93.0,89.0,89.0,91.0,92.0,66.0,74.0,64.0,67.0
16221,Turkey,Treenuts,Losses,35.0,41.0,40.0,36.0,28.0,39.0,46.0,41.0,57.0,41.0,48.0,40.0,54.0,47.0,42.0,56.0,47.0,56.0
16222,Turkey,Oilcrops,Processing,4420.0,2840.0,4411.0,3923.0,4710.0,4781.0,5370.0,4811.0,4922.0,4523.0,6334.0,6389.0,6293.0,6158.0,7257.0,7383.0,7126.0,8120.0
16223,Turkey,Oilcrops,Other uses (non-food),1.0,0.0,1.0,1.0,0.0,0.0,1.0,0.0,1.0,15.0,11.0,11.0,7.0,9.0,9.0,14.0,10.0,14.0
16224,Turkey,Oilcrops,Human Consumption,563.0,272.0,538.0,436.0,498.0,562.0,736.0,654.0,719.0,671.0,596.0,741.0,816.0,690.0,365.0,385.0,416.0,415.0
16225,Turkey,Sugar Crops,Processing,18873.0,12657.0,16547.0,12664.0,13574.0,15200.0,14519.0,12429.0,15488.0,17275.0,17942.0,16126.0,15000.0,16500.0,15618.0,14368.0,16993.0,19603.0
16226,Turkey,Sugar Crops,Losses,0.0,0.0,0.0,0.0,0.0,0.0,0.0,0.0,0.0,0.0,0.0,0.0,0.0,0.0,834.0,820.0,969.0,1037.0
16227,Turkey,Sugar Crops,Feed,0.0,0.0,0.0,0.0,0.0,0.0,0.0,0.0,0.0,0.0,0.0,0.0,0.0,0.0,1468.0,1873.0,2553.0,990.0
16228,Turkey,Stimulants,Import,69.0,75.0,83.0,113.0,143.0,155.0,165.0,185.0,164.0,145.0,163.0,179.0,182.0,218.0,164.0,174.0,181.0,218.0
16229,Turkey,Sugar Crops,Export,1.0,0.0,0.0,0.0,0.0,0.0,0.0,0.0,0.0,0.0,0.0,0.0,0.0,0.0,1.0,1.0,1.0,1.0
16230,Turkey,Sugar Crops,Stock Variation,0.0,0.0,0.0,0.0,0.0,0.0,0.0,0.0,0.0,0.0,0.0,0.0,0.0,0.0,-1176.0,-596.0,-1050.0,-478.0
16231,Turkey,Sugar Crops,Import,53.0,25.0,24.0,41.0,57.0,19.0,67.0,15.0,0.0,0.0,0.0,0.0,0.0,0.0,2.0,3.0,1.0,3.0
16232,Turkey,Sugar Crops,Production,18821.0,12633.0,16523.0,12623.0,13517.0,15181.0,14452.0,12415.0,15488.0,17275.0,17942.0,16126.0,15000.0,16500.0,16743.0,16462.0,19466.0,21149.0
16233,Turkey,Starchy Roots,Human Consumption,4299.0,3996.0,4269.0,4214.0,3813.0,3306.0,3620.0,3279.0,3407.0,3614.0,3746.0,3794.0,4017.0,3001.0,3693.0,3740.0,3790.0,3801.0
16234,Turkey,Starchy Roots,Other uses (non-food),24.0,25.0,44.0,51.0,51.0,58.0,54.0,51.0,60.0,70.0,75.0,68.0,71.0,53.0,10.0,10.0,10.0,10.0
16235,Turkey,Starchy Roots,Processing,0.0,0.0,0.0,0.0,0.0,0.0,0.0,0.0,0.0,0.0,0.0,0.0,0.0,0.0,0.0,0.0,0.0,0.0
16236,Turkey,Starchy Roots,Losses,537.0,500.0,520.0,530.0,480.0,410.0,440.0,430.0,420.0,440.0,460.0,460.0,480.0,395.0,422.0,482.0,481.0,486.0
16237,Turkey,Starchy Roots,Seed,410.0,400.0,396.0,390.0,358.0,309.0,316.0,305.0,296.0,286.0,281.0,286.0,237.0,250.0,240.0,285.0,268.0,264.0
16238,Turkey,Starchy Roots,Feed,491.0,19.0,18.0,0.0,0.0,4.0,0.0,6.0,8.0,0.0,0.0,0.0,0.0,32.0,0.0,1.0,67.0,259.0
16239,Turkey,Starchy Roots,Domestic supply,5761.0,4940.0,5247.0,5185.0,4701.0,4086.0,4428.0,4072.0,4191.0,4410.0,4561.0,4607.0,4804.0,3729.0,4364.0,4518.0,4615.0,4820.0
16240,Turkey,Starchy Roots,Export,142.0,108.0,29.0,177.0,161.0,82.0,48.0,258.0,92.0,71.0,87.0,106.0,98.0,331.0,19.0,18.0,238.0,285.0
16241,Turkey,Starchy Roots,Stock Variation,0.0,0.0,0.0,0.0,0.0,0.0,0.0,0.0,0.0,0.0,0.0,0.0,0.0,0.0,-165.0,312.0,18.0,1.0
16242,Turkey,Starchy Roots,Import,533.0,48.0,76.0,62.0,62.0,78.0,79.0,83.0,86.0,82.0,100.0,98.0,106.0,112.0,52.0,87.0,121.0,305.0
16243,Turkey,Starchy Roots,Production,5370.0,5000.0,5200.0,5300.0,4800.0,4090.0,4398.0,4246.0,4197.0,4399.0,4549.0,4614.0,4796.0,3949.0,4167.0,4761.0,4751.0,4801.0
16244,Turkey,Pulses,Feed,249.0,270.0,294.0,286.0,297.0,298.0,364.0,297.0,209.0,270.0,264.0,236.0,235.0,244.0,165.0,199.0,204.0,199.0
16245,Turkey,Pulses,Domestic supply,1328.0,1245.0,1477.0,1138.0,1290.0,1434.0,1306.0,1217.0,1068.0,1211.0,1362.0,1369.0,1313.0,1360.0,1288.0,1349.0,1297.0,1354.0
16246,Turkey,Sugar Crops,Domestic supply,18873.0,12657.0,16547.0,12664.0,13574.0,15200.0,14519.0,12429.0,15488.0,17275.0,17942.0,16126.0,15000.0,16500.0,17920.0,17061.0,20515.0,21629.0
16247,Turkey,Pulses,Stock Variation,0.0,0.0,0.0,0.0,0.0,0.0,0.0,0.0,0.0,0.0,0.0,0.0,0.0,0.0,21.0,-37.0,-13.0,77.0
16248,Turkey,Vegetables,Feed,3333.0,3271.0,3602.0,3542.0,3358.0,3507.0,3419.0,3384.0,3643.0,3545.0,3379.0,3595.0,3722.0,3738.0,3756.0,3993.0,3979.0,4029.0
16249,Turkey,Vegetables,Domestic supply,23498.0,22962.0,24613.0,24490.0,23750.0,24907.0,24293.0,24067.0,25471.0,24859.0,24170.0,25871.0,26150.0,26616.0,26365.0,27665.0,28455.0,28828.0
16250,Turkey,Vegetables,Export,1140.0,1232.0,1253.0,1460.0,1562.0,1490.0,1487.0,1560.0,1728.0,1908.0,1805.0,1648.0,1686.0,1743.0,1995.0,1751.0,1814.0,2010.0
16251,Turkey,Vegetables,Stock Variation,0.0,0.0,0.0,0.0,0.0,0.0,0.0,0.0,0.0,0.0,0.0,0.0,0.0,0.0,11.0,14.0,20.0,15.0
16252,Turkey,Vegetables,Import,19.0,9.0,18.0,21.0,27.0,25.0,29.0,34.0,51.0,51.0,60.0,98.0,72.0,83.0,80.0,83.0,71.0,80.0
16253,Turkey,Vegetables,Production,24619.0,24186.0,25848.0,25929.0,25285.0,26372.0,25751.0,25594.0,27148.0,26716.0,25915.0,27421.0,27764.0,28275.0,28291.0,29347.0,30218.0,30773.0
16254,Turkey,Fruits - Excluding Wine,Human Consumption,7373.0,6861.0,7044.0,7716.0,7012.0,8164.0,7786.0,8119.0,8697.0,9072.0,8711.0,8925.0,9404.0,9529.0,8808.0,8692.0,9547.0,10410.0
16255,Turkey,Fruits - Excluding Wine,Processing,444.0,445.0,405.0,382.0,265.0,317.0,350.0,345.0,401.0,434.0,530.0,515.0,592.0,586.0,789.0,689.0,647.0,600.0
16256,Turkey,Vegetables,Losses,4267.0,4204.0,4513.0,4484.0,4346.0,4531.0,4416.0,4381.0,4644.0,4554.0,4414.0,4666.0,4739.0,4801.0,3760.0,3874.0,3985.0,4051.0
16257,Turkey,Fruits - Excluding Wine,Losses,1057.0,1034.0,1021.0,1116.0,1025.0,1233.0,1193.0,1240.0,1282.0,1400.0,1375.0,1422.0,1486.0,1514.0,1632.0,1683.0,1788.0,1921.0
16258,Turkey,Fruits - Excluding Wine,Export,2144.0,2551.0,2320.0,2503.0,2690.0,3132.0,3343.0,3093.0,2797.0,3593.0,3772.0,3948.0,3840.0,4121.0,4146.0,4124.0,4414.0,4897.0
16259,Turkey,Fruits - Excluding Wine,Stock Variation,0.0,0.0,0.0,0.0,0.0,-133.0,117.0,17.0,-100.0,-33.0,100.0,-1.0,-1.0,-1.0,-663.0,-34.0,10.0,-19.0
16260,Turkey,Fruits - Excluding Wine,Import,173.0,93.0,169.0,196.0,211.0,315.0,337.0,431.0,364.0,325.0,357.0,438.0,391.0,424.0,405.0,490.0,402.0,471.0
16261,Turkey,Fruits - Excluding Wine,Production,10847.0,10778.0,10615.0,11486.0,10757.0,12666.0,12212.0,12348.0,12913.0,14207.0,13929.0,14372.0,14930.0,15327.0,14307.0,14664.0,16003.0,17337.0
16262,Turkey,Stimulants,Human Consumption,177.0,179.0,182.0,219.0,282.0,306.0,294.0,298.0,274.0,251.0,296.0,294.0,284.0,287.0,285.0,298.0,292.0,305.0
16263,Turkey,Stimulants,Losses,0.0,0.0,0.0,0.0,0.0,0.0,0.0,0.0,0.0,0.0,0.0,0.0,0.0,0.0,6.0,6.0,6.0,6.0
16264,Turkey,Stimulants,Export,31.0,38.0,36.0,48.0,62.0,66.0,73.0,93.0,88.0,93.0,102.0,107.0,123.0,143.0,17.0,18.0,18.0,17.0
16265,Turkey,Pulses,Export,164.0,361.0,245.0,450.0,324.0,246.0,411.0,259.0,165.0,239.0,254.0,267.0,249.0,233.0,238.0,311.0,318.0,337.0
16266,Turkey,Fruits - Excluding Wine,Domestic supply,8876.0,8320.0,8464.0,9180.0,8279.0,9716.0,9323.0,9704.0,10380.0,10906.0,10615.0,10861.0,11481.0,11629.0,11229.0,11064.0,11981.0,12930.0
16267,Turkey,Vegetables,Processing,0.0,0.0,0.0,0.0,0.0,0.0,0.0,0.0,0.0,0.0,0.0,0.0,0.0,0.0,129.0,121.0,131.0,137.0
16268,Turkey,Stimulants,Domestic supply,177.0,179.0,182.0,219.0,282.0,306.0,294.0,298.0,274.0,251.0,296.0,294.0,284.0,287.0,400.0,410.0,402.0,433.0
16269,Turkey,Vegetable Oils,Production,1066.0,729.0,978.0,1038.0,1141.0,1213.0,1294.0,1320.0,1230.0,1240.0,1682.0,1707.0,1706.0,1699.0,2011.0,2032.0,1974.0,2212.0
16270,Turkey,Vegetables,Human Consumption,15899.0,15487.0,16497.0,16463.0,16046.0,16869.0,16458.0,16303.0,17183.0,16759.0,16378.0,17609.0,17689.0,18077.0,18722.0,19677.0,20361.0,20612.0
16271,Turkey,Sugar & Sweeteners,Human Consumption,1942.0,1987.0,1808.0,1743.0,1900.0,1986.0,2204.0,1978.0,2163.0,2298.0,2383.0,2278.0,2329.0,2389.0,2444.0,2399.0,2533.0,2591.0
16272,Turkey,Sugar & Sweeteners,Other uses (non-food),28.0,23.0,23.0,20.0,21.0,23.0,20.0,19.0,23.0,28.0,25.0,48.0,46.0,47.0,49.0,50.0,51.0,52.0
16273,Turkey,Sugar & Sweeteners,Processing,0.0,0.0,0.0,0.0,0.0,0.0,0.0,0.0,0.0,0.0,0.0,0.0,0.0,0.0,0.0,0.0,0.0,0.0
16274,Turkey,Sugar & Sweeteners,Losses,0.0,0.0,0.0,0.0,0.0,0.0,0.0,0.0,0.0,0.0,0.0,0.0,0.0,0.0,5.0,5.0,5.0,6.0
16275,Turkey,Sugar & Sweeteners,Feed,0.0,0.0,0.0,0.0,0.0,0.0,0.0,0.0,0.0,0.0,0.0,0.0,0.0,0.0,0.0,0.0,0.0,0.0
16276,Turkey,Sugar & Sweeteners,Domestic supply,1969.0,2000.0,1810.0,1736.0,1882.0,1971.0,2194.0,1963.0,2153.0,2305.0,2364.0,2276.0,2338.0,2384.0,2400.0,2383.0,2524.0,2555.0
16277,Turkey,Sugar & Sweeteners,Export,686.0,1009.0,209.0,326.0,289.0,169.0,308.0,233.0,208.0,177.0,320.0,361.0,328.0,423.0,442.0,440.0,448.0,514.0
16278,Turkey,Sugar & Sweeteners,Stock Variation,-193.0,622.0,-435.0,-63.0,-58.0,-257.0,390.0,204.0,-144.0,-421.0,42.0,50.0,190.0,233.0,-379.0,-292.0,63.0,298.0
16279,Turkey,Pulses,Production,1316.0,1455.0,1640.0,1558.0,1584.0,1565.0,1606.0,1385.0,960.0,1237.0,1345.0,1234.0,1290.0,1257.0,1097.0,1143.0,1135.0,1198.0
16280,Turkey,Sugar & Sweeteners,Production,2829.0,2368.0,2424.0,2065.0,2184.0,2346.0,2063.0,1963.0,2458.0,2870.0,2606.0,2543.0,2432.0,2517.0,2414.0,2284.0,2640.0,3059.0
16281,Turkey,Vegetable Oils,Import,736.0,716.0,794.0,845.0,779.0,1161.0,1503.0,906.0,1159.0,1040.0,952.0,1164.0,1461.0,1538.0,1681.0,1664.0,1602.0,1524.0
16282,Turkey,Sugar & Sweeteners,Import,19.0,19.0,30.0,60.0,44.0,52.0,49.0,29.0,48.0,33.0,36.0,44.0,45.0,57.0,48.0,247.0,395.0,308.0
16283,Turkey,Vegetable Oils,Stock Variation,-180.0,163.0,-170.0,-66.0,-7.0,-259.0,-485.0,123.0,32.0,205.0,-133.0,-36.0,-114.0,-59.0,322.0,105.0,-153.0,65.0
16284,Turkey,Vegetable Oils,Export,185.0,227.0,151.0,297.0,215.0,307.0,394.0,253.0,370.0,352.0,296.0,515.0,688.0,830.0,746.0,717.0,744.0,713.0
16285,Turkey,Pulses,Import,176.0,151.0,82.0,29.0,30.0,114.0,110.0,90.0,273.0,213.0,272.0,401.0,272.0,336.0,450.0,479.0,467.0,571.0
16286,Turkey,Vegetable Oils,Processing,5.0,6.0,6.0,10.0,12.0,14.0,17.0,23.0,21.0,20.0,22.0,25.0,26.0,30.0,792.0,835.0,860.0,824.0
16287,Turkey,Vegetable Oils,Other uses (non-food),208.0,119.0,189.0,272.0,232.0,360.0,430.0,428.0,453.0,449.0,509.0,464.0,656.0,621.0,569.0,605.0,660.0,584.0
16288,Turkey,Vegetable Oils,Human Consumption,1228.0,1260.0,1262.0,1243.0,1457.0,1434.0,1471.0,1645.0,1577.0,1665.0,1681.0,1834.0,1682.0,1698.0,1263.0,1434.0,1466.0,1550.0
16289,Turkey,Vegetable Oils,Domestic supply,1437.0,1381.0,1451.0,1520.0,1699.0,1807.0,1918.0,2096.0,2051.0,2133.0,2205.0,2320.0,2364.0,2349.0,2624.0,2874.0,2986.0,2958.0
16290,Turkmenistan,Meat,Losses,7.0,7.0,9.0,10.0,10.0,10.0,10.0,13.0,13.0,13.0,13.0,13.0,13.0,13.0,15.0,15.0,15.0,15.0
16291,Turkmenistan,Meat,Domestic supply,159.0,170.0,201.0,219.0,221.0,219.0,220.0,294.0,297.0,305.0,305.0,308.0,312.0,313.0,340.0,337.0,340.0,361.0
16292,Turkmenistan,Meat,Export,0.0,0.0,0.0,0.0,0.0,0.0,0.0,0.0,0.0,0.0,0.0,0.0,0.0,0.0,0.0,0.0,0.0,0.0
16293,Turkmenistan,Meat,Stock Variation,0.0,0.0,0.0,0.0,0.0,0.0,0.0,0.0,0.0,0.0,0.0,0.0,0.0,0.0,21.0,4.0,-16.0,-34.0
16294,Turkmenistan,Meat,Import,9.0,3.0,7.0,9.0,5.0,5.0,2.0,1.0,7.0,6.0,4.0,6.0,10.0,10.0,54.0,36.0,19.0,24.0
16295,Turkmenistan,Meat,Production,150.0,166.0,193.0,210.0,215.0,214.0,217.0,293.0,290.0,299.0,301.0,302.0,302.0,303.0,307.0,305.0,304.0,303.0
16296,Turkmenistan,Offals,Human Consumption,2.0,2.0,2.0,2.0,3.0,3.0,3.0,3.0,3.0,3.0,3.0,3.0,3.0,3.0,4.0,4.0,4.0,5.0
16297,Turkmenistan,Offals,Losses,1.0,1.0,1.0,1.0,1.0,1.0,1.0,2.0,2.0,2.0,2.0,2.0,2.0,2.0,1.0,1.0,1.0,1.0
16298,Turkmenistan,Offals,Domestic supply,20.0,22.0,26.0,28.0,28.0,27.0,28.0,38.0,38.0,39.0,39.0,39.0,39.0,39.0,42.0,43.0,42.0,42.0
16299,Turkmenistan,Offals,Export,0.0,0.0,0.0,0.0,0.0,0.0,0.0,0.0,0.0,0.0,0.0,0.0,0.0,0.0,0.0,0.0,0.0,0.0
16300,Turkmenistan,Offals,Production,20.0,22.0,25.0,27.0,28.0,27.0,28.0,38.0,38.0,39.0,39.0,39.0,39.0,39.0,41.0,41.0,41.0,40.0
16301,Turkmenistan,Animal fats,Human Consumption,12.0,9.0,10.0,11.0,11.0,11.0,11.0,14.0,14.0,14.0,14.0,14.0,14.0,14.0,27.0,26.0,26.0,27.0
16302,Turkmenistan,Animal fats,Other uses (non-food),0.0,0.0,0.0,0.0,0.0,0.0,0.0,0.0,0.0,0.0,0.0,0.0,0.0,0.0,2.0,3.0,2.0,2.0
16303,Turkmenistan,Animal fats,Losses,0.0,0.0,0.0,0.0,0.0,0.0,0.0,0.0,0.0,0.0,0.0,0.0,0.0,0.0,0.0,0.0,0.0,0.0
16304,Turkmenistan,Meat,Human Consumption,152.0,162.0,192.0,210.0,211.0,209.0,210.0,281.0,284.0,292.0,291.0,294.0,299.0,299.0,325.0,323.0,325.0,347.0
16305,Turkmenistan,Animal fats,Domestic supply,13.0,9.0,10.0,11.0,11.0,11.0,11.0,14.0,14.0,14.0,14.0,14.0,14.0,14.0,29.0,29.0,28.0,29.0
16306,Turkmenistan,Offals,Other uses (non-food),17.0,19.0,23.0,25.0,24.0,24.0,24.0,34.0,33.0,35.0,35.0,35.0,35.0,35.0,37.0,37.0,37.0,36.0
16307,Turkmenistan,Offals,Import,0.0,0.0,1.0,1.0,0.0,0.0,0.0,0.0,0.0,0.0,0.0,0.0,0.0,0.0,1.0,2.0,2.0,1.0
16308,Turkmenistan,Alcoholic Beverages,Export,0.0,0.0,0.0,0.0,0.0,0.0,0.0,0.0,0.0,0.0,0.0,0.0,0.0,0.0,0.0,0.0,0.0,0.0
16309,Turkmenistan,Miscellaneous,Stock Variation,0.0,0.0,0.0,0.0,0.0,0.0,0.0,0.0,0.0,0.0,0.0,0.0,0.0,0.0,1.0,0.0,0.0,0.0
16310,Turkmenistan,Animal fats,Export,0.0,0.0,0.0,0.0,0.0,0.0,0.0,0.0,0.0,0.0,0.0,0.0,0.0,0.0,0.0,0.0,0.0,0.0
16311,Turkmenistan,Stimulants,Production,0.0,0.0,0.0,0.0,0.0,0.0,0.0,0.0,0.0,0.0,0.0,0.0,0.0,0.0,0.0,0.0,0.0,0.0
16312,Turkmenistan,Spices,Human Consumption,0.0,0.0,0.0,0.0,0.0,0.0,0.0,0.0,0.0,0.0,0.0,0.0,0.0,0.0,0.0,0.0,0.0,0.0
16313,Turkmenistan,Spices,Domestic supply,0.0,0.0,0.0,0.0,0.0,0.0,0.0,0.0,0.0,0.0,0.0,0.0,0.0,0.0,0.0,0.0,0.0,0.0
16314,Turkmenistan,Spices,Export,0.0,0.0,0.0,0.0,0.0,0.0,0.0,0.0,0.0,0.0,0.0,0.0,0.0,0.0,0.0,0.0,0.0,0.0
16315,Turkmenistan,Cereals - Excluding Beer,Production,1742.0,1819.0,2434.0,2631.0,2748.0,2995.0,3444.0,2849.0,2649.0,2352.0,2056.0,1458.0,1348.0,1458.0,1410.0,1617.0,1800.0,1203.0
16316,Turkmenistan,Spices,Import,0.0,0.0,0.0,0.0,0.0,0.0,0.0,0.0,0.0,0.0,0.0,0.0,0.0,0.0,0.0,0.0,0.0,0.0
16317,Turkmenistan,Miscellaneous,Import,0.0,0.0,0.0,0.0,0.0,0.0,0.0,0.0,0.0,0.0,0.0,1.0,1.0,1.0,23.0,20.0,18.0,20.0
16318,Turkmenistan,Alcoholic Beverages,Human Consumption,38.0,41.0,46.0,53.0,56.0,59.0,57.0,51.0,45.0,43.0,44.0,43.0,42.0,43.0,50.0,49.0,40.0,40.0
16319,Turkmenistan,Alcoholic Beverages,Domestic supply,38.0,41.0,46.0,53.0,56.0,59.0,57.0,51.0,45.0,43.0,44.0,43.0,42.0,43.0,63.0,59.0,46.0,50.0
16320,Turkmenistan,Alcoholic Beverages,Stock Variation,0.0,0.0,0.0,0.0,0.0,0.0,0.0,0.0,0.0,0.0,0.0,0.0,0.0,0.0,-7.0,-1.0,0.0,0.0
16321,Turkmenistan,Alcoholic Beverages,Import,3.0,1.0,6.0,12.0,15.0,16.0,14.0,7.0,6.0,3.0,5.0,4.0,3.0,4.0,18.0,13.0,8.0,12.0
16322,Turkmenistan,Alcoholic Beverages,Production,36.0,40.0,40.0,41.0,42.0,43.0,44.0,44.0,39.0,40.0,39.0,39.0,39.0,39.0,38.0,45.0,38.0,38.0
16323,Turkmenistan,Miscellaneous,Human Consumption,0.0,0.0,0.0,0.0,0.0,0.0,0.0,0.0,0.0,0.0,0.0,1.0,1.0,1.0,22.0,19.0,17.0,20.0
16324,Turkmenistan,Miscellaneous,Domestic supply,0.0,0.0,0.0,0.0,0.0,0.0,0.0,0.0,0.0,0.0,0.0,1.0,1.0,1.0,22.0,19.0,17.0,20.0
16325,Turkmenistan,Miscellaneous,Export,0.0,0.0,0.0,0.0,0.0,0.0,0.0,0.0,0.0,0.0,0.0,0.0,0.0,0.0,0.0,0.0,0.0,0.0
16326,Turkmenistan,Alcoholic Beverages,Other uses (non-food),0.0,0.0,0.0,0.0,0.0,0.0,0.0,0.0,0.0,0.0,0.0,0.0,0.0,0.0,13.0,10.0,6.0,11.0
16327,Turkmenistan,Animal fats,Stock Variation,0.0,0.0,0.0,0.0,0.0,0.0,0.0,0.0,0.0,0.0,0.0,0.0,0.0,0.0,0.0,0.0,0.0,0.0
16328,Turkmenistan,"Fish, Seafood",Domestic supply,10.0,12.0,12.0,15.0,15.0,16.0,16.0,16.0,17.0,17.0,20.0,18.0,20.0,20.0,20.0,21.0,20.0,17.0
16329,Turkmenistan,Animal fats,Production,9.0,9.0,10.0,10.0,10.0,10.0,10.0,13.0,13.0,14.0,14.0,14.0,14.0,14.0,14.0,14.0,14.0,14.0
16330,Turkmenistan,"Fish, Seafood",Import,0.0,1.0,0.0,1.0,1.0,2.0,1.0,1.0,2.0,2.0,5.0,3.0,5.0,4.0,5.0,6.0,5.0,2.0
16331,Turkmenistan,"Fish, Seafood",Production,12.0,13.0,13.0,15.0,15.0,15.0,15.0,15.0,15.0,15.0,15.0,15.0,15.0,15.0,15.0,15.0,15.0,15.0
16332,Turkmenistan,"Aquatic Products, Other",Human Consumption,0.0,0.0,0.0,0.0,0.0,0.0,0.0,0.0,0.0,0.0,0.0,0.0,0.0,0.0,0.0,0.0,0.0,0.0
16333,Turkmenistan,"Aquatic Products, Other",Other uses (non-food),0.0,0.0,0.0,0.0,0.0,0.0,0.0,0.0,0.0,0.0,0.0,0.0,0.0,0.0,0.0,0.0,0.0,0.0
16334,Turkmenistan,"Aquatic Products, Other",Domestic supply,0.0,0.0,0.0,0.0,0.0,0.0,0.0,0.0,0.0,0.0,0.0,0.0,0.0,0.0,0.0,0.0,0.0,0.0
16335,Turkmenistan,"Aquatic Products, Other",Import,0.0,0.0,0.0,0.0,0.0,0.0,0.0,0.0,0.0,0.0,0.0,0.0,0.0,0.0,0.0,0.0,0.0,0.0
16336,Turkmenistan,Cereals - Excluding Beer,Human Consumption,930.0,956.0,946.0,973.0,995.0,1009.0,1031.0,1019.0,1017.0,1023.0,1019.0,1039.0,1036.0,1059.0,1128.0,1155.0,1181.0,1172.0
16337,Turkmenistan,"Fish, Seafood",Stock Variation,0.0,0.0,0.0,0.0,0.0,0.0,0.0,0.0,0.0,0.0,0.0,0.0,0.0,0.0,0.0,0.0,0.0,0.0
16338,Turkmenistan,Cereals - Excluding Beer,Other uses (non-food),0.0,0.0,0.0,0.0,0.0,0.0,0.0,0.0,0.0,0.0,0.0,0.0,0.0,0.0,1.0,0.0,1.0,1.0
16339,Turkmenistan,Cereals - Excluding Beer,Seed,120.0,128.0,146.0,145.0,157.0,161.0,147.0,152.0,148.0,125.0,116.0,123.0,122.0,122.0,119.0,139.0,151.0,103.0
16340,Turkmenistan,Cereals - Excluding Beer,Feed,604.0,642.0,1260.0,1384.0,1437.0,1654.0,2089.0,1671.0,1764.0,1227.0,1185.0,777.0,808.0,879.0,881.0,935.0,906.0,885.0
16341,Turkmenistan,Cereals - Excluding Beer,Domestic supply,1766.0,1845.0,2507.0,2668.0,2758.0,3010.0,3480.0,3024.0,3119.0,2528.0,2467.0,2059.0,2084.0,2185.0,2250.0,2320.0,2340.0,2279.0
16342,Turkmenistan,Cereals - Excluding Beer,Export,0.0,0.0,0.0,0.0,0.0,0.0,0.0,0.0,0.0,0.0,0.0,0.0,0.0,0.0,25.0,0.0,57.0,0.0
16343,Turkmenistan,Cereals - Excluding Beer,Stock Variation,0.0,0.0,0.0,0.0,0.0,0.0,0.0,0.0,0.0,-15.0,15.0,0.0,0.0,0.0,-54.0,91.0,153.0,-215.0
16344,Turkmenistan,Stimulants,Import,8.0,8.0,6.0,5.0,5.0,11.0,7.0,4.0,9.0,11.0,13.0,12.0,11.0,10.0,7.0,5.0,8.0,7.0
16345,Turkmenistan,Cereals - Excluding Beer,Import,25.0,26.0,72.0,37.0,10.0,15.0,35.0,175.0,470.0,191.0,395.0,601.0,735.0,727.0,811.0,794.0,750.0,860.0
16346,Turkmenistan,Cereals - Excluding Beer,Losses,113.0,119.0,155.0,166.0,168.0,185.0,212.0,182.0,190.0,152.0,147.0,119.0,117.0,124.0,121.0,91.0,101.0,116.0
16347,Turkmenistan,"Fish, Seafood",Export,2.0,1.0,1.0,0.0,1.0,0.0,0.0,0.0,0.0,0.0,0.0,0.0,0.0,0.0,0.0,0.0,0.0,0.0
16348,Turkmenistan,"Fish, Seafood",Feed,0.0,0.0,0.0,0.0,0.0,0.0,0.0,0.0,0.0,0.0,0.0,0.0,0.0,0.0,0.0,1.0,2.0,0.0
16349,Turkmenistan,"Fish, Seafood",Other uses (non-food),0.0,0.0,0.0,0.0,0.0,0.0,0.0,0.0,0.0,0.0,0.0,0.0,0.0,0.0,0.0,0.0,0.0,0.0
16350,Turkmenistan,Milk - Excluding Butter,Human Consumption,602.0,631.0,662.0,656.0,706.0,712.0,710.0,709.0,709.0,714.0,714.0,717.0,718.0,718.0,733.0,829.0,836.0,836.0
16351,Turkmenistan,Milk - Excluding Butter,Processing,0.0,0.0,0.0,0.0,0.0,0.0,0.0,0.0,0.0,0.0,0.0,0.0,0.0,0.0,0.0,0.0,0.0,0.0
16352,Turkmenistan,Milk - Excluding Butter,Losses,5.0,6.0,7.0,8.0,7.0,9.0,10.0,10.0,10.0,11.0,11.0,11.0,11.0,11.0,12.0,9.0,9.0,9.0
16353,Turkmenistan,Milk - Excluding Butter,Feed,384.0,615.0,734.0,872.0,694.0,1155.0,1257.0,1351.0,1348.0,1425.0,1429.0,1380.0,1430.0,1380.0,1401.0,1305.0,1305.0,1298.0
16354,Turkmenistan,Milk - Excluding Butter,Domestic supply,991.0,1253.0,1403.0,1536.0,1407.0,1877.0,1978.0,2070.0,2067.0,2150.0,2154.0,2107.0,2159.0,2109.0,2146.0,2143.0,2150.0,2144.0
16355,Turkmenistan,Milk - Excluding Butter,Export,0.0,0.0,0.0,0.0,0.0,0.0,0.0,0.0,0.0,0.0,0.0,0.0,0.0,0.0,0.0,0.0,0.0,0.0
16356,Turkmenistan,Milk - Excluding Butter,Stock Variation,0.0,0.0,0.0,0.0,0.0,0.0,0.0,0.0,0.0,0.0,0.0,0.0,0.0,0.0,8.0,7.0,2.0,1.0
16357,Turkmenistan,Milk - Excluding Butter,Import,2.0,3.0,5.0,7.0,7.0,8.0,8.0,1.0,2.0,4.0,4.0,7.0,9.0,9.0,49.0,44.0,48.0,40.0
16358,Turkmenistan,Milk - Excluding Butter,Production,989.0,1250.0,1398.0,1529.0,1400.0,1869.0,1970.0,2069.0,2065.0,2146.0,2150.0,2100.0,2150.0,2100.0,2105.0,2106.0,2104.0,2105.0
16359,Turkmenistan,Eggs,Human Consumption,22.0,24.0,27.0,33.0,33.0,43.0,34.0,44.0,42.0,40.0,40.0,43.0,41.0,41.0,39.0,41.0,41.0,41.0
16360,Turkmenistan,Eggs,Other uses (non-food),3.0,1.0,2.0,5.0,2.0,2.0,2.0,3.0,6.0,10.0,10.0,10.0,10.0,10.0,8.0,6.0,6.0,6.0
16361,Turkmenistan,Eggs,Losses,0.0,0.0,0.0,0.0,0.0,0.0,0.0,0.0,0.0,0.0,0.0,0.0,0.0,0.0,3.0,3.0,3.0,3.0
16362,Turkmenistan,Eggs,Seed,0.0,0.0,1.0,1.0,1.0,1.0,1.0,1.0,1.0,1.0,1.0,1.0,1.0,1.0,1.0,1.0,1.0,1.0
16363,Turkmenistan,Eggs,Domestic supply,25.0,26.0,30.0,39.0,35.0,45.0,37.0,48.0,49.0,51.0,51.0,54.0,53.0,53.0,51.0,50.0,50.0,51.0
16364,Turkmenistan,Eggs,Import,3.0,2.0,2.0,4.0,0.0,0.0,0.0,0.0,1.0,1.0,1.0,4.0,2.0,2.0,0.0,0.0,0.0,0.0
16365,Turkmenistan,Eggs,Production,21.0,24.0,28.0,35.0,35.0,45.0,37.0,48.0,48.0,50.0,50.0,50.0,51.0,51.0,50.0,50.0,50.0,51.0
16366,Turkmenistan,"Fish, Seafood",Human Consumption,10.0,12.0,12.0,15.0,15.0,16.0,16.0,16.0,17.0,17.0,20.0,18.0,20.0,20.0,20.0,20.0,18.0,17.0
16367,Turkmenistan,Animal fats,Import,3.0,0.0,0.0,0.0,1.0,1.0,1.0,1.0,1.0,0.0,0.0,0.0,1.0,1.0,15.0,15.0,14.0,15.0
16368,Turkmenistan,Stimulants,Stock Variation,0.0,0.0,0.0,0.0,0.0,0.0,0.0,0.0,0.0,0.0,0.0,0.0,0.0,0.0,1.0,-1.0,1.0,0.0
16369,Turkmenistan,Spices,Stock Variation,0.0,0.0,0.0,0.0,0.0,0.0,0.0,0.0,0.0,0.0,0.0,0.0,0.0,0.0,0.0,0.0,0.0,0.0
16370,Turkmenistan,Stimulants,Domestic supply,8.0,8.0,6.0,4.0,5.0,11.0,7.0,4.0,9.0,11.0,13.0,12.0,11.0,10.0,6.0,6.0,7.0,8.0
16371,Turkmenistan,Oilcrops,Feed,418.0,501.0,204.0,240.0,228.0,166.0,74.0,29.0,23.0,22.0,11.0,14.0,19.0,11.0,10.0,11.0,5.0,9.0
16372,Turkmenistan,Oilcrops,Domestic supply,645.0,700.0,417.0,425.0,432.0,414.0,414.0,429.0,434.0,463.0,504.0,556.0,525.0,513.0,383.0,379.0,335.0,306.0
16373,Turkmenistan,Oilcrops,Export,35.0,31.0,43.0,45.0,48.0,45.0,46.0,47.0,47.0,47.0,47.0,47.0,47.0,47.0,30.0,33.0,15.0,40.0
16374,Turkmenistan,Oilcrops,Stock Variation,52.0,77.0,0.0,0.0,-180.0,-196.0,0.0,-150.0,-180.0,70.0,100.0,214.0,172.0,180.0,1.0,12.0,-13.0,39.0
16375,Turkmenistan,Oilcrops,Import,0.0,0.0,0.0,0.0,0.0,0.0,0.0,0.0,0.0,0.0,0.0,0.0,0.0,0.0,5.0,4.0,7.0,5.0
16376,Turkmenistan,Oilcrops,Production,628.0,653.0,460.0,470.0,660.0,655.0,460.0,626.0,661.0,440.0,451.0,389.0,400.0,380.0,410.0,420.0,330.0,380.0
16377,Turkmenistan,Treenuts,Human Consumption,2.0,2.0,2.0,2.0,2.0,2.0,2.0,2.0,2.0,2.0,2.0,2.0,2.0,2.0,6.0,5.0,4.0,2.0
16378,Turkmenistan,Oilcrops,Seed,34.0,30.0,28.0,33.0,40.0,40.0,42.0,44.0,40.0,40.0,36.0,30.0,30.0,30.0,30.0,31.0,14.0,25.0
16379,Turkmenistan,Treenuts,Losses,0.0,0.0,0.0,0.0,0.0,0.0,0.0,0.0,0.0,0.0,0.0,0.0,0.0,0.0,0.0,0.0,0.0,0.0
16380,Turkmenistan,Treenuts,Export,0.0,0.0,0.0,0.0,0.0,0.0,0.0,0.0,0.0,0.0,0.0,0.0,0.0,0.0,0.0,0.0,0.0,0.0
16381,Turkmenistan,Treenuts,Stock Variation,0.0,0.0,0.0,0.0,0.0,0.0,0.0,0.0,0.0,0.0,0.0,0.0,0.0,0.0,0.0,0.0,0.0,0.0
16382,Turkmenistan,Treenuts,Import,0.0,0.0,0.0,0.0,0.0,0.0,0.0,0.0,0.0,0.0,0.0,0.0,0.0,0.0,4.0,4.0,2.0,1.0
16383,Turkmenistan,Treenuts,Production,2.0,2.0,2.0,2.0,2.0,2.0,2.0,2.0,2.0,2.0,2.0,2.0,2.0,2.0,2.0,2.0,2.0,2.0
16384,Turkmenistan,Pulses,Human Consumption,0.0,0.0,0.0,0.0,0.0,0.0,0.0,0.0,0.0,0.0,0.0,0.0,0.0,0.0,6.0,6.0,6.0,8.0
16385,Turkmenistan,Pulses,Losses,0.0,0.0,1.0,1.0,0.0,0.0,1.0,1.0,1.0,1.0,1.0,1.0,1.0,1.0,0.0,1.0,1.0,1.0
16386,Turkmenistan,Pulses,Feed,8.0,8.0,10.0,14.0,8.0,9.0,13.0,11.0,10.0,10.0,10.0,12.0,11.0,12.0,8.0,8.0,8.0,8.0
16387,Turkmenistan,Treenuts,Domestic supply,2.0,2.0,2.0,2.0,2.0,2.0,2.0,2.0,2.0,2.0,2.0,2.0,2.0,2.0,6.0,6.0,4.0,2.0
16388,Turkmenistan,Pulses,Domestic supply,8.0,8.0,10.0,15.0,8.0,9.0,14.0,11.0,11.0,10.0,11.0,13.0,12.0,13.0,14.0,14.0,14.0,17.0
16389,Turkmenistan,Oilcrops,Losses,20.0,22.0,14.0,14.0,20.0,20.0,14.0,19.0,20.0,15.0,17.0,18.0,17.0,17.0,17.0,16.0,13.0,14.0
16390,Turkmenistan,Starchy Roots,Production,89.0,100.0,130.0,170.0,190.0,200.0,220.0,247.0,240.0,247.0,245.0,250.0,245.0,250.0,288.0,297.0,306.0,314.0
16391,Turkmenistan,Stimulants,Export,0.0,0.0,0.0,0.0,0.0,0.0,0.0,0.0,0.0,0.0,0.0,0.0,0.0,0.0,0.0,0.0,0.0,0.0
16392,Turkmenistan,Sugar Crops,Processing,214.0,215.0,215.0,250.0,220.0,220.0,220.0,220.0,220.0,220.0,220.0,220.0,220.0,220.0,224.0,224.0,226.0,225.0
16393,Turkmenistan,Sugar Crops,Losses,0.0,0.0,0.0,0.0,0.0,0.0,0.0,0.0,0.0,0.0,0.0,0.0,0.0,0.0,12.0,12.0,12.0,12.0
16394,Turkmenistan,Sugar Crops,Feed,16.0,5.0,5.0,5.0,10.0,10.0,15.0,14.0,14.0,14.0,14.0,15.0,15.0,18.0,16.0,16.0,16.0,16.0
16395,Turkmenistan,Sugar Crops,Domestic supply,230.0,220.0,220.0,255.0,230.0,230.0,235.0,234.0,234.0,234.0,234.0,235.0,235.0,238.0,252.0,252.0,255.0,254.0
16396,Turkmenistan,Sugar Crops,Stock Variation,0.0,0.0,0.0,0.0,0.0,0.0,0.0,0.0,0.0,0.0,0.0,0.0,0.0,0.0,-12.0,-12.0,-11.0,-12.0
16397,Turkmenistan,Sugar Crops,Production,230.0,220.0,220.0,255.0,230.0,230.0,235.0,234.0,234.0,234.0,234.0,235.0,235.0,238.0,240.0,241.0,243.0,242.0
16398,Turkmenistan,Oilcrops,Processing,172.0,147.0,171.0,138.0,144.0,188.0,284.0,338.0,351.0,386.0,440.0,494.0,459.0,455.0,321.0,317.0,297.0,252.0
16399,Turkmenistan,Starchy Roots,Human Consumption,76.0,95.0,110.0,128.0,145.0,140.0,175.0,160.0,160.0,160.0,160.0,160.0,160.0,160.0,167.0,172.0,177.0,182.0
16400,Turkmenistan,Starchy Roots,Losses,1.0,1.0,1.0,2.0,2.0,2.0,2.0,2.0,2.0,3.0,3.0,3.0,3.0,3.0,4.0,3.0,4.0,4.0
16401,Turkmenistan,Starchy Roots,Seed,3.0,4.0,5.0,5.0,5.0,5.0,5.0,5.0,5.0,5.0,5.0,5.0,5.0,5.0,4.0,4.0,4.0,4.0
16402,Turkmenistan,Starchy Roots,Feed,5.0,5.0,14.0,38.0,39.0,63.0,66.0,82.0,74.0,92.0,141.0,91.0,87.0,92.0,150.0,105.0,154.0,154.0
16403,Turkmenistan,Starchy Roots,Domestic supply,85.0,105.0,130.0,172.0,190.0,210.0,248.0,249.0,241.0,259.0,309.0,259.0,254.0,259.0,325.0,284.0,340.0,345.0
16404,Turkmenistan,Starchy Roots,Export,0.0,0.0,0.0,0.0,0.0,0.0,0.0,0.0,0.0,0.0,0.0,0.0,0.0,0.0,0.0,0.0,0.0,0.0
16405,Turkmenistan,Starchy Roots,Stock Variation,-5.0,5.0,0.0,0.0,0.0,0.0,0.0,0.0,0.0,0.0,0.0,0.0,0.0,0.0,105.0,17.0,102.0,97.0
16406,Turkmenistan,Starchy Roots,Import,1.0,0.0,0.0,2.0,0.0,10.0,28.0,2.0,1.0,13.0,64.0,9.0,9.0,9.0,142.0,3.0,137.0,127.0
16407,Turkmenistan,Starchy Roots,Other uses (non-food),0.0,0.0,0.0,0.0,0.0,0.0,0.0,0.0,0.0,0.0,0.0,0.0,0.0,0.0,0.0,0.0,0.0,0.0
16408,Turkmenistan,Pulses,Export,0.0,0.0,0.0,0.0,0.0,0.0,0.0,0.0,0.0,0.0,0.0,0.0,0.0,0.0,0.0,0.0,0.0,0.0
16409,Turkmenistan,Oilcrops,Human Consumption,0.0,0.0,0.0,0.0,0.0,0.0,0.0,0.0,0.0,0.0,0.0,0.0,0.0,0.0,5.0,4.0,7.0,5.0
16410,Turkmenistan,Pulses,Import,0.0,0.0,0.0,0.0,0.0,0.0,0.0,0.0,0.0,0.0,0.0,0.0,0.0,0.0,3.0,2.0,2.0,3.0
16411,Turkmenistan,Vegetables,Feed,91.0,106.0,100.0,90.0,62.0,71.0,80.0,89.0,84.0,108.0,80.0,80.0,80.0,80.0,78.0,72.0,69.0,67.0
16412,Turkmenistan,Vegetables,Domestic supply,586.0,534.0,688.0,743.0,723.0,788.0,817.0,898.0,879.0,942.0,931.0,925.0,931.0,925.0,1012.0,947.0,1001.0,979.0
16413,Turkmenistan,Vegetables,Export,1.0,2.0,1.0,1.0,3.0,3.0,2.0,1.0,1.0,0.0,0.0,4.0,2.0,2.0,3.0,3.0,3.0,7.0
16414,Turkmenistan,Vegetables,Stock Variation,0.0,0.0,0.0,0.0,0.0,0.0,0.0,0.0,0.0,0.0,0.0,0.0,0.0,0.0,21.0,0.0,-5.0,-10.0
16415,Turkmenistan,Vegetables,Import,0.0,1.0,0.0,2.0,1.0,1.0,4.0,4.0,5.0,6.0,23.0,20.0,23.0,15.0,82.0,9.0,58.0,40.0
16416,Turkmenistan,Vegetables,Production,587.0,535.0,689.0,743.0,725.0,790.0,814.0,895.0,875.0,937.0,909.0,909.0,911.0,912.0,954.0,941.0,941.0,936.0
16417,Turkmenistan,Fruits - Excluding Wine,Processing,60.0,66.0,67.0,68.0,70.0,72.0,73.0,74.0,65.0,67.0,65.0,65.0,65.0,65.0,63.0,76.0,64.0,64.0
16418,Turkmenistan,Vegetables,Losses,35.0,32.0,36.0,39.0,39.0,41.0,45.0,72.0,54.0,66.0,65.0,61.0,67.0,60.0,80.0,80.0,82.0,82.0
16419,Turkmenistan,Fruits - Excluding Wine,Losses,26.0,28.0,33.0,36.0,40.0,43.0,44.0,48.0,36.0,38.0,38.0,38.0,39.0,39.0,45.0,45.0,46.0,46.0
16420,Turkmenistan,Fruits - Excluding Wine,Domestic supply,278.0,290.0,338.0,370.0,412.0,439.0,447.0,492.0,374.0,392.0,400.0,398.0,409.0,412.0,470.0,495.0,459.0,460.0
16421,Turkmenistan,Fruits - Excluding Wine,Export,0.0,0.0,0.0,0.0,0.0,0.0,1.0,1.0,1.0,0.0,1.0,1.0,1.0,1.0,4.0,1.0,2.0,1.0
16422,Turkmenistan,Fruits - Excluding Wine,Stock Variation,0.0,0.0,0.0,0.0,0.0,0.0,0.0,0.0,0.0,0.0,0.0,0.0,0.0,0.0,1.0,0.0,0.0,0.0
16423,Turkmenistan,Fruits - Excluding Wine,Import,36.0,15.0,17.0,21.0,24.0,19.0,18.0,0.0,2.0,2.0,12.0,10.0,8.0,11.0,85.0,102.0,67.0,67.0
16424,Turkmenistan,Fruits - Excluding Wine,Production,242.0,275.0,321.0,349.0,389.0,421.0,430.0,492.0,372.0,390.0,388.0,388.0,402.0,402.0,390.0,394.0,394.0,394.0
16425,Turkmenistan,Stimulants,Human Consumption,8.0,8.0,6.0,4.0,5.0,11.0,7.0,4.0,9.0,11.0,13.0,12.0,11.0,10.0,6.0,6.0,7.0,8.0
16426,Turkmenistan,Pulses,Stock Variation,0.0,0.0,0.0,0.0,0.0,0.0,0.0,0.0,0.0,0.0,0.0,0.0,0.0,0.0,1.0,1.0,1.0,0.0
16427,Turkmenistan,Fruits - Excluding Wine,Feed,4.0,2.0,8.0,6.0,15.0,13.0,10.0,14.0,11.0,12.0,13.0,14.0,13.0,14.0,26.0,23.0,22.0,22.0
16428,Turkmenistan,Vegetables,Processing,0.0,0.0,0.0,0.0,0.0,0.0,0.0,0.0,0.0,0.0,0.0,0.0,0.0,0.0,38.0,11.0,19.0,6.0
16429,Turkmenistan,Fruits - Excluding Wine,Human Consumption,187.0,194.0,231.0,260.0,287.0,311.0,320.0,356.0,262.0,275.0,284.0,281.0,292.0,294.0,336.0,351.0,328.0,328.0
16430,Turkmenistan,Sugar & Sweeteners,Domestic supply,132.0,118.0,112.0,103.0,129.0,117.0,119.0,113.0,127.0,135.0,137.0,142.0,163.0,151.0,134.0,78.0,77.0,101.0
16431,Turkmenistan,Vegetables,Human Consumption,461.0,396.0,552.0,614.0,623.0,676.0,692.0,736.0,741.0,768.0,787.0,784.0,785.0,785.0,815.0,784.0,831.0,824.0
16432,Turkmenistan,Sugar & Sweeteners,Human Consumption,50.0,48.0,47.0,45.0,43.0,43.0,44.0,41.0,44.0,40.0,42.0,48.0,50.0,47.0,65.0,49.0,44.0,53.0
16433,Turkmenistan,Sugar & Sweeteners,Other uses (non-food),82.0,70.0,65.0,58.0,86.0,74.0,75.0,72.0,83.0,94.0,95.0,94.0,112.0,104.0,69.0,29.0,33.0,47.0
16434,Turkmenistan,Sugar & Sweeteners,Losses,0.0,0.0,0.0,0.0,0.0,0.0,0.0,0.0,0.0,0.0,0.0,0.0,0.0,0.0,0.0,0.0,0.0,0.0
16435,Turkmenistan,Sugar & Sweeteners,Feed,0.0,0.0,0.0,0.0,0.0,0.0,0.0,0.0,0.0,0.0,0.0,0.0,0.0,0.0,0.0,0.0,0.0,0.0
16436,Turkmenistan,Sugar & Sweeteners,Export,0.0,0.0,0.0,0.0,0.0,0.0,0.0,0.0,0.0,0.0,0.0,0.0,0.0,0.0,0.0,0.0,0.0,0.0
16437,Turkmenistan,Sugar & Sweeteners,Stock Variation,0.0,0.0,0.0,-22.0,11.0,11.0,0.0,0.0,0.0,0.0,0.0,0.0,0.0,0.0,13.0,-3.0,-8.0,-7.0
16438,Turkmenistan,Sugar & Sweeteners,Production,36.0,35.0,34.0,38.0,32.0,31.0,31.0,31.0,31.0,31.0,31.0,31.0,41.0,41.0,41.0,41.0,41.0,41.0
16439,Turkmenistan,Sugar & Sweeteners,Import,96.0,83.0,78.0,87.0,87.0,75.0,88.0,82.0,96.0,104.0,106.0,111.0,122.0,110.0,106.0,34.0,28.0,53.0
16440,Turkmenistan,Vegetable Oils,Human Consumption,37.0,33.0,33.0,29.0,33.0,33.0,30.0,34.0,37.0,39.0,44.0,38.0,43.0,45.0,39.0,37.0,39.0,45.0
16441,Turkmenistan,Vegetable Oils,Other uses (non-food),8.0,6.0,12.0,6.0,3.0,10.0,26.0,37.0,38.0,53.0,59.0,68.0,62.0,62.0,2.0,1.0,4.0,12.0
16442,Turkmenistan,Vegetable Oils,Domestic supply,45.0,39.0,45.0,35.0,36.0,43.0,56.0,71.0,75.0,92.0,104.0,106.0,105.0,106.0,41.0,38.0,42.0,57.0
16443,Turkmenistan,Vegetable Oils,Export,0.0,0.0,1.0,1.0,1.0,2.0,2.0,2.0,2.0,1.0,0.0,1.0,1.0,1.0,35.0,42.0,43.0,14.0
16444,Turkmenistan,Vegetable Oils,Stock Variation,5.0,2.0,0.0,0.0,0.0,0.0,0.0,0.0,0.0,0.0,0.0,0.0,0.0,0.0,15.0,8.0,4.0,2.0
16445,Turkmenistan,Vegetable Oils,Import,9.0,12.0,15.0,10.0,11.0,11.0,6.0,12.0,13.0,19.0,25.0,19.0,23.0,25.0,34.0,31.0,35.0,27.0
16446,Turkmenistan,Vegetable Oils,Production,31.0,27.0,31.0,25.0,26.0,34.0,51.0,61.0,64.0,73.0,79.0,89.0,83.0,82.0,58.0,57.0,54.0,46.0
16447,Turkmenistan,Pulses,Production,8.0,8.0,10.0,15.0,8.0,9.0,14.0,11.0,11.0,10.0,11.0,13.0,12.0,13.0,12.0,13.0,13.0,14.0
16448,Uganda,Meat,Production,266.0,282.0,306.0,329.0,342.0,362.0,366.0,392.0,390.0,408.0,429.0,439.0,454.0,461.0,430.0,418.0,420.0,419.0
16449,Uganda,Offals,Human Consumption,31.0,33.0,35.0,38.0,41.0,44.0,46.0,49.0,49.0,51.0,52.0,53.0,55.0,58.0,55.0,53.0,52.0,50.0
16450,Uganda,Offals,Other uses (non-food),0.0,0.0,0.0,0.0,0.0,0.0,0.0,0.0,0.0,0.0,0.0,0.0,0.0,0.0,0.0,0.0,0.0,0.0
16451,Uganda,Animal fats,Export,1.0,0.0,0.0,0.0,0.0,0.0,1.0,0.0,0.0,1.0,1.0,1.0,1.0,0.0,0.0,1.0,0.0,1.0
16452,Uganda,Meat,Stock Variation,0.0,0.0,0.0,0.0,0.0,0.0,0.0,0.0,0.0,0.0,0.0,0.0,0.0,0.0,-1.0,-1.0,-1.0,-1.0
16453,Uganda,Offals,Losses,0.0,0.0,0.0,0.0,0.0,0.0,0.0,0.0,0.0,0.0,0.0,0.0,0.0,0.0,3.0,3.0,3.0,2.0
16454,Uganda,Meat,Export,0.0,0.0,0.0,0.0,0.0,0.0,0.0,0.0,0.0,0.0,1.0,0.0,0.0,6.0,0.0,0.0,0.0,0.0
16455,Uganda,Meat,Import,0.0,0.0,0.0,0.0,0.0,0.0,0.0,0.0,1.0,1.0,1.0,1.0,1.0,1.0,0.0,1.0,0.0,1.0
16456,Uganda,Offals,Domestic supply,31.0,33.0,35.0,38.0,41.0,44.0,46.0,49.0,49.0,51.0,52.0,53.0,55.0,58.0,58.0,55.0,55.0,52.0
16457,Uganda,Animal fats,Domestic supply,11.0,10.0,11.0,11.0,13.0,13.0,14.0,15.0,17.0,15.0,15.0,17.0,15.0,16.0,16.0,16.0,16.0,16.0
16458,Uganda,Offals,Import,0.0,0.0,0.0,0.0,0.0,0.0,0.0,0.0,0.0,0.0,0.0,0.0,0.0,0.0,0.0,0.0,0.0,0.0
16459,Uganda,Offals,Production,31.0,33.0,35.0,38.0,41.0,44.0,46.0,49.0,49.0,51.0,52.0,54.0,55.0,58.0,58.0,56.0,55.0,54.0
16460,Uganda,Animal fats,Human Consumption,11.0,10.0,11.0,11.0,13.0,13.0,14.0,15.0,17.0,14.0,15.0,17.0,15.0,16.0,15.0,15.0,16.0,16.0
16461,Uganda,Animal fats,Other uses (non-food),0.0,0.0,0.0,0.0,0.0,0.0,0.0,0.0,0.0,0.0,0.0,0.0,0.0,0.0,0.0,0.0,0.0,0.0
16462,Uganda,Animal fats,Processing,0.0,0.0,0.0,0.0,0.0,0.0,0.0,0.0,0.0,0.0,0.0,0.0,0.0,0.0,0.0,0.0,0.0,0.0
16463,Uganda,Animal fats,Losses,0.0,0.0,0.0,0.0,0.0,0.0,0.0,0.0,0.0,0.0,0.0,0.0,0.0,0.0,0.0,0.0,0.0,0.0
16464,Uganda,Animal fats,Feed,0.0,0.0,0.0,0.0,0.0,0.0,0.0,0.0,0.0,0.0,0.0,0.0,0.0,0.0,0.0,0.0,0.0,0.0
16465,Uganda,Meat,Domestic supply,266.0,282.0,306.0,329.0,343.0,362.0,367.0,393.0,391.0,409.0,429.0,440.0,455.0,455.0,431.0,419.0,421.0,420.0
16466,Uganda,Offals,Export,0.0,0.0,0.0,0.0,0.0,0.0,0.0,0.0,0.0,0.0,0.0,0.0,0.0,0.0,0.0,0.0,0.0,2.0
16467,Uganda,Meat,Losses,0.0,0.0,0.0,0.0,0.0,0.0,0.0,0.0,0.0,0.0,0.0,0.0,0.0,0.0,21.0,21.0,21.0,21.0
16468,Uganda,Spices,Domestic supply,6.0,6.0,6.0,8.0,9.0,6.0,7.0,10.0,8.0,6.0,5.0,2.0,3.0,6.0,7.0,6.0,5.0,6.0
16469,Uganda,Meat,Other uses (non-food),0.0,0.0,0.0,0.0,0.0,0.0,0.0,0.0,0.0,0.0,0.0,0.0,0.0,0.0,0.0,0.0,0.0,0.0
16470,Uganda,Animal fats,Stock Variation,0.0,0.0,0.0,0.0,0.0,-2.0,1.0,1.0,0.0,0.0,0.0,0.0,0.0,0.0,0.0,0.0,0.0,0.0
16471,Uganda,Spices,Human Consumption,6.0,6.0,6.0,8.0,8.0,6.0,7.0,10.0,8.0,7.0,5.0,4.0,5.0,6.0,6.0,6.0,5.0,5.0
16472,Uganda,Spices,Losses,0.0,0.0,0.0,0.0,0.0,0.0,0.0,0.0,0.0,0.0,0.0,0.0,0.0,0.0,0.0,0.0,0.0,0.0
16473,Uganda,Spices,Export,0.0,1.0,0.0,0.0,0.0,1.0,0.0,1.0,1.0,1.0,2.0,3.0,2.0,1.0,1.0,1.0,1.0,2.0
16474,Uganda,Spices,Import,0.0,0.0,0.0,0.0,0.0,1.0,1.0,1.0,2.0,1.0,1.0,1.0,1.0,1.0,1.0,1.0,0.0,1.0
16475,Uganda,Spices,Production,6.0,6.0,6.0,8.0,9.0,6.0,7.0,9.0,8.0,6.0,5.0,4.0,5.0,5.0,6.0,6.0,6.0,6.0
16476,Uganda,Alcoholic Beverages,Human Consumption,3317.0,3399.0,3452.0,3430.0,3464.0,3582.0,3616.0,3600.0,2550.0,2504.0,2719.0,2943.0,2943.0,2763.0,2574.0,2745.0,2637.0,2740.0
16477,Uganda,Alcoholic Beverages,Other uses (non-food),0.0,0.0,0.0,1.0,2.0,6.0,8.0,10.0,13.0,20.0,16.0,27.0,27.0,20.0,18.0,20.0,5.0,14.0
16478,Uganda,Alcoholic Beverages,Losses,189.0,292.0,297.0,291.0,291.0,271.0,272.0,277.0,13.0,14.0,14.0,14.0,14.0,13.0,13.0,14.0,11.0,9.0
16479,Uganda,Alcoholic Beverages,Domestic supply,3506.0,3691.0,3749.0,3722.0,3757.0,3859.0,3895.0,3886.0,2576.0,2538.0,2749.0,2985.0,2983.0,2796.0,2606.0,2779.0,2653.0,2764.0
16480,Uganda,Alcoholic Beverages,Export,1.0,1.0,2.0,0.0,1.0,3.0,6.0,47.0,60.0,40.0,64.0,25.0,54.0,50.0,33.0,30.0,18.0,27.0
16481,Uganda,Alcoholic Beverages,Stock Variation,0.0,0.0,0.0,0.0,0.0,0.0,0.0,0.0,0.0,0.0,0.0,0.0,0.0,0.0,0.0,0.0,0.0,0.0
16482,Uganda,Alcoholic Beverages,Import,3.0,0.0,1.0,6.0,16.0,10.0,21.0,43.0,59.0,78.0,64.0,87.0,107.0,62.0,82.0,91.0,58.0,65.0
16483,Uganda,Alcoholic Beverages,Production,3504.0,3692.0,3749.0,3716.0,3742.0,3851.0,3880.0,3891.0,2578.0,2499.0,2750.0,2922.0,2930.0,2784.0,2557.0,2719.0,2614.0,2726.0
16484,Uganda,Miscellaneous,Human Consumption,0.0,0.0,0.0,0.0,0.0,0.0,0.0,0.0,0.0,0.0,0.0,0.0,0.0,0.0,3.0,17.0,12.0,17.0
16485,Uganda,Miscellaneous,Domestic supply,0.0,0.0,0.0,0.0,0.0,0.0,0.0,0.0,0.0,0.0,0.0,0.0,0.0,0.0,3.0,17.0,12.0,17.0
16486,Uganda,Miscellaneous,Export,0.0,0.0,0.0,0.0,0.0,0.0,0.0,0.0,0.0,0.0,0.0,0.0,0.0,0.0,17.0,5.0,0.0,5.0
16487,Uganda,Miscellaneous,Import,0.0,0.0,0.0,0.0,0.0,0.0,0.0,0.0,0.0,0.0,0.0,0.0,0.0,0.0,20.0,22.0,12.0,22.0
16488,Uganda,Meat,Human Consumption,266.0,282.0,306.0,329.0,343.0,362.0,367.0,393.0,391.0,409.0,430.0,440.0,456.0,456.0,410.0,399.0,400.0,399.0
16489,Uganda,Meat,Processing,0.0,0.0,0.0,0.0,0.0,0.0,0.0,0.0,0.0,0.0,0.0,0.0,0.0,0.0,0.0,0.0,0.0,0.0
16490,Uganda,Animal fats,Import,3.0,0.0,1.0,0.0,1.0,2.0,1.0,1.0,3.0,1.0,1.0,3.0,1.0,0.0,0.0,0.0,0.0,0.0
16491,Uganda,Cereals - Excluding Beer,Feed,209.0,218.0,227.0,244.0,235.0,253.0,253.0,255.0,256.0,257.0,260.0,283.0,317.0,326.0,378.0,494.0,423.0,427.0
16492,Uganda,Milk - Excluding Butter,Human Consumption,489.0,500.0,670.0,900.0,951.0,1070.0,1168.0,1204.0,1233.0,1261.0,1299.0,1329.0,1368.0,1400.0,1370.0,1487.0,1570.0,1544.0
16493,Uganda,"Fish, Seafood",Import,0.0,0.0,1.0,1.0,0.0,1.0,1.0,1.0,2.0,1.0,2.0,3.0,2.0,2.0,3.0,3.0,3.0,7.0
16494,Uganda,"Fish, Seafood",Production,220.0,223.0,227.0,247.0,377.0,428.0,399.0,483.0,456.0,489.0,509.0,523.0,504.0,517.0,572.0,514.0,507.0,502.0
16495,Uganda,"Aquatic Products, Other",Human Consumption,0.0,0.0,0.0,0.0,0.0,0.0,0.0,0.0,0.0,0.0,0.0,0.0,0.0,0.0,0.0,0.0,0.0,0.0
16496,Uganda,"Aquatic Products, Other",Other uses (non-food),0.0,0.0,0.0,0.0,0.0,0.0,0.0,0.0,0.0,0.0,0.0,0.0,0.0,0.0,0.0,0.0,0.0,0.0
16497,Uganda,"Aquatic Products, Other",Domestic supply,0.0,0.0,0.0,0.0,0.0,0.0,0.0,0.0,0.0,0.0,0.0,0.0,0.0,0.0,0.0,0.0,0.0,0.0
16498,Uganda,"Aquatic Products, Other",Export,0.0,0.0,0.0,0.0,0.0,0.0,0.0,0.0,0.0,0.0,0.0,0.0,0.0,0.0,0.0,0.0,0.0,0.0
16499,Uganda,"Aquatic Products, Other",Import,0.0,0.0,0.0,0.0,0.0,0.0,0.0,0.0,0.0,0.0,0.0,0.0,0.0,0.0,0.0,0.0,0.0,0.0
16500,Uganda,"Aquatic Products, Other",Production,0.0,0.0,0.0,0.0,0.0,0.0,0.0,0.0,0.0,0.0,0.0,0.0,0.0,0.0,0.0,0.0,0.0,0.0
16501,Uganda,Cereals - Excluding Beer,Human Consumption,1470.0,1410.0,1560.0,1664.0,1745.0,1917.0,1887.0,1795.0,2045.0,2144.0,2203.0,2365.0,2708.0,2663.0,2775.0,3022.0,2856.0,2998.0
16502,Uganda,Cereals - Excluding Beer,Other uses (non-food),1.0,1.0,2.0,1.0,1.0,3.0,8.0,1.0,2.0,1.0,4.0,1.0,2.0,1.0,4.0,5.0,4.0,8.0
16503,Uganda,Cereals - Excluding Beer,Processing,400.0,428.0,434.0,438.0,444.0,501.0,509.0,500.0,526.0,501.0,551.0,593.0,581.0,550.0,302.0,243.0,452.0,330.0
16504,Uganda,Cereals - Excluding Beer,Losses,219.0,229.0,241.0,257.0,250.0,274.0,273.0,272.0,319.0,322.0,328.0,353.0,335.0,342.0,185.0,179.0,181.0,200.0
16505,Uganda,Cereals - Excluding Beer,Seed,43.0,45.0,46.0,48.0,50.0,53.0,54.0,50.0,50.0,53.0,54.0,56.0,56.0,56.0,71.0,76.0,76.0,76.0
16506,Uganda,Stimulants,Production,177.0,234.0,253.0,192.0,210.0,201.0,176.0,230.0,268.0,260.0,231.0,245.0,260.0,304.0,309.0,312.0,347.0,385.0
16507,Uganda,Cereals - Excluding Beer,Domestic supply,2342.0,2330.0,2510.0,2651.0,2708.0,3000.0,2985.0,2871.0,3197.0,3249.0,3400.0,3640.0,3999.0,3933.0,3715.0,4018.0,3657.0,4040.0
16508,Uganda,Cereals - Excluding Beer,Export,13.0,41.0,66.0,50.0,132.0,123.0,155.0,167.0,138.0,197.0,305.0,202.0,387.0,371.0,340.0,552.0,320.0,660.0
16509,Uganda,Cereals - Excluding Beer,Stock Variation,60.0,20.0,0.0,-100.0,60.0,39.0,1.0,-100.0,-251.0,-249.0,0.0,-200.0,150.0,251.0,203.0,-520.0,4.0,229.0
16510,Uganda,Cereals - Excluding Beer,Import,220.0,80.0,248.0,336.0,546.0,608.0,633.0,559.0,506.0,556.0,503.0,580.0,758.0,613.0,676.0,584.0,341.0,940.0
16511,Uganda,Cereals - Excluding Beer,Production,2076.0,2271.0,2328.0,2464.0,2234.0,2475.0,2507.0,2580.0,3080.0,3138.0,3202.0,3462.0,3478.0,3440.0,3581.0,3466.0,3640.0,3988.0
16512,Uganda,"Fish, Seafood",Stock Variation,0.0,0.0,0.0,0.0,0.0,0.0,0.0,0.0,0.0,0.0,0.0,0.0,0.0,0.0,0.0,0.0,0.0,0.0
16513,Uganda,Animal fats,Production,9.0,10.0,10.0,11.0,12.0,12.0,13.0,14.0,14.0,14.0,15.0,15.0,16.0,16.0,16.0,16.0,16.0,17.0
16514,Uganda,"Fish, Seafood",Export,36.0,42.0,61.0,62.0,77.0,94.0,85.0,75.0,63.0,52.0,52.0,43.0,51.0,49.0,43.0,43.0,45.0,45.0
16515,Uganda,"Fish, Seafood",Feed,0.0,0.0,1.0,0.0,0.0,0.0,0.0,0.0,0.0,0.0,0.0,0.0,0.0,0.0,0.0,0.0,0.0,0.0
16516,Uganda,Milk - Excluding Butter,Processing,0.0,0.0,0.0,0.0,0.0,0.0,0.0,0.0,0.0,0.0,0.0,0.0,0.0,0.0,0.0,0.0,0.0,0.0
16517,Uganda,Milk - Excluding Butter,Losses,26.0,26.0,35.0,47.0,50.0,56.0,61.0,63.0,65.0,67.0,69.0,71.0,73.0,75.0,73.0,80.0,83.0,85.0
16518,Uganda,Milk - Excluding Butter,Feed,0.0,0.0,2.0,0.0,0.0,0.0,0.0,0.0,0.0,0.0,0.0,0.0,1.0,2.0,0.0,0.0,0.0,0.0
16519,Uganda,Milk - Excluding Butter,Domestic supply,515.0,527.0,707.0,947.0,1000.0,1126.0,1229.0,1267.0,1298.0,1328.0,1368.0,1400.0,1442.0,1477.0,1412.0,1489.0,1598.0,1542.0
16520,Uganda,Milk - Excluding Butter,Export,0.0,0.0,0.0,0.0,1.0,1.0,0.0,1.0,8.0,15.0,20.0,31.0,29.0,40.0,60.0,113.0,59.0,169.0
16521,Uganda,Milk - Excluding Butter,Stock Variation,2.0,0.0,0.0,0.0,0.0,0.0,0.0,0.0,-1.0,-1.0,2.0,0.0,0.0,0.0,0.0,0.0,0.0,0.0
16522,Uganda,Milk - Excluding Butter,Import,2.0,2.0,7.0,7.0,5.0,5.0,8.0,9.0,8.0,6.0,8.0,13.0,11.0,13.0,12.0,8.0,3.0,3.0
16523,Uganda,Milk - Excluding Butter,Production,511.0,525.0,700.0,940.0,996.0,1122.0,1221.0,1259.0,1298.0,1337.0,1377.0,1418.0,1460.0,1504.0,1460.0,1595.0,1654.0,1708.0
16524,Uganda,Eggs,Human Consumption,15.0,15.0,15.0,15.0,16.0,16.0,17.0,17.0,23.0,33.0,32.0,34.0,35.0,36.0,37.0,34.0,36.0,36.0
16525,Uganda,Eggs,Other uses (non-food),0.0,0.0,0.0,0.0,0.0,0.0,0.0,0.0,0.0,0.0,0.0,0.0,0.0,0.0,0.0,0.0,0.0,0.0
16526,Uganda,Eggs,Losses,3.0,3.0,3.0,3.0,3.0,3.0,3.0,4.0,5.0,6.0,7.0,7.0,7.0,7.0,7.0,6.0,7.0,7.0
16527,Uganda,Eggs,Seed,2.0,2.0,3.0,3.0,3.0,3.0,2.0,3.0,3.0,3.0,4.0,4.0,4.0,4.0,4.0,4.0,4.0,4.0
16528,Uganda,Eggs,Feed,0.0,0.0,0.0,0.0,0.0,0.0,0.0,0.0,0.0,0.0,0.0,0.0,0.0,0.0,0.0,0.0,0.0,0.0
16529,Uganda,Eggs,Domestic supply,20.0,21.0,21.0,21.0,22.0,22.0,23.0,23.0,31.0,42.0,42.0,45.0,46.0,46.0,48.0,43.0,45.0,44.0
16530,Uganda,Eggs,Export,0.0,0.0,0.0,0.0,0.0,0.0,0.0,0.0,0.0,0.0,1.0,0.0,0.0,1.0,0.0,0.0,0.0,2.0
16531,Uganda,Eggs,Import,0.0,0.0,0.0,0.0,0.0,0.0,0.0,0.0,0.0,0.0,0.0,0.0,0.0,0.0,0.0,0.0,0.0,0.0
16532,Uganda,Eggs,Production,20.0,21.0,21.0,21.0,22.0,22.0,23.0,23.0,31.0,42.0,43.0,45.0,46.0,47.0,49.0,43.0,45.0,47.0
16533,Uganda,"Fish, Seafood",Human Consumption,185.0,182.0,166.0,186.0,301.0,334.0,316.0,409.0,395.0,438.0,459.0,483.0,455.0,470.0,533.0,474.0,465.0,464.0
16534,Uganda,"Fish, Seafood",Other uses (non-food),0.0,0.0,0.0,0.0,0.0,0.0,0.0,0.0,0.0,0.0,0.0,0.0,0.0,0.0,0.0,0.0,0.0,0.0
16535,Uganda,"Fish, Seafood",Domestic supply,185.0,182.0,167.0,187.0,301.0,334.0,316.0,409.0,395.0,438.0,459.0,483.0,455.0,470.0,533.0,474.0,465.0,464.0
16536,Uganda,Stimulants,Import,1.0,0.0,0.0,1.0,0.0,1.0,1.0,1.0,1.0,1.0,1.0,1.0,2.0,2.0,2.0,1.0,1.0,4.0
16537,Uganda,Spices,Stock Variation,0.0,0.0,0.0,0.0,0.0,0.0,0.0,0.0,0.0,0.0,0.0,0.0,0.0,0.0,0.0,0.0,0.0,0.0
16538,Uganda,Stimulants,Export,198.0,130.0,234.0,49.0,195.0,186.0,165.0,208.0,239.0,231.0,226.0,261.0,244.0,319.0,297.0,298.0,197.0,374.0
16539,Uganda,Oilcrops,Losses,18.0,19.0,21.0,26.0,25.0,24.0,25.0,25.0,12.0,14.0,15.0,18.0,16.0,16.0,61.0,52.0,52.0,53.0
16540,Uganda,Oilcrops,Seed,24.0,24.0,27.0,25.0,24.0,24.0,25.0,24.0,23.0,25.0,27.0,26.0,26.0,26.0,34.0,25.0,26.0,28.0
16541,Uganda,Oilcrops,Feed,0.0,0.0,0.0,0.0,0.0,0.0,0.0,0.0,0.0,0.0,0.0,0.0,0.0,0.0,0.0,0.0,0.0,0.0
16542,Uganda,Oilcrops,Domestic supply,473.0,519.0,569.0,728.0,698.0,694.0,709.0,659.0,543.0,642.0,701.0,784.0,643.0,633.0,748.0,670.0,690.0,745.0
16543,Uganda,Oilcrops,Export,9.0,4.0,6.0,2.0,8.0,13.0,16.0,16.0,31.0,21.0,17.0,27.0,25.0,44.0,45.0,69.0,31.0,39.0
16544,Uganda,Oilcrops,Stock Variation,1.0,0.0,1.0,0.0,0.0,0.0,-2.0,-13.0,-7.0,6.0,2.0,7.0,4.0,2.0,9.0,-48.0,-11.0,-7.0
16545,Uganda,Oilcrops,Import,0.0,4.0,4.0,19.0,21.0,32.0,30.0,20.0,20.0,22.0,6.0,4.0,2.0,7.0,8.0,3.0,0.0,25.0
16546,Uganda,Oilcrops,Production,480.0,518.0,571.0,711.0,686.0,675.0,697.0,667.0,561.0,635.0,710.0,799.0,662.0,668.0,795.0,689.0,709.0,751.0
16547,Uganda,Treenuts,Human Consumption,0.0,0.0,0.0,0.0,0.0,0.0,1.0,0.0,0.0,0.0,1.0,1.0,0.0,1.0,0.0,0.0,0.0,0.0
16548,Uganda,Treenuts,Other uses (non-food),0.0,0.0,0.0,0.0,0.0,0.0,0.0,0.0,0.0,0.0,0.0,0.0,0.0,0.0,0.0,0.0,0.0,0.0
16549,Uganda,Treenuts,Domestic supply,0.0,0.0,0.0,0.0,0.0,0.0,1.0,0.0,0.0,0.0,1.0,1.0,0.0,1.0,0.0,0.0,0.0,0.0
16550,Uganda,Treenuts,Export,0.0,0.0,0.0,0.0,0.0,0.0,0.0,0.0,0.0,0.0,0.0,0.0,0.0,0.0,0.0,0.0,0.0,0.0
16551,Uganda,Treenuts,Stock Variation,0.0,0.0,0.0,0.0,0.0,0.0,0.0,0.0,0.0,0.0,0.0,-1.0,0.0,1.0,0.0,0.0,0.0,0.0
16552,Uganda,Treenuts,Import,0.0,0.0,0.0,0.0,0.0,0.0,1.0,0.0,0.0,0.0,1.0,2.0,0.0,0.0,0.0,0.0,0.0,0.0
16553,Uganda,Treenuts,Production,0.0,0.0,0.0,0.0,0.0,0.0,0.0,0.0,0.0,0.0,0.0,0.0,0.0,0.0,0.0,0.0,0.0,0.0
16554,Uganda,Pulses,Human Consumption,483.0,586.0,609.0,615.0,561.0,588.0,513.0,558.0,853.0,853.0,857.0,885.0,828.0,884.0,897.0,887.0,1021.0,1064.0
16555,Uganda,Pulses,Processing,0.0,0.0,0.0,0.0,0.0,0.0,0.0,0.0,0.0,0.0,0.0,0.0,0.0,0.0,0.0,0.0,0.0,0.0
16556,Uganda,Pulses,Losses,30.0,35.0,36.0,37.0,35.0,38.0,33.0,35.0,50.0,50.0,51.0,31.0,29.0,31.0,54.0,54.0,54.0,55.0
16557,Uganda,Pulses,Seed,45.0,47.0,48.0,49.0,50.0,51.0,53.0,36.0,36.0,36.0,37.0,38.0,38.0,38.0,42.0,37.0,43.0,34.0
16558,Uganda,Oilcrops,Other uses (non-food),0.0,0.0,0.0,0.0,0.0,0.0,0.0,0.0,0.0,0.0,0.0,0.0,0.0,0.0,0.0,0.0,0.0,0.0
16559,Uganda,Pulses,Feed,0.0,0.0,0.0,0.0,0.0,0.0,0.0,0.0,0.0,0.0,0.0,0.0,0.0,0.0,0.0,0.0,2.0,8.0
16560,Uganda,Oilcrops,Human Consumption,163.0,186.0,188.0,264.0,222.0,234.0,215.0,184.0,159.0,224.0,270.0,297.0,235.0,253.0,299.0,256.0,268.0,281.0
16561,Uganda,Starchy Roots,Import,2.0,0.0,0.0,0.0,0.0,0.0,0.0,0.0,6.0,68.0,0.0,6.0,35.0,11.0,16.0,69.0,34.0,61.0
16562,Uganda,Stimulants,Stock Variation,30.0,-57.0,25.0,-97.0,32.0,24.0,22.0,5.0,-1.0,-2.0,24.0,37.0,-1.0,11.0,-7.0,-4.0,53.0,-7.0
16563,Uganda,Sugar Crops,Human Consumption,120.0,140.0,150.0,150.0,150.0,150.0,150.0,150.0,150.0,150.0,150.0,150.0,165.0,170.0,0.0,0.0,0.0,0.0
16564,Uganda,Sugar Crops,Processing,1350.0,1400.0,1650.0,1950.0,2150.0,2150.0,2250.0,2150.0,2550.0,3100.0,3350.0,3050.0,3150.0,3650.0,4236.0,4366.0,3697.0,4319.0
16565,Uganda,Sugar Crops,Losses,6.0,3.0,50.0,50.0,50.0,50.0,50.0,50.0,50.0,50.0,50.0,50.0,35.0,80.0,53.0,58.0,58.0,60.0
16566,Uganda,Sugar Crops,Feed,0.0,0.0,0.0,0.0,0.0,0.0,0.0,0.0,0.0,0.0,0.0,0.0,0.0,0.0,0.0,0.0,0.0,0.0
16567,Uganda,Sugar Crops,Domestic supply,1476.0,1543.0,1850.0,2150.0,2350.0,2350.0,2450.0,2350.0,2750.0,3300.0,3550.0,3250.0,3350.0,3900.0,4288.0,4424.0,3755.0,4379.0
16568,Uganda,Sugar Crops,Export,0.0,0.0,0.0,0.0,0.0,0.0,0.0,0.0,0.0,0.0,0.0,0.0,0.0,0.0,0.0,0.0,0.0,0.0
16569,Uganda,Sugar Crops,Stock Variation,0.0,0.0,0.0,0.0,0.0,0.0,0.0,0.0,0.0,0.0,0.0,0.0,0.0,0.0,-89.0,-124.0,0.0,-179.0
16570,Uganda,Sugar Crops,Import,0.0,0.0,0.0,0.0,0.0,0.0,0.0,0.0,0.0,0.0,0.0,0.0,0.0,0.0,0.0,0.0,0.0,0.0
16571,Uganda,Sugar Crops,Production,1476.0,1543.0,1850.0,2150.0,2350.0,2350.0,2450.0,2350.0,2750.0,3300.0,3550.0,3250.0,3350.0,3900.0,4200.0,4300.0,3755.0,4200.0
16572,Uganda,Starchy Roots,Human Consumption,4703.0,5048.0,5152.0,5385.0,5345.0,5388.0,5538.0,5668.0,4635.0,4905.0,4919.0,4474.0,4665.0,4751.0,4621.0,4917.0,5304.0,5492.0
16573,Uganda,Starchy Roots,Other uses (non-food),0.0,22.0,23.0,22.0,22.0,23.0,2.0,2.0,1.0,1.0,1.0,1.0,1.0,0.0,0.0,2.0,116.0,255.0
16574,Uganda,Starchy Roots,Processing,0.0,0.0,0.0,0.0,0.0,0.0,0.0,0.0,0.0,0.0,0.0,0.0,0.0,0.0,0.0,0.0,0.0,0.0
16575,Uganda,Starchy Roots,Losses,955.0,979.0,1088.0,958.0,1102.0,1098.0,920.0,978.0,139.0,143.0,145.0,139.0,141.0,140.0,140.0,147.0,148.0,124.0
16576,Uganda,Starchy Roots,Seed,58.0,62.0,64.0,66.0,69.0,72.0,74.0,26.0,28.0,29.0,30.0,30.0,31.0,31.0,29.0,24.0,27.0,29.0
16577,Uganda,Starchy Roots,Feed,2127.0,2176.0,2185.0,2185.0,2185.0,2185.0,1633.0,1587.0,21.0,43.0,38.0,30.0,36.0,21.0,22.0,45.0,30.0,2.0
16578,Uganda,Starchy Roots,Domestic supply,7844.0,8288.0,8511.0,8617.0,8722.0,8765.0,8166.0,8198.0,4810.0,5119.0,5115.0,4660.0,4873.0,4929.0,4812.0,5134.0,5625.0,5902.0
16579,Uganda,Starchy Roots,Export,0.0,0.0,0.0,1.0,1.0,0.0,1.0,68.0,49.0,7.0,58.0,49.0,7.0,47.0,24.0,43.0,9.0,70.0
16580,Uganda,Starchy Roots,Stock Variation,0.0,0.0,0.0,0.0,0.0,0.0,-15.0,-11.0,4.0,0.0,2.0,12.0,2.0,1.0,-9.0,12.0,0.0,139.0
16581,Uganda,Starchy Roots,Production,7842.0,8288.0,8511.0,8617.0,8723.0,8765.0,8182.0,8277.0,4849.0,5057.0,5171.0,4690.0,4843.0,4964.0,4811.0,5120.0,5600.0,6050.0
16582,Uganda,Pulses,Domestic supply,559.0,668.0,693.0,702.0,647.0,678.0,598.0,629.0,939.0,938.0,945.0,954.0,895.0,953.0,993.0,979.0,1120.0,1160.0
16583,Uganda,Oilcrops,Processing,274.0,291.0,336.0,413.0,428.0,412.0,444.0,425.0,354.0,380.0,388.0,443.0,366.0,338.0,356.0,338.0,344.0,382.0
16584,Uganda,Pulses,Stock Variation,0.0,0.0,0.0,0.0,0.0,0.0,-1.0,0.0,0.0,0.0,-30.0,20.0,10.0,1.0,27.0,-71.0,53.0,-122.0
16585,Uganda,Vegetables,Feed,0.0,0.0,0.0,0.0,0.0,0.0,0.0,0.0,0.0,0.0,0.0,0.0,0.0,0.0,0.0,0.0,0.0,0.0
16586,Uganda,Vegetables,Domestic supply,548.0,585.0,578.0,714.0,742.0,662.0,818.0,846.0,872.0,740.0,990.0,1095.0,1130.0,1127.0,1206.0,1248.0,1288.0,1296.0
16587,Uganda,Vegetables,Export,1.0,1.0,4.0,2.0,6.0,5.0,1.0,9.0,7.0,7.0,8.0,12.0,17.0,18.0,20.0,22.0,7.0,80.0
16588,Uganda,Vegetables,Stock Variation,0.0,0.0,0.0,0.0,0.0,0.0,0.0,0.0,0.0,0.0,0.0,0.0,0.0,0.0,0.0,0.0,0.0,0.0
16589,Uganda,Vegetables,Import,2.0,1.0,1.0,1.0,2.0,2.0,2.0,8.0,12.0,10.0,12.0,15.0,22.0,27.0,24.0,23.0,7.0,47.0
16590,Uganda,Vegetables,Production,546.0,585.0,581.0,715.0,746.0,665.0,817.0,847.0,868.0,737.0,986.0,1092.0,1125.0,1118.0,1201.0,1247.0,1288.0,1329.0
16591,Uganda,Fruits - Excluding Wine,Human Consumption,4899.0,5086.0,5161.0,5050.0,5039.0,4651.0,4811.0,4871.0,4437.0,4497.0,4659.0,4699.0,4538.0,4426.0,4615.0,4616.0,4813.0,5026.0
16592,Uganda,Fruits - Excluding Wine,Losses,947.0,950.0,948.0,946.0,946.0,939.0,789.0,841.0,84.0,235.0,236.0,174.0,174.0,174.0,176.0,175.0,147.0,137.0
16593,Uganda,Fruits - Excluding Wine,Feed,2357.0,2433.0,2472.0,2425.0,2422.0,2261.0,2264.0,2308.0,0.0,0.0,0.0,0.0,0.0,0.0,0.0,0.0,0.0,0.0
16594,Uganda,Fruits - Excluding Wine,Domestic supply,10089.0,10415.0,10558.0,10361.0,10343.0,9660.0,9674.0,9865.0,4948.0,5179.0,5358.0,5336.0,5152.0,5027.0,5225.0,5265.0,5434.0,5621.0
16595,Uganda,Fruits - Excluding Wine,Export,4.0,2.0,3.0,0.0,4.0,5.0,2.0,10.0,10.0,13.0,17.0,16.0,21.0,18.0,5.0,14.0,10.0,32.0
16596,Uganda,Fruits - Excluding Wine,Stock Variation,0.0,0.0,0.0,0.0,0.0,0.0,0.0,0.0,0.0,0.0,0.0,-4.0,2.0,2.0,0.0,0.0,0.0,0.0
16597,Uganda,Fruits - Excluding Wine,Import,2.0,1.0,4.0,4.0,4.0,7.0,9.0,16.0,22.0,25.0,25.0,23.0,42.0,34.0,13.0,14.0,4.0,13.0
16598,Uganda,Fruits - Excluding Wine,Production,10091.0,10415.0,10557.0,10357.0,10343.0,9658.0,9668.0,9858.0,4936.0,5168.0,5349.0,5333.0,5129.0,5009.0,5217.0,5264.0,5440.0,5640.0
16599,Uganda,Stimulants,Human Consumption,9.0,48.0,45.0,46.0,47.0,39.0,34.0,28.0,29.0,28.0,31.0,22.0,20.0,4.0,4.0,3.0,80.0,6.0
16600,Uganda,Stimulants,Processing,0.0,0.0,0.0,0.0,0.0,0.0,0.0,0.0,0.0,0.0,0.0,0.0,0.0,0.0,0.0,0.0,2.0,0.0
16601,Uganda,Stimulants,Losses,0.0,0.0,0.0,0.0,0.0,0.0,0.0,0.0,0.0,0.0,0.0,0.0,0.0,0.0,17.0,16.0,16.0,16.0
16602,Uganda,Pulses,Export,24.0,4.0,10.0,5.0,24.0,27.0,27.0,21.0,36.0,38.0,22.0,31.0,29.0,38.0,40.0,154.0,23.0,267.0
16603,Uganda,Stimulants,Domestic supply,9.0,48.0,45.0,46.0,47.0,39.0,34.0,28.0,29.0,28.0,31.0,22.0,16.0,-2.0,21.0,20.0,98.0,22.0
16604,Uganda,Vegetables,Losses,55.0,59.0,58.0,72.0,75.0,67.0,82.0,85.0,87.0,74.0,99.0,109.0,113.0,112.0,133.0,139.0,143.0,148.0
16605,Uganda,Vegetables,Processing,0.0,0.0,0.0,0.0,0.0,0.0,0.0,0.0,0.0,0.0,0.0,0.0,0.0,0.0,0.0,0.0,0.0,0.0
16606,Uganda,Fruits - Excluding Wine,Processing,1886.0,1946.0,1978.0,1940.0,1937.0,1809.0,1811.0,1846.0,430.0,452.0,469.0,470.0,450.0,437.0,435.0,478.0,478.0,478.0
16607,Uganda,Pulses,Production,581.0,669.0,696.0,694.0,627.0,652.0,601.0,613.0,950.0,970.0,995.0,962.0,910.0,990.0,1058.0,1058.0,1196.0,1294.0
16608,Uganda,Pulses,Import,2.0,3.0,6.0,13.0,43.0,53.0,25.0,36.0,25.0,6.0,2.0,3.0,4.0,1.0,2.0,3.0,0.0,11.0
16609,Uganda,Vegetables,Human Consumption,493.0,527.0,521.0,643.0,668.0,598.0,737.0,766.0,787.0,668.0,894.0,991.0,1018.0,1020.0,1077.0,1113.0,1150.0,1186.0
16610,Uganda,Sugar & Sweeteners,Human Consumption,201.0,196.0,217.0,236.0,272.0,263.0,280.0,288.0,311.0,352.0,359.0,333.0,336.0,444.0,790.0,560.0,484.0,560.0
16611,Uganda,Sugar & Sweeteners,Processing,6.0,6.0,6.0,6.0,6.0,6.0,6.0,6.0,6.0,6.0,6.0,6.0,6.0,6.0,39.0,30.0,26.0,29.0
16612,Uganda,Sugar & Sweeteners,Losses,0.0,0.0,0.0,0.0,0.0,0.0,0.0,0.0,0.0,0.0,0.0,0.0,0.0,0.0,0.0,0.0,0.0,0.0
16613,Uganda,Sugar & Sweeteners,Feed,0.0,0.0,0.0,0.0,0.0,0.0,0.0,0.0,0.0,0.0,0.0,0.0,0.0,0.0,0.0,0.0,0.0,0.0
16614,Uganda,Sugar & Sweeteners,Export,2.0,1.0,1.0,0.0,5.0,17.0,27.0,75.0,92.0,91.0,92.0,111.0,174.0,143.0,153.0,150.0,129.0,154.0
16615,Uganda,Sugar & Sweeteners,Stock Variation,0.0,22.0,7.0,15.0,0.0,0.0,0.0,0.0,0.0,0.0,0.0,0.0,0.0,0.0,-225.0,12.0,-3.0,17.0
16616,Uganda,Sugar & Sweeteners,Import,56.0,33.0,37.0,35.0,55.0,61.0,90.0,157.0,155.0,147.0,145.0,175.0,210.0,218.0,185.0,208.0,174.0,222.0
16617,Uganda,Sugar & Sweeteners,Domestic supply,207.0,202.0,223.0,242.0,278.0,269.0,287.0,294.0,317.0,358.0,365.0,339.0,342.0,450.0,829.0,590.0,510.0,589.0
16618,Uganda,Vegetable Oils,Human Consumption,100.0,96.0,122.0,138.0,177.0,193.0,218.0,217.0,257.0,261.0,285.0,300.0,303.0,305.0,331.0,306.0,314.0,331.0
16619,Uganda,Vegetable Oils,Production,83.0,87.0,101.0,118.0,132.0,130.0,138.0,136.0,150.0,159.0,164.0,176.0,177.0,161.0,195.0,162.0,164.0,174.0
16620,Uganda,Vegetable Oils,Import,68.0,43.0,86.0,91.0,115.0,152.0,186.0,191.0,231.0,206.0,231.0,224.0,244.0,267.0,272.0,271.0,272.0,344.0
16621,Uganda,Sugar & Sweeteners,Production,152.0,149.0,181.0,192.0,229.0,226.0,223.0,213.0,254.0,303.0,313.0,275.0,306.0,376.0,572.0,544.0,462.0,537.0
16622,Uganda,Vegetable Oils,Export,4.0,1.0,3.0,1.0,11.0,11.0,16.0,43.0,35.0,42.0,51.0,67.0,72.0,77.0,40.0,48.0,7.0,49.0
16623,Uganda,Vegetable Oils,Domestic supply,148.0,128.0,184.0,207.0,235.0,264.0,307.0,293.0,330.0,324.0,344.0,348.0,349.0,352.0,405.0,377.0,398.0,419.0
16624,Uganda,Vegetable Oils,Stock Variation,0.0,0.0,0.0,0.0,-1.0,-7.0,-1.0,8.0,-15.0,0.0,0.0,15.0,0.0,0.0,23.0,8.0,31.0,50.0
16625,Uganda,Vegetable Oils,Other uses (non-food),48.0,33.0,62.0,69.0,58.0,72.0,89.0,75.0,73.0,63.0,59.0,47.0,46.0,47.0,35.0,33.0,39.0,36.0
16626,Uganda,Vegetable Oils,Processing,0.0,0.0,0.0,0.0,0.0,0.0,0.0,0.0,0.0,0.0,0.0,0.0,0.0,0.0,39.0,38.0,45.0,52.0
16627,Ukraine,Meat,Export,166.0,119.0,146.0,184.0,112.0,83.0,26.0,44.0,27.0,39.0,41.0,80.0,128.0,179.0,210.0,227.0,285.0,327.0
16628,Ukraine,Offals,Losses,2.0,2.0,1.0,2.0,3.0,2.0,2.0,2.0,4.0,2.0,2.0,3.0,2.0,1.0,5.0,5.0,5.0,5.0
16629,Ukraine,Meat,Domestic supply,1550.0,1483.0,1581.0,1658.0,1847.0,1794.0,1952.0,2105.0,2384.0,2246.0,2265.0,2247.0,2465.0,2483.0,2242.0,2083.0,2117.0,2092.0
16630,Ukraine,Meat,Stock Variation,20.0,0.0,0.0,0.0,0.0,0.0,-1.0,0.0,0.0,0.0,0.0,-1.0,1.0,1.0,44.0,113.0,41.0,58.0
16631,Ukraine,Meat,Import,33.0,84.0,79.0,118.0,360.0,280.0,257.0,234.0,500.0,365.0,244.0,183.0,380.0,269.0,105.0,70.0,92.0,131.0
16632,Ukraine,Meat,Production,1663.0,1518.0,1648.0,1725.0,1600.0,1597.0,1723.0,1914.0,1911.0,1920.0,2061.0,2146.0,2212.0,2392.0,2391.0,2353.0,2352.0,2346.0
16633,Ukraine,Offals,Human Consumption,205.0,152.0,139.0,154.0,131.0,179.0,138.0,175.0,148.0,163.0,162.0,157.0,142.0,151.0,117.0,114.0,107.0,102.0
16634,Ukraine,Offals,Other uses (non-food),19.0,18.0,13.0,18.0,8.0,6.0,2.0,4.0,4.0,2.0,1.0,1.0,1.0,1.0,1.0,1.0,1.0,1.0
16635,Ukraine,Offals,Feed,0.0,0.0,0.0,0.0,0.0,0.0,0.0,0.0,0.0,0.0,0.0,0.0,0.0,0.0,9.0,11.0,8.0,9.0
16636,Ukraine,Animal fats,Export,41.0,56.0,24.0,29.0,49.0,26.0,15.0,6.0,7.0,2.0,2.0,4.0,3.0,4.0,42.0,40.0,42.0,76.0
16637,Ukraine,Offals,Export,3.0,2.0,3.0,5.0,2.0,1.0,0.0,0.0,0.0,0.0,0.0,1.0,1.0,2.0,4.0,4.0,7.0,9.0
16638,Ukraine,Offals,Stock Variation,25.0,0.0,0.0,0.0,-33.0,33.0,-13.0,13.0,0.0,0.0,0.0,0.0,0.0,0.0,0.0,0.0,0.0,0.0
16639,Ukraine,Offals,Import,0.0,1.0,4.0,2.0,7.0,7.0,5.0,5.0,25.0,40.0,31.0,33.0,35.0,32.0,27.0,29.0,24.0,24.0
16640,Ukraine,Offals,Production,204.0,171.0,153.0,177.0,171.0,148.0,151.0,162.0,132.0,128.0,134.0,128.0,112.0,123.0,109.0,105.0,104.0,101.0
16641,Ukraine,Animal fats,Human Consumption,246.0,236.0,268.0,263.0,220.0,220.0,214.0,218.0,203.0,218.0,213.0,209.0,227.0,231.0,163.0,149.0,142.0,133.0
16642,Ukraine,Animal fats,Other uses (non-food),45.0,29.0,34.0,43.0,34.0,42.0,36.0,55.0,91.0,75.0,76.0,84.0,100.0,109.0,89.0,73.0,70.0,76.0
16643,Ukraine,Animal fats,Losses,0.0,0.0,0.0,0.0,0.0,0.0,0.0,0.0,0.0,0.0,0.0,0.0,0.0,0.0,2.0,2.0,2.0,2.0
16644,Ukraine,Animal fats,Domestic supply,283.0,265.0,295.0,296.0,249.0,264.0,251.0,275.0,297.0,298.0,296.0,305.0,350.0,356.0,284.0,237.0,218.0,218.0
16645,Ukraine,Meat,Feed,8.0,7.0,7.0,10.0,0.0,0.0,0.0,0.0,0.0,0.0,0.0,0.0,0.0,0.0,0.0,0.0,0.0,0.0
16646,Ukraine,Offals,Domestic supply,226.0,171.0,153.0,174.0,142.0,187.0,142.0,180.0,157.0,168.0,165.0,160.0,145.0,153.0,132.0,130.0,120.0,116.0
16647,Ukraine,Meat,Losses,1.0,3.0,3.0,3.0,2.0,2.0,2.0,2.0,2.0,2.0,2.0,2.0,2.0,2.0,2.0,2.0,2.0,1.0
16648,Ukraine,Spices,Losses,0.0,0.0,0.0,0.0,0.0,0.0,0.0,0.0,0.0,0.0,0.0,0.0,0.0,0.0,0.0,1.0,1.0,0.0
16649,Ukraine,Meat,Other uses (non-food),9.0,99.0,11.0,8.0,4.0,1.0,0.0,7.0,7.0,1.0,1.0,1.0,0.0,1.0,0.0,0.0,0.0,0.0
16650,Ukraine,Animal fats,Stock Variation,0.0,0.0,0.0,0.0,0.0,0.0,0.0,0.0,0.0,0.0,0.0,0.0,0.0,0.0,6.0,-3.0,4.0,-6.0
16651,Ukraine,Spices,Human Consumption,4.0,6.0,6.0,5.0,6.0,8.0,6.0,7.0,9.0,8.0,8.0,8.0,8.0,14.0,8.0,8.0,10.0,9.0
16652,Ukraine,Spices,Domestic supply,4.0,6.0,6.0,5.0,6.0,8.0,6.0,7.0,9.0,8.0,8.0,8.0,8.0,14.0,2.0,9.0,11.0,9.0
16653,Ukraine,Spices,Export,2.0,1.0,2.0,2.0,2.0,2.0,4.0,2.0,2.0,4.0,4.0,12.0,13.0,8.0,13.0,9.0,20.0,16.0
16654,Ukraine,Spices,Stock Variation,0.0,0.0,0.0,0.0,0.0,0.0,0.0,0.0,0.0,0.0,0.0,0.0,0.0,0.0,-1.0,9.0,2.0,-7.0
16655,Ukraine,Spices,Import,4.0,5.0,5.0,5.0,6.0,7.0,6.0,6.0,7.0,7.0,6.0,8.0,8.0,10.0,8.0,7.0,8.0,9.0
16656,Ukraine,Spices,Production,3.0,3.0,3.0,3.0,3.0,3.0,4.0,3.0,4.0,5.0,6.0,13.0,13.0,12.0,6.0,21.0,25.0,9.0
16657,Ukraine,Alcoholic Beverages,Human Consumption,1456.0,1628.0,1898.0,2139.0,2549.0,2826.0,3146.0,3661.0,3654.0,3366.0,3617.0,3508.0,3365.0,3160.0,3084.0,2580.0,2081.0,1998.0
16658,Ukraine,Alcoholic Beverages,Other uses (non-food),11.0,8.0,2.0,3.0,8.0,7.0,7.0,5.0,7.0,10.0,5.0,7.0,6.0,8.0,12.0,19.0,6.0,5.0
16659,Ukraine,Meat,Processing,4.0,4.0,4.0,3.0,3.0,3.0,3.0,3.0,3.0,3.0,3.0,3.0,3.0,3.0,3.0,3.0,2.0,4.0
16660,Ukraine,Alcoholic Beverages,Domestic supply,1467.0,1636.0,1900.0,2143.0,2557.0,2832.0,3153.0,3667.0,3661.0,3376.0,3623.0,3515.0,3371.0,3168.0,3096.0,2599.0,2087.0,2003.0
16661,Ukraine,Alcoholic Beverages,Stock Variation,0.0,0.0,0.0,0.0,0.0,0.0,0.0,0.0,0.0,0.0,0.0,0.0,0.0,0.0,-305.0,-327.0,0.0,3.0
16662,Ukraine,Alcoholic Beverages,Import,28.0,20.0,40.0,105.0,28.0,87.0,102.0,118.0,136.0,75.0,83.0,191.0,194.0,231.0,180.0,95.0,118.0,129.0
16663,Ukraine,Alcoholic Beverages,Production,1536.0,1775.0,2048.0,2332.0,2710.0,3293.0,3608.0,4132.0,4152.0,3911.0,4001.0,3763.0,3657.0,3390.0,2868.0,2373.0,2141.0,2104.0
16664,Ukraine,Miscellaneous,Human Consumption,0.0,1.0,1.0,2.0,2.0,4.0,5.0,5.0,7.0,6.0,5.0,7.0,6.0,7.0,6.0,6.0,5.0,5.0
16665,Ukraine,Miscellaneous,Domestic supply,0.0,1.0,1.0,2.0,2.0,4.0,5.0,5.0,7.0,6.0,5.0,7.0,6.0,7.0,-9.0,-42.0,-45.0,-53.0
16666,Ukraine,Miscellaneous,Export,0.0,0.0,0.0,0.0,0.0,0.0,0.0,0.0,0.0,0.0,0.0,0.0,1.0,0.0,114.0,93.0,96.0,109.0
16667,Ukraine,Miscellaneous,Stock Variation,0.0,0.0,0.0,0.0,0.0,0.0,0.0,0.0,0.0,0.0,0.0,0.0,0.0,0.0,-36.0,-1.0,0.0,0.0
16668,Ukraine,Miscellaneous,Import,0.0,1.0,2.0,2.0,3.0,4.0,5.0,6.0,7.0,6.0,5.0,7.0,6.0,8.0,70.0,50.0,51.0,55.0
16669,Ukraine,Meat,Human Consumption,1529.0,1371.0,1557.0,1635.0,1838.0,1787.0,1947.0,2093.0,2372.0,2240.0,2259.0,2242.0,2460.0,2477.0,2237.0,2079.0,2114.0,2087.0
16670,Ukraine,Alcoholic Beverages,Export,98.0,159.0,188.0,294.0,181.0,548.0,556.0,583.0,627.0,610.0,461.0,440.0,480.0,453.0,256.0,197.0,173.0,227.0
16671,Ukraine,Animal fats,Import,3.0,6.0,12.0,9.0,14.0,33.0,19.0,12.0,49.0,77.0,53.0,55.0,82.0,77.0,134.0,86.0,65.0,72.0
16672,Ukraine,Cereals - Excluding Beer,Stock Variation,-919.0,-12297.0,68.0,3981.0,-3592.0,1178.0,3161.0,587.0,-3204.0,2474.0,1704.0,-5047.0,5751.0,-2889.0,1832.0,-155.0,-1784.0,-1377.0
16673,Ukraine,Milk - Excluding Butter,Human Consumption,7281.0,7466.0,8149.0,7973.0,8958.0,8345.0,8835.0,8134.0,7952.0,7646.0,7434.0,7266.0,7016.0,6561.0,6427.0,6526.0,6387.0,6503.0
16674,Ukraine,"Fish, Seafood",Stock Variation,0.0,0.0,0.0,0.0,0.0,0.0,0.0,-6.0,-14.0,6.0,14.0,0.0,0.0,0.0,0.0,0.0,0.0,0.0
16675,Ukraine,"Fish, Seafood",Import,309.0,431.0,429.0,411.0,410.0,560.0,563.0,658.0,841.0,628.0,485.0,550.0,591.0,658.0,487.0,302.0,403.0,447.0
16676,Ukraine,"Fish, Seafood",Production,423.0,342.0,296.0,283.0,248.0,296.0,237.0,241.0,256.0,242.0,232.0,202.0,178.0,226.0,167.0,142.0,97.0,113.0
16677,Ukraine,"Aquatic Products, Other",Human Consumption,0.0,0.0,0.0,0.0,0.0,0.0,0.0,0.0,1.0,1.0,0.0,0.0,0.0,1.0,1.0,1.0,1.0,0.0
16678,Ukraine,"Aquatic Products, Other",Other uses (non-food),0.0,0.0,1.0,1.0,1.0,2.0,2.0,3.0,4.0,3.0,1.0,3.0,1.0,1.0,1.0,1.0,1.0,1.0
16679,Ukraine,"Aquatic Products, Other",Domestic supply,0.0,0.0,1.0,1.0,1.0,2.0,3.0,3.0,4.0,3.0,1.0,3.0,1.0,2.0,2.0,1.0,1.0,1.0
16680,Ukraine,"Aquatic Products, Other",Export,0.0,0.0,0.0,0.0,0.0,0.0,0.0,0.0,0.0,0.0,0.0,0.0,0.0,0.0,0.0,0.0,0.0,0.0
16681,Ukraine,"Aquatic Products, Other",Import,0.0,0.0,1.0,1.0,1.0,1.0,1.0,1.0,2.0,1.0,1.0,1.0,1.0,1.0,2.0,1.0,1.0,1.0
16682,Ukraine,"Aquatic Products, Other",Production,0.0,0.0,0.0,0.0,0.0,1.0,1.0,2.0,3.0,3.0,1.0,2.0,0.0,1.0,0.0,1.0,1.0,0.0
16683,Ukraine,"Fish, Seafood",Export,99.0,75.0,61.0,48.0,29.0,36.0,40.0,50.0,47.0,90.0,88.0,77.0,91.0,85.0,59.0,14.0,16.0,22.0
16684,Ukraine,Cereals - Excluding Beer,Human Consumption,7751.0,7918.0,7977.0,7573.0,7561.0,7362.0,7144.0,6882.0,6838.0,6597.0,6549.0,6458.0,6345.0,6261.0,5762.0,7183.0,7501.0,7125.0
16685,Ukraine,Cereals - Excluding Beer,Processing,640.0,659.0,898.0,1012.0,1406.0,1628.0,1715.0,1941.0,1536.0,1414.0,1520.0,1395.0,1382.0,1467.0,1313.0,1177.0,1011.0,957.0
16686,Ukraine,Cereals - Excluding Beer,Losses,858.0,1067.0,1088.0,755.0,1135.0,870.0,967.0,1056.0,1687.0,875.0,1257.0,1795.0,1392.0,1947.0,1524.0,1388.0,1350.0,1441.0
16687,Ukraine,Cereals - Excluding Beer,Production,23777.0,38856.0,37970.0,19634.0,40970.0,37227.0,33478.0,28902.0,52706.0,45358.0,38629.0,56199.0,45687.0,62638.0,63427.0,59670.0,65260.0,60724.0
16688,Ukraine,Cereals - Excluding Beer,Seed,2312.0,2893.0,1800.0,2461.0,2607.0,2405.0,2532.0,2687.0,2721.0,2506.0,2533.0,2287.0,2710.0,2634.0,2804.0,2517.0,2325.0,1656.0
16689,Ukraine,Cereals - Excluding Beer,Feed,10964.0,9084.0,14096.0,11772.0,17664.0,13616.0,13234.0,12597.0,20109.0,10257.0,16228.0,24802.0,12139.0,19890.0,15350.0,8226.0,12253.0,7017.0
16690,Ukraine,Cereals - Excluding Beer,Domestic supply,22553.0,21651.0,25897.0,23615.0,30416.0,25911.0,25627.0,25208.0,32934.0,21688.0,28118.0,36769.0,24003.0,32234.0,28703.0,21962.0,26275.0,19591.0
16691,Ukraine,Cereals - Excluding Beer,Export,1394.0,5426.0,12325.0,4018.0,7866.0,12740.0,11273.0,4665.0,16803.0,26298.0,12372.0,14689.0,27690.0,27790.0,33225.0,38102.0,41053.0,42853.0
16692,Ukraine,Cereals - Excluding Beer,Import,1089.0,518.0,184.0,4017.0,905.0,246.0,261.0,384.0,233.0,154.0,156.0,306.0,256.0,275.0,332.0,239.0,284.0,343.0
16693,Ukraine,Stimulants,Production,0.0,0.0,0.0,0.0,0.0,0.0,0.0,0.0,0.0,0.0,0.0,0.0,0.0,0.0,0.0,0.0,0.0,0.0
16694,Ukraine,Cereals - Excluding Beer,Other uses (non-food),28.0,31.0,37.0,41.0,44.0,32.0,36.0,45.0,43.0,40.0,31.0,32.0,36.0,36.0,1951.0,1472.0,1837.0,1398.0
16695,Ukraine,Animal fats,Production,321.0,315.0,307.0,317.0,285.0,258.0,247.0,269.0,255.0,223.0,244.0,255.0,271.0,284.0,198.0,189.0,198.0,215.0
16696,Ukraine,"Fish, Seafood",Domestic supply,632.0,698.0,664.0,646.0,629.0,821.0,761.0,844.0,1035.0,785.0,643.0,675.0,678.0,799.0,595.0,430.0,483.0,538.0
16697,Ukraine,"Fish, Seafood",Other uses (non-food),0.0,0.0,0.0,0.0,0.0,0.0,0.0,0.0,0.0,0.0,0.0,0.0,0.0,0.0,0.0,0.0,0.0,0.0
16698,Ukraine,Milk - Excluding Butter,Other uses (non-food),184.0,258.0,916.0,649.0,184.0,563.0,338.0,181.0,110.0,476.0,324.0,430.0,743.0,1104.0,736.0,30.0,10.0,37.0
16699,Ukraine,Milk - Excluding Butter,Processing,0.0,0.0,0.0,0.0,0.0,0.0,0.0,0.0,0.0,0.0,0.0,0.0,0.0,0.0,1.0,0.0,0.0,2.0
16700,Ukraine,Milk - Excluding Butter,Losses,74.0,79.0,72.0,70.0,57.0,59.0,56.0,52.0,46.0,49.0,45.0,41.0,51.0,54.0,9.0,8.0,7.0,7.0
16701,Ukraine,Milk - Excluding Butter,Feed,4385.0,4407.0,4141.0,3774.0,2840.0,2341.0,2314.0,2148.0,2186.0,2567.0,2643.0,2301.0,2570.0,3149.0,3289.0,3275.0,3188.0,3257.0
16702,Ukraine,Milk - Excluding Butter,Domestic supply,11924.0,12211.0,13278.0,12467.0,12040.0,11308.0,11542.0,10515.0,10294.0,10737.0,10446.0,10038.0,10379.0,10869.0,10462.0,9839.0,9592.0,9808.0
16703,Ukraine,Milk - Excluding Butter,Export,748.0,1251.0,880.0,1196.0,1718.0,2499.0,1851.0,1669.0,1649.0,1238.0,889.0,1196.0,1174.0,809.0,764.0,818.0,786.0,779.0
16704,Ukraine,Milk - Excluding Butter,Stock Variation,0.0,0.0,0.0,-42.0,21.0,21.0,0.0,-222.0,44.0,178.0,0.0,0.0,0.0,0.0,33.0,11.0,71.0,29.0
16705,Ukraine,Milk - Excluding Butter,Import,14.0,33.0,31.0,43.0,28.0,72.0,106.0,144.0,136.0,188.0,87.0,148.0,175.0,190.0,126.0,53.0,67.0,95.0
16706,Ukraine,Milk - Excluding Butter,Production,12658.0,13429.0,14127.0,13661.0,13709.0,13714.0,13287.0,12262.0,11762.0,11610.0,11249.0,11086.0,11378.0,11488.0,11133.0,10615.0,10382.0,10520.0
16707,Ukraine,"Fish, Seafood",Feed,0.0,18.0,34.0,28.0,37.0,35.0,18.0,8.0,18.0,32.0,12.0,25.0,31.0,29.0,25.0,14.0,17.0,19.0
16708,Ukraine,Eggs,Human Consumption,466.0,502.0,588.0,585.0,597.0,653.0,685.0,684.0,701.0,734.0,779.0,824.0,812.0,815.0,845.0,703.0,651.0,642.0
16709,Ukraine,Eggs,Losses,2.0,2.0,1.0,2.0,2.0,1.0,1.0,2.0,2.0,2.0,2.0,2.0,2.0,2.0,2.0,2.0,2.0,2.0
16710,Ukraine,Eggs,Seed,11.0,13.0,16.0,16.0,18.0,23.0,29.0,29.0,32.0,38.0,41.0,41.0,43.0,49.0,49.0,37.0,29.0,30.0
16711,Ukraine,Eggs,Feed,10.0,11.0,13.0,13.0,14.0,15.0,15.0,15.0,15.0,15.0,17.0,17.0,17.0,17.0,19.0,14.0,17.0,13.0
16712,Ukraine,Eggs,Domestic supply,506.0,557.0,661.0,661.0,688.0,760.0,829.0,803.0,862.0,904.0,999.0,1046.0,1077.0,1095.0,1075.0,911.0,820.0,807.0
16713,Ukraine,Eggs,Export,0.0,0.0,0.0,0.0,0.0,1.0,1.0,15.0,13.0,41.0,24.0,47.0,36.0,49.0,71.0,74.0,66.0,100.0
16714,Ukraine,Eggs,Stock Variation,0.0,0.0,0.0,0.0,0.0,0.0,0.0,0.0,0.0,0.0,0.0,0.0,0.0,0.0,-1.0,0.0,0.0,0.0
16715,Ukraine,Eggs,Import,1.0,3.0,5.0,4.0,4.0,5.0,5.0,3.0,7.0,6.0,4.0,3.0,3.0,4.0,7.0,10.0,5.0,6.0
16716,Ukraine,Eggs,Production,505.0,554.0,657.0,657.0,684.0,756.0,826.0,815.0,869.0,938.0,1018.0,1090.0,1110.0,1139.0,1137.0,975.0,882.0,901.0
16717,Ukraine,"Fish, Seafood",Human Consumption,632.0,681.0,631.0,619.0,592.0,786.0,743.0,836.0,1017.0,754.0,631.0,650.0,647.0,770.0,570.0,417.0,466.0,519.0
16718,Ukraine,Eggs,Other uses (non-food),18.0,30.0,43.0,44.0,58.0,68.0,100.0,73.0,112.0,115.0,160.0,162.0,202.0,212.0,160.0,156.0,122.0,122.0
16719,Ukraine,Stimulants,Import,74.0,90.0,122.0,122.0,144.0,261.0,269.0,244.0,314.0,252.0,181.0,258.0,225.0,231.0,103.0,82.0,88.0,94.0
16720,Ukraine,Sugar Crops,Stock Variation,0.0,0.0,0.0,0.0,0.0,0.0,0.0,0.0,0.0,0.0,0.0,0.0,0.0,0.0,-991.0,-1167.0,0.0,0.0
16721,Ukraine,Stimulants,Export,27.0,50.0,66.0,80.0,86.0,85.0,74.0,85.0,99.0,100.0,88.0,116.0,117.0,109.0,16.0,13.0,13.0,17.0
16722,Ukraine,Oilcrops,Feed,32.0,17.0,62.0,73.0,158.0,129.0,403.0,321.0,399.0,308.0,1037.0,735.0,304.0,522.0,1256.0,663.0,337.0,144.0
16723,Ukraine,Oilcrops,Domestic supply,2275.0,2301.0,2673.0,3364.0,4424.0,4654.0,5326.0,5675.0,5974.0,7513.0,8649.0,8897.0,10063.0,12620.0,12986.0,13368.0,15049.0,13807.0
16724,Ukraine,Oilcrops,Export,1442.0,1021.0,103.0,986.0,560.0,482.0,1029.0,1643.0,2715.0,2922.0,1750.0,2581.0,3149.0,3942.0,3840.0,3766.0,4018.0,5174.0
16725,Ukraine,Oilcrops,Stock Variation,11.0,812.0,-768.0,-313.0,1222.0,-610.0,-614.0,1262.0,-1684.0,927.0,306.0,-1078.0,1033.0,219.0,-405.0,-68.0,322.0,-413.0
16726,Ukraine,Oilcrops,Import,31.0,29.0,46.0,36.0,28.0,58.0,55.0,80.0,90.0,58.0,50.0,89.0,90.0,96.0,47.0,37.0,56.0,64.0
16727,Ukraine,Oilcrops,Production,3675.0,2481.0,3498.0,4626.0,3735.0,5688.0,6914.0,5976.0,10283.0,9450.0,10044.0,12467.0,12089.0,16247.0,16374.0,17029.0,19333.0,18504.0
16728,Ukraine,Treenuts,Human Consumption,50.0,59.0,52.0,75.0,76.0,79.0,60.0,78.0,63.0,44.0,63.0,64.0,40.0,90.0,51.0,55.0,48.0,61.0
16729,Ukraine,Treenuts,Losses,0.0,0.0,0.0,0.0,0.0,0.0,0.0,0.0,0.0,0.0,0.0,0.0,0.0,0.0,5.0,6.0,5.0,5.0
16730,Ukraine,Treenuts,Seed,0.0,0.0,0.0,0.0,0.0,0.0,0.0,0.0,0.0,0.0,0.0,0.0,0.0,0.0,0.0,0.0,0.0,0.0
16731,Ukraine,Treenuts,Domestic supply,50.0,59.0,52.0,75.0,76.0,79.0,60.0,78.0,63.0,44.0,63.0,64.0,40.0,90.0,56.0,61.0,54.0,67.0
16732,Ukraine,Treenuts,Export,3.0,6.0,13.0,13.0,19.0,24.0,25.0,25.0,41.0,54.0,38.0,71.0,82.0,55.0,46.0,47.0,58.0,47.0
16733,Ukraine,Treenuts,Stock Variation,1.0,0.0,0.0,0.0,0.0,0.0,0.0,0.0,-3.0,0.0,3.0,0.0,0.0,0.0,11.0,11.0,0.0,0.0
16734,Ukraine,Treenuts,Import,1.0,9.0,8.0,8.0,4.0,12.0,16.0,20.0,27.0,14.0,11.0,23.0,25.0,29.0,10.0,3.0,4.0,6.0
16735,Ukraine,Treenuts,Production,51.0,56.0,58.0,80.0,91.0,91.0,69.0,83.0,79.0,84.0,88.0,113.0,97.0,116.0,103.0,115.0,108.0,109.0
16736,Ukraine,Pulses,Human Consumption,134.0,174.0,155.0,120.0,127.0,123.0,100.0,82.0,80.0,69.0,70.0,71.0,71.0,71.0,67.0,67.0,86.0,83.0
16737,Ukraine,Pulses,Other uses (non-food),0.0,0.0,0.0,0.0,0.0,0.0,0.0,0.0,0.0,0.0,0.0,0.0,0.0,0.0,1.0,1.0,1.0,1.0
16738,Ukraine,Pulses,Processing,0.0,0.0,0.0,0.0,0.0,0.0,0.0,0.0,0.0,0.0,0.0,0.0,0.0,0.0,22.0,23.0,45.0,42.0
16739,Ukraine,Pulses,Losses,30.0,37.0,37.0,23.0,36.0,34.0,35.0,25.0,25.0,27.0,25.0,20.0,20.0,15.0,20.0,21.0,36.0,61.0
16740,Ukraine,Pulses,Seed,73.0,80.0,93.0,64.0,73.0,72.0,77.0,47.0,66.0,78.0,67.0,58.0,61.0,60.0,57.0,71.0,132.0,190.0
16741,Ukraine,Oilcrops,Seed,36.0,42.0,62.0,63.0,78.0,107.0,97.0,109.0,152.0,169.0,168.0,196.0,186.0,192.0,243.0,302.0,317.0,250.0
16742,Ukraine,Pulses,Feed,382.0,418.0,338.0,320.0,399.0,245.0,155.0,331.0,305.0,183.0,329.0,174.0,149.0,120.0,153.0,151.0,190.0,180.0
16743,Ukraine,Oilcrops,Losses,72.0,64.0,68.0,89.0,94.0,104.0,123.0,127.0,170.0,177.0,180.0,214.0,223.0,276.0,276.0,295.0,345.0,319.0
16744,Ukraine,Oilcrops,Other uses (non-food),424.0,376.0,191.0,114.0,226.0,27.0,30.0,7.0,763.0,258.0,392.0,340.0,421.0,3471.0,741.0,2891.0,3462.0,858.0
16745,Ukraine,Sugar Crops,Processing,10971.0,11353.0,9730.0,13100.0,11446.0,10956.0,14300.0,10370.0,8730.0,7085.0,8585.0,12927.0,11907.0,7005.0,11400.0,8103.0,11088.0,11342.0
16746,Ukraine,Stimulants,Stock Variation,-15.0,-4.0,11.0,25.0,11.0,-50.0,-55.0,18.0,0.0,19.0,30.0,20.0,5.0,0.0,-3.0,-1.0,1.0,2.0
16747,Ukraine,Sugar Crops,Feed,2198.0,4191.0,4694.0,265.0,5120.0,4580.0,8101.0,6591.0,4676.0,2954.0,5124.0,5768.0,6487.0,3749.0,5282.0,3367.0,2886.0,3500.0
16748,Ukraine,Sugar Crops,Domestic supply,13196.0,15575.0,14453.0,13392.0,16600.0,15567.0,22446.0,16996.0,13436.0,10067.0,13749.0,18740.0,18439.0,10789.0,16725.0,11498.0,14011.0,14882.0
16749,Ukraine,Sugar Crops,Export,2.0,0.0,0.0,0.0,0.0,0.0,0.0,0.0,1.0,0.0,0.0,0.0,0.0,0.0,0.0,0.0,0.0,0.0
16750,Ukraine,Sugar Crops,Import,0.0,0.0,0.0,0.0,0.0,99.0,25.0,19.0,0.0,0.0,0.0,0.0,0.0,0.0,0.0,0.0,0.0,0.0
16751,Ukraine,Sugar Crops,Production,13199.0,15575.0,14453.0,13392.0,16600.0,15468.0,22421.0,16978.0,13438.0,10068.0,13749.0,18740.0,18439.0,10789.0,15734.0,10331.0,14011.0,14882.0
16752,Ukraine,Starchy Roots,Human Consumption,6643.0,6792.0,6412.0,6614.0,6706.0,6416.0,6313.0,6115.0,6149.0,6170.0,5951.0,6401.0,6406.0,6150.0,5543.0,5218.0,5236.0,5839.0
16753,Ukraine,Starchy Roots,Other uses (non-food),991.0,1045.0,414.0,1351.0,1598.0,712.0,700.0,311.0,694.0,445.0,306.0,2178.0,1500.0,1299.0,1490.0,542.0,903.0,1446.0
16754,Ukraine,Starchy Roots,Processing,0.0,0.0,0.0,0.0,150.0,699.0,840.0,745.0,1022.0,1130.0,1024.0,1060.0,1090.0,915.0,292.0,256.0,207.0,188.0
16755,Ukraine,Starchy Roots,Losses,198.0,220.0,193.0,230.0,396.0,1113.0,1379.0,1295.0,1104.0,1226.0,1000.0,1400.0,1500.0,1400.0,3824.0,3799.0,3174.0,1391.0
16756,Ukraine,Starchy Roots,Seed,5145.0,4955.0,4817.0,5094.0,5039.0,5128.0,4976.0,5038.0,4930.0,4936.0,4897.0,5377.0,5873.0,5660.0,5600.0,5416.0,5490.0,5394.0
16757,Ukraine,Starchy Roots,Feed,4872.0,4342.0,4810.0,5201.0,5900.0,5985.0,5850.0,5657.0,5724.0,5842.0,5606.0,6906.0,7434.0,7377.0,6970.0,6538.0,6769.0,6911.0
16758,Ukraine,Starchy Roots,Domestic supply,17849.0,17354.0,16646.0,18490.0,19789.0,20053.0,20058.0,19160.0,19624.0,19749.0,18784.0,23323.0,23803.0,22801.0,23719.0,21769.0,21779.0,21170.0
16759,Ukraine,Starchy Roots,Export,0.0,1.0,1.0,0.0,2.0,0.0,1.0,3.0,2.0,4.0,3.0,14.0,9.0,17.0,17.0,18.0,9.0,19.0
16760,Ukraine,Starchy Roots,Stock Variation,-2000.0,0.0,0.0,0.0,-1000.0,500.0,500.0,0.0,0.0,0.0,0.0,-1000.0,500.0,500.0,0.0,-931.0,1.0,1058.0
16761,Ukraine,Starchy Roots,Import,11.0,11.0,27.0,37.0,37.0,91.0,92.0,61.0,80.0,87.0,82.0,89.0,62.0,60.0,43.0,17.0,38.0,38.0
16762,Ukraine,Starchy Roots,Production,19838.0,17344.0,16620.0,18453.0,20755.0,19462.0,19467.0,19102.0,19545.0,19666.0,18705.0,24248.0,23250.0,22259.0,23693.0,20839.0,21750.0,22208.0
16763,Ukraine,Oilcrops,Human Consumption,17.0,21.0,31.0,30.0,23.0,49.0,43.0,66.0,71.0,45.0,36.0,61.0,56.0,57.0,19.0,11.0,12.0,13.0
16764,Ukraine,Oilcrops,Processing,2212.0,2125.0,2260.0,2996.0,3847.0,4238.0,4630.0,5045.0,4420.0,6556.0,6836.0,7352.0,8873.0,8102.0,10532.0,9272.0,10666.0,12482.0
16765,Ukraine,Pulses,Domestic supply,619.0,709.0,623.0,528.0,633.0,472.0,367.0,485.0,474.0,352.0,487.0,320.0,297.0,262.0,295.0,323.0,484.0,550.0
16766,Ukraine,Sugar Crops,Losses,27.0,31.0,29.0,27.0,34.0,31.0,45.0,35.0,30.0,28.0,40.0,45.0,45.0,35.0,42.0,28.0,38.0,40.0
16767,Ukraine,Pulses,Stock Variation,0.0,0.0,0.0,0.0,0.0,-100.0,-100.0,200.0,0.0,0.0,0.0,0.0,0.0,0.0,11.0,-10.0,49.0,-64.0
16768,Ukraine,Vegetables,Domestic supply,5805.0,5927.0,5850.0,6540.0,6965.0,7365.0,8138.0,6735.0,8160.0,8284.0,8136.0,9841.0,9859.0,9707.0,10385.0,9589.0,9827.0,9455.0
16769,Ukraine,Vegetables,Export,34.0,38.0,45.0,61.0,91.0,106.0,145.0,238.0,169.0,328.0,233.0,278.0,362.0,390.0,291.0,211.0,279.0,312.0
16770,Ukraine,Vegetables,Stock Variation,0.0,0.0,0.0,0.0,0.0,-10.0,10.0,-4.0,-11.0,15.0,0.0,-10.0,10.0,0.0,36.0,215.0,103.0,87.0
16771,Ukraine,Vegetables,Import,11.0,52.0,62.0,53.0,84.0,180.0,210.0,138.0,373.0,253.0,242.0,294.0,193.0,230.0,245.0,76.0,113.0,108.0
16772,Ukraine,Vegetables,Production,5828.0,5913.0,5834.0,6548.0,6972.0,7302.0,8063.0,6839.0,7967.0,8344.0,8126.0,9835.0,10019.0,9866.0,10468.0,9939.0,10097.0,9747.0
16773,Ukraine,Fruits - Excluding Wine,Human Consumption,1510.0,1393.0,1427.0,1732.0,1795.0,1903.0,1826.0,1985.0,2216.0,2113.0,1898.0,2632.0,2658.0,2783.0,2136.0,1947.0,2142.0,2239.0
16774,Ukraine,Fruits - Excluding Wine,Other uses (non-food),0.0,13.0,0.0,0.0,0.0,8.0,1.0,0.0,0.0,1.0,1.0,1.0,1.0,1.0,11.0,12.0,15.0,17.0
16775,Ukraine,Fruits - Excluding Wine,Processing,283.0,265.0,392.0,390.0,354.0,595.0,571.0,699.0,702.0,621.0,594.0,462.0,272.0,295.0,229.0,218.0,193.0,196.0
16776,Ukraine,Fruits - Excluding Wine,Losses,71.0,40.0,51.0,73.0,63.0,74.0,50.0,62.0,64.0,71.0,79.0,138.0,138.0,179.0,157.0,160.0,147.0,153.0
16777,Ukraine,Fruits - Excluding Wine,Feed,47.0,33.0,40.0,45.0,40.0,38.0,30.0,37.0,35.0,40.0,45.0,90.0,100.0,163.0,55.0,142.0,144.0,142.0
16778,Ukraine,Fruits - Excluding Wine,Domestic supply,1912.0,1744.0,1909.0,2239.0,2249.0,2618.0,2478.0,2785.0,3020.0,2849.0,2619.0,3325.0,3172.0,3423.0,2588.0,2479.0,2622.0,2731.0
16779,Ukraine,Fruits - Excluding Wine,Export,73.0,95.0,133.0,191.0,191.0,299.0,271.0,365.0,261.0,368.0,373.0,259.0,465.0,603.0,498.0,500.0,335.0,368.0
16780,Ukraine,Fruits - Excluding Wine,Stock Variation,-160.0,143.0,47.0,-144.0,66.0,-23.0,101.0,0.0,0.0,-50.0,50.0,0.0,0.0,0.0,11.0,-8.0,2.0,12.0
16781,Ukraine,Fruits - Excluding Wine,Import,228.0,311.0,480.0,447.0,453.0,896.0,1293.0,1394.0,1429.0,1264.0,875.0,1279.0,1269.0,1271.0,752.0,533.0,664.0,742.0
16782,Ukraine,Fruits - Excluding Wine,Production,1917.0,1385.0,1515.0,2127.0,1921.0,2044.0,1354.0,1756.0,1851.0,2003.0,2068.0,2305.0,2367.0,2754.0,2345.0,2438.0,2295.0,2369.0
16783,Ukraine,Stimulants,Human Consumption,30.0,36.0,66.0,65.0,68.0,126.0,140.0,177.0,215.0,171.0,119.0,151.0,112.0,121.0,81.0,63.0,68.0,67.0
16784,Ukraine,Stimulants,Processing,0.0,0.0,0.0,0.0,0.0,0.0,0.0,0.0,0.0,0.0,0.0,0.0,0.0,0.0,9.0,6.0,6.0,8.0
16785,Ukraine,Stimulants,Feed,2.0,0.0,0.0,1.0,1.0,1.0,0.0,0.0,0.0,0.0,4.0,11.0,1.0,1.0,0.0,0.0,0.0,0.0
16786,Ukraine,Pulses,Export,34.0,118.0,188.0,45.0,180.0,186.0,281.0,73.0,78.0,272.0,106.0,174.0,179.0,112.0,195.0,208.0,381.0,789.0
16787,Ukraine,Vegetables,Feed,621.0,540.0,363.0,842.0,1191.0,1305.0,1790.0,830.0,1698.0,1532.0,1172.0,2050.0,2142.0,2068.0,1776.0,1909.0,2154.0,2024.0
16788,Ukraine,Vegetables,Losses,118.0,115.0,126.0,142.0,138.0,149.0,171.0,140.0,179.0,182.0,181.0,208.0,219.0,219.0,242.0,225.0,230.0,221.0
16789,Ukraine,Stimulants,Domestic supply,32.0,36.0,67.0,66.0,69.0,127.0,140.0,177.0,215.0,171.0,123.0,162.0,113.0,122.0,89.0,69.0,74.0,75.0
16790,Ukraine,Vegetables,Human Consumption,5017.0,5152.0,5271.0,5505.0,5527.0,5781.0,6048.0,5569.0,6102.0,6421.0,6641.0,7501.0,7478.0,7409.0,8349.0,7369.0,7421.0,7182.0
16791,Ukraine,Vegetables,Processing,48.0,120.0,91.0,50.0,110.0,130.0,130.0,195.0,181.0,150.0,142.0,82.0,20.0,10.0,19.0,86.0,23.0,27.0
16792,Ukraine,Pulses,Production,653.0,827.0,810.0,571.0,812.0,758.0,747.0,357.0,550.0,624.0,592.0,491.0,473.0,372.0,498.0,520.0,913.0,1272.0
16793,Ukraine,Sugar & Sweeteners,Human Consumption,2150.0,2304.0,2152.0,2156.0,2272.0,2329.0,2429.0,2446.0,2436.0,2221.0,2176.0,2222.0,2181.0,2086.0,2999.0,2932.0,2527.0,2954.0
16794,Ukraine,Sugar & Sweeteners,Other uses (non-food),0.0,0.0,0.0,0.0,0.0,2.0,1.0,3.0,2.0,2.0,2.0,9.0,3.0,3.0,3.0,2.0,2.0,2.0
16795,Ukraine,Sugar & Sweeteners,Processing,123.0,84.0,124.0,116.0,115.0,124.0,130.0,151.0,136.0,11.0,57.0,4.0,60.0,4.0,201.0,181.0,143.0,132.0
16796,Ukraine,Sugar & Sweeteners,Losses,10.0,11.0,10.0,15.0,12.0,11.0,13.0,9.0,8.0,7.0,9.0,13.0,13.0,8.0,3.0,3.0,3.0,3.0
16797,Ukraine,Sugar & Sweeteners,Feed,0.0,0.0,0.0,0.0,0.0,0.0,0.0,0.0,0.0,0.0,0.0,0.0,0.0,0.0,0.0,0.0,0.0,0.0
16798,Ukraine,Sugar & Sweeteners,Domestic supply,2283.0,2400.0,2286.0,2288.0,2399.0,2466.0,2574.0,2610.0,2583.0,2241.0,2244.0,2248.0,2257.0,2102.0,3206.0,3119.0,2675.0,3091.0
16799,Ukraine,Sugar & Sweeteners,Export,182.0,147.0,284.0,570.0,289.0,177.0,156.0,183.0,156.0,172.0,145.0,159.0,337.0,301.0,281.0,358.0,785.0,974.0
16800,Ukraine,Sugar & Sweeteners,Stock Variation,252.0,28.0,246.0,-564.0,-18.0,-56.0,-329.0,398.0,636.0,642.0,158.0,-591.0,61.0,757.0,85.0,-620.0,-56.0,-420.0
16801,Ukraine,Pulses,Import,1.0,0.0,0.0,2.0,1.0,1.0,1.0,1.0,2.0,1.0,1.0,3.0,2.0,2.0,2.0,1.0,2.0,3.0
16802,Ukraine,Sugar & Sweeteners,Production,1887.0,2048.0,1863.0,1913.0,2288.0,2478.0,3012.0,2359.0,1997.0,1631.0,1911.0,2686.0,2494.0,1603.0,3527.0,2830.0,3321.0,3606.0
16803,Ukraine,Vegetable Oils,Human Consumption,438.0,474.0,500.0,530.0,589.0,610.0,610.0,655.0,677.0,669.0,635.0,587.0,580.0,575.0,590.0,504.0,450.0,492.0
16804,Ukraine,Vegetable Oils,Other uses (non-food),62.0,123.0,198.0,132.0,167.0,243.0,225.0,235.0,281.0,221.0,133.0,203.0,156.0,272.0,50.0,17.0,65.0,39.0
16805,Ukraine,Vegetable Oils,Processing,0.0,0.0,0.0,0.0,0.0,0.0,0.0,0.0,0.0,0.0,0.0,0.0,0.0,0.0,249.0,185.0,190.0,238.0
16806,Ukraine,Vegetable Oils,Domestic supply,499.0,589.0,698.0,662.0,756.0,846.0,829.0,872.0,936.0,862.0,747.0,768.0,717.0,828.0,643.0,257.0,59.0,-35.0
16807,Ukraine,Vegetable Oils,Export,593.0,499.0,579.0,938.0,893.0,917.0,1696.0,2172.0,1635.0,2555.0,2327.0,2882.0,3830.0,3439.0,4640.0,4295.0,5144.0,6080.0
16808,Ukraine,Vegetable Oils,Stock Variation,13.0,-25.0,21.0,53.0,-308.0,-435.0,115.0,278.0,51.0,154.0,-277.0,59.0,308.0,312.0,-107.0,-139.0,-60.0,-7.0
16809,Ukraine,Vegetable Oils,Import,58.0,129.0,217.0,165.0,194.0,282.0,266.0,448.0,519.0,359.0,253.0,298.0,281.0,345.0,227.0,168.0,236.0,254.0
16810,Ukraine,Vegetable Oils,Production,1020.0,983.0,1038.0,1383.0,1762.0,1916.0,2144.0,2318.0,2002.0,2903.0,3098.0,3293.0,3957.0,3611.0,4948.0,4245.0,4907.0,5783.0
16811,Ukraine,Sugar & Sweeteners,Import,326.0,470.0,461.0,1510.0,419.0,222.0,47.0,36.0,105.0,140.0,320.0,312.0,39.0,42.0,45.0,27.0,82.0,39.0
16812,United Arab Emirates,Offals,Production,11.0,11.0,10.0,10.0,11.0,8.0,13.0,12.0,15.0,16.0,13.0,14.0,14.0,15.0,17.0,18.0,19.0,19.0
16813,United Arab Emirates,Animal fats,Human Consumption,10.0,10.0,15.0,17.0,10.0,15.0,17.0,37.0,47.0,21.0,25.0,18.0,19.0,24.0,22.0,23.0,23.0,23.0
16814,United Arab Emirates,Animal fats,Export,4.0,3.0,17.0,3.0,12.0,6.0,7.0,10.0,5.0,2.0,2.0,11.0,5.0,6.0,9.0,4.0,2.0,9.0
16815,United Arab Emirates,Animal fats,Losses,1.0,1.0,2.0,1.0,2.0,2.0,2.0,2.0,1.0,1.0,3.0,3.0,1.0,2.0,2.0,2.0,2.0,3.0
16816,United Arab Emirates,Animal fats,Feed,1.0,0.0,0.0,0.0,1.0,0.0,0.0,0.0,0.0,1.0,0.0,0.0,0.0,0.0,0.0,0.0,0.0,0.0
16817,United Arab Emirates,Animal fats,Domestic supply,12.0,13.0,11.0,22.0,15.0,20.0,23.0,43.0,52.0,27.0,31.0,23.0,23.0,29.0,28.0,29.0,30.0,31.0
16818,United Arab Emirates,Animal fats,Other uses (non-food),0.0,1.0,4.0,3.0,4.0,4.0,4.0,4.0,3.0,4.0,3.0,2.0,2.0,2.0,4.0,4.0,5.0,5.0
16819,United Arab Emirates,Offals,Import,0.0,0.0,2.0,3.0,1.0,1.0,3.0,3.0,3.0,4.0,3.0,4.0,5.0,6.0,9.0,9.0,12.0,8.0
16820,United Arab Emirates,Offals,Losses,0.0,0.0,0.0,0.0,0.0,0.0,0.0,0.0,0.0,0.0,0.0,0.0,0.0,0.0,1.0,1.0,1.0,1.0
16821,United Arab Emirates,Offals,Domestic supply,11.0,11.0,11.0,12.0,12.0,9.0,15.0,14.0,18.0,20.0,16.0,18.0,18.0,21.0,25.0,26.0,30.0,27.0
16822,United Arab Emirates,Offals,Feed,0.0,0.0,0.0,0.0,0.0,0.0,0.0,0.0,0.0,0.0,0.0,0.0,0.0,0.0,0.0,0.0,0.0,0.0
16823,United Arab Emirates,Offals,Other uses (non-food),0.0,0.0,0.0,0.0,0.0,0.0,1.0,1.0,1.0,1.0,1.0,1.0,1.0,1.0,1.0,1.0,1.0,1.0
16824,United Arab Emirates,Offals,Human Consumption,11.0,11.0,11.0,12.0,12.0,9.0,15.0,14.0,18.0,19.0,15.0,17.0,17.0,20.0,23.0,25.0,28.0,25.0
16825,United Arab Emirates,Meat,Production,94.0,90.0,85.0,108.0,104.0,80.0,101.0,98.0,124.0,135.0,118.0,130.0,127.0,136.0,144.0,151.0,157.0,159.0
16826,United Arab Emirates,Meat,Import,138.0,156.0,236.0,272.0,211.0,252.0,273.0,437.0,499.0,422.0,390.0,419.0,472.0,496.0,612.0,747.0,726.0,611.0
16827,United Arab Emirates,Meat,Stock Variation,3.0,2.0,5.0,0.0,-1.0,2.0,1.0,0.0,-5.0,-4.0,-2.0,3.0,-1.0,8.0,49.0,197.0,161.0,-9.0
16828,United Arab Emirates,Animal fats,Stock Variation,0.0,0.0,0.0,0.0,0.0,0.0,0.0,0.0,0.0,0.0,0.0,0.0,0.0,0.0,-3.0,1.0,2.0,1.0
16829,United Arab Emirates,Offals,Export,0.0,0.0,0.0,1.0,0.0,0.0,0.0,1.0,0.0,0.0,0.0,0.0,0.0,0.0,1.0,0.0,0.0,0.0
16830,United Arab Emirates,Meat,Export,2.0,2.0,15.0,21.0,25.0,41.0,21.0,43.0,37.0,25.0,26.0,31.0,36.0,64.0,54.0,44.0,62.0,118.0
16831,United Arab Emirates,Milk - Excluding Butter,Import,443.0,391.0,629.0,715.0,660.0,250.0,1487.0,1064.0,1207.0,1269.0,945.0,1050.0,1488.0,1984.0,580.0,570.0,577.0,534.0
16832,United Arab Emirates,Animal fats,Production,3.0,3.0,3.0,3.0,3.0,3.0,4.0,4.0,4.0,5.0,4.0,4.0,4.0,5.0,8.0,9.0,10.0,10.0
16833,United Arab Emirates,Meat,Domestic supply,232.0,246.0,311.0,358.0,288.0,292.0,353.0,492.0,581.0,528.0,480.0,521.0,562.0,577.0,652.0,657.0,660.0,661.0
16834,United Arab Emirates,Eggs,Import,25.0,20.0,27.0,29.0,27.0,30.0,31.0,37.0,40.0,36.0,29.0,31.0,37.0,63.0,69.0,74.0,80.0,45.0
16835,United Arab Emirates,Eggs,Stock Variation,0.0,0.0,0.0,0.0,0.0,0.0,0.0,0.0,0.0,0.0,0.0,0.0,0.0,0.0,0.0,0.0,0.0,0.0
16836,United Arab Emirates,Eggs,Export,1.0,1.0,0.0,0.0,1.0,2.0,2.0,6.0,3.0,2.0,2.0,3.0,6.0,8.0,6.0,6.0,6.0,8.0
16837,United Arab Emirates,Eggs,Domestic supply,38.0,36.0,44.0,46.0,42.0,46.0,46.0,56.0,63.0,63.0,55.0,57.0,60.0,85.0,112.0,121.0,129.0,93.0
16838,United Arab Emirates,Eggs,Feed,0.0,0.0,0.0,0.0,0.0,0.0,0.0,0.0,0.0,0.0,0.0,0.0,0.0,0.0,14.0,16.0,18.0,10.0
16839,United Arab Emirates,Eggs,Seed,2.0,2.0,2.0,2.0,2.0,2.0,2.0,2.0,2.0,3.0,3.0,3.0,3.0,3.0,6.0,7.0,8.0,6.0
16840,United Arab Emirates,Eggs,Losses,1.0,1.0,1.0,1.0,1.0,1.0,1.0,1.0,1.0,1.0,1.0,1.0,1.0,2.0,2.0,3.0,3.0,3.0
16841,United Arab Emirates,Eggs,Other uses (non-food),1.0,1.0,9.0,1.0,2.0,1.0,1.0,2.0,1.0,1.0,2.0,5.0,2.0,3.0,3.0,3.0,4.0,2.0
16842,United Arab Emirates,Eggs,Human Consumption,35.0,33.0,32.0,41.0,37.0,41.0,42.0,51.0,58.0,59.0,49.0,48.0,54.0,77.0,86.0,92.0,97.0,71.0
16843,United Arab Emirates,Milk - Excluding Butter,Production,83.0,87.0,92.0,97.0,98.0,106.0,108.0,113.0,115.0,135.0,140.0,147.0,140.0,151.0,154.0,157.0,159.0,162.0
16844,United Arab Emirates,Milk - Excluding Butter,Stock Variation,0.0,0.0,-53.0,-146.0,-147.0,325.0,-866.0,-188.0,-72.0,-27.0,215.0,203.0,-49.0,0.0,131.0,46.0,8.0,39.0
16845,United Arab Emirates,Milk - Excluding Butter,Export,4.0,10.0,88.0,110.0,110.0,195.0,130.0,201.0,198.0,254.0,266.0,411.0,595.0,874.0,182.0,194.0,179.0,197.0
16846,United Arab Emirates,Milk - Excluding Butter,Domestic supply,521.0,469.0,580.0,556.0,501.0,486.0,600.0,788.0,1052.0,1123.0,1034.0,988.0,984.0,1260.0,421.0,488.0,550.0,460.0
16847,United Arab Emirates,Milk - Excluding Butter,Feed,0.0,0.0,0.0,0.0,0.0,0.0,0.0,0.0,0.0,0.0,0.0,0.0,0.0,0.0,29.0,25.0,29.0,37.0
16848,United Arab Emirates,Milk - Excluding Butter,Losses,5.0,5.0,7.0,6.0,6.0,6.0,7.0,7.0,7.0,8.0,8.0,10.0,9.0,18.0,13.0,13.0,13.0,16.0
16849,United Arab Emirates,Milk - Excluding Butter,Processing,0.0,0.0,0.0,0.0,0.0,0.0,0.0,0.0,0.0,0.0,0.0,0.0,0.0,0.0,0.0,0.0,0.0,0.0
16850,United Arab Emirates,Milk - Excluding Butter,Other uses (non-food),85.0,100.0,77.0,39.0,39.0,39.0,39.0,42.0,39.0,39.0,1.0,1.0,0.0,2.0,1.0,1.0,1.0,0.0
16851,United Arab Emirates,Milk - Excluding Butter,Human Consumption,432.0,363.0,495.0,511.0,467.0,441.0,555.0,739.0,1007.0,1077.0,1025.0,983.0,976.0,1240.0,381.0,371.0,404.0,315.0
16852,United Arab Emirates,Animal fats,Import,13.0,13.0,25.0,22.0,24.0,24.0,27.0,49.0,52.0,24.0,30.0,30.0,24.0,30.0,26.0,25.0,25.0,30.0
16853,United Arab Emirates,Meat,Feed,0.0,0.0,0.0,0.0,0.0,0.0,0.0,0.0,0.0,0.0,0.0,0.0,0.0,0.0,0.0,0.0,0.0,0.0
16854,United Arab Emirates,Stimulants,Production,0.0,0.0,0.0,0.0,0.0,0.0,0.0,0.0,0.0,0.0,0.0,0.0,0.0,0.0,0.0,0.0,0.0,0.0
16855,United Arab Emirates,Meat,Other uses (non-food),7.0,7.0,15.0,16.0,13.0,11.0,18.0,23.0,30.0,28.0,16.0,18.0,19.0,20.0,21.0,22.0,24.0,19.0
16856,United Arab Emirates,Stimulants,Domestic supply,65.0,37.0,50.0,69.0,43.0,20.0,43.0,94.0,99.0,82.0,40.0,62.0,51.0,89.0,87.0,79.0,64.0,53.0
16857,United Arab Emirates,Stimulants,Losses,4.0,3.0,3.0,4.0,4.0,3.0,3.0,5.0,6.0,4.0,4.0,3.0,3.0,5.0,8.0,6.0,4.0,4.0
16858,United Arab Emirates,Stimulants,Other uses (non-food),43.0,20.0,27.0,44.0,20.0,5.0,17.0,54.0,56.0,47.0,12.0,29.0,16.0,41.0,59.0,55.0,40.0,32.0
16859,United Arab Emirates,Stimulants,Human Consumption,18.0,15.0,19.0,21.0,20.0,13.0,23.0,35.0,37.0,30.0,24.0,30.0,32.0,44.0,21.0,19.0,19.0,20.0
16860,United Arab Emirates,Fruits - Excluding Wine,Production,797.0,795.0,795.0,783.0,786.0,781.0,784.0,790.0,796.0,791.0,855.0,266.0,244.0,261.0,436.0,618.0,701.0,504.0
16861,United Arab Emirates,Fruits - Excluding Wine,Import,607.0,661.0,833.0,908.0,770.0,792.0,1042.0,1437.0,1466.0,1073.0,1038.0,983.0,1120.0,1619.0,1857.0,1919.0,1882.0,1668.0
16862,United Arab Emirates,Fruits - Excluding Wine,Stock Variation,-21.0,10.0,-55.0,-143.0,60.0,90.0,-99.0,8.0,-3.0,-51.0,-2.0,92.0,42.0,-3.0,63.0,60.0,66.0,22.0
16863,United Arab Emirates,Fruits - Excluding Wine,Export,336.0,396.0,471.0,475.0,401.0,841.0,380.0,845.0,926.0,378.0,401.0,318.0,378.0,478.0,854.0,897.0,831.0,626.0
16864,United Arab Emirates,Stimulants,Export,15.0,23.0,34.0,28.0,24.0,57.0,43.0,63.0,69.0,37.0,74.0,50.0,57.0,82.0,84.0,43.0,47.0,58.0
16865,United Arab Emirates,Fruits - Excluding Wine,Domestic supply,1046.0,1070.0,1102.0,1074.0,1215.0,822.0,1346.0,1390.0,1333.0,1436.0,1490.0,1022.0,1027.0,1399.0,1376.0,1581.0,1686.0,1524.0
16866,United Arab Emirates,Fruits - Excluding Wine,Losses,85.0,81.0,88.0,88.0,83.0,82.0,97.0,120.0,124.0,108.0,108.0,80.0,83.0,106.0,122.0,134.0,139.0,122.0
16867,United Arab Emirates,Fruits - Excluding Wine,Other uses (non-food),524.0,491.0,467.0,476.0,652.0,483.0,631.0,631.0,654.0,630.0,710.0,126.0,76.0,122.0,115.0,142.0,179.0,212.0
16868,United Arab Emirates,Fruits - Excluding Wine,Human Consumption,330.0,385.0,447.0,402.0,387.0,254.0,521.0,585.0,629.0,605.0,577.0,732.0,793.0,1091.0,989.0,1077.0,1095.0,976.0
16869,United Arab Emirates,Vegetables,Production,2303.0,569.0,458.0,284.0,473.0,443.0,226.0,172.0,267.0,198.0,177.0,175.0,189.0,156.0,285.0,332.0,294.0,282.0
16870,United Arab Emirates,Vegetables,Import,458.0,541.0,692.0,720.0,655.0,653.0,1014.0,1023.0,1112.0,779.0,929.0,895.0,951.0,978.0,1397.0,1489.0,1534.0,1423.0
16871,United Arab Emirates,Vegetables,Stock Variation,0.0,0.0,0.0,0.0,0.0,0.0,0.0,0.0,0.0,0.0,0.0,0.0,0.0,0.0,51.0,67.0,86.0,32.0
16872,United Arab Emirates,Vegetables,Export,65.0,105.0,132.0,141.0,117.0,186.0,152.0,280.0,257.0,124.0,120.0,145.0,147.0,234.0,213.0,193.0,174.0,111.0
16873,United Arab Emirates,Eggs,Production,15.0,17.0,18.0,17.0,17.0,17.0,18.0,25.0,25.0,30.0,28.0,29.0,29.0,30.0,49.0,53.0,56.0,56.0
16874,United Arab Emirates,Fruits - Excluding Wine,Feed,107.0,114.0,99.0,115.0,103.0,117.0,106.0,96.0,98.0,101.0,98.0,100.0,96.0,101.0,191.0,269.0,335.0,234.0
16875,United Arab Emirates,Meat,Losses,5.0,5.0,5.0,6.0,5.0,5.0,6.0,7.0,9.0,7.0,6.0,7.0,7.0,8.0,7.0,8.0,8.0,7.0
16876,United Arab Emirates,Stimulants,Stock Variation,-1.0,1.0,-5.0,-5.0,-28.0,36.0,-7.0,-4.0,-3.0,-3.0,1.0,5.0,1.0,3.0,24.0,28.0,17.0,0.0
16877,United Arab Emirates,Spices,Human Consumption,15.0,22.0,15.0,16.0,14.0,14.0,22.0,19.0,22.0,23.0,21.0,32.0,44.0,40.0,41.0,34.0,29.0,38.0
16878,United Arab Emirates,Meat,Human Consumption,221.0,234.0,291.0,337.0,271.0,286.0,331.0,462.0,542.0,493.0,457.0,496.0,536.0,549.0,579.0,585.0,603.0,588.0
16879,United Arab Emirates,Miscellaneous,Import,3.0,3.0,3.0,4.0,4.0,3.0,6.0,6.0,8.0,7.0,8.0,7.0,5.0,6.0,211.0,185.0,196.0,194.0
16880,United Arab Emirates,Miscellaneous,Stock Variation,0.0,0.0,0.0,0.0,0.0,0.0,0.0,0.0,0.0,0.0,0.0,0.0,0.0,0.0,-3.0,2.0,5.0,0.0
16881,United Arab Emirates,Miscellaneous,Export,0.0,0.0,0.0,0.0,0.0,1.0,1.0,1.0,0.0,1.0,2.0,3.0,3.0,4.0,225.0,235.0,256.0,82.0
16882,United Arab Emirates,Miscellaneous,Domestic supply,3.0,3.0,3.0,4.0,3.0,2.0,5.0,5.0,8.0,6.0,6.0,5.0,3.0,2.0,-11.0,-52.0,-65.0,113.0
16883,United Arab Emirates,Miscellaneous,Losses,0.0,0.0,0.0,0.0,0.0,0.0,1.0,1.0,1.0,1.0,1.0,1.0,1.0,1.0,0.0,0.0,0.0,0.0
16884,United Arab Emirates,Miscellaneous,Human Consumption,3.0,3.0,3.0,4.0,3.0,2.0,4.0,4.0,7.0,5.0,6.0,4.0,2.0,2.0,3.0,3.0,3.0,113.0
16885,United Arab Emirates,Alcoholic Beverages,Import,52.0,53.0,61.0,66.0,103.0,22.0,721.0,56.0,81.0,240.0,267.0,410.0,297.0,404.0,366.0,146.0,148.0,447.0
16886,United Arab Emirates,Stimulants,Import,81.0,59.0,88.0,102.0,95.0,41.0,92.0,161.0,171.0,121.0,113.0,107.0,107.0,168.0,196.0,149.0,128.0,110.0
16887,United Arab Emirates,Alcoholic Beverages,Stock Variation,0.0,0.0,0.0,0.0,0.0,0.0,0.0,0.0,0.0,0.0,0.0,0.0,0.0,-1.0,1.0,0.0,0.0,0.0
16888,United Arab Emirates,Alcoholic Beverages,Domestic supply,51.0,52.0,59.0,63.0,99.0,18.0,718.0,49.0,71.0,233.0,261.0,403.0,285.0,384.0,270.0,135.0,136.0,417.0
16889,United Arab Emirates,Alcoholic Beverages,Other uses (non-food),51.0,52.0,59.0,63.0,99.0,18.0,718.0,49.0,71.0,233.0,261.0,403.0,285.0,384.0,270.0,135.0,136.0,417.0
16890,United Arab Emirates,Alcoholic Beverages,Human Consumption,0.0,0.0,0.0,0.0,0.0,0.0,0.0,0.0,0.0,0.0,0.0,0.0,0.0,0.0,0.0,0.0,0.0,0.0
16891,United Arab Emirates,Spices,Import,55.0,64.0,76.0,82.0,74.0,59.0,105.0,101.0,102.0,80.0,86.0,97.0,107.0,116.0,141.0,148.0,134.0,126.0
16892,United Arab Emirates,Spices,Stock Variation,-6.0,-3.0,-4.0,11.0,-9.0,9.0,-32.0,-2.0,-5.0,-5.0,0.0,0.0,0.0,0.0,-13.0,-11.0,-6.0,1.0
16893,United Arab Emirates,Spices,Export,9.0,10.0,34.0,53.0,18.0,44.0,6.0,45.0,41.0,15.0,23.0,7.0,8.0,11.0,67.0,76.0,58.0,23.0
16894,United Arab Emirates,Spices,Domestic supply,40.0,51.0,38.0,40.0,47.0,24.0,67.0,53.0,55.0,60.0,63.0,91.0,99.0,105.0,88.0,84.0,82.0,102.0
16895,United Arab Emirates,Spices,Other uses (non-food),25.0,29.0,23.0,24.0,34.0,15.0,45.0,35.0,33.0,37.0,42.0,59.0,55.0,65.0,47.0,50.0,54.0,64.0
16896,United Arab Emirates,Alcoholic Beverages,Export,1.0,1.0,2.0,3.0,4.0,5.0,4.0,7.0,9.0,7.0,6.0,7.0,12.0,19.0,96.0,11.0,11.0,31.0
16897,United Arab Emirates,"Fish, Seafood",Human Consumption,77.0,83.0,82.0,88.0,101.0,99.0,117.0,142.0,160.0,191.0,202.0,213.0,213.0,213.0,234.0,234.0,234.0,234.0
16898,United Arab Emirates,Pulses,Human Consumption,28.0,31.0,38.0,41.0,52.0,69.0,76.0,93.0,124.0,161.0,176.0,216.0,243.0,238.0,246.0,253.0,235.0,251.0
16899,United Arab Emirates,"Fish, Seafood",Feed,0.0,0.0,4.0,6.0,14.0,5.0,3.0,1.0,0.0,0.0,0.0,0.0,0.0,0.0,2.0,2.0,2.0,2.0
16900,United Arab Emirates,Oilcrops,Domestic supply,89.0,52.0,130.0,247.0,299.0,465.0,785.0,993.0,769.0,922.0,907.0,1058.0,936.0,979.0,1021.0,1019.0,868.0,1014.0
16901,United Arab Emirates,Oilcrops,Export,7.0,20.0,21.0,42.0,54.0,51.0,38.0,114.0,110.0,60.0,105.0,42.0,45.0,58.0,64.0,53.0,28.0,26.0
16902,United Arab Emirates,Oilcrops,Stock Variation,-4.0,3.0,-14.0,0.0,-68.0,-3.0,-60.0,79.0,-82.0,2.0,16.0,22.0,-84.0,104.0,-11.0,7.0,51.0,11.0
16903,United Arab Emirates,Oilcrops,Import,100.0,69.0,165.0,289.0,421.0,519.0,883.0,1028.0,961.0,981.0,996.0,1078.0,1065.0,933.0,1074.0,1079.0,948.0,1051.0
16904,United Arab Emirates,Treenuts,Human Consumption,13.0,11.0,15.0,16.0,21.0,25.0,56.0,35.0,44.0,109.0,150.0,234.0,130.0,193.0,40.0,28.0,35.0,70.0
16905,United Arab Emirates,Treenuts,Other uses (non-food),12.0,33.0,29.0,21.0,53.0,5.0,46.0,20.0,22.0,62.0,33.0,33.0,31.0,35.0,0.0,0.0,0.0,2.0
16906,United Arab Emirates,Treenuts,Losses,0.0,0.0,0.0,0.0,0.0,0.0,0.0,0.0,0.0,0.0,0.0,1.0,0.0,0.0,0.0,0.0,0.0,1.0
16907,United Arab Emirates,Treenuts,Domestic supply,25.0,45.0,44.0,37.0,75.0,30.0,103.0,56.0,66.0,172.0,184.0,267.0,161.0,228.0,40.0,28.0,36.0,72.0
16908,United Arab Emirates,Oilcrops,Feed,0.0,0.0,9.0,8.0,7.0,7.0,8.0,8.0,10.0,10.0,13.0,4.0,15.0,5.0,13.0,21.0,9.0,19.0
16909,United Arab Emirates,Treenuts,Export,0.0,0.0,29.0,45.0,11.0,46.0,7.0,77.0,94.0,7.0,11.0,9.0,7.0,13.0,100.0,91.0,76.0,48.0
16910,United Arab Emirates,Treenuts,Import,25.0,45.0,73.0,82.0,103.0,57.0,144.0,131.0,157.0,200.0,194.0,276.0,167.0,240.0,135.0,119.0,111.0,120.0
16911,United Arab Emirates,Treenuts,Production,0.0,0.0,0.0,1.0,1.0,1.0,1.0,1.0,1.0,1.0,1.0,1.0,1.0,1.0,1.0,1.0,1.0,1.0
16912,United Arab Emirates,Pulses,Other uses (non-food),4.0,5.0,11.0,8.0,11.0,4.0,10.0,9.0,11.0,13.0,14.0,21.0,16.0,24.0,24.0,25.0,22.0,27.0
16913,United Arab Emirates,Pulses,Losses,0.0,1.0,2.0,3.0,2.0,2.0,3.0,3.0,4.0,3.0,3.0,3.0,3.0,4.0,5.0,4.0,4.0,4.0
16914,United Arab Emirates,Pulses,Feed,0.0,0.0,2.0,4.0,6.0,2.0,2.0,4.0,4.0,4.0,3.0,3.0,1.0,4.0,45.0,46.0,43.0,40.0
16915,United Arab Emirates,Pulses,Domestic supply,32.0,37.0,53.0,56.0,71.0,76.0,90.0,108.0,144.0,181.0,196.0,243.0,263.0,270.0,319.0,328.0,304.0,323.0
16916,United Arab Emirates,Pulses,Export,14.0,21.0,70.0,41.0,49.0,39.0,11.0,80.0,119.0,78.0,171.0,71.0,64.0,110.0,148.0,193.0,205.0,235.0
16917,United Arab Emirates,Pulses,Stock Variation,1.0,-1.0,-18.0,-10.0,33.0,24.0,-128.0,-36.0,-56.0,-110.0,67.0,-39.0,68.0,-48.0,-26.0,-22.0,-22.0,-2.0
16918,United Arab Emirates,Treenuts,Stock Variation,0.0,0.0,-1.0,-1.0,-18.0,18.0,-35.0,1.0,2.0,-23.0,0.0,0.0,0.0,0.0,-4.0,0.0,0.0,1.0
16919,United Arab Emirates,Pulses,Import,46.0,58.0,141.0,107.0,87.0,91.0,229.0,225.0,318.0,369.0,300.0,353.0,258.0,428.0,441.0,499.0,486.0,557.0
16920,United Arab Emirates,Oilcrops,Losses,4.0,3.0,4.0,5.0,3.0,3.0,1.0,5.0,5.0,4.0,3.0,2.0,1.0,2.0,0.0,0.0,0.0,0.0
16921,United Arab Emirates,Oilcrops,Other uses (non-food),56.0,21.0,39.0,41.0,13.0,23.0,24.0,32.0,26.0,54.0,58.0,78.0,24.0,64.0,13.0,15.0,14.0,17.0
16922,United Arab Emirates,Vegetables,Domestic supply,2697.0,1005.0,1018.0,862.0,1011.0,910.0,1088.0,915.0,1122.0,853.0,985.0,925.0,993.0,901.0,1419.0,1561.0,1567.0,1562.0
16923,United Arab Emirates,Sugar Crops,Human Consumption,0.0,0.0,0.0,0.0,0.0,0.0,0.0,0.0,0.0,0.0,0.0,0.0,0.0,0.0,1.0,1.0,1.0,0.0
16924,United Arab Emirates,Sugar Crops,Feed,0.0,0.0,1.0,0.0,0.0,0.0,0.0,1.0,1.0,0.0,0.0,0.0,0.0,0.0,1.0,2.0,1.0,0.0
16925,United Arab Emirates,Sugar Crops,Domestic supply,0.0,0.0,1.0,0.0,0.0,0.0,0.0,1.0,1.0,0.0,0.0,0.0,0.0,0.0,1.0,3.0,3.0,0.0
16926,United Arab Emirates,Sugar Crops,Export,0.0,0.0,0.0,0.0,0.0,0.0,0.0,0.0,0.0,0.0,0.0,0.0,0.0,0.0,0.0,0.0,0.0,0.0
16927,United Arab Emirates,Sugar Crops,Stock Variation,0.0,0.0,0.0,0.0,0.0,0.0,0.0,0.0,0.0,0.0,0.0,0.0,0.0,0.0,0.0,0.0,0.0,0.0
16928,United Arab Emirates,Sugar Crops,Import,0.0,0.0,1.0,0.0,0.0,0.0,0.0,1.0,1.0,0.0,0.0,0.0,0.0,0.0,2.0,3.0,3.0,0.0
16929,United Arab Emirates,Sugar Crops,Production,0.0,0.0,0.0,0.0,0.0,0.0,0.0,0.0,0.0,0.0,0.0,0.0,0.0,0.0,0.0,0.0,0.0,0.0
16930,United Arab Emirates,Oilcrops,Processing,1.0,1.0,45.0,151.0,245.0,400.0,722.0,902.0,680.0,779.0,767.0,866.0,793.0,804.0,981.0,906.0,913.0,905.0
16931,United Arab Emirates,Starchy Roots,Human Consumption,64.0,60.0,81.0,75.0,51.0,23.0,84.0,130.0,170.0,102.0,92.0,125.0,107.0,148.0,112.0,111.0,107.0,106.0
16932,United Arab Emirates,Starchy Roots,Losses,9.0,9.0,9.0,7.0,6.0,3.0,11.0,17.0,15.0,6.0,6.0,7.0,8.0,13.0,22.0,24.0,27.0,25.0
16933,United Arab Emirates,Starchy Roots,Feed,9.0,8.0,9.0,7.0,5.0,2.0,8.0,15.0,15.0,5.0,5.0,5.0,7.0,11.0,37.0,49.0,49.0,46.0
16934,United Arab Emirates,Starchy Roots,Domestic supply,86.0,82.0,141.0,154.0,105.0,38.0,232.0,240.0,303.0,178.0,152.0,191.0,152.0,222.0,223.0,234.0,232.0,225.0
16935,United Arab Emirates,Starchy Roots,Export,3.0,7.0,3.0,5.0,15.0,13.0,22.0,18.0,12.0,10.0,9.0,11.0,21.0,41.0,24.0,17.0,28.0,33.0
16936,United Arab Emirates,Starchy Roots,Stock Variation,0.0,0.0,-8.0,5.0,2.0,0.0,0.0,0.0,0.0,0.0,0.0,0.0,0.0,0.0,91.0,99.0,117.0,102.0
16937,United Arab Emirates,Starchy Roots,Import,73.0,77.0,143.0,146.0,111.0,44.0,247.0,250.0,308.0,181.0,153.0,193.0,163.0,253.0,337.0,346.0,372.0,355.0
16938,United Arab Emirates,Starchy Roots,Production,16.0,11.0,10.0,7.0,7.0,7.0,7.0,7.0,7.0,7.0,8.0,10.0,10.0,10.0,1.0,3.0,5.0,5.0
16939,United Arab Emirates,Oilcrops,Human Consumption,28.0,28.0,33.0,44.0,31.0,32.0,29.0,50.0,60.0,76.0,72.0,108.0,103.0,105.0,73.0,78.0,78.0,73.0
16940,United Arab Emirates,Starchy Roots,Other uses (non-food),5.0,4.0,41.0,65.0,43.0,12.0,130.0,83.0,109.0,65.0,50.0,54.0,31.0,51.0,53.0,50.0,49.0,49.0
16941,United Arab Emirates,Pulses,Production,0.0,0.0,0.0,0.0,0.0,0.0,0.0,0.0,0.0,0.0,0.0,0.0,0.0,0.0,0.0,0.0,0.0,0.0
16942,United Arab Emirates,Sugar & Sweeteners,Human Consumption,112.0,117.0,121.0,129.0,140.0,167.0,183.0,188.0,223.0,265.0,330.0,310.0,332.0,345.0,416.0,422.0,397.0,436.0
16943,United Arab Emirates,Sugar & Sweeteners,Other uses (non-food),501.0,556.0,356.0,1067.0,351.0,1747.0,425.0,881.0,839.0,697.0,507.0,698.0,1267.0,1274.0,1224.0,713.0,668.0,654.0
16944,United Arab Emirates,Cereals - Excluding Beer,Export,501.0,524.0,593.0,710.0,686.0,697.0,350.0,608.0,950.0,1144.0,1577.0,638.0,638.0,620.0,618.0,774.0,798.0,593.0
16945,United Arab Emirates,Cereals - Excluding Beer,Domestic supply,1184.0,1166.0,1168.0,1302.0,1262.0,1611.0,1785.0,2073.0,2351.0,2476.0,2580.0,2529.0,3147.0,3141.0,2962.0,3213.0,3244.0,3110.0
16946,United Arab Emirates,Cereals - Excluding Beer,Feed,349.0,257.0,232.0,328.0,200.0,386.0,559.0,657.0,765.0,662.0,630.0,607.0,1037.0,1053.0,941.0,1262.0,1243.0,1093.0
16947,United Arab Emirates,Cereals - Excluding Beer,Seed,0.0,0.0,0.0,0.0,0.0,0.0,0.0,0.0,0.0,0.0,0.0,0.0,0.0,0.0,0.0,0.0,0.0,0.0
16948,United Arab Emirates,Cereals - Excluding Beer,Losses,205.0,230.0,245.0,261.0,260.0,329.0,265.0,290.0,367.0,412.0,455.0,343.0,413.0,384.0,133.0,72.0,65.0,78.0
16949,United Arab Emirates,Cereals - Excluding Beer,Other uses (non-food),152.0,149.0,169.0,185.0,190.0,197.0,172.0,162.0,197.0,173.0,195.0,203.0,254.0,264.0,399.0,380.0,458.0,415.0
16950,United Arab Emirates,Cereals - Excluding Beer,Human Consumption,478.0,530.0,521.0,527.0,612.0,699.0,797.0,964.0,1023.0,1228.0,1339.0,1409.0,1483.0,1483.0,1494.0,1505.0,1483.0,1537.0
16951,United Arab Emirates,"Aquatic Products, Other",Production,0.0,0.0,0.0,0.0,1.0,0.0,0.0,0.0,0.0,0.0,0.0,0.0,0.0,0.0,0.0,0.0,0.0,0.0
16952,United Arab Emirates,Cereals - Excluding Beer,Stock Variation,-164.0,-543.0,-297.0,-284.0,-172.0,-357.0,-231.0,104.0,-97.0,294.0,565.0,91.0,-724.0,-543.0,375.0,-182.0,-162.0,-239.0
16953,United Arab Emirates,"Aquatic Products, Other",Import,0.0,0.0,0.0,0.0,0.0,0.0,0.0,0.0,0.0,0.0,0.0,0.0,0.0,0.0,1.0,1.0,1.0,1.0
16954,United Arab Emirates,"Aquatic Products, Other",Domestic supply,0.0,0.0,0.0,0.0,0.0,0.0,0.0,0.0,0.0,0.0,0.0,0.0,0.0,0.0,0.0,0.0,0.0,0.0
16955,United Arab Emirates,"Aquatic Products, Other",Other uses (non-food),0.0,0.0,0.0,0.0,0.0,0.0,0.0,0.0,0.0,0.0,0.0,0.0,0.0,0.0,0.0,0.0,0.0,0.0
16956,United Arab Emirates,"Aquatic Products, Other",Human Consumption,0.0,0.0,0.0,0.0,0.0,0.0,0.0,0.0,0.0,0.0,0.0,0.0,0.0,0.0,0.0,0.0,0.0,0.0
16957,United Arab Emirates,"Fish, Seafood",Production,105.0,113.0,98.0,97.0,90.0,87.0,101.0,97.0,75.0,78.0,80.0,76.0,76.0,76.0,73.0,73.0,73.0,73.0
16958,United Arab Emirates,"Fish, Seafood",Import,67.0,83.0,82.0,109.0,117.0,83.0,98.0,151.0,163.0,208.0,247.0,204.0,204.0,204.0,304.0,304.0,304.0,304.0
16959,United Arab Emirates,"Fish, Seafood",Stock Variation,0.0,0.0,0.0,-3.0,-24.0,27.0,-8.0,-2.0,2.0,-5.0,-28.0,41.0,41.0,41.0,10.0,10.0,10.0,10.0
16960,United Arab Emirates,"Fish, Seafood",Export,31.0,33.0,25.0,34.0,17.0,69.0,40.0,44.0,46.0,32.0,38.0,65.0,65.0,65.0,87.0,87.0,87.0,87.0
16961,United Arab Emirates,"Fish, Seafood",Domestic supply,142.0,163.0,155.0,170.0,165.0,128.0,150.0,201.0,194.0,248.0,261.0,255.0,255.0,255.0,300.0,300.0,300.0,300.0
16962,United Arab Emirates,"Aquatic Products, Other",Export,0.0,0.0,0.0,0.0,1.0,0.0,0.0,0.0,0.0,0.0,0.0,0.0,0.0,0.0,0.0,0.0,0.0,0.0
16963,United Arab Emirates,Cereals - Excluding Beer,Import,1848.0,2233.0,2058.0,2295.0,2121.0,2664.0,2365.0,2531.0,3345.0,3234.0,3461.0,2982.0,4485.0,4249.0,3951.0,3800.0,3873.0,3457.0
16964,United Arab Emirates,Cereals - Excluding Beer,Production,0.0,0.0,0.0,0.0,0.0,0.0,0.0,45.0,53.0,93.0,130.0,95.0,24.0,55.0,3.0,5.0,7.0,7.0
16965,United Arab Emirates,Vegetables,Losses,518.0,169.0,169.0,144.0,162.0,157.0,169.0,169.0,193.0,153.0,163.0,148.0,157.0,154.0,244.0,264.0,266.0,258.0
16966,United Arab Emirates,Sugar & Sweeteners,Processing,0.0,0.0,0.0,0.0,0.0,0.0,0.0,0.0,0.0,0.0,0.0,0.0,0.0,0.0,33.0,17.0,18.0,21.0
16967,United Arab Emirates,Sugar & Sweeteners,Feed,0.0,0.0,0.0,0.0,0.0,0.0,0.0,0.0,0.0,0.0,0.0,0.0,0.0,0.0,0.0,0.0,0.0,0.0
16968,United Arab Emirates,Sugar & Sweeteners,Domestic supply,613.0,673.0,477.0,1197.0,491.0,1914.0,608.0,1069.0,1061.0,962.0,837.0,1009.0,1599.0,1619.0,1673.0,1152.0,1083.0,1109.0
16969,United Arab Emirates,Sugar & Sweeteners,Export,588.0,304.0,541.0,550.0,373.0,627.0,960.0,811.0,501.0,634.0,1833.0,600.0,509.0,932.0,1269.0,1505.0,1653.0,2168.0
16970,United Arab Emirates,Sugar & Sweeteners,Stock Variation,217.0,-163.0,-365.0,217.0,-895.0,114.0,-274.0,-761.0,434.0,-542.0,761.0,-435.0,-1.0,-2.0,220.0,-984.0,-1062.0,90.0
16971,United Arab Emirates,Sugar & Sweeteners,Import,984.0,1140.0,1383.0,1530.0,1760.0,2427.0,1842.0,2641.0,1129.0,2139.0,1909.0,2043.0,2109.0,2554.0,3011.0,1595.0,1592.0,3269.0
16972,United Arab Emirates,Sugar & Sweeteners,Production,0.0,0.0,0.0,0.0,0.0,0.0,0.0,0.0,0.0,0.0,0.0,0.0,0.0,0.0,150.0,78.0,82.0,97.0
16973,United Arab Emirates,Vegetable Oils,Human Consumption,31.0,28.0,24.0,28.0,32.0,37.0,44.0,46.0,62.0,82.0,87.0,95.0,102.0,85.0,96.0,92.0,96.0,95.0
16974,United Arab Emirates,Vegetable Oils,Other uses (non-food),27.0,19.0,70.0,71.0,98.0,86.0,316.0,265.0,332.0,298.0,355.0,421.0,335.0,198.0,353.0,367.0,326.0,459.0
16975,United Arab Emirates,Vegetable Oils,Processing,0.0,0.0,0.0,0.0,0.0,0.0,0.0,0.0,0.0,0.0,0.0,0.0,0.0,0.0,21.0,93.0,29.0,48.0
16976,United Arab Emirates,Vegetable Oils,Losses,2.0,2.0,2.0,3.0,5.0,7.0,6.0,6.0,6.0,6.0,4.0,4.0,5.0,5.0,5.0,2.0,3.0,1.0
16977,United Arab Emirates,Vegetable Oils,Domestic supply,54.0,43.0,87.0,88.0,132.0,63.0,361.0,274.0,363.0,386.0,445.0,520.0,442.0,287.0,420.0,554.0,437.0,600.0
16978,United Arab Emirates,Vegetable Oils,Export,180.0,176.0,240.0,395.0,418.0,449.0,349.0,366.0,440.0,400.0,666.0,594.0,482.0,725.0,559.0,520.0,616.0,462.0
16979,United Arab Emirates,Vegetable Oils,Stock Variation,9.0,-10.0,-28.0,20.0,2.0,-26.0,-146.0,-69.0,-3.0,-85.0,-1.0,-83.0,64.0,113.0,36.0,-45.0,-87.0,37.0
16980,United Arab Emirates,Vegetable Oils,Import,225.0,229.0,343.0,433.0,503.0,456.0,630.0,454.0,577.0,597.0,797.0,839.0,563.0,602.0,625.0,560.0,569.0,678.0
16981,United Arab Emirates,Vegetable Oils,Production,0.0,0.0,12.0,30.0,46.0,83.0,226.0,255.0,229.0,274.0,314.0,358.0,297.0,297.0,390.0,469.0,396.0,421.0
16982,United Arab Emirates,Vegetables,Human Consumption,807.0,571.0,562.0,514.0,662.0,611.0,614.0,531.0,772.0,610.0,731.0,683.0,746.0,650.0,917.0,989.0,977.0,985.0
16983,United Arab Emirates,Vegetables,Other uses (non-food),1372.0,265.0,286.0,204.0,188.0,148.0,306.0,216.0,158.0,90.0,91.0,94.0,91.0,98.0,159.0,198.0,216.0,226.0
16984,United Arab Emirates,Vegetables,Processing,0.0,0.0,0.0,0.0,0.0,0.0,0.0,0.0,0.0,0.0,0.0,0.0,0.0,0.0,99.0,111.0,108.0,95.0
16985,United Arab Emirates,"Fish, Seafood",Other uses (non-food),65.0,80.0,69.0,76.0,51.0,24.0,30.0,58.0,34.0,57.0,58.0,42.0,42.0,42.0,63.0,63.0,63.0,63.0
16986,United Arab Emirates,Vegetables,Feed,0.0,0.0,0.0,0.0,0.0,0.0,0.0,0.0,0.0,0.0,0.0,0.0,0.0,1.0,0.0,0.0,0.0,1.0
16987,United Kingdom,Eggs,Import,54.0,64.0,77.0,80.0,83.0,80.0,92.0,123.0,121.0,111.0,96.0,85.0,123.0,122.0,107.0,120.0,113.0,101.0
16988,United Kingdom,Sugar Crops,Losses,0.0,0.0,0.0,0.0,0.0,0.0,0.0,0.0,0.0,0.0,0.0,0.0,0.0,0.0,464.0,310.0,283.0,444.0
16989,United Kingdom,Meat,Production,3512.0,3264.0,3340.0,3296.0,3311.0,3392.0,3402.0,3419.0,3372.0,3335.0,3533.0,3612.0,3603.0,3640.0,3694.0,3829.0,3927.0,3924.0
16990,United Kingdom,Offals,Human Consumption,148.0,163.0,156.0,167.0,173.0,172.0,176.0,170.0,164.0,156.0,131.0,126.0,127.0,126.0,124.0,124.0,136.0,127.0
16991,United Kingdom,Offals,Losses,0.0,0.0,0.0,0.0,0.0,0.0,0.0,0.0,0.0,0.0,0.0,0.0,0.0,0.0,6.0,6.0,6.0,6.0
16992,United Kingdom,Offals,Feed,1.0,0.0,0.0,0.0,0.0,1.0,1.0,0.0,1.0,0.0,0.0,0.0,0.0,0.0,0.0,0.0,0.0,0.0
16993,United Kingdom,Offals,Domestic supply,149.0,163.0,157.0,168.0,174.0,173.0,177.0,171.0,165.0,157.0,131.0,127.0,127.0,126.0,130.0,130.0,142.0,133.0
16994,United Kingdom,Offals,Export,80.0,56.0,67.0,57.0,50.0,95.0,69.0,44.0,59.0,66.0,82.0,100.0,110.0,103.0,115.0,134.0,142.0,150.0
16995,United Kingdom,Offals,Stock Variation,0.0,0.0,0.0,0.0,0.0,0.0,0.0,0.0,0.0,0.0,0.0,0.0,0.0,0.0,0.0,0.0,0.0,0.0
16996,United Kingdom,Offals,Import,68.0,72.0,68.0,83.0,90.0,91.0,82.0,72.0,79.0,82.0,65.0,67.0,72.0,67.0,48.0,49.0,52.0,51.0
16997,United Kingdom,Meat,Import,1666.0,1771.0,1942.0,2194.0,2353.0,2271.0,2429.0,2478.0,2425.0,2409.0,2403.0,2518.0,2533.0,2502.0,2146.0,2236.0,2344.0,2351.0
16998,United Kingdom,Offals,Production,160.0,147.0,156.0,142.0,133.0,177.0,164.0,143.0,145.0,141.0,148.0,160.0,165.0,162.0,197.0,215.0,231.0,233.0
16999,United Kingdom,Animal fats,Other uses (non-food),102.0,112.0,79.0,94.0,100.0,80.0,59.0,59.0,61.0,68.0,49.0,59.0,88.0,109.0,67.0,59.0,54.0,60.0
17000,United Kingdom,Animal fats,Processing,0.0,0.0,0.0,0.0,0.0,0.0,0.0,0.0,0.0,0.0,0.0,0.0,0.0,0.0,20.0,21.0,25.0,24.0
17001,United Kingdom,Animal fats,Losses,19.0,19.0,10.0,11.0,12.0,11.0,12.0,11.0,14.0,15.0,14.0,15.0,18.0,20.0,8.0,8.0,8.0,8.0
17002,United Kingdom,Animal fats,Feed,19.0,18.0,17.0,20.0,23.0,22.0,15.0,16.0,21.0,36.0,20.0,10.0,9.0,6.0,6.0,6.0,6.0,6.0
17003,United Kingdom,Animal fats,Domestic supply,555.0,540.0,506.0,554.0,546.0,553.0,530.0,475.0,471.0,512.0,486.0,478.0,525.0,521.0,495.0,489.0,448.0,430.0
17004,United Kingdom,Animal fats,Export,231.0,216.0,212.0,249.0,210.0,200.0,214.0,235.0,209.0,217.0,294.0,338.0,297.0,291.0,203.0,196.0,213.0,209.0
17005,United Kingdom,Animal fats,Stock Variation,5.0,5.0,0.0,-1.0,2.0,2.0,0.0,0.0,0.0,0.0,0.0,0.0,0.0,0.0,-2.0,-3.0,-3.0,-1.0
17006,United Kingdom,Animal fats,Import,320.0,337.0,255.0,322.0,315.0,314.0,310.0,273.0,267.0,311.0,290.0,293.0,285.0,289.0,241.0,232.0,198.0,183.0
17007,United Kingdom,Animal fats,Human Consumption,415.0,392.0,400.0,429.0,412.0,439.0,444.0,388.0,376.0,394.0,402.0,394.0,410.0,387.0,394.0,395.0,355.0,332.0
17008,United Kingdom,Animal fats,Production,461.0,414.0,463.0,482.0,439.0,437.0,434.0,436.0,414.0,418.0,490.0,523.0,537.0,523.0,455.0,449.0,460.0,455.0
17009,United Kingdom,Meat,Stock Variation,0.0,0.0,0.0,0.0,0.0,0.0,0.0,0.0,0.0,0.0,0.0,0.0,0.0,0.0,-9.0,0.0,0.0,-30.0
17010,United Kingdom,Meat,Domestic supply,4632.0,4720.0,4857.0,5023.0,5158.0,5138.0,5280.0,5255.0,5062.0,5051.0,5168.0,5269.0,5313.0,5256.0,4978.0,5274.0,5460.0,5433.0
17011,United Kingdom,Spices,Domestic supply,35.0,38.0,36.0,39.0,41.0,44.0,48.0,51.0,57.0,59.0,62.0,68.0,66.0,69.0,68.0,76.0,78.0,79.0
17012,United Kingdom,Spices,Export,7.0,8.0,7.0,7.0,8.0,7.0,7.0,7.0,7.0,7.0,9.0,9.0,10.0,11.0,10.0,11.0,13.0,15.0
17013,United Kingdom,Spices,Stock Variation,0.0,0.0,0.0,0.0,0.0,0.0,0.0,0.0,0.0,0.0,0.0,0.0,0.0,0.0,-2.0,0.0,4.0,2.0
17014,United Kingdom,Spices,Import,41.0,45.0,43.0,47.0,49.0,52.0,55.0,58.0,64.0,67.0,70.0,77.0,76.0,80.0,76.0,88.0,95.0,96.0
17015,United Kingdom,Alcoholic Beverages,Human Consumption,6704.0,7019.0,7090.0,7394.0,7337.0,7503.0,7069.0,6894.0,6639.0,6090.0,6248.0,6447.0,6089.0,5904.0,6435.0,6641.0,6615.0,6350.0
17016,United Kingdom,Alcoholic Beverages,Other uses (non-food),72.0,119.0,27.0,21.0,31.0,15.0,248.0,192.0,83.0,140.0,267.0,162.0,381.0,648.0,227.0,356.0,211.0,75.0
17017,United Kingdom,Alcoholic Beverages,Domestic supply,6776.0,7138.0,7117.0,7415.0,7368.0,7518.0,7317.0,7087.0,6722.0,6230.0,6515.0,6609.0,6469.0,6552.0,6662.0,6997.0,6826.0,6425.0
17018,United Kingdom,Alcoholic Beverages,Export,1586.0,1279.0,1387.0,1362.0,1654.0,1788.0,1521.0,1567.0,1559.0,1448.0,1499.0,1621.0,1829.0,1961.0,1988.0,1989.0,2136.0,2317.0
17019,United Kingdom,Meat,Export,546.0,315.0,425.0,467.0,507.0,525.0,552.0,642.0,736.0,693.0,769.0,861.0,823.0,887.0,871.0,790.0,811.0,872.0
17020,United Kingdom,Alcoholic Beverages,Stock Variation,239.0,-90.0,-93.0,-61.0,-100.0,100.0,0.0,-200.0,200.0,0.0,0.0,0.0,0.0,0.0,-378.0,-315.0,-234.0,0.0
17021,United Kingdom,Alcoholic Beverages,Production,6534.0,6744.0,6683.0,6793.0,6817.0,6672.0,6208.0,6335.0,5753.0,5485.0,5501.0,5671.0,5347.0,5276.0,5220.0,5360.0,5327.0,5384.0
17022,United Kingdom,Miscellaneous,Human Consumption,23.0,22.0,19.0,18.0,32.0,36.0,38.0,31.0,36.0,35.0,37.0,60.0,76.0,95.0,821.0,828.0,870.0,804.0
17023,United Kingdom,Miscellaneous,Domestic supply,23.0,22.0,19.0,18.0,32.0,36.0,38.0,31.0,36.0,35.0,37.0,60.0,76.0,95.0,821.0,828.0,870.0,804.0
17024,United Kingdom,Miscellaneous,Export,3.0,5.0,5.0,9.0,3.0,4.0,5.0,5.0,3.0,4.0,4.0,5.0,5.0,6.0,392.0,416.0,422.0,444.0
17025,United Kingdom,Miscellaneous,Stock Variation,0.0,0.0,0.0,0.0,0.0,0.0,0.0,0.0,0.0,0.0,0.0,0.0,0.0,0.0,0.0,0.0,-30.0,-19.0
17026,United Kingdom,Miscellaneous,Import,26.0,27.0,24.0,26.0,35.0,40.0,43.0,35.0,39.0,40.0,41.0,65.0,81.0,101.0,1212.0,1244.0,1262.0,1229.0
17027,United Kingdom,Meat,Human Consumption,4560.0,4662.0,4727.0,4969.0,5115.0,5055.0,5215.0,5211.0,5018.0,5004.0,5051.0,5168.0,5226.0,5165.0,4864.0,5177.0,5356.0,5331.0
17028,United Kingdom,Meat,Processing,73.0,59.0,131.0,54.0,43.0,83.0,64.0,43.0,44.0,47.0,117.0,101.0,87.0,91.0,114.0,98.0,104.0,103.0
17029,United Kingdom,Alcoholic Beverages,Import,1590.0,1763.0,1915.0,2045.0,2305.0,2534.0,2631.0,2518.0,2329.0,2193.0,2513.0,2559.0,2951.0,3237.0,3053.0,3311.0,3402.0,3358.0
17030,United Kingdom,Spices,Human Consumption,35.0,38.0,36.0,39.0,41.0,44.0,48.0,51.0,57.0,59.0,62.0,68.0,66.0,69.0,68.0,76.0,78.0,79.0
17031,United Kingdom,Milk - Excluding Butter,Human Consumption,13056.0,13483.0,13840.0,14482.0,14166.0,15009.0,14550.0,14701.0,15092.0,14640.0,15003.0,14958.0,14891.0,14718.0,14713.0,14888.0,14571.0,14924.0
17032,United Kingdom,Milk - Excluding Butter,Losses,0.0,0.0,0.0,0.0,0.0,0.0,0.0,0.0,0.0,0.0,0.0,0.0,0.0,0.0,0.0,0.0,0.0,0.0
17033,United Kingdom,"Aquatic Products, Other",Human Consumption,0.0,0.0,0.0,0.0,0.0,0.0,1.0,5.0,1.0,1.0,0.0,1.0,1.0,0.0,0.0,0.0,0.0,0.0
17034,United Kingdom,"Aquatic Products, Other",Other uses (non-food),9.0,12.0,9.0,13.0,10.0,11.0,23.0,12.0,10.0,8.0,1.0,1.0,1.0,3.0,3.0,3.0,3.0,3.0
17035,United Kingdom,"Aquatic Products, Other",Domestic supply,9.0,12.0,10.0,13.0,11.0,12.0,24.0,17.0,11.0,9.0,1.0,2.0,1.0,3.0,3.0,3.0,3.0,3.0
17036,United Kingdom,"Aquatic Products, Other",Export,1.0,0.0,1.0,1.0,1.0,1.0,1.0,2.0,2.0,2.0,2.0,2.0,2.0,2.0,2.0,2.0,2.0,2.0
17037,United Kingdom,"Aquatic Products, Other",Stock Variation,0.0,0.0,0.0,0.0,0.0,0.0,0.0,0.0,0.0,0.0,0.0,0.0,0.0,0.0,0.0,0.0,0.0,0.0
17038,United Kingdom,"Aquatic Products, Other",Import,10.0,12.0,10.0,14.0,12.0,13.0,25.0,19.0,13.0,11.0,3.0,4.0,3.0,5.0,5.0,5.0,5.0,5.0
17039,United Kingdom,"Aquatic Products, Other",Production,0.0,0.0,0.0,0.0,0.0,0.0,0.0,0.0,0.0,0.0,0.0,0.0,0.0,0.0,0.0,0.0,0.0,0.0
17040,United Kingdom,Cereals - Excluding Beer,Human Consumption,6379.0,6212.0,6829.0,6855.0,6739.0,6858.0,6837.0,6953.0,7130.0,7094.0,7163.0,7158.0,7242.0,7343.0,7742.0,7793.0,7977.0,7892.0
17041,United Kingdom,"Fish, Seafood",Production,914.0,947.0,915.0,833.0,868.0,850.0,803.0,802.0,782.0,777.0,823.0,810.0,844.0,837.0,837.0,837.0,837.0,837.0
17042,United Kingdom,Cereals - Excluding Beer,Other uses (non-food),835.0,546.0,632.0,217.0,345.0,292.0,342.0,220.0,1391.0,614.0,1104.0,616.0,714.0,1408.0,993.0,958.0,1026.0,1013.0
17043,United Kingdom,Cereals - Excluding Beer,Losses,385.0,263.0,382.0,347.0,367.0,350.0,356.0,341.0,408.0,359.0,351.0,402.0,326.0,303.0,159.0,145.0,134.0,142.0
17044,United Kingdom,Cereals - Excluding Beer,Seed,471.0,484.0,463.0,450.0,427.0,417.0,409.0,487.0,504.0,482.0,460.0,467.0,514.0,474.0,491.0,487.0,490.0,556.0
17045,United Kingdom,Cereals - Excluding Beer,Feed,10319.0,10776.0,10644.0,10529.0,10486.0,10454.0,10376.0,10053.0,9707.0,10176.0,10294.0,9704.0,10360.0,11349.0,11360.0,11373.0,11347.0,11899.0
17046,United Kingdom,Cereals - Excluding Beer,Domestic supply,21481.0,21340.0,22063.0,21493.0,21392.0,21328.0,21041.0,21304.0,21750.0,21427.0,21903.0,21061.0,21692.0,23212.0,23655.0,23556.0,23766.0,24406.0
17047,United Kingdom,Cereals - Excluding Beer,Export,6448.0,3792.0,4081.0,6318.0,4709.0,4712.0,3928.0,3710.0,4608.0,4650.0,5756.0,4558.0,3675.0,2945.0,3624.0,5036.0,6093.0,3250.0
17048,United Kingdom,Cereals - Excluding Beer,Stock Variation,88.0,1879.0,-1173.0,2138.0,181.0,698.0,65.0,1120.0,-2510.0,-43.0,2418.0,-11.0,328.0,-1637.0,3506.0,2021.0,-2361.0,1894.0
17049,United Kingdom,Cereals - Excluding Beer,Import,3852.0,4294.0,4351.0,4162.0,3892.0,4344.0,4071.0,4769.0,4586.0,4500.0,4295.0,4144.0,5523.0,7711.0,6279.0,5818.0,5489.0,6519.0
17050,United Kingdom,Cereals - Excluding Beer,Production,23989.0,18959.0,22966.0,21511.0,22028.0,20998.0,20832.0,19124.0,24282.0,21619.0,20946.0,21485.0,19515.0,20084.0,24506.0,24794.0,22010.0,23031.0
17051,United Kingdom,Cereals - Excluding Beer,Processing,3091.0,3059.0,3113.0,3094.0,3028.0,2957.0,2720.0,3249.0,2612.0,2702.0,2532.0,2714.0,2537.0,2335.0,2910.0,2800.0,2792.0,2902.0
17052,United Kingdom,Milk - Excluding Butter,Processing,0.0,0.0,6.0,6.0,5.0,90.0,87.0,64.0,78.0,80.0,56.0,85.0,172.0,108.0,0.0,0.0,0.0,0.0
17053,United Kingdom,"Fish, Seafood",Import,2228.0,2313.0,2077.0,2060.0,1916.0,1939.0,2046.0,1756.0,1776.0,1853.0,1777.0,1725.0,1693.0,1651.0,1651.0,1651.0,1651.0,1651.0
17054,United Kingdom,"Fish, Seafood",Export,801.0,873.0,805.0,898.0,860.0,868.0,800.0,819.0,807.0,890.0,954.0,944.0,970.0,973.0,973.0,973.0,973.0,973.0
17055,United Kingdom,Milk - Excluding Butter,Feed,2037.0,2136.0,1797.0,1515.0,1572.0,1341.0,1206.0,1237.0,1183.0,1214.0,1425.0,1178.0,1213.0,1374.0,1961.0,1805.0,1846.0,1299.0
17056,United Kingdom,Milk - Excluding Butter,Domestic supply,15354.0,16030.0,15832.0,16389.0,16003.0,16772.0,16431.0,16775.0,17333.0,17163.0,17315.0,16683.0,17168.0,17005.0,17238.0,17134.0,16828.0,16817.0
17057,United Kingdom,Milk - Excluding Butter,Export,2399.0,1864.0,2279.0,2732.0,3284.0,2541.0,2622.0,2422.0,2318.0,2146.0,2449.0,2549.0,2491.0,2884.0,2991.0,3475.0,3219.0,3588.0
17058,United Kingdom,Milk - Excluding Butter,Stock Variation,159.0,15.0,8.0,-34.0,92.0,0.0,-1.0,0.0,0.0,4.0,0.0,0.0,0.0,0.0,34.0,81.0,-89.0,315.0
17059,United Kingdom,Milk - Excluding Butter,Import,3106.0,3173.0,3235.0,4145.0,4640.0,4840.0,4738.0,5174.0,5932.0,5453.0,5692.0,5382.0,5816.0,5953.0,5213.0,5365.0,5296.0,5464.0
17060,United Kingdom,Milk - Excluding Butter,Production,14488.0,14707.0,14869.0,15010.0,14555.0,14473.0,14316.0,14023.0,13719.0,13852.0,14071.0,13849.0,13843.0,13936.0,15050.0,15324.0,14662.0,15256.0
17061,United Kingdom,Eggs,Human Consumption,549.0,593.0,597.0,591.0,628.0,617.0,616.0,628.0,647.0,640.0,675.0,665.0,684.0,702.0,697.0,730.0,742.0,750.0
17062,United Kingdom,Eggs,Other uses (non-food),0.0,0.0,0.0,0.0,0.0,0.0,0.0,0.0,0.0,0.0,0.0,0.0,0.0,0.0,0.0,0.0,0.0,0.0
17063,United Kingdom,"Fish, Seafood",Stock Variation,-10.0,-8.0,-33.0,69.0,60.0,-4.0,-20.0,8.0,-36.0,18.0,33.0,-15.0,1.0,14.0,14.0,14.0,14.0,14.0
17064,United Kingdom,Eggs,Losses,5.0,6.0,5.0,5.0,6.0,6.0,5.0,5.0,5.0,5.0,5.0,5.0,5.0,5.0,6.0,6.0,6.0,6.0
17065,United Kingdom,Eggs,Domestic supply,621.0,667.0,669.0,666.0,704.0,692.0,689.0,703.0,719.0,712.0,754.0,742.0,763.0,783.0,780.0,816.0,832.0,844.0
17066,United Kingdom,Eggs,Export,17.0,13.0,21.0,19.0,17.0,14.0,14.0,13.0,15.0,15.0,14.0,16.0,18.0,26.0,22.0,18.0,17.0,23.0
17067,United Kingdom,Eggs,Stock Variation,0.0,0.0,0.0,0.0,0.0,0.0,0.0,0.0,0.0,0.0,0.0,0.0,0.0,0.0,0.0,0.0,0.0,0.0
17068,United Kingdom,Eggs,Production,584.0,616.0,614.0,605.0,637.0,625.0,611.0,593.0,613.0,616.0,671.0,673.0,658.0,686.0,695.0,713.0,736.0,766.0
17069,United Kingdom,"Fish, Seafood",Human Consumption,1206.0,1273.0,1245.0,1175.0,1292.0,1267.0,1374.0,1328.0,1309.0,1241.0,1224.0,1277.0,1275.0,1316.0,1316.0,1316.0,1316.0,1316.0
17070,United Kingdom,"Fish, Seafood",Other uses (non-food),2.0,2.0,2.0,2.0,2.0,2.0,2.0,2.0,2.0,2.0,2.0,2.0,2.0,2.0,2.0,1.0,1.0,1.0
17071,United Kingdom,"Fish, Seafood",Feed,1124.0,1105.0,908.0,886.0,690.0,648.0,652.0,417.0,405.0,516.0,454.0,297.0,292.0,211.0,211.0,211.0,211.0,211.0
17072,United Kingdom,"Fish, Seafood",Domestic supply,2331.0,2379.0,2155.0,2063.0,1984.0,1917.0,2029.0,1747.0,1716.0,1759.0,1680.0,1576.0,1568.0,1529.0,1529.0,1529.0,1529.0,1529.0
17073,United Kingdom,Eggs,Seed,67.0,68.0,67.0,70.0,70.0,70.0,69.0,70.0,68.0,68.0,74.0,73.0,75.0,76.0,77.0,80.0,84.0,89.0
17074,United Kingdom,Stimulants,Production,0.0,0.0,0.0,0.0,0.0,0.0,0.0,0.0,0.0,0.0,0.0,0.0,0.0,0.0,0.0,0.0,0.0,0.0
17075,United Kingdom,Milk - Excluding Butter,Other uses (non-food),261.0,411.0,189.0,386.0,259.0,333.0,589.0,773.0,980.0,1228.0,830.0,461.0,893.0,805.0,564.0,451.0,411.0,594.0
17076,United Kingdom,Stimulants,Stock Variation,46.0,-8.0,-7.0,-12.0,-20.0,-47.0,0.0,-3.0,2.0,-8.0,0.0,8.0,0.0,0.0,-21.0,21.0,0.0,31.0
17077,United Kingdom,Oilcrops,Feed,124.0,481.0,423.0,478.0,446.0,369.0,210.0,402.0,551.0,735.0,541.0,208.0,126.0,193.0,123.0,174.0,122.0,171.0
17078,United Kingdom,Oilcrops,Export,155.0,82.0,255.0,324.0,172.0,268.0,263.0,330.0,261.0,122.0,347.0,733.0,1164.0,500.0,505.0,358.0,355.0,211.0
17079,United Kingdom,Oilcrops,Stock Variation,275.0,-25.0,42.0,9.0,18.0,0.0,-7.0,7.0,-1.0,1.0,-10.0,-260.0,220.0,50.0,61.0,114.0,-117.0,410.0
17080,United Kingdom,Oilcrops,Import,1364.0,1891.0,1735.0,1478.0,1324.0,1233.0,1244.0,1227.0,1409.0,1702.0,1484.0,1253.0,1177.0,1194.0,1257.0,1188.0,1120.0,1453.0
17081,United Kingdom,Oilcrops,Production,1200.0,1196.0,1486.0,1830.0,1661.0,1991.0,1939.0,2131.0,2002.0,1966.0,2302.0,2829.0,2599.0,2190.0,2504.0,2577.0,1827.0,2218.0
17082,United Kingdom,Treenuts,Human Consumption,96.0,112.0,110.0,117.0,142.0,197.0,219.0,242.0,202.0,148.0,133.0,118.0,142.0,155.0,82.0,96.0,103.0,108.0
17083,United Kingdom,Sugar Crops,Processing,9085.0,8343.0,9562.0,9177.0,9048.0,8696.0,7410.0,6737.0,7653.0,8492.0,6563.0,8513.0,7295.0,8442.0,8687.0,5880.0,5261.0,8000.0
17084,United Kingdom,Treenuts,Other uses (non-food),0.0,0.0,0.0,0.0,0.0,0.0,0.0,0.0,0.0,0.0,0.0,0.0,0.0,0.0,0.0,0.0,0.0,0.0
17085,United Kingdom,Oilcrops,Seed,8.0,7.0,10.0,10.0,12.0,10.0,10.0,9.0,10.0,12.0,12.0,12.0,12.0,10.0,9.0,11.0,7.0,12.0
17086,United Kingdom,Treenuts,Losses,0.0,0.0,0.0,0.0,0.0,1.0,1.0,1.0,1.0,0.0,0.0,0.0,0.0,0.0,0.0,0.0,0.0,0.0
17087,United Kingdom,Treenuts,Export,13.0,10.0,10.0,13.0,22.0,26.0,21.0,22.0,22.0,19.0,29.0,35.0,28.0,35.0,12.0,11.0,13.0,11.0
17088,United Kingdom,Treenuts,Stock Variation,0.0,0.0,0.0,0.0,0.0,0.0,0.0,0.0,0.0,0.0,0.0,0.0,0.0,0.0,-9.0,0.0,0.0,1.0
17089,United Kingdom,Treenuts,Import,109.0,122.0,120.0,130.0,164.0,223.0,241.0,265.0,225.0,168.0,162.0,153.0,170.0,190.0,86.0,108.0,117.0,121.0
17090,United Kingdom,Treenuts,Production,0.0,0.0,0.0,0.0,0.0,0.0,0.0,0.0,0.0,0.0,0.0,0.0,0.0,0.0,0.0,0.0,0.0,0.0
17091,United Kingdom,Pulses,Human Consumption,342.0,390.0,280.0,261.0,212.0,180.0,174.0,185.0,169.0,180.0,185.0,151.0,198.0,219.0,247.0,253.0,228.0,246.0
17092,United Kingdom,Pulses,Losses,6.0,11.0,6.0,6.0,5.0,4.0,4.0,4.0,4.0,4.0,4.0,4.0,3.0,3.0,29.0,30.0,30.0,30.0
17093,United Kingdom,Pulses,Seed,65.0,62.0,56.0,61.0,61.0,62.0,62.0,62.0,47.0,47.0,45.0,35.0,25.0,25.0,77.0,83.0,77.0,85.0
17094,United Kingdom,Pulses,Feed,288.0,503.0,461.0,270.0,348.0,450.0,430.0,501.0,566.0,447.0,401.0,269.0,151.0,211.0,312.0,300.0,277.0,351.0
17095,United Kingdom,Treenuts,Domestic supply,96.0,113.0,110.0,117.0,142.0,198.0,220.0,243.0,203.0,148.0,133.0,118.0,142.0,156.0,82.0,96.0,103.0,109.0
17096,United Kingdom,Pulses,Domestic supply,701.0,966.0,803.0,597.0,625.0,696.0,669.0,752.0,786.0,678.0,635.0,458.0,378.0,458.0,665.0,665.0,612.0,712.0
17097,United Kingdom,Oilcrops,Losses,2.0,2.0,2.0,2.0,2.0,2.0,2.0,2.0,2.0,2.0,2.0,2.0,2.0,2.0,292.0,301.0,212.0,258.0
17098,United Kingdom,Oilcrops,Other uses (non-food),15.0,36.0,84.0,61.0,83.0,76.0,65.0,19.0,31.0,33.0,114.0,47.0,21.0,37.0,25.0,20.0,18.0,20.0
17099,United Kingdom,Stimulants,Import,602.0,627.0,630.0,638.0,666.0,706.0,770.0,812.0,798.0,757.0,716.0,727.0,735.0,736.0,439.0,477.0,475.0,556.0
17100,United Kingdom,Sugar Crops,Feed,0.0,0.0,0.0,0.0,0.0,0.0,0.0,0.0,0.0,0.0,0.0,0.0,0.0,0.0,0.0,0.0,0.0,0.0
17101,United Kingdom,Sugar Crops,Domestic supply,9085.0,8343.0,9562.0,9177.0,9048.0,8696.0,7410.0,6737.0,7653.0,8492.0,6563.0,8513.0,7296.0,8442.0,9151.0,6189.0,5544.0,8444.0
17102,United Kingdom,Sugar Crops,Export,0.0,0.0,0.0,0.0,0.0,0.0,0.0,1.0,0.0,0.0,0.0,0.0,0.0,1.0,1.0,1.0,0.0,0.0
17103,United Kingdom,Sugar Crops,Stock Variation,0.0,0.0,0.0,0.0,0.0,0.0,0.0,0.0,0.0,0.0,0.0,0.0,0.0,0.0,173.0,39.0,151.0,478.0
17104,United Kingdom,Sugar Crops,Import,6.0,8.0,6.0,9.0,6.0,9.0,11.0,5.0,12.0,35.0,36.0,9.0,5.0,11.0,14.0,11.0,9.0,4.0
17105,United Kingdom,Sugar Crops,Production,9079.0,8335.0,9557.0,9168.0,9042.0,8687.0,7400.0,6733.0,7641.0,8457.0,6527.0,8504.0,7291.0,8432.0,9310.0,6218.0,5687.0,8918.0
17106,United Kingdom,Starchy Roots,Human Consumption,7295.0,7232.0,7571.0,7167.0,7324.0,6921.0,6526.0,6514.0,6456.0,6467.0,6178.0,6320.0,6407.0,6595.0,5847.0,5685.0,5688.0,6170.0
17107,United Kingdom,Oilcrops,Processing,2316.0,2200.0,2296.0,2222.0,2085.0,2265.0,2394.0,2361.0,2324.0,2537.0,2531.0,2569.0,2436.0,2449.0,2690.0,2545.0,2521.0,2319.0
17108,United Kingdom,Starchy Roots,Other uses (non-food),540.0,370.0,353.0,410.0,370.0,548.0,519.0,463.0,479.0,377.0,455.0,405.0,409.0,434.0,69.0,67.0,61.0,65.0
17109,United Kingdom,Starchy Roots,Seed,454.0,422.0,416.0,369.0,369.0,389.0,386.0,335.0,338.0,339.0,340.0,345.0,250.0,350.0,365.0,321.0,302.0,396.0
17110,United Kingdom,Starchy Roots,Feed,428.0,531.0,548.0,342.0,64.0,56.0,69.0,78.0,175.0,74.0,81.0,82.0,75.0,88.0,98.0,147.0,166.0,162.0
17111,United Kingdom,Starchy Roots,Domestic supply,8857.0,8700.0,9035.0,8412.0,8260.0,8042.0,7624.0,7510.0,7577.0,7390.0,7179.0,7283.0,7241.0,7594.0,6502.0,6336.0,6328.0,6921.0
17112,United Kingdom,Starchy Roots,Export,266.0,258.0,323.0,404.0,391.0,359.0,354.0,351.0,366.0,347.0,407.0,466.0,396.0,401.0,318.0,328.0,335.0,355.0
17113,United Kingdom,Starchy Roots,Stock Variation,902.0,629.0,837.0,1289.0,585.0,482.0,257.0,404.0,-266.0,-442.0,-292.0,-406.0,1030.0,-246.0,100.0,0.0,-220.0,60.0
17114,United Kingdom,Starchy Roots,Import,1584.0,1680.0,1555.0,1609.0,1750.0,1939.0,1857.0,1822.0,2211.0,1783.0,1822.0,1845.0,2054.0,2556.0,1009.0,1020.0,1048.0,1118.0
17115,United Kingdom,Starchy Roots,Production,6636.0,6649.0,6966.0,5918.0,6317.0,5979.0,5864.0,5635.0,5999.0,6396.0,6056.0,6310.0,4553.0,5685.0,5911.0,5644.0,5395.0,6218.0
17116,United Kingdom,Oilcrops,Human Consumption,219.0,254.0,193.0,219.0,206.0,234.0,233.0,241.0,232.0,229.0,230.0,252.0,235.0,244.0,236.0,244.0,242.0,271.0
17117,United Kingdom,Starchy Roots,Losses,139.0,144.0,147.0,124.0,134.0,129.0,124.0,120.0,130.0,134.0,126.0,132.0,100.0,126.0,123.0,117.0,112.0,128.0
17118,United Kingdom,Pulses,Export,254.0,167.0,304.0,499.0,423.0,376.0,302.0,217.0,234.0,387.0,324.0,309.0,241.0,270.0,312.0,295.0,349.0,276.0
17119,United Kingdom,Oilcrops,Domestic supply,2685.0,2980.0,3008.0,2992.0,2831.0,2956.0,2913.0,3035.0,3150.0,3547.0,3429.0,3089.0,2832.0,2935.0,3194.0,3294.0,2709.0,3051.0
17120,United Kingdom,Stimulants,Domestic supply,404.0,415.0,382.0,391.0,438.0,455.0,549.0,578.0,553.0,518.0,474.0,498.0,505.0,494.0,362.0,359.0,368.0,420.0
17121,United Kingdom,Vegetables,Losses,481.0,476.0,442.0,454.0,460.0,487.0,465.0,456.0,472.0,462.0,476.0,496.0,467.0,495.0,425.0,405.0,414.0,421.0
17122,United Kingdom,Vegetables,Feed,83.0,47.0,48.0,50.0,47.0,50.0,53.0,52.0,57.0,59.0,61.0,99.0,81.0,85.0,115.0,57.0,62.0,64.0
17123,United Kingdom,Vegetables,Domestic supply,5719.0,5921.0,5602.0,6036.0,5945.0,6340.0,6200.0,6115.0,6255.0,6013.0,6321.0,6669.0,6401.0,6727.0,6046.0,5761.0,6009.0,6017.0
17124,United Kingdom,Vegetables,Export,245.0,244.0,271.0,309.0,276.0,279.0,262.0,257.0,276.0,295.0,280.0,256.0,252.0,269.0,249.0,281.0,281.0,308.0
17125,United Kingdom,Vegetables,Stock Variation,0.0,0.0,0.0,0.0,0.0,0.0,0.0,0.0,0.0,0.0,0.0,0.0,0.0,0.0,0.0,0.0,0.0,0.0
17126,United Kingdom,Vegetables,Import,2781.0,3324.0,3294.0,3757.0,3674.0,3904.0,3949.0,3989.0,3976.0,3699.0,3921.0,4108.0,4181.0,4415.0,3492.0,3477.0,3655.0,3568.0
17127,United Kingdom,Fruits - Excluding Wine,Human Consumption,5012.0,5462.0,5843.0,6928.0,6996.0,7689.0,8464.0,7768.0,8264.0,7751.0,7682.0,7879.0,7945.0,8076.0,5741.0,5720.0,5810.0,5979.0
17128,United Kingdom,Fruits - Excluding Wine,Processing,4.0,9.0,8.0,2.0,2.0,2.0,2.0,2.0,2.0,2.0,2.0,2.0,2.0,2.0,11.0,11.0,11.0,11.0
17129,United Kingdom,Fruits - Excluding Wine,Losses,142.0,156.0,157.0,153.0,164.0,176.0,189.0,188.0,183.0,177.0,179.0,183.0,181.0,190.0,215.0,205.0,209.0,227.0
17130,United Kingdom,Fruits - Excluding Wine,Feed,0.0,0.0,0.0,0.0,0.0,0.0,0.0,0.0,0.0,0.0,0.0,0.0,0.0,0.0,0.0,0.0,0.0,0.0
17131,United Kingdom,Fruits - Excluding Wine,Domestic supply,5158.0,5627.0,6008.0,7083.0,7162.0,7866.0,8655.0,7958.0,8449.0,7929.0,7863.0,8065.0,8127.0,8267.0,5966.0,5936.0,6030.0,6216.0
17132,United Kingdom,Fruits - Excluding Wine,Export,255.0,279.0,264.0,265.0,366.0,304.0,368.0,394.0,368.0,379.0,386.0,364.0,345.0,429.0,241.0,311.0,351.0,394.0
17133,United Kingdom,Fruits - Excluding Wine,Stock Variation,0.0,0.0,0.0,0.0,0.0,0.0,0.0,0.0,0.0,0.0,0.0,0.0,0.0,0.0,249.0,200.0,-494.0,-249.0
17134,United Kingdom,Fruits - Excluding Wine,Import,5105.0,5573.0,5977.0,7077.0,7232.0,7807.0,8601.0,7945.0,8385.0,7894.0,7819.0,8002.0,8102.0,8304.0,5815.0,5782.0,5210.0,5699.0
17135,United Kingdom,Fruits - Excluding Wine,Production,308.0,333.0,296.0,271.0,295.0,364.0,422.0,407.0,432.0,414.0,429.0,427.0,370.0,393.0,641.0,664.0,677.0,662.0
17136,United Kingdom,Stimulants,Human Consumption,415.0,422.0,389.0,394.0,438.0,455.0,549.0,578.0,553.0,518.0,474.0,498.0,505.0,494.0,290.0,290.0,306.0,297.0
17137,United Kingdom,Stimulants,Processing,0.0,0.0,0.0,0.0,0.0,0.0,0.0,0.0,0.0,0.0,0.0,0.0,0.0,0.0,72.0,70.0,62.0,124.0
17138,United Kingdom,Pulses,Stock Variation,0.0,0.0,0.0,0.0,0.0,0.0,0.0,0.0,0.0,0.0,0.0,0.0,0.0,0.0,-44.0,-10.0,-2.0,1.0
17139,United Kingdom,Stimulants,Export,244.0,205.0,241.0,236.0,209.0,204.0,221.0,231.0,247.0,231.0,242.0,237.0,229.0,241.0,98.0,97.0,107.0,104.0
17140,United Kingdom,Vegetables,Human Consumption,5155.0,5398.0,5112.0,5531.0,5438.0,5802.0,5682.0,5607.0,5726.0,5492.0,5784.0,6074.0,5853.0,6147.0,5506.0,5310.0,5533.0,5532.0
17141,United Kingdom,Vegetable Oils,Production,855.0,824.0,842.0,827.0,800.0,870.0,939.0,920.0,919.0,992.0,972.0,979.0,928.0,930.0,1017.0,970.0,932.0,890.0
17142,United Kingdom,Vegetables,Production,3184.0,2841.0,2579.0,2588.0,2548.0,2715.0,2513.0,2383.0,2555.0,2609.0,2679.0,2818.0,2472.0,2581.0,2803.0,2565.0,2635.0,2757.0
17143,United Kingdom,Pulses,Production,794.0,967.0,924.0,910.0,876.0,877.0,758.0,730.0,741.0,839.0,727.0,542.0,394.0,496.0,695.0,733.0,751.0,743.0
17144,United Kingdom,Pulses,Import,161.0,166.0,183.0,186.0,172.0,196.0,213.0,239.0,279.0,226.0,233.0,225.0,225.0,232.0,238.0,217.0,209.0,246.0
17145,United Kingdom,Vegetable Oils,Import,1406.0,1474.0,1412.0,1648.0,1490.0,1479.0,1769.0,1841.0,1880.0,1601.0,1562.0,1686.0,1665.0,1702.0,1357.0,1300.0,1243.0,1429.0
17146,United Kingdom,Sugar & Sweeteners,Human Consumption,2211.0,2400.0,2453.0,2418.0,2500.0,2277.0,2009.0,2212.0,2245.0,2401.0,2280.0,2513.0,2436.0,2616.0,2616.0,2725.0,2882.0,2942.0
17147,United Kingdom,Sugar & Sweeteners,Other uses (non-food),690.0,733.0,801.0,915.0,911.0,850.0,803.0,764.0,635.0,772.0,891.0,852.0,766.0,663.0,830.0,749.0,788.0,805.0
17148,United Kingdom,Sugar & Sweeteners,Processing,8.0,7.0,5.0,15.0,29.0,0.0,0.0,0.0,0.0,0.0,0.0,0.0,0.0,0.0,0.0,0.0,0.0,0.0
17149,United Kingdom,Sugar & Sweeteners,Losses,0.0,0.0,0.0,0.0,0.0,0.0,0.0,0.0,0.0,0.0,0.0,0.0,0.0,0.0,0.0,0.0,0.0,0.0
17150,United Kingdom,Sugar & Sweeteners,Feed,0.0,0.0,0.0,0.0,0.0,0.0,0.0,0.0,0.0,0.0,0.0,0.0,0.0,0.0,0.0,0.0,0.0,0.0
17151,United Kingdom,Sugar & Sweeteners,Export,1202.0,1156.0,768.0,1034.0,1115.0,1120.0,1185.0,871.0,889.0,809.0,770.0,557.0,503.0,499.0,1221.0,1082.0,979.0,914.0
17152,United Kingdom,Sugar & Sweeteners,Stock Variation,98.0,272.0,-54.0,326.0,337.0,0.0,-3.0,3.0,-109.0,0.0,109.0,-109.0,108.0,-108.0,152.0,-213.0,-475.0,0.0
17153,United Kingdom,Sugar & Sweeteners,Import,1905.0,1985.0,1791.0,1813.0,1938.0,2089.0,2136.0,2096.0,2174.0,2083.0,2244.0,2096.0,1947.0,2135.0,2853.0,2888.0,2793.0,2815.0
17154,United Kingdom,Sugar & Sweeteners,Domestic supply,2908.0,3140.0,3260.0,3348.0,3440.0,3126.0,2813.0,2976.0,2880.0,3173.0,3171.0,3365.0,3202.0,3280.0,3447.0,3475.0,3671.0,3748.0
17155,United Kingdom,Vegetable Oils,Human Consumption,1091.0,1093.0,1005.0,904.0,1001.0,983.0,1133.0,1033.0,1124.0,1133.0,1165.0,1096.0,1112.0,1105.0,878.0,849.0,849.0,889.0
17156,United Kingdom,Vegetable Oils,Stock Variation,29.0,12.0,14.0,19.0,11.0,15.0,3.0,3.0,2.0,1.0,-4.0,5.0,1.0,0.0,-7.0,-11.0,-17.0,24.0
17157,United Kingdom,Sugar & Sweeteners,Production,2107.0,2038.0,2291.0,2243.0,2280.0,2158.0,1865.0,1748.0,1703.0,1899.0,1588.0,1935.0,1651.0,1752.0,1967.0,1455.0,1383.0,1846.0
17158,United Kingdom,Vegetable Oils,Domestic supply,2034.0,2093.0,1853.0,1981.0,1968.0,1936.0,2263.0,2189.0,2329.0,2131.0,1987.0,2298.0,2141.0,2187.0,2006.0,1953.0,1958.0,2054.0
17159,United Kingdom,Vegetable Oils,Losses,0.0,0.0,7.0,7.0,7.0,7.0,6.0,5.0,2.0,2.0,3.0,3.0,0.0,0.0,0.0,0.0,0.0,0.0
17160,United Kingdom,Vegetable Oils,Export,257.0,217.0,415.0,513.0,333.0,427.0,448.0,575.0,472.0,464.0,543.0,373.0,453.0,446.0,375.0,329.0,235.0,240.0
17161,United Kingdom,Vegetable Oils,Processing,0.0,0.0,0.0,0.0,0.0,0.0,0.0,0.0,0.0,0.0,0.0,0.0,0.0,0.0,277.0,271.0,298.0,311.0
17162,United Kingdom,Vegetable Oils,Other uses (non-food),943.0,1000.0,841.0,1070.0,960.0,946.0,1125.0,1151.0,1203.0,996.0,820.0,1199.0,1030.0,1082.0,851.0,834.0,810.0,853.0
17163,United Republic of Tanzania,Offals,Human Consumption,44.0,41.0,41.0,42.0,42.0,45.0,46.0,42.0,48.0,49.0,52.0,58.0,64.0,65.0,63.0,63.0,65.0,0.0
17164,United Republic of Tanzania,Meat,Losses,0.0,0.0,0.0,0.0,0.0,0.0,0.0,0.0,0.0,0.0,0.0,0.0,0.0,0.0,24.0,25.0,25.0,25.0
17165,United Republic of Tanzania,Meat,Domestic supply,339.0,300.0,308.0,318.0,323.0,350.0,352.0,336.0,374.0,383.0,407.0,452.0,474.0,493.0,518.0,522.0,525.0,527.0
17166,United Republic of Tanzania,Meat,Export,0.0,1.0,0.0,0.0,0.0,0.0,4.0,1.0,0.0,1.0,1.0,0.0,2.0,0.0,1.0,2.0,4.0,6.0
17167,United Republic of Tanzania,Meat,Stock Variation,0.0,0.0,0.0,0.0,0.0,0.0,0.0,0.0,0.0,0.0,0.0,0.0,0.0,0.0,-1.0,-2.0,-1.0,-1.0
17168,United Republic of Tanzania,Meat,Import,1.0,1.0,1.0,1.0,3.0,2.0,1.0,0.0,2.0,2.0,3.0,3.0,4.0,4.0,6.0,2.0,3.0,4.0
17169,United Republic of Tanzania,Meat,Production,339.0,300.0,307.0,317.0,320.0,348.0,355.0,336.0,373.0,381.0,405.0,449.0,472.0,489.0,512.0,521.0,525.0,528.0
17170,United Republic of Tanzania,Meat,Processing,0.0,0.0,0.0,0.0,0.0,0.0,0.0,0.0,0.0,0.0,0.0,0.0,0.0,0.0,0.0,0.0,0.0,0.0
17171,United Republic of Tanzania,Offals,Losses,0.0,0.0,0.0,0.0,0.0,0.0,0.0,0.0,0.0,0.0,0.0,0.0,0.0,0.0,3.0,3.0,3.0,0.0
17172,United Republic of Tanzania,Animal fats,Feed,0.0,0.0,0.0,0.0,0.0,1.0,0.0,0.0,0.0,0.0,0.0,0.0,0.0,0.0,0.0,0.0,0.0,0.0
17173,United Republic of Tanzania,Offals,Export,0.0,0.0,0.0,0.0,0.0,0.0,0.0,0.0,0.0,0.0,0.0,0.0,0.0,0.0,0.0,0.0,0.0,0.0
17174,United Republic of Tanzania,Offals,Stock Variation,0.0,0.0,0.0,0.0,0.0,0.0,0.0,0.0,0.0,0.0,0.0,0.0,0.0,0.0,0.0,0.0,0.0,0.0
17175,United Republic of Tanzania,Offals,Import,0.0,0.0,0.0,0.0,0.0,0.0,0.0,0.0,0.0,0.0,0.0,0.0,0.0,0.0,0.0,0.0,0.0,0.0
17176,United Republic of Tanzania,Offals,Production,44.0,41.0,41.0,42.0,42.0,45.0,46.0,42.0,48.0,49.0,52.0,58.0,64.0,65.0,65.0,66.0,68.0,0.0
17177,United Republic of Tanzania,Animal fats,Human Consumption,15.0,15.0,16.0,16.0,25.0,31.0,31.0,30.0,36.0,39.0,41.0,43.0,44.0,44.0,35.0,36.0,36.0,25.0
17178,United Republic of Tanzania,Animal fats,Other uses (non-food),0.0,0.0,0.0,0.0,0.0,0.0,0.0,0.0,0.0,0.0,0.0,0.0,0.0,0.0,0.0,0.0,0.0,0.0
17179,United Republic of Tanzania,Animal fats,Losses,0.0,0.0,0.0,0.0,0.0,0.0,0.0,0.0,0.0,0.0,0.0,0.0,0.0,0.0,0.0,0.0,0.0,0.0
17180,United Republic of Tanzania,Meat,Human Consumption,339.0,300.0,308.0,318.0,323.0,350.0,352.0,336.0,374.0,383.0,408.0,452.0,474.0,493.0,494.0,497.0,501.0,504.0
17181,United Republic of Tanzania,Animal fats,Domestic supply,15.0,15.0,16.0,16.0,25.0,32.0,31.0,30.0,36.0,39.0,41.0,43.0,44.0,44.0,35.0,36.0,36.0,25.0
17182,United Republic of Tanzania,Offals,Domestic supply,44.0,41.0,41.0,42.0,42.0,45.0,46.0,42.0,48.0,49.0,52.0,58.0,64.0,65.0,65.0,66.0,68.0,0.0
17183,United Republic of Tanzania,Miscellaneous,Import,0.0,0.0,0.0,0.0,0.0,0.0,0.0,0.0,0.0,0.0,0.0,1.0,2.0,2.0,16.0,10.0,15.0,14.0
17184,United Republic of Tanzania,Stimulants,Import,0.0,0.0,0.0,0.0,0.0,0.0,1.0,1.0,2.0,1.0,1.0,1.0,2.0,2.0,2.0,1.0,1.0,1.0
17185,United Republic of Tanzania,Miscellaneous,Export,0.0,0.0,0.0,0.0,0.0,0.0,0.0,0.0,0.0,0.0,0.0,0.0,0.0,0.0,0.0,0.0,0.0,1.0
17186,United Republic of Tanzania,Stimulants,Production,74.0,86.0,95.0,84.0,106.0,131.0,72.0,87.0,85.0,105.0,81.0,102.0,108.0,111.0,94.0,90.0,99.0,103.0
17187,United Republic of Tanzania,Animal fats,Export,0.0,0.0,0.0,1.0,1.0,0.0,0.0,0.0,2.0,0.0,0.0,0.0,0.0,0.0,0.0,0.0,0.0,0.0
17188,United Republic of Tanzania,Spices,Human Consumption,15.0,15.0,13.0,17.0,16.0,17.0,13.0,15.0,15.0,12.0,14.0,14.0,11.0,12.0,16.0,19.0,17.0,18.0
17189,United Republic of Tanzania,Spices,Losses,0.0,0.0,0.0,0.0,0.0,0.0,0.0,0.0,0.0,0.0,0.0,0.0,0.0,0.0,0.0,1.0,1.0,1.0
17190,United Republic of Tanzania,Spices,Domestic supply,16.0,15.0,13.0,17.0,17.0,17.0,13.0,16.0,15.0,13.0,15.0,14.0,11.0,13.0,16.0,19.0,18.0,18.0
17191,United Republic of Tanzania,Spices,Export,3.0,3.0,2.0,6.0,5.0,4.0,4.0,4.0,5.0,9.0,3.0,3.0,6.0,5.0,5.0,31.0,3.0,3.0
17192,United Republic of Tanzania,Spices,Stock Variation,2.0,1.0,-3.0,3.0,0.0,0.0,-1.0,-1.0,0.0,2.0,0.0,0.0,0.0,0.0,-1.0,-30.0,-1.0,-1.0
17193,United Republic of Tanzania,Spices,Import,0.0,0.0,0.0,0.0,0.0,1.0,0.0,0.0,0.0,0.0,1.0,1.0,1.0,1.0,1.0,0.0,1.0,1.0
17194,United Republic of Tanzania,Spices,Production,17.0,17.0,17.0,20.0,21.0,20.0,17.0,20.0,20.0,20.0,17.0,16.0,17.0,17.0,19.0,20.0,19.0,20.0
17195,United Republic of Tanzania,Alcoholic Beverages,Human Consumption,2187.0,2355.0,1964.0,1341.0,2301.0,2369.0,2596.0,3027.0,2277.0,2946.0,3202.0,3344.0,2945.0,3280.0,3294.0,3037.0,2815.0,2881.0
17196,United Republic of Tanzania,Alcoholic Beverages,Other uses (non-food),0.0,0.0,0.0,0.0,0.0,0.0,0.0,0.0,0.0,0.0,17.0,15.0,18.0,23.0,10.0,9.0,10.0,8.0
17197,United Republic of Tanzania,Alcoholic Beverages,Losses,13.0,14.0,28.0,25.0,31.0,26.0,41.0,37.0,31.0,35.0,38.0,39.0,33.0,34.0,38.0,42.0,41.0,41.0
17198,United Republic of Tanzania,Alcoholic Beverages,Domestic supply,2200.0,2369.0,1992.0,1365.0,2331.0,2395.0,2637.0,3063.0,2308.0,2981.0,3257.0,3398.0,2995.0,3337.0,3342.0,3087.0,2867.0,2930.0
17199,United Republic of Tanzania,Alcoholic Beverages,Export,1.0,1.0,2.0,4.0,4.0,4.0,5.0,5.0,7.0,8.0,6.0,6.0,27.0,9.0,11.0,7.0,9.0,12.0
17200,United Republic of Tanzania,Alcoholic Beverages,Stock Variation,100.0,100.0,0.0,0.0,0.0,0.0,0.0,0.0,0.0,0.0,0.0,0.0,0.0,0.0,0.0,0.0,0.0,0.0
17201,United Republic of Tanzania,Alcoholic Beverages,Import,9.0,8.0,7.0,6.0,8.0,11.0,14.0,15.0,18.0,21.0,38.0,36.0,40.0,40.0,33.0,34.0,39.0,41.0
17202,United Republic of Tanzania,Alcoholic Beverages,Production,2091.0,2262.0,1987.0,1363.0,2327.0,2388.0,2628.0,3052.0,2296.0,2968.0,3225.0,3368.0,2982.0,3306.0,3319.0,3060.0,2837.0,2901.0
17203,United Republic of Tanzania,Miscellaneous,Human Consumption,0.0,0.0,0.0,0.0,0.0,0.0,0.0,0.0,0.0,0.0,0.0,1.0,2.0,2.0,15.0,10.0,15.0,13.0
17204,United Republic of Tanzania,Miscellaneous,Domestic supply,0.0,0.0,0.0,0.0,0.0,0.0,0.0,0.0,0.0,0.0,0.0,1.0,2.0,2.0,15.0,10.0,15.0,13.0
17205,United Republic of Tanzania,Miscellaneous,Stock Variation,0.0,0.0,0.0,0.0,0.0,0.0,0.0,0.0,0.0,0.0,0.0,0.0,0.0,0.0,0.0,0.0,0.0,0.0
17206,United Republic of Tanzania,Animal fats,Stock Variation,0.0,0.0,0.0,-1.0,0.0,0.0,0.0,1.0,1.0,0.0,0.0,0.0,0.0,0.0,0.0,0.0,0.0,0.0
17207,United Republic of Tanzania,Cereals - Excluding Beer,Import,577.0,648.0,590.0,795.0,1057.0,658.0,1091.0,941.0,636.0,1016.0,1295.0,1273.0,1322.0,1077.0,1090.0,1040.0,912.0,814.0
17208,United Republic of Tanzania,Milk - Excluding Butter,Human Consumption,809.0,910.0,992.0,1073.0,1264.0,1463.0,1497.0,1495.0,1560.0,1665.0,1707.0,1795.0,1913.0,1985.0,2158.0,2238.0,2145.0,2143.0
17209,United Republic of Tanzania,"Fish, Seafood",Import,1.0,0.0,0.0,1.0,1.0,1.0,3.0,7.0,7.0,7.0,7.0,5.0,5.0,5.0,22.0,23.0,28.0,28.0
17210,United Republic of Tanzania,"Fish, Seafood",Production,340.0,357.0,345.0,372.0,387.0,400.0,360.0,450.0,352.0,360.0,373.0,372.0,372.0,372.0,377.0,413.0,409.0,409.0
17211,United Republic of Tanzania,"Aquatic Products, Other",Human Consumption,0.0,0.0,0.0,0.0,0.0,0.0,0.0,0.0,0.0,0.0,0.0,0.0,0.0,0.0,0.0,0.0,0.0,0.0
17212,United Republic of Tanzania,"Aquatic Products, Other",Other uses (non-food),51.0,78.0,106.0,89.0,67.0,67.0,73.0,77.0,101.0,98.0,120.0,123.0,123.0,123.0,132.0,170.0,109.0,109.0
17213,United Republic of Tanzania,"Aquatic Products, Other",Domestic supply,51.0,78.0,106.0,89.0,68.0,67.0,73.0,77.0,101.0,98.0,120.0,123.0,123.0,123.0,132.0,170.0,109.0,109.0
17214,United Republic of Tanzania,"Aquatic Products, Other",Export,5.0,10.0,13.0,10.0,8.0,9.0,7.0,12.0,13.0,10.0,12.0,15.0,15.0,15.0,8.0,9.0,10.0,10.0
17215,United Republic of Tanzania,"Aquatic Products, Other",Import,0.0,0.0,0.0,0.0,0.0,0.0,0.0,0.0,0.0,0.0,0.0,0.0,0.0,0.0,0.0,0.0,0.0,0.0
17216,United Republic of Tanzania,"Aquatic Products, Other",Production,56.0,88.0,118.0,99.0,75.0,77.0,80.0,89.0,113.0,108.0,132.0,138.0,138.0,138.0,140.0,180.0,119.0,119.0
17217,United Republic of Tanzania,Cereals - Excluding Beer,Human Consumption,3615.0,3834.0,3837.0,3849.0,4063.0,3989.0,4166.0,4374.0,4610.0,4622.0,4463.0,4814.0,4978.0,5228.0,5937.0,6240.0,6829.0,6661.0
17218,United Republic of Tanzania,Cereals - Excluding Beer,Other uses (non-food),6.0,4.0,6.0,9.0,9.0,7.0,5.0,7.0,8.0,3.0,8.0,4.0,2.0,1.0,0.0,3.0,0.0,6.0
17219,United Republic of Tanzania,Cereals - Excluding Beer,Processing,392.0,429.0,344.0,229.0,410.0,433.0,453.0,589.0,404.0,527.0,569.0,594.0,525.0,598.0,557.0,491.0,440.0,456.0
17220,United Republic of Tanzania,Cereals - Excluding Beer,Losses,269.0,300.0,510.0,376.0,723.0,577.0,585.0,623.0,825.0,604.0,869.0,813.0,849.0,905.0,1201.0,1095.0,1039.0,1020.0
17221,United Republic of Tanzania,Cereals - Excluding Beer,Seed,57.0,87.0,120.0,120.0,124.0,113.0,112.0,150.0,142.0,150.0,162.0,158.0,165.0,165.0,188.0,192.0,232.0,234.0
17222,United Republic of Tanzania,Cereals - Excluding Beer,Feed,117.0,129.0,568.0,561.0,722.0,900.0,950.0,830.0,1119.0,725.0,875.0,728.0,924.0,977.0,1013.0,1392.0,1659.0,1564.0
17223,United Republic of Tanzania,Cereals - Excluding Beer,Domestic supply,4456.0,4783.0,5386.0,5144.0,6049.0,6019.0,6270.0,6572.0,7108.0,6632.0,6947.0,7111.0,7444.0,7873.0,8752.0,9383.0,10141.0,9906.0
17224,United Republic of Tanzania,Cereals - Excluding Beer,Export,112.0,133.0,210.0,355.0,260.0,140.0,86.0,322.0,141.0,73.0,232.0,189.0,465.0,278.0,610.0,227.0,126.0,78.0
17225,United Republic of Tanzania,Cereals - Excluding Beer,Stock Variation,624.0,15.0,-1039.0,955.0,-1101.0,496.0,-79.0,-3.0,-566.0,325.0,-1876.0,-1179.0,-933.0,-1062.0,2563.0,1468.0,803.0,923.0
17226,United Republic of Tanzania,Cereals - Excluding Beer,Production,3367.0,4252.0,6045.0,3749.0,6354.0,5005.0,5344.0,5955.0,7179.0,5363.0,7761.0,7206.0,7520.0,8136.0,10835.0,10037.0,10158.0,10093.0
17227,United Republic of Tanzania,Stimulants,Stock Variation,14.0,-5.0,-5.0,0.0,1.0,-8.0,4.0,10.0,8.0,-1.0,0.0,1.0,0.0,0.0,0.0,-18.0,-6.0,0.0
17228,United Republic of Tanzania,"Fish, Seafood",Stock Variation,0.0,0.0,0.0,0.0,0.0,0.0,0.0,0.0,0.0,0.0,0.0,0.0,0.0,0.0,0.0,0.0,0.0,0.0
17229,United Republic of Tanzania,Animal fats,Production,12.0,12.0,13.0,15.0,24.0,31.0,30.0,29.0,34.0,38.0,40.0,41.0,42.0,43.0,35.0,36.0,36.0,25.0
17230,United Republic of Tanzania,"Fish, Seafood",Export,83.0,76.0,67.0,88.0,121.0,106.0,94.0,118.0,143.0,100.0,96.0,99.0,99.0,99.0,83.0,58.0,60.0,60.0
17231,United Republic of Tanzania,"Fish, Seafood",Feed,0.0,7.0,5.0,4.0,7.0,7.0,8.0,9.0,0.0,1.0,2.0,2.0,2.0,2.0,0.0,0.0,5.0,5.0
17232,United Republic of Tanzania,Milk - Excluding Butter,Processing,0.0,0.0,0.0,0.0,0.0,0.0,0.0,0.0,0.0,0.0,0.0,0.0,0.0,0.0,0.0,0.0,0.0,0.0
17233,United Republic of Tanzania,Milk - Excluding Butter,Losses,22.0,24.0,27.0,30.0,45.0,56.0,56.0,56.0,62.0,68.0,71.0,73.0,75.0,77.0,50.0,45.0,75.0,74.0
17234,United Republic of Tanzania,Milk - Excluding Butter,Feed,0.0,0.0,0.0,0.0,0.0,0.0,0.0,0.0,0.0,0.0,0.0,0.0,0.0,0.0,0.0,0.0,0.0,0.0
17235,United Republic of Tanzania,Milk - Excluding Butter,Domestic supply,831.0,934.0,1019.0,1103.0,1309.0,1518.0,1554.0,1551.0,1622.0,1734.0,1779.0,1868.0,1989.0,2061.0,2203.0,2277.0,2201.0,2217.0
17236,United Republic of Tanzania,Milk - Excluding Butter,Export,2.0,1.0,0.0,1.0,0.0,2.0,0.0,1.0,1.0,0.0,1.0,1.0,1.0,0.0,0.0,1.0,0.0,0.0
17237,United Republic of Tanzania,Milk - Excluding Butter,Stock Variation,-1.0,1.0,1.0,-2.0,0.0,2.0,0.0,0.0,0.0,0.0,0.0,0.0,0.0,0.0,0.0,0.0,0.0,0.0
17238,United Republic of Tanzania,Milk - Excluding Butter,Import,28.0,22.0,18.0,21.0,19.0,18.0,25.0,25.0,17.0,24.0,22.0,22.0,26.0,29.0,16.0,12.0,10.0,10.0
17239,United Republic of Tanzania,Milk - Excluding Butter,Production,806.0,912.0,1001.0,1085.0,1290.0,1500.0,1529.0,1527.0,1606.0,1710.0,1758.0,1847.0,1963.0,2032.0,2187.0,2266.0,2191.0,2207.0
17240,United Republic of Tanzania,Eggs,Human Consumption,31.0,30.0,31.0,31.0,32.0,32.0,31.0,31.0,28.0,27.0,28.0,28.0,29.0,28.0,26.0,25.0,28.0,19.0
17241,United Republic of Tanzania,Eggs,Losses,1.0,1.0,1.0,1.0,1.0,1.0,1.0,1.0,1.0,1.0,1.0,1.0,1.0,1.0,1.0,1.0,1.0,1.0
17242,United Republic of Tanzania,Eggs,Seed,4.0,4.0,4.0,5.0,5.0,5.0,5.0,6.0,6.0,6.0,6.0,7.0,6.0,7.0,20.0,19.0,19.0,19.0
17243,United Republic of Tanzania,Eggs,Feed,0.0,0.0,0.0,0.0,0.0,0.0,0.0,0.0,0.0,0.0,0.0,0.0,0.0,0.0,0.0,0.0,0.0,0.0
17244,United Republic of Tanzania,Eggs,Domestic supply,36.0,35.0,36.0,37.0,38.0,38.0,37.0,37.0,35.0,33.0,35.0,35.0,36.0,36.0,47.0,46.0,48.0,40.0
17245,United Republic of Tanzania,Eggs,Export,0.0,0.0,0.0,0.0,0.0,0.0,0.0,0.0,0.0,0.0,0.0,0.0,0.0,0.0,0.0,0.0,0.0,0.0
17246,United Republic of Tanzania,Eggs,Stock Variation,0.0,0.0,0.0,0.0,0.0,0.0,0.0,0.0,0.0,0.0,0.0,0.0,0.0,0.0,0.0,0.0,0.0,0.0
17247,United Republic of Tanzania,Eggs,Import,1.0,1.0,1.0,0.0,0.0,0.0,0.0,0.0,0.0,0.0,0.0,1.0,1.0,1.0,2.0,0.0,0.0,0.0
17248,United Republic of Tanzania,Eggs,Production,35.0,35.0,35.0,37.0,38.0,38.0,37.0,37.0,35.0,33.0,34.0,34.0,35.0,35.0,45.0,45.0,48.0,40.0
17249,United Republic of Tanzania,"Fish, Seafood",Human Consumption,257.0,274.0,274.0,281.0,260.0,288.0,261.0,330.0,216.0,266.0,282.0,275.0,275.0,275.0,316.0,377.0,372.0,372.0
17250,United Republic of Tanzania,"Fish, Seafood",Other uses (non-food),0.0,0.0,0.0,0.0,0.0,0.0,0.0,0.0,0.0,0.0,0.0,0.0,0.0,0.0,0.0,0.0,0.0,0.0
17251,United Republic of Tanzania,"Fish, Seafood",Domestic supply,257.0,281.0,278.0,285.0,267.0,295.0,270.0,338.0,216.0,267.0,284.0,277.0,277.0,277.0,317.0,377.0,377.0,377.0
17252,United Republic of Tanzania,Stimulants,Export,81.0,74.0,65.0,72.0,68.0,76.0,69.0,88.0,83.0,96.0,70.0,75.0,91.0,99.0,83.0,100.0,94.0,80.0
17253,United Republic of Tanzania,Animal fats,Import,3.0,3.0,2.0,4.0,2.0,1.0,1.0,1.0,3.0,1.0,1.0,2.0,2.0,1.0,1.0,0.0,1.0,0.0
17254,United Republic of Tanzania,Stimulants,Losses,1.0,1.0,1.0,1.0,1.0,1.0,1.0,1.0,1.0,1.0,1.0,1.0,1.0,1.0,5.0,5.0,5.0,5.0
17255,United Republic of Tanzania,Oilcrops,Losses,46.0,53.0,60.0,60.0,71.0,72.0,71.0,82.0,83.0,86.0,93.0,122.0,140.0,137.0,280.0,298.0,177.0,142.0
17256,United Republic of Tanzania,Oilcrops,Seed,21.0,25.0,24.0,28.0,30.0,17.0,19.0,23.0,31.0,31.0,37.0,47.0,46.0,46.0,121.0,136.0,41.0,37.0
17257,United Republic of Tanzania,Oilcrops,Feed,0.0,0.0,0.0,0.0,0.0,0.0,0.0,0.0,0.0,0.0,0.0,0.0,0.0,0.0,651.0,688.0,479.0,7.0
17258,United Republic of Tanzania,Oilcrops,Domestic supply,682.0,880.0,876.0,953.0,1206.0,1230.0,1111.0,1262.0,1374.0,1383.0,1394.0,1750.0,2195.0,2118.0,3757.0,3935.0,3046.0,2454.0
17259,United Republic of Tanzania,Oilcrops,Export,19.0,23.0,37.0,41.0,41.0,46.0,36.0,58.0,74.0,100.0,89.0,93.0,137.0,149.0,156.0,143.0,143.0,88.0
17260,United Republic of Tanzania,Oilcrops,Stock Variation,-5.0,8.0,-75.0,-35.0,10.0,13.0,11.0,-61.0,-38.0,5.0,-147.0,-500.0,-713.0,-670.0,2492.0,2672.0,64.0,692.0
17261,United Republic of Tanzania,Oilcrops,Import,6.0,9.0,7.0,10.0,9.0,2.0,4.0,16.0,39.0,29.0,37.0,18.0,158.0,52.0,73.0,7.0,13.0,27.0
17262,United Republic of Tanzania,Oilcrops,Production,700.0,886.0,980.0,1019.0,1228.0,1261.0,1132.0,1365.0,1448.0,1450.0,1593.0,2324.0,2887.0,2884.0,6333.0,6743.0,3240.0,3207.0
17263,United Republic of Tanzania,Oilcrops,Processing,458.0,530.0,477.0,520.0,638.0,701.0,550.0,627.0,688.0,689.0,640.0,809.0,1057.0,936.0,1191.0,1214.0,1182.0,1274.0
17264,United Republic of Tanzania,Treenuts,Human Consumption,15.0,14.0,16.0,16.0,17.0,21.0,21.0,23.0,28.0,21.0,20.0,24.0,23.0,24.0,26.0,48.0,35.0,27.0
17265,United Republic of Tanzania,Treenuts,Losses,1.0,1.0,1.0,1.0,1.0,1.0,1.0,1.0,1.0,1.0,1.0,2.0,2.0,2.0,8.0,4.0,4.0,11.0
17266,United Republic of Tanzania,Treenuts,Domestic supply,16.0,16.0,17.0,17.0,18.0,20.0,22.0,23.0,29.0,22.0,21.0,25.0,24.0,26.0,21.0,52.0,22.0,31.0
17267,United Republic of Tanzania,Treenuts,Export,116.0,101.0,78.0,79.0,88.0,42.0,71.0,36.0,88.0,118.0,125.0,173.0,150.0,172.0,214.0,180.0,233.0,341.0
17268,United Republic of Tanzania,Treenuts,Stock Variation,-3.0,-20.0,11.0,-11.0,-5.0,-49.0,-18.0,-58.0,-45.0,38.0,51.0,53.0,-12.0,42.0,-75.0,-1.0,-28.0,-88.0
17269,United Republic of Tanzania,Treenuts,Import,0.0,0.0,0.0,0.0,0.0,0.0,0.0,0.0,0.0,1.0,0.0,1.0,1.0,0.0,2.0,3.0,2.0,1.0
17270,United Republic of Tanzania,Treenuts,Production,136.0,136.0,84.0,107.0,110.0,111.0,112.0,117.0,162.0,101.0,94.0,145.0,186.0,155.0,158.0,228.0,225.0,283.0
17271,United Republic of Tanzania,Pulses,Human Consumption,754.0,698.0,827.0,859.0,766.0,797.0,835.0,901.0,825.0,934.0,902.0,897.0,958.0,1031.0,1076.0,1089.0,1136.0,1388.0
17272,United Republic of Tanzania,Pulses,Losses,54.0,54.0,74.0,61.0,57.0,65.0,69.0,84.0,71.0,82.0,88.0,83.0,121.0,118.0,95.0,99.0,98.0,100.0
17273,United Republic of Tanzania,Treenuts,Processing,0.0,0.0,0.0,0.0,0.0,0.0,0.0,0.0,0.0,0.0,0.0,0.0,0.0,0.0,0.0,0.0,0.0,0.0
17274,United Republic of Tanzania,Oilcrops,Human Consumption,157.0,216.0,245.0,275.0,382.0,349.0,380.0,439.0,480.0,487.0,530.0,680.0,742.0,789.0,988.0,1009.0,994.0,819.0
17275,United Republic of Tanzania,Starchy Roots,Production,6160.0,5914.0,7288.0,4862.0,6682.0,7613.0,8223.0,7180.0,7456.0,8206.0,8456.0,9787.0,9727.0,10005.0,10243.0,10834.0,10700.0,11022.0
17276,United Republic of Tanzania,Starchy Roots,Import,0.0,38.0,8.0,0.0,1.0,0.0,1.0,1.0,7.0,26.0,3.0,6.0,11.0,11.0,22.0,7.0,10.0,5.0
17277,United Republic of Tanzania,Sugar Crops,Human Consumption,3.0,1.0,5.0,5.0,4.0,3.0,16.0,40.0,90.0,280.0,541.0,433.0,55.0,329.0,0.0,0.0,0.0,0.0
17278,United Republic of Tanzania,Sugar Crops,Processing,1305.0,1450.0,1690.0,1940.0,1935.0,2235.0,2380.0,2300.0,2300.0,2300.0,2310.0,2410.0,2515.0,2515.0,2340.0,2516.0,2494.0,2357.0
17279,United Republic of Tanzania,Sugar Crops,Losses,15.0,17.0,19.0,19.0,21.0,20.0,20.0,20.0,20.0,20.0,35.0,65.0,30.0,30.0,30.0,30.0,42.0,43.0
17280,United Republic of Tanzania,Sugar Crops,Seed,32.0,33.0,36.0,36.0,40.0,42.0,64.0,80.0,90.0,100.0,114.0,113.0,117.0,118.0,76.0,116.0,155.0,197.0
17281,United Republic of Tanzania,Sugar Crops,Feed,0.0,0.0,0.0,0.0,0.0,0.0,0.0,0.0,0.0,0.0,0.0,0.0,0.0,0.0,0.0,0.0,0.0,0.0
17282,United Republic of Tanzania,Sugar Crops,Domestic supply,1355.0,1500.0,1750.0,2000.0,2000.0,2300.0,2480.0,2440.0,2500.0,2700.0,3000.0,3021.0,2717.0,2992.0,2446.0,2662.0,2692.0,2597.0
17283,United Republic of Tanzania,Sugar Crops,Export,0.0,0.0,0.0,0.0,0.0,0.0,0.0,0.0,0.0,0.0,0.0,0.0,0.0,0.0,0.0,0.0,0.0,0.0
17284,United Republic of Tanzania,Sugar Crops,Stock Variation,0.0,0.0,0.0,0.0,0.0,0.0,0.0,0.0,0.0,0.0,0.0,0.0,0.0,0.0,354.0,178.0,294.0,404.0
17285,United Republic of Tanzania,Sugar Crops,Import,0.0,0.0,0.0,0.0,0.0,0.0,0.0,0.0,0.0,0.0,0.0,0.0,0.0,0.0,0.0,0.0,0.0,0.0
17286,United Republic of Tanzania,Sugar Crops,Production,1355.0,1500.0,1750.0,2000.0,2000.0,2300.0,2480.0,2440.0,2500.0,2700.0,3000.0,3021.0,2717.0,2992.0,2800.0,2840.0,2986.0,3001.0
17287,United Republic of Tanzania,Starchy Roots,Human Consumption,5825.0,5546.0,5795.0,4679.0,5777.0,6089.0,6160.0,6386.0,6246.0,6486.0,6634.0,6628.0,6952.0,6992.0,7236.0,8086.0,7730.0,8888.0
17288,United Republic of Tanzania,Starchy Roots,Other uses (non-food),47.0,38.0,42.0,35.0,39.0,47.0,54.0,45.0,47.0,50.0,39.0,38.0,39.0,30.0,2.0,0.0,24.0,32.0
17289,United Republic of Tanzania,Starchy Roots,Processing,0.0,0.0,0.0,0.0,0.0,0.0,0.0,0.0,0.0,0.0,0.0,0.0,0.0,0.0,0.0,0.0,0.0,0.0
17290,United Republic of Tanzania,Starchy Roots,Losses,149.0,213.0,596.0,224.0,423.0,343.0,587.0,311.0,290.0,482.0,412.0,717.0,892.0,831.0,767.0,811.0,801.0,825.0
17291,United Republic of Tanzania,Starchy Roots,Seed,62.0,62.0,67.0,72.0,101.0,30.0,101.0,108.0,157.0,139.0,163.0,136.0,163.0,163.0,153.0,134.0,133.0,172.0
17292,United Republic of Tanzania,Starchy Roots,Feed,70.0,70.0,200.0,260.0,540.0,700.0,920.0,920.0,920.0,1040.0,810.0,970.0,890.0,990.0,1929.0,1756.0,2012.0,1026.0
17293,United Republic of Tanzania,Starchy Roots,Domestic supply,6152.0,5929.0,6700.0,5270.0,6880.0,7209.0,7821.0,7769.0,7661.0,8198.0,8059.0,8489.0,8936.0,9006.0,9996.0,10772.0,10698.0,10942.0
17294,United Republic of Tanzania,Starchy Roots,Export,8.0,8.0,1.0,3.0,2.0,5.0,3.0,12.0,3.0,19.0,8.0,9.0,104.0,10.0,141.0,69.0,34.0,85.0
17295,United Republic of Tanzania,Starchy Roots,Stock Variation,0.0,-15.0,-595.0,410.0,200.0,-400.0,-400.0,600.0,200.0,-15.0,-393.0,-1295.0,-698.0,-1000.0,129.0,0.0,-21.0,0.0
17296,United Republic of Tanzania,Pulses,Seed,41.0,55.0,53.0,48.0,52.0,28.0,54.0,45.0,51.0,72.0,53.0,79.0,73.0,73.0,112.0,122.0,127.0,142.0
17297,United Republic of Tanzania,Stimulants,Domestic supply,7.0,7.0,25.0,13.0,40.0,47.0,7.0,10.0,11.0,10.0,13.0,29.0,19.0,13.0,13.0,9.0,12.0,25.0
17298,United Republic of Tanzania,Oilcrops,Other uses (non-food),0.0,56.0,70.0,70.0,84.0,91.0,91.0,91.0,91.0,91.0,95.0,95.0,210.0,210.0,526.0,591.0,173.0,175.0
17299,United Republic of Tanzania,Pulses,Domestic supply,849.0,807.0,954.0,968.0,904.0,905.0,993.0,1090.0,1032.0,1207.0,1123.0,1159.0,1252.0,1322.0,1690.0,1693.0,1686.0,1742.0
17300,United Republic of Tanzania,Vegetables,Processing,0.0,0.0,0.0,0.0,0.0,0.0,0.0,0.0,0.0,0.0,0.0,0.0,0.0,0.0,0.0,0.0,0.0,0.0
17301,United Republic of Tanzania,Vegetables,Losses,162.0,162.0,163.0,190.0,163.0,150.0,187.0,207.0,204.0,247.0,273.0,319.0,330.0,344.0,302.0,286.0,300.0,312.0
17302,United Republic of Tanzania,Vegetables,Domestic supply,1192.0,1203.0,1200.0,1380.0,1214.0,1126.0,1386.0,1511.0,1490.0,1834.0,1949.0,2297.0,2422.0,2493.0,2447.0,2535.0,2730.0,2832.0
17303,United Republic of Tanzania,Vegetables,Export,4.0,8.0,12.0,19.0,9.0,8.0,7.0,23.0,29.0,13.0,96.0,92.0,91.0,133.0,320.0,76.0,15.0,18.0
17304,United Republic of Tanzania,Vegetables,Stock Variation,0.0,0.0,0.0,0.0,0.0,0.0,0.0,0.0,0.0,0.0,-2.0,-4.0,6.0,0.0,0.0,0.0,0.0,0.0
17305,United Republic of Tanzania,Vegetables,Import,2.0,7.0,7.0,8.0,10.0,8.0,9.0,7.0,6.0,5.0,8.0,7.0,10.0,7.0,15.0,9.0,14.0,11.0
17306,United Republic of Tanzania,Vegetables,Production,1193.0,1204.0,1205.0,1391.0,1213.0,1126.0,1384.0,1528.0,1513.0,1842.0,2039.0,2386.0,2497.0,2619.0,2752.0,2603.0,2731.0,2839.0
17307,United Republic of Tanzania,Fruits - Excluding Wine,Human Consumption,1461.0,1613.0,2829.0,2193.0,2779.0,2973.0,3650.0,3290.0,3360.0,3358.0,3681.0,3964.0,3503.0,3811.0,4047.0,4244.0,4378.0,4346.0
17308,United Republic of Tanzania,Fruits - Excluding Wine,Other uses (non-food),0.0,0.0,0.0,0.0,0.0,0.0,0.0,0.0,0.0,0.0,0.0,0.0,0.0,0.0,0.0,0.0,0.0,0.0
17309,United Republic of Tanzania,Fruits - Excluding Wine,Processing,126.0,138.0,281.0,246.0,308.0,261.0,411.0,370.0,308.0,352.0,382.0,387.0,326.0,342.0,377.0,416.0,412.0,406.0
17310,United Republic of Tanzania,Fruits - Excluding Wine,Losses,282.0,309.0,408.0,780.0,869.0,270.0,1057.0,938.0,492.0,917.0,985.0,839.0,721.0,758.0,867.0,948.0,954.0,939.0
17311,United Republic of Tanzania,Fruits - Excluding Wine,Feed,11.0,12.0,12.0,11.0,12.0,12.0,12.0,12.0,13.0,10.0,13.0,15.0,15.0,15.0,9.0,9.0,11.0,11.0
17312,United Republic of Tanzania,Fruits - Excluding Wine,Domestic supply,1881.0,2072.0,3529.0,3231.0,3968.0,3514.0,5130.0,4608.0,4172.0,4637.0,5060.0,5204.0,4564.0,4923.0,5296.0,5596.0,5734.0,5698.0
17313,United Republic of Tanzania,Fruits - Excluding Wine,Export,3.0,4.0,3.0,4.0,3.0,3.0,3.0,5.0,7.0,5.0,12.0,17.0,117.0,26.0,18.0,129.0,63.0,29.0
17314,United Republic of Tanzania,Fruits - Excluding Wine,Stock Variation,2.0,2.0,0.0,0.0,0.0,0.0,0.0,0.0,0.0,0.0,0.0,0.0,0.0,0.0,0.0,0.0,0.0,0.0
17315,United Republic of Tanzania,Fruits - Excluding Wine,Import,4.0,5.0,6.0,8.0,8.0,15.0,18.0,23.0,39.0,33.0,34.0,40.0,33.0,41.0,26.0,15.0,18.0,16.0
17316,United Republic of Tanzania,Fruits - Excluding Wine,Production,1878.0,2068.0,3526.0,3227.0,3963.0,3502.0,5114.0,4591.0,4140.0,4609.0,5038.0,5180.0,4649.0,4909.0,5287.0,5709.0,5779.0,5711.0
17317,United Republic of Tanzania,Stimulants,Human Consumption,7.0,6.0,24.0,12.0,39.0,47.0,7.0,10.0,10.0,9.0,12.0,28.0,18.0,16.0,8.0,7.0,7.0,19.0
17318,United Republic of Tanzania,Pulses,Feed,0.0,0.0,0.0,0.0,30.0,15.0,35.0,60.0,85.0,120.0,80.0,100.0,100.0,100.0,406.0,382.0,326.0,112.0
17319,United Republic of Tanzania,Vegetables,Human Consumption,1030.0,1040.0,1037.0,1197.0,1051.0,976.0,1200.0,1306.0,1291.0,1591.0,1751.0,2050.0,2143.0,2240.0,2447.0,2327.0,2431.0,2520.0
17320,United Republic of Tanzania,Vegetable Oils,Production,121.0,132.0,130.0,138.0,166.0,177.0,155.0,203.0,171.0,176.0,180.0,233.0,286.0,269.0,343.0,380.0,351.0,373.0
17321,United Republic of Tanzania,Stimulants,Processing,0.0,0.0,0.0,0.0,0.0,0.0,0.0,0.0,0.0,0.0,0.0,0.0,0.0,0.0,0.0,0.0,0.0,0.0
17322,United Republic of Tanzania,Pulses,Export,11.0,49.0,52.0,77.0,50.0,73.0,48.0,52.0,125.0,113.0,163.0,121.0,164.0,176.0,234.0,197.0,200.0,161.0
17323,United Republic of Tanzania,Vegetable Oils,Import,145.0,195.0,172.0,198.0,183.0,281.0,475.0,393.0,245.0,219.0,264.0,283.0,308.0,322.0,525.0,379.0,437.0,409.0
17324,United Republic of Tanzania,Pulses,Stock Variation,-2.0,0.0,-242.0,40.0,145.0,16.0,-59.0,-190.0,127.0,20.0,-119.0,-105.0,-515.0,-415.0,-2.0,106.0,82.0,71.0
17325,United Republic of Tanzania,Pulses,Import,9.0,22.0,15.0,10.0,11.0,20.0,16.0,9.0,2.0,7.0,1.0,3.0,2.0,6.0,8.0,5.0,9.0,13.0
17326,United Republic of Tanzania,Pulses,Production,853.0,833.0,1233.0,994.0,799.0,942.0,1084.0,1323.0,1028.0,1293.0,1404.0,1382.0,1930.0,1907.0,1914.0,1990.0,1959.0,1961.0
17327,United Republic of Tanzania,Sugar & Sweeteners,Human Consumption,274.0,278.0,281.0,328.0,332.0,378.0,383.0,408.0,406.0,427.0,469.0,496.0,520.0,503.0,539.0,528.0,638.0,660.0
17328,United Republic of Tanzania,Sugar & Sweeteners,Other uses (non-food),0.0,0.0,0.0,0.0,0.0,0.0,0.0,0.0,0.0,0.0,0.0,0.0,0.0,0.0,0.0,0.0,0.0,0.0
17329,United Republic of Tanzania,Sugar & Sweeteners,Losses,0.0,0.0,0.0,0.0,0.0,0.0,0.0,0.0,0.0,0.0,0.0,0.0,0.0,0.0,2.0,2.0,2.0,2.0
17330,United Republic of Tanzania,Sugar & Sweeteners,Feed,0.0,0.0,0.0,0.0,0.0,0.0,0.0,0.0,0.0,0.0,0.0,0.0,0.0,0.0,0.0,0.0,0.0,0.0
17331,United Republic of Tanzania,Sugar & Sweeteners,Domestic supply,277.0,281.0,284.0,331.0,336.0,382.0,386.0,411.0,409.0,431.0,473.0,507.0,521.0,504.0,544.0,533.0,643.0,665.0
17332,United Republic of Tanzania,Sugar & Sweeteners,Processing,4.0,3.0,3.0,3.0,3.0,3.0,3.0,3.0,3.0,3.0,4.0,10.0,1.0,1.0,3.0,3.0,3.0,3.0
17333,United Republic of Tanzania,Sugar & Sweeteners,Stock Variation,0.0,43.0,22.0,16.0,14.0,0.0,0.0,-20.0,22.0,0.0,0.0,-2.0,-142.0,4.0,-109.0,75.0,35.0,-17.0
17334,United Republic of Tanzania,Sugar & Sweeteners,Import,146.0,119.0,93.0,93.0,105.0,97.0,115.0,200.0,81.0,120.0,170.0,195.0,320.0,272.0,221.0,256.0,327.0,315.0
17335,United Republic of Tanzania,Sugar & Sweeteners,Production,147.0,165.0,194.0,249.0,242.0,310.0,289.0,298.0,317.0,318.0,322.0,325.0,360.0,364.0,340.0,362.0,359.0,348.0
17336,United Republic of Tanzania,Vegetable Oils,Stock Variation,-6.0,-35.0,17.0,16.0,-14.0,8.0,-112.0,20.0,22.0,10.0,0.0,-65.0,-120.0,-120.0,161.0,144.0,163.0,50.0
17337,United Republic of Tanzania,Vegetable Oils,Human Consumption,183.0,186.0,207.0,241.0,217.0,306.0,261.0,333.0,297.0,300.0,305.0,320.0,336.0,337.0,398.0,393.0,454.0,582.0
17338,United Republic of Tanzania,Vegetable Oils,Other uses (non-food),73.0,91.0,106.0,108.0,115.0,154.0,246.0,265.0,110.0,92.0,94.0,100.0,105.0,108.0,117.0,98.0,149.0,132.0
17339,United Republic of Tanzania,Vegetable Oils,Processing,0.0,0.0,0.0,0.0,0.0,0.0,0.0,0.0,0.0,0.0,0.0,0.0,0.0,0.0,3.0,5.0,4.0,5.0
17340,United Republic of Tanzania,Vegetable Oils,Domestic supply,255.0,278.0,313.0,349.0,332.0,461.0,507.0,598.0,407.0,391.0,392.0,417.0,434.0,441.0,518.0,496.0,607.0,719.0
17341,United Republic of Tanzania,Vegetable Oils,Export,4.0,15.0,6.0,3.0,4.0,6.0,12.0,18.0,32.0,14.0,51.0,34.0,39.0,29.0,188.0,119.0,19.0,12.0
17342,United Republic of Tanzania,Sugar & Sweeteners,Export,16.0,46.0,25.0,27.0,26.0,25.0,18.0,66.0,11.0,7.0,19.0,11.0,16.0,135.0,126.0,9.0,9.0,15.0
17343,United States of America,Offals,Feed,727.0,721.0,727.0,723.0,690.0,706.0,704.0,715.0,817.0,798.0,825.0,836.0,792.0,800.0,720.0,761.0,684.0,751.0
17344,United States of America,Offals,Losses,0.0,0.0,0.0,0.0,0.0,0.0,0.0,0.0,0.0,0.0,0.0,0.0,0.0,0.0,76.0,75.0,78.0,81.0
17345,United States of America,Offals,Other uses (non-food),0.0,0.0,0.0,0.0,0.0,0.0,0.0,0.0,0.0,0.0,0.0,1.0,0.0,0.0,0.0,0.0,0.0,0.0
17346,United States of America,Meat,Stock Variation,-48.0,-24.0,-94.0,187.0,-73.0,-10.0,-15.0,-21.0,-26.0,-33.0,-5.0,275.0,0.0,0.0,19.0,170.0,27.0,79.0
17347,United States of America,Meat,Production,37677.0,37846.0,38803.0,38734.0,38775.0,39540.0,40644.0,41672.0,43003.0,41644.0,42168.0,42391.0,42516.0,42689.0,42827.0,43275.0,44636.0,45791.0
17348,United States of America,Meat,Import,2107.0,2166.0,2267.0,2214.0,2526.0,2460.0,2197.0,2175.0,1863.0,1898.0,1782.0,1642.0,1727.0,1801.0,2214.0,2502.0,2307.0,2337.0
17349,United States of America,Offals,Domestic supply,897.0,922.0,1037.0,1025.0,1075.0,1059.0,1065.0,1065.0,1029.0,995.0,978.0,935.0,926.0,938.0,918.0,958.0,887.0,960.0
17350,United States of America,Offals,Human Consumption,171.0,206.0,312.0,301.0,386.0,367.0,363.0,351.0,212.0,197.0,154.0,102.0,138.0,142.0,123.0,122.0,124.0,128.0
17351,United States of America,Offals,Export,559.0,523.0,418.0,424.0,307.0,357.0,347.0,369.0,603.0,603.0,670.0,745.0,658.0,664.0,671.0,623.0,756.0,737.0
17352,United States of America,Animal fats,Export,1597.0,1431.0,1882.0,1689.0,1619.0,1380.0,1515.0,1790.0,1938.0,1564.0,1795.0,1642.0,1173.0,1116.0,522.0,404.0,481.0,537.0
17353,United States of America,Offals,Import,58.0,63.0,57.0,48.0,35.0,43.0,39.0,45.0,50.0,51.0,51.0,53.0,57.0,65.0,70.0,76.0,77.0,84.0
17354,United States of America,Offals,Production,1399.0,1382.0,1398.0,1400.0,1347.0,1373.0,1373.0,1389.0,1582.0,1547.0,1597.0,1627.0,1527.0,1536.0,1520.0,1505.0,1565.0,1613.0
17355,United States of America,Animal fats,Human Consumption,1595.0,1509.0,1600.0,1671.0,1652.0,1768.0,1792.0,1651.0,1558.0,1620.0,1663.0,1643.0,1713.0,1699.0,1046.0,1093.0,1079.0,1084.0
17356,United States of America,Animal fats,Other uses (non-food),1973.0,2532.0,1753.0,2089.0,1955.0,2641.0,2523.0,2552.0,2789.0,2972.0,2692.0,2935.0,3427.0,3499.0,1101.0,1268.0,1265.0,1315.0
17357,United States of America,Animal fats,Processing,0.0,0.0,0.0,0.0,0.0,0.0,0.0,0.0,0.0,0.0,0.0,0.0,0.0,0.0,0.0,0.0,0.0,0.0
17358,United States of America,Animal fats,Losses,206.0,212.0,216.0,197.0,219.0,74.0,92.0,127.0,206.0,145.0,94.0,131.0,144.0,109.0,1280.0,1370.0,1403.0,1428.0
17359,United States of America,Animal fats,Feed,1563.0,1240.0,1602.0,1364.0,1495.0,1250.0,1250.0,1250.0,1250.0,1250.0,1250.0,1250.0,1250.0,1250.0,451.0,501.0,529.0,543.0
17360,United States of America,Animal fats,Domestic supply,5337.0,5493.0,5171.0,5320.0,5321.0,5733.0,5658.0,5580.0,5803.0,5988.0,5699.0,5959.0,6533.0,6557.0,3878.0,4231.0,4277.0,4370.0
17361,United States of America,Meat,Export,4957.0,5111.0,4700.0,4888.0,3916.0,4477.0,4902.0,5558.0,7116.0,6696.0,6773.0,7636.0,7713.0,7630.0,7527.0,6768.0,7170.0,7585.0
17362,United States of America,Offals,Stock Variation,0.0,0.0,0.0,0.0,0.0,0.0,0.0,0.0,0.0,0.0,0.0,0.0,0.0,0.0,0.0,0.0,0.0,0.0
17363,United States of America,Meat,Domestic supply,34780.0,34878.0,36275.0,36247.0,37312.0,37514.0,37924.0,38268.0,37723.0,36813.0,37171.0,36672.0,36530.0,36860.0,37495.0,38839.0,39746.0,40464.0
17364,United States of America,Alcoholic Beverages,Production,27052.0,26891.0,27223.0,27013.0,27365.0,27926.0,27196.0,27384.0,27357.0,27324.0,27228.0,26921.0,28009.0,27666.0,28177.0,27992.0,27960.0,27634.0
17365,United States of America,Meat,Losses,0.0,0.0,0.0,0.0,0.0,0.0,0.0,0.0,0.0,0.0,0.0,0.0,0.0,0.0,0.0,0.0,0.0,0.0
17366,United States of America,Spices,Domestic supply,177.0,190.0,219.0,223.0,229.0,238.0,260.0,249.0,267.0,262.0,276.0,289.0,295.0,306.0,304.0,308.0,310.0,314.0
17367,United States of America,Spices,Export,21.0,22.0,21.0,24.0,22.0,23.0,18.0,22.0,23.0,23.0,25.0,28.0,32.0,33.0,35.0,40.0,36.0,34.0
17368,United States of America,Spices,Stock Variation,0.0,0.0,0.0,0.0,0.0,0.0,0.0,0.0,0.0,0.0,0.0,0.0,0.0,0.0,0.0,27.0,42.0,72.0
17369,United States of America,Spices,Import,192.0,204.0,233.0,245.0,248.0,259.0,276.0,270.0,289.0,284.0,300.0,316.0,326.0,338.0,338.0,373.0,387.0,420.0
17370,United States of America,Spices,Production,6.0,8.0,7.0,3.0,3.0,2.0,2.0,1.0,1.0,1.0,1.0,1.0,1.0,1.0,1.0,1.0,1.0,1.0
17371,United States of America,Alcoholic Beverages,Human Consumption,28918.0,29186.0,30027.0,29627.0,29971.0,30296.0,30543.0,30618.0,30397.0,30026.0,30147.0,29713.0,30494.0,30053.0,31127.0,31639.0,32076.0,31328.0
17372,United States of America,Alcoholic Beverages,Other uses (non-food),889.0,630.0,555.0,868.0,928.0,1183.0,1181.0,1123.0,1315.0,1370.0,1324.0,1535.0,1700.0,1677.0,1231.0,1192.0,1168.0,1027.0
17373,United States of America,Alcoholic Beverages,Domestic supply,29807.0,29816.0,30582.0,30495.0,30855.0,31469.0,31723.0,31735.0,31705.0,31394.0,31471.0,31248.0,32194.0,31730.0,32359.0,32831.0,33244.0,32354.0
17374,United States of America,Alcoholic Beverages,Export,1104.0,1165.0,987.0,1080.0,1108.0,1133.0,1013.0,1558.0,1679.0,1492.0,2532.0,4184.0,4106.0,3723.0,3356.0,3282.0,3399.0,3971.0
17375,United States of America,Alcoholic Beverages,Stock Variation,-50.0,10.0,30.0,-40.0,-290.0,-400.0,-2000.0,-1000.0,-1000.0,-300.0,1100.0,2350.0,600.0,650.0,-1339.0,-1449.0,-1973.0,-1530.0
17376,United States of America,Alcoholic Beverages,Import,3908.0,4079.0,4315.0,4602.0,4888.0,5076.0,7540.0,6910.0,7027.0,5862.0,5675.0,6160.0,7691.0,7136.0,6199.0,6671.0,6711.0,7161.0
17377,United States of America,Miscellaneous,Human Consumption,0.0,0.0,0.0,0.0,0.0,0.0,0.0,0.0,0.0,0.0,0.0,0.0,0.0,0.0,0.0,0.0,0.0,0.0
17378,United States of America,Miscellaneous,Domestic supply,-30.0,-25.0,-25.0,-25.0,-27.0,-26.0,-25.0,-26.0,-30.0,-29.0,-34.0,-40.0,-37.0,-35.0,-812.0,-845.0,-772.0,-688.0
17379,United States of America,Miscellaneous,Export,32.0,27.0,27.0,27.0,29.0,28.0,27.0,27.0,32.0,31.0,35.0,41.0,39.0,37.0,2076.0,2160.0,2201.0,2191.0
17380,United States of America,Miscellaneous,Stock Variation,0.0,0.0,0.0,0.0,0.0,0.0,0.0,0.0,0.0,0.0,0.0,0.0,0.0,0.0,0.0,0.0,0.0,0.0
17381,United States of America,Miscellaneous,Import,3.0,2.0,2.0,2.0,2.0,2.0,2.0,1.0,2.0,2.0,1.0,1.0,1.0,2.0,1264.0,1315.0,1429.0,1503.0
17382,United States of America,Meat,Human Consumption,34630.0,34728.0,36108.0,36074.0,37160.0,37361.0,37776.0,38117.0,37598.0,36738.0,37103.0,36621.0,36485.0,36849.0,37465.0,38781.0,39685.0,40344.0
17383,United States of America,Meat,Other uses (non-food),129.0,129.0,139.0,139.0,139.0,139.0,128.0,120.0,115.0,85.0,75.0,75.0,70.0,70.0,73.0,84.0,87.0,89.0
17384,United States of America,Meat,Processing,0.0,0.0,0.0,0.0,0.0,0.0,0.0,0.0,0.0,0.0,0.0,0.0,31.0,24.0,26.0,23.0,27.0,77.0
17385,United States of America,Meat,Feed,22.0,21.0,29.0,35.0,14.0,14.0,20.0,32.0,39.0,40.0,42.0,45.0,46.0,49.0,51.0,48.0,48.0,51.0
17386,United States of America,Animal fats,Stock Variation,4.0,-11.0,-45.0,13.0,18.0,31.0,0.0,0.0,-15.0,-10.0,25.0,0.0,0.0,0.0,155.0,23.0,23.0,43.0
17387,United States of America,Cereals - Excluding Beer,Stock Variation,-3106.0,9245.0,31529.0,-7700.0,-24216.0,-3482.0,28150.0,-9526.0,-3663.0,-15666.0,15814.0,20998.0,18040.0,-37854.0,18505.0,6924.0,20705.0,-9457.0
17388,United States of America,Animal fats,Production,6798.0,6778.0,6964.0,6894.0,6774.0,6911.0,7026.0,7227.0,7627.0,7435.0,7341.0,7463.0,7534.0,7513.0,4429.0,4571.0,4683.0,4812.0
17389,United States of America,"Fish, Seafood",Stock Variation,66.0,-64.0,-136.0,-210.0,164.0,110.0,149.0,12.0,-20.0,20.0,0.0,0.0,0.0,0.0,38.0,0.0,0.0,0.0
17390,United States of America,"Fish, Seafood",Import,3422.0,3602.0,4028.0,4360.0,4562.0,4745.0,5038.0,4885.0,4781.0,4804.0,5016.0,5022.0,4933.0,5033.0,5164.0,5235.0,5361.0,5632.0
17391,United States of America,"Fish, Seafood",Production,5154.0,5409.0,5419.0,5466.0,5550.0,5394.0,5360.0,5283.0,4842.0,4692.0,4913.0,5541.0,5537.0,5659.0,5389.0,5456.0,5341.0,5469.0
17392,United States of America,"Aquatic Products, Other",Human Consumption,0.0,0.0,0.0,0.0,0.0,0.0,0.0,0.0,0.0,0.0,0.0,0.0,12.0,13.0,10.0,16.0,17.0,14.0
17393,United States of America,"Aquatic Products, Other",Other uses (non-food),98.0,95.0,105.0,107.0,91.0,106.0,49.0,41.0,45.0,45.0,47.0,51.0,47.0,56.0,50.0,42.0,45.0,44.0
17394,United States of America,"Aquatic Products, Other",Domestic supply,98.0,95.0,105.0,107.0,91.0,106.0,49.0,41.0,45.0,45.0,47.0,51.0,59.0,68.0,60.0,58.0,62.0,58.0
17395,United States of America,"Aquatic Products, Other",Export,8.0,6.0,6.0,5.0,6.0,5.0,3.0,4.0,4.0,4.0,4.0,4.0,18.0,15.0,11.0,6.0,5.0,4.0
17396,United States of America,"Aquatic Products, Other",Import,43.0,48.0,47.0,44.0,44.0,30.0,34.0,31.0,33.0,29.0,32.0,35.0,56.0,59.0,49.0,51.0,54.0,51.0
17397,United States of America,"Aquatic Products, Other",Production,63.0,53.0,65.0,69.0,53.0,81.0,19.0,13.0,16.0,20.0,19.0,20.0,21.0,24.0,22.0,14.0,13.0,11.0
17398,United States of America,"Fish, Seafood",Export,1587.0,1968.0,1893.0,1885.0,2312.0,2429.0,2234.0,2223.0,2039.0,1937.0,2046.0,2554.0,2533.0,2631.0,2699.0,2532.0,2432.0,2633.0
17399,United States of America,Cereals - Excluding Beer,Human Consumption,32723.0,32399.0,31871.0,32131.0,31979.0,32471.0,32991.0,33551.0,33107.0,32753.0,33239.0,33139.0,33806.0,33809.0,35239.0,35513.0,35384.0,35452.0
17400,United States of America,Cereals - Excluding Beer,Processing,27147.0,26264.0,26093.0,26659.0,26602.0,26842.0,27426.0,27596.0,26693.0,26171.0,28662.0,29415.0,29625.0,28607.0,29942.0,28893.0,31341.0,29950.0
17401,United States of America,Cereals - Excluding Beer,Losses,350.0,934.0,906.0,515.0,1298.0,664.0,232.0,390.0,197.0,982.0,1198.0,169.0,447.0,222.0,24209.0,23360.0,25997.0,24154.0
17402,United States of America,Cereals - Excluding Beer,Seed,3246.0,3332.0,3372.0,3239.0,3175.0,3115.0,3322.0,3433.0,3155.0,3002.0,2962.0,3008.0,3051.0,3099.0,3406.0,3107.0,2855.0,2955.0
17403,United States of America,Cereals - Excluding Beer,Feed,167643.0,164286.0,152591.0,161046.0,170320.0,166631.0,150006.0,156304.0,146098.0,141625.0,131633.0,124808.0,125012.0,140096.0,142563.0,139722.0,150281.0,140424.0
17404,United States of America,Cereals - Excluding Beer,Domestic supply,254378.0,252423.0,247520.0,261158.0,275370.0,279191.0,275821.0,306016.0,309689.0,329455.0,332999.0,325274.0,316950.0,343006.0,346064.0,352529.0,399222.0,394299.0
17405,United States of America,Cereals - Excluding Beer,Export,89030.0,86164.0,85123.0,82811.0,92642.0,87187.0,95744.0,105676.0,97170.0,79903.0,89573.0,88519.0,65911.0,66303.0,90096.0,83695.0,94800.0,93954.0
17406,United States of America,Spices,Losses,0.0,0.0,0.0,0.0,0.0,0.0,0.0,0.0,0.0,0.0,0.0,0.0,0.0,0.0,0.0,0.0,0.0,0.0
17407,United States of America,Cereals - Excluding Beer,Import,6768.0,7610.0,7172.0,6447.0,6711.0,6786.0,8022.0,9089.0,10059.0,8965.0,8759.0,8732.0,10902.0,13477.0,11537.0,11055.0,11028.0,11707.0
17408,United States of America,Cereals - Excluding Beer,Production,339745.0,321732.0,293943.0,345222.0,385516.0,363074.0,335394.0,412129.0,400464.0,416060.0,397998.0,384062.0,353919.0,433686.0,443128.0,432094.0,503699.0,467089.0
17409,United States of America,Cereals - Excluding Beer,Other uses (non-food),23326.0,25246.0,32722.0,37573.0,42005.0,49477.0,61848.0,84748.0,100448.0,124927.0,135310.0,134736.0,125014.0,137181.0,114362.0,124731.0,151830.0,159382.0
17410,United States of America,Animal fats,Import,132.0,157.0,134.0,102.0,147.0,170.0,147.0,144.0,129.0,127.0,128.0,138.0,172.0,160.0,86.0,98.0,108.0,118.0
17411,United States of America,"Fish, Seafood",Domestic supply,7054.0,6979.0,7418.0,7732.0,7963.0,7820.0,8313.0,7956.0,7564.0,7578.0,7883.0,8009.0,7937.0,8061.0,7892.0,8159.0,8270.0,8467.0
17412,United States of America,"Fish, Seafood",Seed,165.0,179.0,152.0,154.0,154.0,219.0,192.0,337.0,252.0,295.0,370.0,390.0,490.0,615.0,390.0,370.0,525.0,495.0
17413,United States of America,Milk - Excluding Butter,Human Consumption,73112.0,74753.0,76332.0,76422.0,76008.0,76887.0,76329.0,78349.0,77704.0,79447.0,78596.0,78752.0,81287.0,81513.0,79716.0,81310.0,81973.0,82854.0
17414,United States of America,Milk - Excluding Butter,Other uses (non-food),3606.0,2960.0,2832.0,3351.0,3438.0,3481.0,5101.0,6074.0,5416.0,4708.0,4493.0,5508.0,6031.0,5972.0,2842.0,2889.0,3040.0,3164.0
17415,United States of America,Milk - Excluding Butter,Processing,0.0,0.0,0.0,0.0,0.0,0.0,0.0,0.0,0.0,0.0,0.0,0.0,0.0,0.0,0.0,0.0,0.0,0.0
17416,United States of America,Milk - Excluding Butter,Feed,536.0,499.0,482.0,467.0,459.0,483.0,470.0,463.0,470.0,469.0,468.0,471.0,480.0,481.0,1419.0,1003.0,1460.0,636.0
17417,United States of America,Milk - Excluding Butter,Domestic supply,76790.0,77405.0,78919.0,79411.0,79705.0,80850.0,81901.0,84885.0,83589.0,84618.0,83544.0,84720.0,87794.0,87965.0,83846.0,85081.0,86421.0,86582.0
17418,United States of America,Milk - Excluding Butter,Export,2143.0,2014.0,1906.0,2296.0,3629.0,4711.0,4769.0,4053.0,6988.0,4650.0,7005.0,8317.0,8730.0,10756.0,11046.0,10554.0,10797.0,11346.0
17419,United States of America,Milk - Excluding Butter,Stock Variation,-2227.0,-14.0,-813.0,-494.0,691.0,187.0,0.0,0.0,0.0,-139.0,110.0,526.0,0.0,2210.0,125.0,232.0,326.0,946.0
17420,United States of America,Milk - Excluding Butter,Import,5137.0,4439.0,4497.0,4911.0,5108.0,5120.0,4207.0,4749.0,4399.0,3526.0,2964.0,3532.0,5514.0,5235.0,1527.0,1223.0,1152.0,1087.0
17421,United States of America,Milk - Excluding Butter,Production,76023.0,74994.0,77140.0,77289.0,77535.0,80254.0,82463.0,84189.0,86177.0,85880.0,87474.0,88979.0,91010.0,91277.0,93490.0,94645.0,96392.0,97787.0
17422,United States of America,"Fish, Seafood",Feed,617.0,621.0,690.0,561.0,467.0,651.0,841.0,778.0,694.0,657.0,716.0,886.0,674.0,563.0,549.0,755.0,667.0,703.0
17423,United States of America,Eggs,Human Consumption,4125.0,4204.0,4282.0,4303.0,4375.0,4389.0,4412.0,4324.0,4288.0,4325.0,4379.0,4398.0,4523.0,4667.0,4747.0,4684.0,4881.0,5061.0
17424,United States of America,Eggs,Losses,108.0,109.0,110.0,110.0,110.0,110.0,110.0,110.0,110.0,110.0,110.0,110.0,113.0,117.0,121.0,118.0,123.0,128.0
17425,United States of America,Eggs,Seed,668.0,685.0,683.0,682.0,702.0,711.0,780.0,797.0,785.0,752.0,761.0,761.0,751.0,758.0,835.0,791.0,859.0,923.0
17426,United States of America,Eggs,Domestic supply,4901.0,4998.0,5075.0,5095.0,5187.0,5210.0,5302.0,5231.0,5184.0,5187.0,5250.0,5269.0,5359.0,5519.0,5702.0,5592.0,5863.0,6112.0
17427,United States of America,Eggs,Export,102.0,98.0,105.0,94.0,108.0,130.0,135.0,161.0,150.0,168.0,170.0,180.0,239.0,269.0,309.0,247.0,226.0,249.0
17428,United States of America,Eggs,Stock Variation,-3.0,1.0,0.0,-2.0,-1.0,-1.0,0.0,0.0,0.0,0.0,0.0,0.0,0.0,0.0,5.0,-5.0,0.0,0.0
17429,United States of America,Eggs,Import,7.0,9.0,15.0,12.0,9.0,7.0,6.0,5.0,8.0,6.0,8.0,8.0,10.0,11.0,20.0,76.0,36.0,38.0
17430,United States of America,Eggs,Production,4998.0,5086.0,5165.0,5180.0,5287.0,5333.0,5432.0,5387.0,5326.0,5349.0,5412.0,5440.0,5588.0,5777.0,5996.0,5758.0,6053.0,6323.0
17431,United States of America,"Fish, Seafood",Human Consumption,6273.0,6179.0,6576.0,7017.0,7342.0,6950.0,7281.0,6841.0,6617.0,6626.0,6797.0,6733.0,6772.0,6883.0,6953.0,7034.0,7078.0,7270.0
17432,United States of America,"Fish, Seafood",Other uses (non-food),0.0,0.0,0.0,0.0,0.0,0.0,0.0,0.0,0.0,0.0,0.0,0.0,0.0,0.0,0.0,0.0,0.0,0.0
17433,United States of America,Eggs,Other uses (non-food),0.0,0.0,0.0,0.0,0.0,0.0,0.0,0.0,0.0,0.0,0.0,0.0,0.0,0.0,0.0,0.0,0.0,0.0
17434,United States of America,Spices,Human Consumption,177.0,190.0,219.0,223.0,229.0,238.0,260.0,249.0,267.0,262.0,276.0,289.0,295.0,306.0,304.0,308.0,310.0,314.0
17435,United States of America,Stimulants,Export,332.0,359.0,355.0,373.0,393.0,373.0,307.0,439.0,470.0,458.0,535.0,609.0,630.0,596.0,329.0,263.0,291.0,264.0
17436,United States of America,Stimulants,Import,2534.0,2355.0,2306.0,2485.0,2644.0,2747.0,2733.0,2662.0,2660.0,2702.0,2791.0,2951.0,2889.0,2970.0,2256.0,2305.0,2335.0,2401.0
17437,United States of America,Oilcrops,Seed,2736.0,2703.0,2619.0,2749.0,2661.0,2785.0,2422.0,2778.0,2708.0,2703.0,2697.0,2746.0,2670.0,2910.0,2985.0,4452.0,2809.0,4693.0
17438,United States of America,Oilcrops,Feed,3649.0,4569.0,2492.0,4028.0,7224.0,6490.0,5364.0,4114.0,4160.0,4215.0,4857.0,4721.0,4712.0,4363.0,6932.0,6952.0,5492.0,6980.0
17439,United States of America,Oilcrops,Domestic supply,58905.0,60054.0,54091.0,54118.0,61063.0,61850.0,61251.0,60332.0,56418.0,57648.0,58223.0,58513.0,55997.0,57364.0,66958.0,69017.0,67610.0,72879.0
17440,United States of America,Oilcrops,Export,28536.0,30415.0,29282.0,32530.0,27969.0,28649.0,31615.0,33504.0,37438.0,43157.0,44915.0,36910.0,49026.0,44073.0,53337.0,51490.0,61222.0,58828.0
17441,United States of America,Oilcrops,Stock Variation,966.0,-729.0,-1942.0,9000.0,-8145.0,-6728.0,-5816.0,9592.0,2857.0,242.0,919.0,1295.0,10220.0,-253.0,2506.0,448.0,2586.0,4249.0
17442,United States of America,Oilcrops,Import,1539.0,1410.0,1266.0,1075.0,1349.0,1477.0,1648.0,1897.0,2137.0,1801.0,1871.0,1988.0,2014.0,2897.0,3937.0,2225.0,1979.0,2069.0
17443,United States of America,Oilcrops,Production,84936.0,89788.0,84049.0,76573.0,95828.0,95750.0,97034.0,82348.0,88863.0,98763.0,100348.0,92139.0,92789.0,98793.0,118864.0,118729.0,129440.0,133888.0
17444,United States of America,Treenuts,Human Consumption,843.0,904.0,1019.0,967.0,1144.0,907.0,1011.0,1297.0,1472.0,1025.0,1326.0,1496.0,1367.0,1533.0,1030.0,1086.0,1124.0,1142.0
17445,United States of America,Treenuts,Losses,117.0,133.0,93.0,120.0,125.0,124.0,107.0,143.0,126.0,226.0,227.0,226.0,261.0,253.0,256.0,211.0,350.0,291.0
17446,United States of America,Treenuts,Domestic supply,961.0,1038.0,1112.0,1088.0,1269.0,1031.0,1118.0,1439.0,1598.0,1251.0,1553.0,1723.0,1627.0,1786.0,1162.0,1195.0,1433.0,1397.0
17447,United States of America,Treenuts,Export,598.0,645.0,723.0,761.0,803.0,870.0,920.0,1009.0,1176.0,1402.0,1418.0,1584.0,1684.0,1715.0,1658.0,1708.0,1939.0,2036.0
17448,United States of America,Treenuts,Stock Variation,90.0,26.0,-13.0,-47.0,-35.0,-46.0,-20.0,-140.0,54.0,77.0,7.0,74.0,60.0,97.0,-23.0,95.0,198.0,84.0
17449,United States of America,Treenuts,Import,470.0,475.0,535.0,573.0,724.0,650.0,654.0,702.0,648.0,676.0,698.0,614.0,652.0,778.0,348.0,380.0,373.0,391.0
17450,United States of America,Treenuts,Production,998.0,1183.0,1314.0,1322.0,1382.0,1297.0,1404.0,1886.0,2071.0,1899.0,2266.0,2618.0,2600.0,2626.0,2449.0,2618.0,3196.0,3126.0
17451,United States of America,Pulses,Human Consumption,1086.0,1012.0,1116.0,1037.0,1170.0,1236.0,1122.0,1253.0,1158.0,1326.0,1264.0,1004.0,1215.0,1354.0,1119.0,1137.0,1199.0,1220.0
17452,United States of America,Pulses,Losses,1.0,1.0,1.0,1.0,1.0,1.0,1.0,1.0,1.0,1.0,1.0,1.0,1.0,1.0,46.0,51.0,88.0,55.0
17453,United States of America,Pulses,Seed,49.0,59.0,53.0,50.0,55.0,55.0,55.0,55.0,55.0,55.0,55.0,69.0,65.0,76.0,74.0,82.0,111.0,85.0
17454,United States of America,Pulses,Feed,65.0,76.0,48.0,27.0,46.0,51.0,78.0,71.0,69.0,101.0,84.0,78.0,114.0,165.0,296.0,364.0,523.0,437.0
17455,United States of America,Pulses,Domestic supply,1200.0,1148.0,1217.0,1115.0,1270.0,1342.0,1253.0,1379.0,1279.0,1483.0,1403.0,1151.0,1395.0,1595.0,1466.0,1633.0,1921.0,1797.0
17456,United States of America,Oilcrops,Losses,1862.0,613.0,327.0,402.0,271.0,261.0,127.0,231.0,165.0,572.0,538.0,420.0,383.0,633.0,707.0,740.0,773.0,798.0
17457,United States of America,Pulses,Export,571.0,583.0,553.0,563.0,561.0,829.0,950.0,951.0,1121.0,1156.0,1235.0,995.0,1171.0,1206.0,1438.0,1217.0,1454.0,1353.0
17458,United States of America,Oilcrops,Processing,49394.0,50869.0,47756.0,45852.0,50546.0,52347.0,53866.0,53828.0,49664.0,50353.0,49693.0,50611.0,50543.0,51746.0,54204.0,54828.0,56535.0,57860.0
17459,United States of America,Oilcrops,Human Consumption,1500.0,1663.0,1561.0,1671.0,1683.0,1855.0,1509.0,1681.0,1735.0,1611.0,1835.0,1709.0,1926.0,1740.0,2050.0,2103.0,2068.0,2091.0
17460,United States of America,Sugar Crops,Processing,66988.0,58647.0,61500.0,62855.0,57611.0,52547.0,62052.0,58006.0,48038.0,52719.0,52231.0,51475.0,59721.0,55984.0,52765.0,53297.0,53929.0,56115.0
17461,United States of America,Sugar Crops,Losses,0.0,0.0,0.0,0.0,0.0,0.0,0.0,0.0,0.0,0.0,0.0,0.0,0.0,0.0,2788.0,3049.0,3123.0,3098.0
17462,United States of America,Stimulants,Production,4.0,4.0,3.0,4.0,3.0,4.0,3.0,3.0,4.0,4.0,4.0,3.0,3.0,3.0,4.0,2.0,2.0,2.0
17463,United States of America,Sugar Crops,Domestic supply,68641.0,60291.0,63263.0,64584.0,59046.0,54043.0,63654.0,59709.0,49508.0,54659.0,53928.0,52961.0,61448.0,57722.0,58222.0,60013.0,60189.0,62569.0
17464,United States of America,Sugar Crops,Export,14.0,7.0,2.0,2.0,1.0,1.0,2.0,1.0,4.0,1.0,3.0,1.0,2.0,5.0,2.0,0.0,1.0,0.0
17465,United States of America,Sugar Crops,Stock Variation,0.0,0.0,0.0,0.0,0.0,0.0,0.0,0.0,0.0,0.0,0.0,0.0,0.0,0.0,-2241.0,1272.0,2502.0,-374.0
17466,United States of America,Sugar Crops,Import,0.0,3.0,5.0,17.0,13.0,6.0,28.0,48.0,86.0,34.0,49.0,236.0,259.0,76.0,2.0,56.0,62.0,3.0
17467,United States of America,Sugar Crops,Production,68655.0,60295.0,63260.0,64568.0,59034.0,54039.0,63628.0,59663.0,49427.0,54626.0,53881.0,52726.0,61191.0,57652.0,55981.0,61229.0,62630.0,62192.0
17468,United States of America,Starchy Roots,Human Consumption,18647.0,18938.0,18541.0,20086.0,19813.0,18359.0,17924.0,17608.0,16996.0,17600.0,17315.0,17882.0,19119.0,17966.0,17766.0,17251.0,18118.0,18282.0
17469,United States of America,Starchy Roots,Other uses (non-food),580.0,478.0,601.0,654.0,570.0,746.0,951.0,996.0,744.0,1006.0,743.0,724.0,884.0,886.0,227.0,272.0,260.0,272.0
17470,United States of America,Starchy Roots,Processing,0.0,0.0,0.0,0.0,0.0,0.0,0.0,0.0,0.0,0.0,0.0,0.0,0.0,0.0,0.0,0.0,0.0,0.0
17471,United States of America,Starchy Roots,Losses,1992.0,1426.0,1415.0,1613.0,1712.0,1307.0,1366.0,1333.0,1333.0,1334.0,1149.0,1277.0,1299.0,1201.0,1228.0,1217.0,1477.0,1483.0
17472,United States of America,Starchy Roots,Seed,1279.0,1376.0,1325.0,1346.0,1249.0,1220.0,1276.0,1194.0,1148.0,1144.0,1197.0,1405.0,1223.0,1208.0,1099.0,1239.0,1098.0,1109.0
17473,United States of America,Starchy Roots,Feed,679.0,382.0,379.0,356.0,351.0,373.0,354.0,334.0,293.0,350.0,371.0,363.0,485.0,471.0,183.0,194.0,285.0,293.0
17474,United States of America,Starchy Roots,Domestic supply,23177.0,22601.0,22261.0,24055.0,23695.0,22005.0,21871.0,21464.0,20514.0,21434.0,20776.0,21651.0,23010.0,21732.0,20502.0,20173.0,21238.0,21441.0
17475,United States of America,Starchy Roots,Export,1963.0,1879.0,1804.0,1703.0,1870.0,2009.0,2204.0,2465.0,2671.0,2610.0,2742.0,3161.0,3380.0,3441.0,3459.0,3516.0,3697.0,3845.0
17476,United States of America,Starchy Roots,Stock Variation,-1300.0,1400.0,-300.0,900.0,700.0,700.0,0.0,-505.0,0.0,0.0,540.0,350.0,0.0,120.0,425.0,798.0,228.0,392.0
17477,United States of America,Starchy Roots,Import,2517.0,2567.0,3000.0,3351.0,3457.0,3376.0,3340.0,3433.0,3520.0,3536.0,3557.0,3749.0,4196.0,4212.0,2986.0,3067.0,3304.0,3606.0
17478,United States of America,Starchy Roots,Production,23922.0,20514.0,21366.0,21507.0,21408.0,19938.0,20736.0,21001.0,19665.0,20507.0,19421.0,20713.0,22194.0,20841.0,21400.0,21421.0,21859.0,22072.0
17479,United States of America,Oilcrops,Other uses (non-food),190.0,142.0,30.0,29.0,52.0,54.0,279.0,52.0,42.0,61.0,79.0,48.0,58.0,36.0,31.0,50.0,45.0,36.0
17480,United States of America,Pulses,Stock Variation,-7.0,246.0,-242.0,31.0,19.0,-227.0,12.0,-86.0,222.0,79.0,-209.0,326.0,-145.0,180.0,28.0,182.0,468.0,336.0
17481,United States of America,Sugar Crops,Seed,1654.0,1644.0,1763.0,1729.0,1435.0,1496.0,1602.0,1703.0,1471.0,1940.0,1697.0,1486.0,1727.0,1738.0,1940.0,2048.0,2048.0,2119.0
17482,United States of America,Pulses,Production,1564.0,1269.0,1753.0,1394.0,1553.0,2141.0,1923.0,2139.0,1893.0,2293.0,2595.0,1487.0,2364.0,2241.0,2395.0,2575.0,3415.0,2954.0
17483,United States of America,Vegetables,Export,3988.0,3888.0,3936.0,3977.0,4044.0,4038.0,3548.0,3953.0,4787.0,4265.0,4498.0,5057.0,5094.0,5538.0,5656.0,5316.0,5465.0,5083.0
17484,United States of America,Vegetables,Stock Variation,0.0,0.0,0.0,0.0,0.0,0.0,0.0,0.0,-167.0,-192.0,-158.0,43.0,22.0,452.0,-252.0,-65.0,270.0,253.0
17485,United States of America,Vegetables,Import,4732.0,5097.0,5381.0,5674.0,5910.0,6175.0,6624.0,7114.0,7222.0,7362.0,8137.0,8371.0,8525.0,8967.0,9127.0,9540.0,10548.0,10708.0
17486,United States of America,Vegetables,Production,39443.0,36929.0,39053.0,37879.0,39798.0,36966.0,37303.0,38506.0,35862.0,37289.0,36535.0,35762.0,36557.0,35058.0,37957.0,36867.0,36806.0,34781.0
17487,United States of America,Fruits - Excluding Wine,Human Consumption,35674.0,32386.0,32041.0,33495.0,34329.0,32749.0,32658.0,33384.0,35303.0,33813.0,32212.0,30768.0,32820.0,33454.0,27461.0,27532.0,28287.0,29256.0
17488,United States of America,Fruits - Excluding Wine,Other uses (non-food),0.0,0.0,0.0,0.0,0.0,0.0,0.0,1.0,1.0,12.0,109.0,283.0,3.0,2.0,32.0,37.0,42.0,43.0
17489,United States of America,Fruits - Excluding Wine,Processing,3746.0,3237.0,3628.0,3249.0,3464.0,4130.0,3379.0,3555.0,3577.0,3967.0,3873.0,3768.0,4267.0,4596.0,4395.0,4877.0,4264.0,4107.0
17490,United States of America,Fruits - Excluding Wine,Losses,1488.0,1320.0,1338.0,1354.0,1344.0,1231.0,1395.0,1280.0,1368.0,1423.0,1352.0,1371.0,2051.0,2148.0,2088.0,2315.0,2170.0,1998.0
17491,United States of America,Fruits - Excluding Wine,Seed,0.0,0.0,0.0,0.0,0.0,0.0,0.0,0.0,0.0,0.0,0.0,0.0,0.0,0.0,0.0,0.0,0.0,0.0
17492,United States of America,Fruits - Excluding Wine,Domestic supply,40878.0,36920.0,36987.0,38078.0,39112.0,38073.0,37419.0,38205.0,40236.0,39208.0,37538.0,36176.0,39122.0,40169.0,33976.0,34507.0,34763.0,35405.0
17493,United States of America,Fruits - Excluding Wine,Export,7993.0,7833.0,7608.0,7583.0,7498.0,6949.0,5973.0,7076.0,7584.0,7400.0,7719.0,8468.0,7817.0,8135.0,7841.0,7384.0,6430.0,6473.0
17494,United States of America,Fruits - Excluding Wine,Stock Variation,0.0,176.0,-55.0,282.0,356.0,272.0,61.0,68.0,0.0,0.0,0.0,0.0,-45.0,51.0,6054.0,4348.0,5624.0,4724.0
17495,United States of America,Fruits - Excluding Wine,Import,16065.0,14534.0,14358.0,16557.0,16106.0,17731.0,17311.0,20126.0,20075.0,19161.0,19256.0,17616.0,18239.0,19496.0,21504.0,21197.0,21747.0,22753.0
17496,United States of America,Fruits - Excluding Wine,Production,32805.0,30043.0,30292.0,28822.0,30148.0,27019.0,26020.0,25087.0,27745.0,27448.0,26001.0,27028.0,28744.0,28757.0,26367.0,25041.0,25070.0,23849.0
17497,United States of America,Stimulants,Human Consumption,2115.0,1990.0,1904.0,2143.0,2179.0,2378.0,2430.0,2226.0,2194.0,2248.0,2260.0,2345.0,2263.0,2378.0,1528.0,1551.0,1567.0,1583.0
17498,United States of America,Stimulants,Processing,0.0,0.0,0.0,0.0,0.0,0.0,0.0,0.0,0.0,0.0,0.0,0.0,0.0,0.0,391.0,441.0,400.0,448.0
17499,United States of America,Stimulants,Losses,0.0,0.0,0.0,0.0,0.0,0.0,0.0,0.0,0.0,0.0,0.0,0.0,0.0,0.0,0.0,0.0,0.0,0.0
17500,United States of America,Stimulants,Stock Variation,-91.0,-9.0,-51.0,27.0,-75.0,0.0,0.0,0.0,0.0,0.0,0.0,0.0,0.0,0.0,11.0,52.0,79.0,109.0
17501,United States of America,Pulses,Import,213.0,216.0,258.0,253.0,259.0,257.0,267.0,277.0,284.0,266.0,252.0,333.0,347.0,380.0,537.0,457.0,428.0,532.0
17502,United States of America,Vegetables,Domestic supply,40187.0,38138.0,40498.0,39575.0,41664.0,39104.0,40379.0,41666.0,38130.0,40195.0,40015.0,39119.0,40010.0,38938.0,41681.0,41156.0,41619.0,40154.0
17503,United States of America,Vegetables,Feed,189.0,198.0,196.0,193.0,187.0,191.0,202.0,194.0,197.0,195.0,200.0,192.0,181.0,193.0,173.0,235.0,268.0,256.0
17504,United States of America,Stimulants,Domestic supply,2115.0,1990.0,1904.0,2143.0,2179.0,2378.0,2430.0,2226.0,2194.0,2248.0,2260.0,2345.0,2263.0,2378.0,1919.0,1992.0,1967.0,2031.0
17505,United States of America,Vegetables,Processing,0.0,0.0,0.0,0.0,0.0,0.0,0.0,0.0,0.0,0.0,0.0,0.0,0.0,0.0,0.0,0.0,0.0,0.0
17506,United States of America,Vegetables,Losses,2326.0,2222.0,2336.0,2282.0,2372.0,2249.0,2289.0,2360.0,2236.0,2316.0,2320.0,2281.0,2318.0,2278.0,2820.0,2786.0,3232.0,3032.0
17507,United States of America,Sugar & Sweeteners,Processing,0.0,0.0,64.0,53.0,13.0,26.0,26.0,26.0,53.0,53.0,53.0,53.0,53.0,53.0,54.0,53.0,54.0,54.0
17508,United States of America,Sugar & Sweeteners,Losses,44.0,44.0,44.0,44.0,44.0,44.0,44.0,44.0,44.0,44.0,44.0,44.0,44.0,44.0,4.0,4.0,4.0,3.0
17509,United States of America,Sugar & Sweeteners,Feed,0.0,0.0,0.0,0.0,0.0,0.0,0.0,0.0,0.0,0.0,0.0,0.0,0.0,0.0,1742.0,821.0,283.0,313.0
17510,United States of America,Sugar & Sweeteners,Domestic supply,20772.0,20590.0,21468.0,21624.0,22004.0,22230.0,22105.0,21053.0,20677.0,20171.0,20120.0,20831.0,20853.0,21324.0,23771.0,23024.0,22743.0,22533.0
17511,United States of America,Sugar & Sweeteners,Export,1007.0,1000.0,898.0,980.0,1013.0,1277.0,1693.0,2146.0,1955.0,1849.0,3053.0,3419.0,3393.0,3078.0,3999.0,3881.0,3693.0,3665.0
17512,United States of America,Sugar & Sweeteners,Stock Variation,-510.0,276.0,406.0,232.0,1293.0,1431.0,-567.0,45.0,-1353.0,-962.0,-1743.0,-672.0,-769.0,-762.0,-879.0,139.0,1747.0,623.0
17513,United States of America,Sugar & Sweeteners,Import,2157.0,2053.0,2122.0,2312.0,2416.0,3071.0,4004.0,2972.0,3685.0,3468.0,3984.0,4608.0,4239.0,4174.0,6022.0,6393.0,6542.0,6338.0
17514,United States of America,Sugar & Sweeteners,Production,20131.0,19260.0,19838.0,20060.0,19308.0,19004.0,20360.0,20182.0,20300.0,19513.0,20932.0,20314.0,20776.0,20990.0,20870.0,20650.0,21641.0,20483.0
17515,United States of America,Sugar & Sweeteners,Other uses (non-food),1103.0,1046.0,911.0,1058.0,1066.0,1328.0,1565.0,1697.0,1687.0,1511.0,1101.0,1074.0,656.0,896.0,951.0,936.0,1109.0,865.0
17516,United States of America,Vegetable Oils,Other uses (non-food),2554.0,2043.0,2280.0,2246.0,2500.0,2413.0,2651.0,2736.0,3143.0,3030.0,3116.0,3744.0,3771.0,4424.0,4263.0,4989.0,5515.0,5728.0
17517,United States of America,Vegetables,Human Consumption,37674.0,35720.0,37967.0,37102.0,39107.0,36668.0,37892.0,39116.0,35699.0,37686.0,37496.0,36650.0,37515.0,36472.0,38689.0,38135.0,38120.0,36866.0
17518,United States of America,Vegetable Oils,Human Consumption,7856.0,7467.0,7782.0,7767.0,8028.0,8352.0,8295.0,8469.0,8671.0,9182.0,9248.0,9582.0,9599.0,9651.0,6204.0,6242.0,6328.0,6369.0
17519,United States of America,Vegetable Oils,Production,10980.0,11050.0,10573.0,10168.0,10237.0,11894.0,11916.0,11906.0,10989.0,11463.0,11191.0,11520.0,11609.0,11878.0,12844.0,13265.0,13851.0,14155.0
17520,United States of America,Vegetable Oils,Import,1930.0,1936.0,2059.0,1888.0,2371.0,2396.0,2908.0,3173.0,3721.0,3562.0,3796.0,4425.0,4233.0,4616.0,4735.0,4950.0,5334.0,5565.0
17521,United States of America,Sugar & Sweeteners,Human Consumption,19673.0,19553.0,20491.0,20513.0,20940.0,20988.0,20569.0,19393.0,18985.0,18627.0,18984.0,19731.0,20171.0,20405.0,21112.0,21279.0,21351.0,21380.0
17522,United States of America,Vegetable Oils,Export,2044.0,2156.0,2744.0,2248.0,1953.0,1911.0,2124.0,2547.0,2954.0,3032.0,3625.0,2879.0,3050.0,2560.0,2306.0,2385.0,2404.0,2490.0
17523,United States of America,Vegetable Oils,Domestic supply,10227.0,10203.0,10741.0,10712.0,11210.0,11349.0,11761.0,11820.0,12054.0,12211.0,12223.0,13203.0,13191.0,14010.0,14588.0,15336.0,15994.0,16324.0
17524,United States of America,Vegetable Oils,Losses,22.0,888.0,880.0,895.0,903.0,778.0,1000.0,814.0,569.0,270.0,207.0,179.0,166.0,157.0,6.0,5.0,5.0,4.0
17525,United States of America,Vegetable Oils,Processing,0.0,0.0,0.0,0.0,0.0,0.0,0.0,0.0,0.0,0.0,0.0,0.0,0.0,0.0,4219.0,4161.0,4216.0,4311.0
17526,United States of America,Vegetable Oils,Stock Variation,-638.0,-627.0,853.0,904.0,556.0,-1030.0,-938.0,-712.0,298.0,218.0,861.0,137.0,398.0,76.0,685.0,494.0,788.0,907.0
17527,Uruguay,Meat,Production,565.0,480.0,540.0,525.0,616.0,684.0,740.0,661.0,694.0,705.0,676.0,644.0,667.0,671.0,600.0,612.0,637.0,663.0
17528,Uruguay,Offals,Human Consumption,7.0,6.0,7.0,6.0,7.0,8.0,8.0,8.0,9.0,9.0,9.0,9.0,9.0,10.0,4.0,6.0,6.0,6.0
17529,Uruguay,Offals,Losses,9.0,7.0,8.0,8.0,10.0,10.0,11.0,10.0,10.0,10.0,10.0,9.0,9.0,9.0,8.0,8.0,8.0,9.0
17530,Uruguay,Offals,Feed,53.0,44.0,51.0,50.0,62.0,66.0,71.0,62.0,62.0,63.0,58.0,50.0,45.0,39.0,31.0,39.0,29.0,21.0
17531,Uruguay,Offals,Domestic supply,69.0,58.0,66.0,64.0,78.0,84.0,91.0,79.0,81.0,82.0,76.0,67.0,63.0,58.0,43.0,52.0,43.0,36.0
17532,Uruguay,Offals,Export,11.0,7.0,6.0,8.0,7.0,10.0,12.0,12.0,13.0,15.0,16.0,16.0,21.0,26.0,43.0,34.0,50.0,65.0
17533,Uruguay,Offals,Import,0.0,0.0,0.0,0.0,0.0,0.0,0.0,0.0,0.0,0.0,1.0,1.0,1.0,1.0,1.0,1.0,0.0,1.0
17534,Uruguay,Offals,Production,80.0,64.0,72.0,72.0,85.0,93.0,102.0,91.0,94.0,97.0,92.0,83.0,84.0,83.0,85.0,86.0,93.0,100.0
17535,Uruguay,Animal fats,Other uses (non-food),15.0,8.0,2.0,20.0,23.0,7.0,1.0,1.0,2.0,5.0,4.0,1.0,4.0,21.0,6.0,3.0,4.0,3.0
17536,Uruguay,Animal fats,Processing,0.0,0.0,0.0,0.0,0.0,0.0,0.0,0.0,0.0,0.0,0.0,0.0,0.0,0.0,0.0,0.0,0.0,0.0
17537,Uruguay,Animal fats,Losses,0.0,0.0,0.0,0.0,0.0,0.0,0.0,0.0,0.0,0.0,0.0,0.0,0.0,0.0,1.0,2.0,2.0,2.0
17538,Uruguay,Animal fats,Domestic supply,28.0,19.0,9.0,29.0,33.0,15.0,9.0,4.0,2.0,0.0,-3.0,-12.0,1.0,11.0,-3.0,-14.0,-8.0,-14.0
17539,Uruguay,Animal fats,Export,66.0,43.0,66.0,65.0,69.0,85.0,106.0,88.0,83.0,107.0,93.0,109.0,126.0,95.0,69.0,81.0,63.0,69.0
17540,Uruguay,Animal fats,Stock Variation,18.0,0.0,3.0,15.0,9.0,-2.0,1.0,-7.0,-15.0,5.0,-12.0,-6.0,19.0,-4.0,8.0,-8.0,1.0,2.0
17541,Uruguay,Animal fats,Import,6.0,6.0,3.0,5.0,5.0,5.0,6.0,6.0,6.0,7.0,10.0,9.0,9.0,11.0,13.0,11.0,10.0,10.0
17542,Uruguay,Meat,Import,10.0,14.0,14.0,13.0,15.0,19.0,17.0,21.0,19.0,19.0,23.0,30.0,37.0,46.0,33.0,38.0,45.0,49.0
17543,Uruguay,Animal fats,Production,70.0,55.0,69.0,75.0,88.0,98.0,107.0,92.0,94.0,96.0,92.0,93.0,99.0,99.0,61.0,49.0,47.0,47.0
17544,Uruguay,Animal fats,Human Consumption,13.0,11.0,8.0,10.0,11.0,9.0,9.0,10.0,11.0,11.0,11.0,11.0,11.0,11.0,12.0,10.0,12.0,11.0
17545,Uruguay,Animal fats,Feed,0.0,0.0,0.0,0.0,0.0,1.0,0.0,0.0,0.0,0.0,0.0,0.0,0.0,0.0,0.0,0.0,0.0,0.0
17546,Uruguay,Miscellaneous,Human Consumption,0.0,0.0,0.0,0.0,0.0,1.0,1.0,1.0,1.0,1.0,1.0,1.0,1.0,1.0,19.0,20.0,21.0,21.0
17547,Uruguay,Meat,Export,311.0,204.0,289.0,339.0,421.0,510.0,556.0,478.0,457.0,485.0,443.0,412.0,461.0,431.0,442.0,452.0,502.0,518.0
17548,Uruguay,Milk - Excluding Butter,Human Consumption,709.0,782.0,651.0,684.0,584.0,611.0,594.0,742.0,698.0,746.0,664.0,719.0,739.0,717.0,708.0,708.0,629.0,649.0
17549,Uruguay,Spices,Export,0.0,0.0,0.0,0.0,0.0,0.0,0.0,0.0,0.0,0.0,0.0,0.0,0.0,0.0,0.0,0.0,0.0,0.0
17550,Uruguay,Spices,Stock Variation,0.0,0.0,0.0,0.0,0.0,0.0,0.0,0.0,0.0,0.0,0.0,0.0,0.0,0.0,0.0,0.0,0.0,0.0
17551,Uruguay,Spices,Import,0.0,1.0,0.0,1.0,1.0,1.0,1.0,1.0,1.0,0.0,1.0,1.0,1.0,1.0,1.0,1.0,1.0,1.0
17552,Uruguay,Alcoholic Beverages,Human Consumption,184.0,191.0,158.0,171.0,191.0,188.0,185.0,181.0,160.0,157.0,165.0,181.0,185.0,175.0,180.0,185.0,199.0,187.0
17553,Uruguay,Alcoholic Beverages,Other uses (non-food),4.0,3.0,4.0,3.0,5.0,4.0,4.0,4.0,4.0,5.0,5.0,6.0,6.0,6.0,5.0,5.0,1.0,2.0
17554,Uruguay,Alcoholic Beverages,Domestic supply,189.0,194.0,161.0,174.0,196.0,192.0,189.0,185.0,164.0,162.0,170.0,187.0,191.0,181.0,184.0,190.0,201.0,189.0
17555,Uruguay,Alcoholic Beverages,Export,9.0,4.0,3.0,2.0,3.0,3.0,7.0,16.0,24.0,10.0,12.0,10.0,11.0,11.0,14.0,15.0,11.0,13.0
17556,Uruguay,Meat,Stock Variation,0.0,0.0,0.0,0.0,0.0,0.0,0.0,0.0,0.0,0.0,0.0,0.0,0.0,0.0,-18.0,-2.0,-2.0,-6.0
17557,Uruguay,Alcoholic Beverages,Stock Variation,0.0,0.0,0.0,0.0,-10.0,10.0,0.0,0.0,0.0,0.0,-7.0,-15.0,-20.0,0.0,0.0,0.0,5.0,15.0
17558,Uruguay,Alcoholic Beverages,Production,179.0,180.0,154.0,164.0,195.0,172.0,181.0,187.0,172.0,154.0,169.0,183.0,196.0,163.0,168.0,167.0,179.0,171.0
17559,Uruguay,Miscellaneous,Domestic supply,0.0,0.0,0.0,0.0,0.0,1.0,1.0,1.0,1.0,1.0,1.0,1.0,1.0,1.0,19.0,20.0,21.0,21.0
17560,Uruguay,Miscellaneous,Export,0.0,0.0,0.0,0.0,0.0,0.0,0.0,0.0,0.0,0.0,0.0,0.0,0.0,0.0,4.0,4.0,3.0,4.0
17561,Uruguay,Miscellaneous,Stock Variation,0.0,0.0,0.0,0.0,0.0,0.0,0.0,0.0,0.0,0.0,0.0,0.0,0.0,0.0,0.0,0.0,0.0,0.0
17562,Uruguay,Miscellaneous,Import,0.0,0.0,0.0,0.0,0.0,1.0,1.0,1.0,1.0,1.0,1.0,1.0,1.0,1.0,23.0,23.0,24.0,24.0
17563,Uruguay,Meat,Human Consumption,262.0,287.0,263.0,197.0,207.0,191.0,198.0,202.0,252.0,236.0,253.0,257.0,239.0,280.0,209.0,198.0,179.0,198.0
17564,Uruguay,Meat,Processing,3.0,3.0,2.0,2.0,2.0,3.0,3.0,3.0,4.0,4.0,3.0,4.0,5.0,5.0,1.0,2.0,2.0,2.0
17565,Uruguay,Meat,Domestic supply,264.0,290.0,265.0,199.0,209.0,194.0,201.0,204.0,256.0,239.0,257.0,262.0,243.0,286.0,210.0,200.0,182.0,200.0
17566,Uruguay,Alcoholic Beverages,Import,19.0,18.0,10.0,12.0,13.0,14.0,14.0,14.0,16.0,18.0,20.0,29.0,27.0,29.0,31.0,38.0,38.0,47.0
17567,Uruguay,Milk - Excluding Butter,Other uses (non-food),1.0,2.0,3.0,18.0,15.0,7.0,6.0,1.0,2.0,1.0,25.0,30.0,4.0,23.0,2.0,16.0,57.0,55.0
17568,Uruguay,"Fish, Seafood",Stock Variation,1.0,-2.0,0.0,2.0,2.0,-4.0,-22.0,-11.0,12.0,6.0,5.0,12.0,-1.0,1.0,6.0,0.0,0.0,0.0
17569,Uruguay,Milk - Excluding Butter,Losses,91.0,95.0,95.0,97.0,97.0,103.0,106.0,112.0,108.0,116.0,112.0,138.0,145.0,160.0,112.0,109.0,101.0,103.0
17570,Uruguay,"Aquatic Products, Other",Human Consumption,0.0,0.0,0.0,0.0,0.0,0.0,0.0,0.0,0.0,0.0,0.0,0.0,0.0,0.0,0.0,0.0,0.0,0.0
17571,Uruguay,"Aquatic Products, Other",Other uses (non-food),0.0,0.0,0.0,0.0,0.0,0.0,0.0,0.0,0.0,0.0,0.0,0.0,0.0,0.0,0.0,0.0,0.0,0.0
17572,Uruguay,"Aquatic Products, Other",Domestic supply,0.0,0.0,0.0,0.0,0.0,0.0,0.0,0.0,0.0,0.0,0.0,0.0,0.0,0.0,0.0,0.0,0.0,0.0
17573,Uruguay,"Aquatic Products, Other",Export,0.0,0.0,0.0,0.0,0.0,0.0,0.0,0.0,0.0,0.0,0.0,0.0,0.0,0.0,0.0,0.0,0.0,0.0
17574,Uruguay,"Aquatic Products, Other",Import,0.0,0.0,0.0,0.0,0.0,0.0,0.0,0.0,0.0,0.0,0.0,0.0,0.0,0.0,0.0,0.0,0.0,0.0
17575,Uruguay,"Aquatic Products, Other",Production,0.0,0.0,0.0,0.0,0.0,0.0,0.0,0.0,0.0,0.0,0.0,0.0,0.0,0.0,0.0,0.0,0.0,0.0
17576,Uruguay,Cereals - Excluding Beer,Human Consumption,432.0,463.0,479.0,489.0,500.0,495.0,504.0,501.0,513.0,516.0,500.0,503.0,510.0,513.0,524.0,535.0,536.0,537.0
17577,Uruguay,Cereals - Excluding Beer,Other uses (non-food),6.0,6.0,6.0,7.0,7.0,7.0,8.0,8.0,8.0,8.0,8.0,8.0,8.0,8.0,14.0,13.0,12.0,13.0
17578,Uruguay,"Fish, Seafood",Production,113.0,105.0,108.0,117.0,123.0,126.0,134.0,109.0,109.0,81.0,74.0,89.0,76.0,59.0,65.0,60.0,52.0,62.0
17579,Uruguay,Cereals - Excluding Beer,Processing,20.0,22.0,21.0,20.0,20.0,20.0,22.0,23.0,23.0,23.0,22.0,22.0,24.0,24.0,0.0,20.0,20.0,20.0
17580,Uruguay,Cereals - Excluding Beer,Seed,47.0,45.0,45.0,56.0,47.0,57.0,61.0,88.0,100.0,73.0,102.0,106.0,102.0,101.0,113.0,96.0,115.0,80.0
17581,Uruguay,Cereals - Excluding Beer,Feed,230.0,243.0,232.0,265.0,300.0,305.0,330.0,388.0,459.0,740.0,456.0,561.0,714.0,597.0,799.0,991.0,604.0,548.0
17582,Uruguay,Cereals - Excluding Beer,Domestic supply,793.0,836.0,834.0,897.0,945.0,950.0,999.0,1092.0,1237.0,1524.0,1248.0,1358.0,1539.0,1405.0,1633.0,1798.0,1435.0,1299.0
17583,Uruguay,Cereals - Excluding Beer,Export,939.0,1086.0,872.0,859.0,941.0,1131.0,1210.0,1432.0,1578.0,2487.0,2790.0,2387.0,3150.0,2593.0,2918.0,1972.0,2342.0,2217.0
17584,Uruguay,Cereals - Excluding Beer,Stock Variation,-60.0,426.0,-11.0,-172.0,-392.0,57.0,-240.0,65.0,-611.0,-109.0,861.0,-772.0,1260.0,-149.0,-48.0,460.0,547.0,-180.0
17585,Uruguay,Cereals - Excluding Beer,Import,346.0,121.0,423.0,403.0,175.0,152.0,231.0,162.0,264.0,301.0,211.0,616.0,324.0,554.0,486.0,610.0,291.0,349.0
17586,Uruguay,Spices,Domestic supply,0.0,1.0,0.0,1.0,0.0,1.0,0.0,1.0,1.0,0.0,1.0,1.0,1.0,1.0,1.0,1.0,1.0,1.0
17587,Uruguay,Cereals - Excluding Beer,Production,1447.0,1375.0,1293.0,1525.0,2103.0,1872.0,2218.0,2296.0,3162.0,3819.0,2966.0,3901.0,3105.0,3593.0,4018.0,3620.0,4033.0,2987.0
17588,Uruguay,Cereals - Excluding Beer,Losses,57.0,57.0,52.0,60.0,70.0,66.0,74.0,84.0,134.0,164.0,160.0,157.0,181.0,163.0,162.0,141.0,148.0,102.0
17589,Uruguay,Milk - Excluding Butter,Processing,0.0,0.0,0.0,0.0,0.0,0.0,0.0,0.0,0.0,0.0,0.0,0.0,0.0,0.0,0.0,0.0,0.0,0.0
17590,Uruguay,"Fish, Seafood",Import,11.0,16.0,14.0,18.0,18.0,18.0,27.0,39.0,44.0,47.0,47.0,39.0,35.0,36.0,32.0,27.0,25.0,28.0
17591,Uruguay,"Fish, Seafood",Domestic supply,27.0,26.0,23.0,25.0,19.0,25.0,26.0,28.0,26.0,20.0,18.0,25.0,22.0,26.0,31.0,29.0,29.0,32.0
17592,Uruguay,Milk - Excluding Butter,Feed,189.0,267.0,230.0,233.0,272.0,205.0,162.0,168.0,196.0,138.0,117.0,198.0,164.0,239.0,313.0,149.0,135.0,189.0
17593,Uruguay,Milk - Excluding Butter,Domestic supply,990.0,1147.0,979.0,1032.0,967.0,927.0,868.0,1024.0,1003.0,1000.0,918.0,1086.0,1053.0,1139.0,1135.0,982.0,921.0,996.0
17594,Uruguay,Milk - Excluding Butter,Export,443.0,364.0,500.0,478.0,518.0,683.0,737.0,659.0,605.0,912.0,894.0,1006.0,1251.0,1276.0,1068.0,1156.0,1052.0,903.0
17595,Uruguay,Milk - Excluding Butter,Stock Variation,5.0,0.0,-1.0,1.0,-13.0,-16.0,-23.0,-122.0,-106.0,27.0,-26.0,-48.0,31.0,-26.0,59.0,78.0,86.0,186.0
17596,Uruguay,Milk - Excluding Butter,Import,6.0,5.0,5.0,3.0,4.0,7.0,8.0,10.0,12.0,13.0,17.0,18.0,28.0,30.0,32.0,35.0,33.0,36.0
17597,Uruguay,Milk - Excluding Butter,Production,1422.0,1506.0,1475.0,1507.0,1494.0,1619.0,1620.0,1795.0,1701.0,1872.0,1821.0,2121.0,2244.0,2412.0,2231.0,2182.0,2026.0,2049.0
17598,Uruguay,Eggs,Human Consumption,31.0,26.0,34.0,31.0,31.0,36.0,36.0,41.0,49.0,44.0,45.0,45.0,41.0,45.0,40.0,37.0,39.0,41.0
17599,Uruguay,Eggs,Other uses (non-food),0.0,0.0,0.0,0.0,0.0,0.0,0.0,0.0,0.0,0.0,0.0,0.0,0.0,0.0,0.0,0.0,0.0,0.0
17600,Uruguay,"Fish, Seafood",Export,98.0,93.0,99.0,112.0,124.0,115.0,113.0,109.0,139.0,114.0,108.0,116.0,89.0,70.0,71.0,57.0,48.0,57.0
17601,Uruguay,Eggs,Losses,2.0,2.0,2.0,2.0,2.0,2.0,2.0,2.0,3.0,3.0,3.0,3.0,3.0,3.0,2.0,2.0,2.0,2.0
17602,Uruguay,Eggs,Domestic supply,37.0,32.0,39.0,35.0,36.0,42.0,43.0,48.0,59.0,53.0,53.0,55.0,51.0,57.0,48.0,45.0,47.0,50.0
17603,Uruguay,Eggs,Export,0.0,0.0,0.0,0.0,0.0,0.0,0.0,0.0,0.0,0.0,0.0,0.0,0.0,0.0,0.0,0.0,0.0,0.0
17604,Uruguay,Eggs,Stock Variation,0.0,0.0,0.0,0.0,0.0,0.0,0.0,0.0,0.0,0.0,0.0,0.0,0.0,0.0,0.0,0.0,0.0,0.0
17605,Uruguay,Eggs,Import,0.0,0.0,0.0,0.0,0.0,0.0,0.0,0.0,0.0,0.0,0.0,1.0,1.0,1.0,0.0,0.0,0.0,0.0
17606,Uruguay,Eggs,Production,37.0,32.0,39.0,35.0,36.0,42.0,42.0,48.0,58.0,52.0,52.0,55.0,50.0,56.0,48.0,44.0,47.0,49.0
17607,Uruguay,"Fish, Seafood",Human Consumption,26.0,25.0,22.0,23.0,18.0,22.0,24.0,25.0,25.0,20.0,18.0,24.0,22.0,26.0,31.0,29.0,28.0,32.0
17608,Uruguay,"Fish, Seafood",Other uses (non-food),1.0,1.0,1.0,0.0,0.0,0.0,0.0,0.0,0.0,0.0,0.0,0.0,0.0,0.0,0.0,0.0,0.0,0.0
17609,Uruguay,"Fish, Seafood",Feed,1.0,0.0,0.0,1.0,1.0,3.0,2.0,3.0,1.0,1.0,0.0,0.0,0.0,1.0,0.0,0.0,1.0,1.0
17610,Uruguay,Eggs,Seed,4.0,4.0,3.0,2.0,3.0,4.0,5.0,4.0,6.0,6.0,6.0,7.0,8.0,9.0,6.0,5.0,6.0,6.0
17611,Uruguay,Spices,Human Consumption,0.0,1.0,0.0,1.0,0.0,1.0,0.0,1.0,1.0,0.0,1.0,1.0,1.0,1.0,1.0,1.0,1.0,1.0
17612,Uruguay,Sugar & Sweeteners,Import,107.0,93.0,118.0,130.0,115.0,114.0,115.0,122.0,100.0,110.0,126.0,142.0,138.0,142.0,185.0,164.0,158.0,149.0
17613,Uruguay,Stimulants,Import,34.0,35.0,35.0,35.0,36.0,39.0,39.0,39.0,42.0,51.0,52.0,54.0,50.0,47.0,34.0,34.0,34.0,33.0
17614,Uruguay,Oilcrops,Seed,2.0,5.0,14.0,15.0,17.0,19.0,24.0,30.0,44.0,44.0,45.0,53.0,67.0,67.0,68.0,67.0,48.0,69.0
17615,Uruguay,Oilcrops,Feed,0.0,0.0,0.0,0.0,0.0,0.0,0.0,0.0,0.0,0.0,0.0,0.0,0.0,0.0,0.0,0.0,4.0,3.0
17616,Uruguay,Oilcrops,Domestic supply,83.0,107.0,107.0,136.0,196.0,136.0,148.0,172.0,155.0,214.0,210.0,239.0,263.0,283.0,89.0,216.0,-4.0,105.0
17617,Uruguay,Oilcrops,Export,4.0,33.0,190.0,397.0,478.0,614.0,683.0,793.0,850.0,1101.0,1969.0,1701.0,2564.0,3525.0,3180.0,3035.0,2271.0,3267.0
17618,Uruguay,Oilcrops,Stock Variation,0.0,0.0,-50.0,-100.0,-7.0,-61.0,-64.0,92.0,-127.0,-610.0,566.0,-252.0,-22.0,563.0,-53.0,-75.0,34.0,-80.0
17619,Uruguay,Oilcrops,Import,19.0,8.0,7.0,15.0,19.0,18.0,17.0,40.0,32.0,37.0,41.0,44.0,32.0,31.0,24.0,14.0,40.0,15.0
17620,Uruguay,Oilcrops,Production,68.0,132.0,340.0,618.0,663.0,794.0,878.0,832.0,1100.0,1888.0,1573.0,2148.0,2817.0,3215.0,3192.0,3163.0,2262.0,3277.0
17621,Uruguay,Treenuts,Human Consumption,1.0,1.0,0.0,0.0,0.0,0.0,1.0,1.0,1.0,1.0,1.0,1.0,1.0,1.0,0.0,0.0,1.0,1.0
17622,Uruguay,Treenuts,Domestic supply,1.0,1.0,0.0,0.0,0.0,0.0,1.0,1.0,1.0,1.0,1.0,1.0,-1.0,-1.0,-1.0,0.0,1.0,1.0
17623,Uruguay,Treenuts,Export,0.0,0.0,0.0,0.0,0.0,0.0,0.0,0.0,0.0,0.0,0.0,0.0,2.0,3.0,1.0,0.0,0.0,0.0
17624,Uruguay,Treenuts,Stock Variation,0.0,0.0,0.0,0.0,0.0,0.0,0.0,0.0,0.0,0.0,0.0,0.0,0.0,0.0,0.0,0.0,0.0,0.0
17625,Uruguay,Treenuts,Import,1.0,1.0,0.0,0.0,0.0,0.0,1.0,1.0,1.0,1.0,1.0,1.0,1.0,1.0,1.0,1.0,1.0,1.0
17626,Uruguay,Pulses,Human Consumption,10.0,10.0,9.0,10.0,10.0,11.0,10.0,10.0,11.0,10.0,10.0,10.0,9.0,11.0,9.0,9.0,10.0,10.0
17627,Uruguay,Pulses,Losses,1.0,1.0,1.0,1.0,1.0,1.0,1.0,1.0,1.0,1.0,1.0,1.0,1.0,1.0,1.0,1.0,1.0,1.0
17628,Uruguay,Pulses,Seed,0.0,0.0,1.0,0.0,1.0,0.0,1.0,1.0,1.0,0.0,0.0,0.0,0.0,0.0,1.0,1.0,1.0,1.0
17629,Uruguay,Pulses,Feed,0.0,0.0,0.0,0.0,0.0,0.0,0.0,0.0,0.0,0.0,0.0,0.0,0.0,0.0,0.0,0.0,0.0,0.0
17630,Uruguay,Pulses,Domestic supply,11.0,11.0,11.0,12.0,11.0,12.0,12.0,12.0,13.0,12.0,12.0,12.0,11.0,13.0,10.0,11.0,12.0,12.0
17631,Uruguay,Oilcrops,Losses,3.0,5.0,14.0,25.0,24.0,28.0,29.0,30.0,35.0,59.0,66.0,66.0,86.0,115.0,103.0,101.0,74.0,106.0
17632,Uruguay,Oilcrops,Processing,72.0,89.0,72.0,89.0,148.0,79.0,85.0,94.0,61.0,90.0,72.0,86.0,75.0,66.0,60.0,78.0,79.0,145.0
17633,Uruguay,Oilcrops,Other uses (non-food),0.0,0.0,0.0,0.0,0.0,1.0,1.0,2.0,3.0,3.0,3.0,6.0,11.0,12.0,6.0,15.0,14.0,14.0
17634,Uruguay,Oilcrops,Human Consumption,6.0,7.0,6.0,8.0,8.0,8.0,10.0,16.0,12.0,18.0,25.0,27.0,24.0,23.0,14.0,13.0,13.0,14.0
17635,Uruguay,Stimulants,Production,0.0,0.0,0.0,0.0,0.0,0.0,0.0,0.0,0.0,0.0,0.0,0.0,0.0,0.0,0.0,0.0,0.0,0.0
17636,Uruguay,Sugar Crops,Processing,85.0,80.0,80.0,80.0,80.0,80.0,50.0,60.0,80.0,80.0,90.0,90.0,90.0,90.0,220.0,250.0,220.0,250.0
17637,Uruguay,Sugar Crops,Losses,0.0,0.0,0.0,0.0,0.0,0.0,0.0,0.0,0.0,0.0,0.0,0.0,0.0,0.0,24.0,22.0,18.0,18.0
17638,Uruguay,Sugar Crops,Feed,65.0,97.0,108.0,36.0,74.0,92.0,95.0,233.0,254.0,217.0,223.0,330.0,278.0,344.0,238.0,171.0,129.0,89.0
17639,Uruguay,Sugar Crops,Domestic supply,150.0,177.0,188.0,116.0,154.0,172.0,145.0,293.0,334.0,297.0,313.0,420.0,368.0,434.0,482.0,443.0,368.0,357.0
17640,Uruguay,Sugar Crops,Export,0.0,0.0,0.0,0.0,0.0,0.0,0.0,0.0,0.0,0.0,0.0,0.0,0.0,0.0,0.0,0.0,0.0,0.0
17641,Uruguay,Sugar Crops,Stock Variation,0.0,0.0,0.0,0.0,0.0,0.0,0.0,0.0,0.0,0.0,0.0,0.0,0.0,0.0,0.0,0.0,0.0,0.0
17642,Uruguay,Sugar Crops,Import,0.0,0.0,0.0,0.0,0.0,0.0,0.0,0.0,0.0,0.0,0.0,0.0,0.0,0.0,0.0,0.0,0.0,0.0
17643,Uruguay,Pulses,Export,0.0,0.0,0.0,0.0,0.0,0.0,0.0,0.0,0.0,0.0,0.0,0.0,1.0,0.0,0.0,0.0,0.0,0.0
17644,Uruguay,Sugar Crops,Production,150.0,177.0,188.0,116.0,154.0,172.0,145.0,293.0,334.0,297.0,313.0,420.0,368.0,434.0,482.0,443.0,368.0,357.0
17645,Uruguay,Starchy Roots,Other uses (non-food),9.0,11.0,10.0,9.0,13.0,13.0,14.0,15.0,15.0,13.0,17.0,15.0,15.0,15.0,2.0,3.0,2.0,3.0
17646,Uruguay,Starchy Roots,Losses,22.0,19.0,22.0,24.0,22.0,23.0,22.0,20.0,19.0,18.0,19.0,17.0,19.0,17.0,16.0,15.0,17.0,17.0
17647,Uruguay,Starchy Roots,Seed,10.0,13.0,13.0,11.0,11.0,11.0,10.0,8.0,9.0,8.0,7.0,7.0,6.0,6.0,6.0,6.0,6.0,6.0
17648,Uruguay,Starchy Roots,Feed,22.0,19.0,22.0,24.0,22.0,23.0,22.0,20.0,19.0,18.0,19.0,17.0,19.0,17.0,18.0,17.0,18.0,18.0
17649,Uruguay,Starchy Roots,Domestic supply,243.0,222.0,239.0,246.0,240.0,254.0,250.0,230.0,228.0,229.0,247.0,228.0,244.0,231.0,201.0,199.0,209.0,203.0
17650,Uruguay,Starchy Roots,Stock Variation,7.0,0.0,0.0,-15.0,15.0,0.0,0.0,0.0,0.0,0.0,0.0,0.0,0.0,0.0,0.0,0.0,0.0,0.0
17651,Uruguay,Starchy Roots,Import,66.0,38.0,34.0,23.0,27.0,31.0,34.0,42.0,51.0,55.0,60.0,64.0,59.0,65.0,44.0,48.0,40.0,33.0
17652,Uruguay,Starchy Roots,Production,171.0,184.0,205.0,239.0,198.0,224.0,216.0,188.0,178.0,174.0,187.0,164.0,185.0,166.0,158.0,151.0,169.0,170.0
17653,Uruguay,Starchy Roots,Human Consumption,180.0,159.0,173.0,178.0,173.0,185.0,181.0,167.0,167.0,171.0,184.0,171.0,185.0,175.0,160.0,158.0,166.0,159.0
17654,Uruguay,Pulses,Stock Variation,0.0,0.0,0.0,0.0,0.0,0.0,0.0,0.0,0.0,0.0,0.0,0.0,0.0,0.0,0.0,0.0,0.0,0.0
17655,Uruguay,Starchy Roots,Export,0.0,1.0,0.0,1.0,0.0,0.0,0.0,0.0,0.0,0.0,0.0,0.0,0.0,0.0,0.0,0.0,0.0,0.0
17656,Uruguay,Pulses,Production,7.0,7.0,7.0,7.0,7.0,7.0,7.0,7.0,7.0,7.0,7.0,6.0,7.0,7.0,7.0,7.0,7.0,7.0
17657,Uruguay,Vegetables,Domestic supply,214.0,220.0,214.0,222.0,204.0,214.0,213.0,228.0,214.0,208.0,218.0,202.0,235.0,229.0,216.0,226.0,228.0,228.0
17658,Uruguay,Vegetables,Export,2.0,1.0,1.0,2.0,6.0,3.0,2.0,3.0,2.0,1.0,2.0,2.0,3.0,1.0,1.0,1.0,1.0,1.0
17659,Uruguay,Vegetables,Stock Variation,0.0,0.0,-4.0,1.0,1.0,-1.0,-1.0,0.0,0.0,0.0,0.0,0.0,1.0,0.0,0.0,0.0,0.0,0.0
17660,Uruguay,Vegetables,Import,53.0,50.0,40.0,23.0,20.0,29.0,28.0,43.0,41.0,41.0,50.0,51.0,45.0,61.0,36.0,34.0,37.0,38.0
17661,Uruguay,Vegetables,Production,163.0,171.0,179.0,200.0,190.0,188.0,188.0,188.0,175.0,168.0,169.0,153.0,192.0,169.0,181.0,192.0,192.0,191.0
17662,Uruguay,Fruits - Excluding Wine,Human Consumption,267.0,308.0,236.0,252.0,223.0,278.0,248.0,301.0,232.0,245.0,274.0,278.0,351.0,243.0,271.0,273.0,263.0,281.0
17663,Uruguay,Fruits - Excluding Wine,Processing,118.0,111.0,93.0,108.0,144.0,123.0,128.0,132.0,112.0,88.0,109.0,126.0,139.0,94.0,95.0,93.0,104.0,95.0
17664,Uruguay,Fruits - Excluding Wine,Losses,42.0,53.0,40.0,44.0,43.0,53.0,46.0,53.0,42.0,44.0,49.0,48.0,51.0,39.0,47.0,44.0,42.0,44.0
17665,Uruguay,Fruits - Excluding Wine,Domestic supply,422.0,464.0,369.0,403.0,409.0,454.0,422.0,485.0,384.0,376.0,430.0,448.0,538.0,374.0,412.0,409.0,409.0,420.0
17666,Uruguay,Fruits - Excluding Wine,Stock Variation,-3.0,-2.0,0.0,2.0,1.0,0.0,-1.0,-2.0,-2.0,-3.0,-2.0,1.0,-2.0,8.0,0.0,0.0,-6.0,-4.0
17667,Uruguay,Fruits - Excluding Wine,Import,77.0,81.0,61.0,52.0,59.0,66.0,67.0,64.0,69.0,65.0,70.0,62.0,76.0,83.0,68.0,78.0,79.0,82.0
17668,Uruguay,Fruits - Excluding Wine,Production,464.0,561.0,412.0,477.0,503.0,577.0,518.0,595.0,461.0,458.0,532.0,526.0,578.0,413.0,478.0,443.0,444.0,444.0
17669,Uruguay,Stimulants,Human Consumption,34.0,35.0,33.0,34.0,35.0,37.0,38.0,39.0,41.0,42.0,44.0,44.0,41.0,43.0,34.0,34.0,34.0,32.0
17670,Uruguay,Stimulants,Processing,0.0,0.0,0.0,0.0,0.0,0.0,0.0,0.0,0.0,0.0,0.0,0.0,0.0,0.0,0.0,0.0,0.0,0.0
17671,Uruguay,Stimulants,Domestic supply,34.0,35.0,33.0,34.0,35.0,37.0,38.0,39.0,41.0,42.0,44.0,44.0,41.0,43.0,34.0,34.0,34.0,32.0
17672,Uruguay,Stimulants,Export,0.0,0.0,2.0,1.0,1.0,1.0,1.0,1.0,2.0,9.0,8.0,10.0,9.0,4.0,0.0,0.0,0.0,0.0
17673,Uruguay,Pulses,Import,4.0,5.0,4.0,5.0,5.0,5.0,5.0,4.0,6.0,4.0,5.0,5.0,5.0,6.0,4.0,4.0,5.0,5.0
17674,Uruguay,Vegetables,Feed,0.0,0.0,0.0,0.0,0.0,0.0,0.0,0.0,0.0,0.0,0.0,0.0,0.0,0.0,0.0,0.0,0.0,0.0
17675,Uruguay,Vegetables,Losses,27.0,28.0,27.0,30.0,28.0,28.0,28.0,29.0,26.0,25.0,26.0,23.0,28.0,25.0,25.0,23.0,27.0,22.0
17676,Uruguay,Fruits - Excluding Wine,Export,117.0,175.0,104.0,128.0,154.0,189.0,161.0,172.0,144.0,144.0,169.0,141.0,114.0,130.0,134.0,111.0,120.0,110.0
17677,Uruguay,Vegetable Oils,Production,19.0,23.0,16.0,21.0,32.0,20.0,23.0,24.0,16.0,23.0,18.0,20.0,18.0,17.0,19.0,26.0,26.0,37.0
17678,Uruguay,Sugar & Sweeteners,Human Consumption,108.0,93.0,121.0,120.0,118.0,118.0,119.0,119.0,123.0,127.0,130.0,134.0,137.0,138.0,193.0,179.0,186.0,179.0
17679,Uruguay,Vegetables,Human Consumption,187.0,192.0,187.0,192.0,177.0,186.0,186.0,199.0,188.0,183.0,192.0,179.0,207.0,204.0,191.0,203.0,201.0,206.0
17680,Uruguay,Sugar & Sweeteners,Other uses (non-food),0.0,0.0,0.0,0.0,0.0,0.0,0.0,0.0,0.0,0.0,0.0,0.0,0.0,0.0,0.0,0.0,0.0,0.0
17681,Uruguay,Sugar & Sweeteners,Processing,1.0,1.0,1.0,1.0,1.0,1.0,1.0,1.0,1.0,1.0,1.0,1.0,1.0,1.0,2.0,1.0,2.0,2.0
17682,Uruguay,Sugar & Sweeteners,Losses,0.0,0.0,0.0,0.0,0.0,0.0,0.0,0.0,0.0,0.0,0.0,0.0,0.0,0.0,1.0,1.0,1.0,1.0
17683,Uruguay,Sugar & Sweeteners,Feed,0.0,0.0,0.0,0.0,0.0,0.0,0.0,0.0,0.0,0.0,0.0,0.0,0.0,0.0,0.0,0.0,0.0,0.0
17684,Uruguay,Sugar & Sweeteners,Domestic supply,109.0,93.0,122.0,121.0,119.0,119.0,120.0,120.0,124.0,128.0,132.0,136.0,139.0,140.0,195.0,181.0,189.0,181.0
17685,Uruguay,Sugar & Sweeteners,Export,10.0,24.0,10.0,17.0,14.0,24.0,12.0,14.0,10.0,6.0,8.0,15.0,11.0,12.0,11.0,12.0,8.0,10.0
17686,Uruguay,Sugar & Sweeteners,Stock Variation,-2.0,6.0,-5.0,-11.0,-4.0,11.0,-1.0,-10.0,14.0,8.0,-6.0,-18.0,-14.0,-16.0,22.0,16.0,5.0,4.0
17687,Uruguay,Stimulants,Stock Variation,0.0,0.0,0.0,0.0,0.0,0.0,0.0,0.0,0.0,0.0,0.0,0.0,0.0,0.0,0.0,0.0,0.0,0.0
17688,Uruguay,Sugar & Sweeteners,Production,14.0,19.0,19.0,19.0,22.0,19.0,19.0,23.0,19.0,17.0,20.0,26.0,26.0,26.0,43.0,46.0,44.0,47.0
17689,Uruguay,Vegetable Oils,Human Consumption,30.0,29.0,32.0,38.0,40.0,39.0,40.0,40.0,40.0,40.0,42.0,41.0,40.0,41.0,49.0,52.0,56.0,54.0
17690,Uruguay,Vegetable Oils,Other uses (non-food),15.0,12.0,6.0,7.0,7.0,8.0,12.0,18.0,17.0,23.0,27.0,33.0,34.0,40.0,41.0,47.0,36.0,41.0
17691,Uruguay,Vegetable Oils,Processing,0.0,0.0,0.0,0.0,0.0,0.0,0.0,0.0,0.0,0.0,0.0,0.0,0.0,0.0,0.0,0.0,0.0,0.0
17692,Uruguay,Vegetable Oils,Domestic supply,45.0,41.0,38.0,44.0,46.0,46.0,52.0,57.0,57.0,62.0,67.0,74.0,73.0,80.0,89.0,97.0,88.0,93.0
17693,Uruguay,Vegetable Oils,Export,3.0,3.0,1.0,1.0,4.0,3.0,3.0,3.0,1.0,2.0,4.0,3.0,2.0,3.0,4.0,4.0,6.0,6.0
17694,Uruguay,Vegetable Oils,Import,24.0,22.0,22.0,26.0,25.0,28.0,32.0,37.0,41.0,44.0,56.0,65.0,57.0,70.0,74.0,74.0,66.0,75.0
17695,Uruguay,Vegetable Oils,Stock Variation,5.0,-1.0,1.0,-2.0,-7.0,1.0,1.0,-2.0,2.0,-3.0,-2.0,-7.0,-1.0,-4.0,0.0,-1.0,-3.0,12.0
17696,Uzbekistan,Miscellaneous,Domestic supply,0.0,0.0,0.0,0.0,0.0,0.0,1.0,1.0,1.0,1.0,1.0,1.0,1.0,1.0,22.0,22.0,19.0,24.0
17697,Uzbekistan,Meat,Seed,0.0,0.0,0.0,0.0,0.0,0.0,0.0,0.0,0.0,0.0,0.0,0.0,0.0,0.0,0.0,0.0,0.0,0.0
17698,Uzbekistan,Meat,Losses,0.0,0.0,0.0,0.0,0.0,0.0,0.0,0.0,0.0,0.0,0.0,0.0,0.0,0.0,53.0,57.0,59.0,54.0
17699,Uzbekistan,Meat,Processing,0.0,0.0,0.0,0.0,0.0,0.0,0.0,0.0,0.0,0.0,0.0,0.0,0.0,0.0,0.0,0.0,0.0,0.0
17700,Uzbekistan,Meat,Other uses (non-food),0.0,0.0,0.0,0.0,0.0,0.0,0.0,0.0,0.0,0.0,0.0,0.0,0.0,0.0,0.0,0.0,0.0,0.0
17701,Uzbekistan,Miscellaneous,Import,0.0,0.0,0.0,0.0,0.0,0.0,1.0,1.0,1.0,1.0,1.0,1.0,1.0,1.0,22.0,22.0,19.0,24.0
17702,Uzbekistan,Miscellaneous,Production,0.0,0.0,0.0,0.0,0.0,0.0,0.0,0.0,0.0,0.0,0.0,0.0,0.0,0.0,0.0,0.0,0.0,0.0
17703,Uzbekistan,Meat,Feed,0.0,0.0,0.0,0.0,0.0,0.0,0.0,0.0,0.0,0.0,0.0,0.0,0.0,0.0,0.0,0.0,0.0,0.0
17704,Uzbekistan,Miscellaneous,Stock Variation,0.0,0.0,0.0,0.0,0.0,0.0,0.0,0.0,0.0,0.0,0.0,0.0,0.0,0.0,0.0,0.0,0.0,0.0
17705,Uzbekistan,Miscellaneous,Export,0.0,0.0,0.0,0.0,0.0,0.0,0.0,0.0,0.0,0.0,0.0,0.0,0.0,0.0,0.0,0.0,0.0,0.0
17706,Uzbekistan,Meat,Human Consumption,522.0,512.0,525.0,579.0,619.0,655.0,696.0,690.0,729.0,771.0,826.0,956.0,958.0,1029.0,1020.0,1077.0,1070.0,1100.0
17707,Uzbekistan,Meat,Domestic supply,522.0,512.0,525.0,579.0,619.0,655.0,696.0,690.0,729.0,771.0,826.0,956.0,958.0,1029.0,1020.0,1077.0,1070.0,1100.0
17708,Uzbekistan,Offals,Human Consumption,80.0,76.0,73.0,79.0,80.0,82.0,84.0,83.0,83.0,87.0,87.0,88.0,91.0,94.0,105.0,109.0,111.0,103.0
17709,Uzbekistan,Meat,Stock Variation,0.0,0.0,0.0,0.0,0.0,0.0,0.0,0.0,0.0,0.0,0.0,0.0,0.0,0.0,90.0,86.0,118.0,55.0
17710,Uzbekistan,Meat,Import,19.0,4.0,11.0,15.0,20.0,20.0,15.0,11.0,8.0,5.0,7.0,17.0,21.0,28.0,43.0,24.0,7.0,16.0
17711,Uzbekistan,Meat,Production,502.0,508.0,514.0,564.0,599.0,635.0,681.0,679.0,722.0,766.0,818.0,939.0,937.0,1001.0,1067.0,1139.0,1182.0,1138.0
17712,Uzbekistan,Offals,Import,1.0,0.0,1.0,0.0,0.0,1.0,2.0,1.0,1.0,1.0,1.0,2.0,4.0,8.0,10.0,6.0,2.0,3.0
17713,Uzbekistan,Offals,Other uses (non-food),1.0,2.0,2.0,2.0,1.0,4.0,9.0,8.0,10.0,13.0,19.0,30.0,30.0,38.0,33.0,35.0,34.0,28.0
17714,Uzbekistan,Offals,Processing,0.0,0.0,0.0,0.0,0.0,0.0,0.0,0.0,0.0,0.0,0.0,0.0,0.0,0.0,0.0,0.0,0.0,0.0
17715,Uzbekistan,Offals,Losses,0.0,0.0,0.0,0.0,0.0,0.0,0.0,0.0,0.0,0.0,0.0,0.0,0.0,0.0,0.0,0.0,0.0,0.0
17716,Uzbekistan,Offals,Feed,0.0,0.0,0.0,0.0,0.0,0.0,0.0,0.0,0.0,0.0,0.0,0.0,0.0,0.0,1.0,1.0,2.0,2.0
17717,Uzbekistan,Offals,Domestic supply,82.0,78.0,75.0,81.0,81.0,86.0,92.0,91.0,93.0,99.0,106.0,118.0,120.0,132.0,139.0,143.0,145.0,132.0
17718,Uzbekistan,Offals,Export,0.0,0.0,0.0,0.0,0.0,0.0,0.0,0.0,0.0,0.0,0.0,0.0,0.0,0.0,0.0,0.0,0.0,0.0
17719,Uzbekistan,Offals,Stock Variation,0.0,0.0,0.0,0.0,0.0,0.0,0.0,0.0,0.0,0.0,0.0,0.0,0.0,0.0,0.0,0.0,0.0,0.0
17720,Uzbekistan,Meat,Export,0.0,0.0,0.0,0.0,0.0,0.0,0.0,0.0,0.0,0.0,0.0,0.0,0.0,0.0,0.0,0.0,0.0,0.0
17721,Uzbekistan,Offals,Seed,0.0,0.0,0.0,0.0,0.0,0.0,0.0,0.0,0.0,0.0,0.0,0.0,0.0,0.0,0.0,0.0,0.0,0.0
17722,Uzbekistan,Spices,Import,0.0,0.0,0.0,0.0,0.0,1.0,1.0,0.0,0.0,0.0,0.0,0.0,1.0,1.0,2.0,2.0,2.0,2.0
17723,Uzbekistan,Miscellaneous,Seed,0.0,0.0,0.0,0.0,0.0,0.0,0.0,0.0,0.0,0.0,0.0,0.0,0.0,0.0,0.0,0.0,0.0,0.0
17724,Uzbekistan,Spices,Processing,0.0,0.0,0.0,0.0,0.0,0.0,0.0,0.0,0.0,0.0,0.0,0.0,0.0,0.0,0.0,0.0,0.0,0.0
17725,Uzbekistan,Offals,Production,81.0,78.0,74.0,81.0,81.0,84.0,90.0,90.0,93.0,98.0,105.0,116.0,116.0,124.0,129.0,138.0,143.0,129.0
17726,Uzbekistan,Spices,Losses,0.0,0.0,0.0,0.0,0.0,0.0,0.0,0.0,0.0,0.0,0.0,0.0,0.0,0.0,0.0,0.0,0.0,0.0
17727,Uzbekistan,Spices,Seed,0.0,0.0,0.0,0.0,0.0,0.0,0.0,0.0,0.0,0.0,0.0,0.0,0.0,0.0,0.0,0.0,0.0,0.0
17728,Uzbekistan,Spices,Feed,0.0,0.0,0.0,0.0,0.0,0.0,0.0,0.0,0.0,0.0,0.0,0.0,0.0,0.0,0.0,0.0,0.0,0.0
17729,Uzbekistan,Spices,Domestic supply,3.0,3.0,2.0,3.0,3.0,3.0,4.0,4.0,4.0,4.0,4.0,4.0,5.0,7.0,6.0,5.0,3.0,2.0
17730,Uzbekistan,Spices,Export,1.0,1.0,2.0,2.0,2.0,2.0,2.0,2.0,2.0,2.0,2.0,3.0,3.0,2.0,2.0,3.0,6.0,10.0
17731,Uzbekistan,Spices,Stock Variation,0.0,0.0,0.0,0.0,0.0,0.0,-1.0,0.0,0.0,0.0,0.0,0.0,0.0,0.0,1.0,1.0,0.0,0.0
17732,Uzbekistan,Spices,Production,4.0,4.0,4.0,5.0,5.0,5.0,5.0,5.0,5.0,5.0,6.0,7.0,7.0,8.0,7.0,7.0,7.0,10.0
17733,Uzbekistan,Alcoholic Beverages,Human Consumption,161.0,146.0,157.0,166.0,172.0,179.0,204.0,206.0,232.0,289.0,362.0,367.0,335.0,331.0,420.0,445.0,422.0,404.0
17734,Uzbekistan,Alcoholic Beverages,Other uses (non-food),0.0,0.0,0.0,0.0,0.0,0.0,0.0,0.0,0.0,0.0,0.0,0.0,0.0,0.0,0.0,0.0,0.0,0.0
17735,Uzbekistan,Miscellaneous,Feed,0.0,0.0,0.0,0.0,0.0,0.0,0.0,0.0,0.0,0.0,0.0,0.0,0.0,0.0,0.0,0.0,0.0,0.0
17736,Uzbekistan,Alcoholic Beverages,Processing,0.0,0.0,0.0,0.0,0.0,0.0,0.0,0.0,0.0,0.0,0.0,0.0,0.0,0.0,0.0,0.0,0.0,0.0
17737,Uzbekistan,Alcoholic Beverages,Seed,0.0,0.0,0.0,0.0,0.0,0.0,0.0,0.0,0.0,0.0,0.0,0.0,0.0,0.0,0.0,0.0,0.0,0.0
17738,Uzbekistan,Alcoholic Beverages,Feed,0.0,0.0,0.0,0.0,0.0,0.0,0.0,0.0,0.0,0.0,0.0,0.0,0.0,0.0,0.0,0.0,0.0,0.0
17739,Uzbekistan,Alcoholic Beverages,Domestic supply,161.0,146.0,157.0,166.0,172.0,179.0,204.0,206.0,232.0,289.0,362.0,367.0,335.0,331.0,420.0,445.0,422.0,404.0
17740,Uzbekistan,Alcoholic Beverages,Export,4.0,2.0,2.0,1.0,0.0,1.0,2.0,3.0,1.0,5.0,14.0,7.0,9.0,9.0,8.0,7.0,12.0,16.0
17741,Uzbekistan,Alcoholic Beverages,Stock Variation,2.0,0.0,0.0,0.0,0.0,0.0,0.0,0.0,0.0,-5.0,5.0,0.0,0.0,0.0,9.0,19.0,21.0,28.0
17742,Uzbekistan,Alcoholic Beverages,Import,9.0,3.0,3.0,3.0,3.0,1.0,2.0,3.0,4.0,2.0,3.0,4.0,10.0,9.0,11.0,10.0,9.0,7.0
17743,Uzbekistan,Alcoholic Beverages,Production,154.0,145.0,155.0,165.0,169.0,179.0,204.0,206.0,230.0,297.0,367.0,370.0,335.0,330.0,425.0,462.0,445.0,441.0
17744,Uzbekistan,Miscellaneous,Human Consumption,0.0,0.0,0.0,0.0,0.0,0.0,1.0,1.0,1.0,1.0,1.0,1.0,1.0,1.0,22.0,22.0,19.0,24.0
17745,Uzbekistan,Miscellaneous,Other uses (non-food),0.0,0.0,0.0,0.0,0.0,0.0,0.0,0.0,0.0,0.0,0.0,0.0,0.0,0.0,0.0,0.0,0.0,0.0
17746,Uzbekistan,Miscellaneous,Processing,0.0,0.0,0.0,0.0,0.0,0.0,0.0,0.0,0.0,0.0,0.0,0.0,0.0,0.0,0.0,0.0,0.0,0.0
17747,Uzbekistan,Miscellaneous,Losses,0.0,0.0,0.0,0.0,0.0,0.0,0.0,0.0,0.0,0.0,0.0,0.0,0.0,0.0,0.0,0.0,0.0,0.0
17748,Uzbekistan,Alcoholic Beverages,Losses,0.0,0.0,0.0,0.0,0.0,0.0,0.0,0.0,0.0,0.0,0.0,0.0,0.0,0.0,0.0,0.0,0.0,0.0
17749,Uzbekistan,Animal fats,Human Consumption,26.0,18.0,24.0,25.0,26.0,29.0,29.0,31.0,39.0,49.0,54.0,65.0,63.0,66.0,78.0,81.0,75.0,80.0
17750,Uzbekistan,"Aquatic Products, Other",Human Consumption,0.0,0.0,0.0,0.0,0.0,0.0,0.0,0.0,0.0,0.0,0.0,0.0,0.0,0.0,0.0,0.0,0.0,0.0
17751,Uzbekistan,Animal fats,Processing,0.0,0.0,0.0,0.0,0.0,0.0,0.0,0.0,0.0,0.0,0.0,0.0,0.0,0.0,0.0,0.0,0.0,0.0
17752,Uzbekistan,Eggs,Production,71.0,72.0,77.0,91.0,105.0,111.0,120.0,124.0,136.0,153.0,175.0,197.0,219.0,251.0,277.0,310.0,237.0,355.0
17753,Uzbekistan,"Fish, Seafood",Human Consumption,10.0,8.0,7.0,6.0,7.0,8.0,7.0,8.0,12.0,13.0,15.0,19.0,22.0,22.0,58.0,70.0,72.0,72.0
17754,Uzbekistan,"Fish, Seafood",Other uses (non-food),0.0,0.0,0.0,0.0,0.0,0.0,0.0,0.0,0.0,0.0,0.0,0.0,0.0,0.0,0.0,0.0,0.0,0.0
17755,Uzbekistan,"Fish, Seafood",Feed,1.0,0.0,1.0,2.0,2.0,1.0,2.0,1.0,2.0,5.0,5.0,7.0,10.0,20.0,5.0,17.0,3.0,3.0
17756,Uzbekistan,"Fish, Seafood",Domestic supply,11.0,8.0,8.0,8.0,9.0,8.0,9.0,10.0,14.0,18.0,20.0,25.0,31.0,41.0,63.0,88.0,75.0,75.0
17757,Uzbekistan,"Fish, Seafood",Export,0.0,0.0,0.0,0.0,0.0,1.0,1.0,1.0,1.0,1.0,1.0,1.0,0.0,0.0,0.0,0.0,0.0,0.0
17758,Uzbekistan,"Fish, Seafood",Stock Variation,0.0,0.0,0.0,0.0,0.0,0.0,0.0,0.0,0.0,0.0,0.0,0.0,0.0,0.0,0.0,0.0,0.0,0.0
17759,Uzbekistan,"Fish, Seafood",Import,2.0,2.0,3.0,4.0,4.0,4.0,4.0,5.0,8.0,7.0,10.0,16.0,21.0,31.0,17.0,28.0,10.0,10.0
17760,Uzbekistan,"Fish, Seafood",Production,9.0,6.0,5.0,4.0,4.0,5.0,5.0,6.0,7.0,11.0,11.0,11.0,11.0,11.0,46.0,60.0,65.0,65.0
17761,Uzbekistan,Spices,Other uses (non-food),0.0,0.0,0.0,0.0,0.0,0.0,0.0,0.0,0.0,0.0,0.0,0.0,0.0,0.0,0.0,0.0,0.0,0.0
17762,Uzbekistan,"Aquatic Products, Other",Other uses (non-food),0.0,0.0,0.0,0.0,0.0,0.0,0.0,0.0,0.0,0.0,0.0,0.0,0.0,0.0,0.0,0.0,0.0,0.0
17763,Uzbekistan,Eggs,Import,0.0,0.0,0.0,0.0,0.0,0.0,0.0,0.0,0.0,0.0,0.0,0.0,0.0,1.0,1.0,0.0,0.0,1.0
17764,Uzbekistan,"Aquatic Products, Other",Domestic supply,0.0,0.0,0.0,0.0,0.0,0.0,0.0,0.0,0.0,0.0,0.0,0.0,0.0,0.0,0.0,0.0,0.0,0.0
17765,Uzbekistan,Cereals - Excluding Beer,Human Consumption,4182.0,4160.0,4350.0,4650.0,4708.0,4807.0,4839.0,4617.0,4945.0,5052.0,5110.0,5139.0,5195.0,5266.0,5805.0,5842.0,5980.0,6223.0
17766,Uzbekistan,Cereals - Excluding Beer,Other uses (non-food),2.0,1.0,1.0,0.0,1.0,2.0,3.0,5.0,4.0,5.0,4.0,6.0,6.0,7.0,15.0,15.0,14.0,17.0
17767,Uzbekistan,Cereals - Excluding Beer,Processing,123.0,127.0,129.0,131.0,146.0,184.0,209.0,239.0,268.0,305.0,323.0,321.0,314.0,313.0,349.0,417.0,426.0,448.0
17768,Uzbekistan,Cereals - Excluding Beer,Losses,36.0,36.0,42.0,42.0,44.0,46.0,47.0,46.0,47.0,53.0,53.0,50.0,55.0,62.0,393.0,397.0,389.0,348.0
17769,Uzbekistan,Cereals - Excluding Beer,Seed,196.0,217.0,255.0,235.0,228.0,228.0,216.0,217.0,223.0,230.0,206.0,228.0,228.0,230.0,262.0,262.0,259.0,244.0
17770,Uzbekistan,Cereals - Excluding Beer,Feed,155.0,226.0,1014.0,1189.0,721.0,1817.0,1998.0,2727.0,2467.0,2968.0,3129.0,3298.0,3742.0,3564.0,1986.0,1940.0,2334.0,2472.0
17771,Uzbekistan,Cereals - Excluding Beer,Domestic supply,4693.0,4768.0,5791.0,6247.0,5848.0,7083.0,7312.0,7851.0,7955.0,8612.0,8826.0,9041.0,9540.0,9443.0,8757.0,8819.0,9350.0,9703.0
17772,Uzbekistan,Cereals - Excluding Beer,Export,8.0,0.0,0.0,1.0,310.0,67.0,13.0,14.0,13.0,74.0,137.0,137.0,8.0,133.0,0.0,1.0,1.0,6.0
17773,Uzbekistan,Cereals - Excluding Beer,Stock Variation,-37.0,85.0,-126.0,-31.0,103.0,50.0,3.0,20.0,0.0,-73.0,25.0,50.0,-91.0,-100.0,1355.0,1784.0,1238.0,-64.0
17774,Uzbekistan,Cereals - Excluding Beer,Import,876.0,650.0,441.0,285.0,256.0,627.0,763.0,1162.0,1296.0,1471.0,1600.0,2105.0,2315.0,2084.0,2221.0,2589.0,2713.0,2603.0
17775,Uzbekistan,Cereals - Excluding Beer,Production,3862.0,4034.0,5477.0,5995.0,5799.0,6474.0,6559.0,6683.0,6671.0,7288.0,7337.0,7023.0,7323.0,7592.0,7891.0,8014.0,7876.0,7043.0
17776,Uzbekistan,"Aquatic Products, Other",Import,0.0,0.0,0.0,0.0,0.0,0.0,0.0,0.0,0.0,0.0,0.0,0.0,0.0,0.0,0.0,0.0,0.0,0.0
17777,Uzbekistan,Animal fats,Other uses (non-food),1.0,1.0,0.0,1.0,5.0,5.0,6.0,10.0,15.0,16.0,17.0,19.0,18.0,20.0,19.0,21.0,22.0,18.0
17778,Uzbekistan,Eggs,Stock Variation,0.0,0.0,0.0,0.0,0.0,0.0,0.0,0.0,0.0,0.0,0.0,0.0,0.0,0.0,0.0,0.0,0.0,0.0
17779,Uzbekistan,Eggs,Feed,0.0,0.0,0.0,0.0,0.0,0.0,0.0,0.0,0.0,0.0,0.0,0.0,0.0,0.0,12.0,18.0,0.0,23.0
17780,Uzbekistan,Animal fats,Losses,0.0,0.0,0.0,0.0,0.0,0.0,0.0,0.0,0.0,0.0,0.0,0.0,0.0,0.0,2.0,2.0,2.0,0.0
17781,Uzbekistan,Animal fats,Seed,0.0,0.0,0.0,0.0,0.0,0.0,0.0,0.0,0.0,0.0,0.0,0.0,0.0,0.0,0.0,0.0,0.0,0.0
17782,Uzbekistan,Animal fats,Feed,0.0,0.0,0.0,0.0,0.0,0.0,0.0,0.0,0.0,0.0,0.0,0.0,0.0,0.0,0.0,0.0,0.0,0.0
17783,Uzbekistan,Animal fats,Domestic supply,27.0,19.0,24.0,26.0,31.0,34.0,34.0,40.0,54.0,65.0,71.0,83.0,82.0,85.0,97.0,102.0,98.0,101.0
17784,Uzbekistan,Animal fats,Export,0.0,0.0,0.0,0.0,0.0,0.0,0.0,0.0,0.0,0.0,0.0,0.0,0.0,0.0,1.0,0.0,0.0,0.0
17785,Uzbekistan,Animal fats,Stock Variation,0.0,0.0,0.0,0.0,0.0,0.0,0.0,0.0,0.0,0.0,0.0,0.0,0.0,0.0,2.0,2.0,2.0,2.0
17786,Uzbekistan,Animal fats,Import,9.0,1.0,6.0,6.0,9.0,11.0,10.0,15.0,28.0,38.0,43.0,52.0,50.0,52.0,47.0,48.0,42.0,45.0
17787,Uzbekistan,Animal fats,Production,18.0,18.0,18.0,20.0,22.0,23.0,25.0,25.0,25.0,27.0,28.0,32.0,32.0,33.0,54.0,57.0,58.0,58.0
17788,Uzbekistan,Milk - Excluding Butter,Human Consumption,3418.0,3419.0,3522.0,3521.0,3569.0,3709.0,3726.0,3830.0,3726.0,3743.0,3742.0,3770.0,3782.0,3785.0,6394.0,7013.0,7074.0,6966.0
17789,Uzbekistan,Milk - Excluding Butter,Other uses (non-food),0.0,0.0,0.0,0.0,0.0,0.0,0.0,0.0,0.0,0.0,0.0,0.0,0.0,0.0,0.0,0.0,0.0,0.0
17790,Uzbekistan,Milk - Excluding Butter,Processing,0.0,0.0,0.0,0.0,0.0,0.0,0.0,0.0,0.0,0.0,0.0,0.0,0.0,0.0,0.0,0.0,0.0,0.0
17791,Uzbekistan,Eggs,Domestic supply,71.0,72.0,77.0,91.0,105.0,111.0,120.0,124.0,137.0,153.0,175.0,197.0,220.0,251.0,278.0,310.0,238.0,355.0
17792,Uzbekistan,Milk - Excluding Butter,Losses,0.0,0.0,0.0,0.0,0.0,0.0,0.0,0.0,0.0,0.0,0.0,0.0,0.0,0.0,422.0,452.0,477.0,504.0
17793,Uzbekistan,Milk - Excluding Butter,Feed,215.0,223.0,230.0,617.0,724.0,858.0,1143.0,1273.0,1709.0,2056.0,2434.0,3022.0,3562.0,4125.0,2055.0,2032.0,2469.0,3128.0
17794,Uzbekistan,Milk - Excluding Butter,Domestic supply,3632.0,3641.0,3752.0,4139.0,4294.0,4567.0,4869.0,5103.0,5435.0,5799.0,6176.0,6792.0,7344.0,7910.0,8448.0,9046.0,9543.0,10095.0
17795,Uzbekistan,Milk - Excluding Butter,Export,0.0,0.0,0.0,0.0,0.0,0.0,0.0,0.0,0.0,0.0,0.0,0.0,0.0,0.0,0.0,0.0,0.0,0.0
17796,Uzbekistan,Milk - Excluding Butter,Stock Variation,0.0,0.0,0.0,0.0,0.0,0.0,0.0,0.0,0.0,0.0,0.0,0.0,0.0,0.0,0.0,0.0,0.0,0.0
17797,Uzbekistan,Milk - Excluding Butter,Import,22.0,3.0,78.0,49.0,13.0,12.0,13.0,6.0,9.0,20.0,7.0,27.0,31.0,25.0,17.0,19.0,13.0,15.0
17798,Uzbekistan,Milk - Excluding Butter,Production,3610.0,3638.0,3675.0,4090.0,4281.0,4555.0,4856.0,5098.0,5426.0,5779.0,6169.0,6766.0,7314.0,7884.0,8432.0,9027.0,9530.0,10080.0
17799,Uzbekistan,Eggs,Human Consumption,68.0,69.0,70.0,84.0,97.0,102.0,109.0,112.0,113.0,124.0,131.0,135.0,143.0,151.0,174.0,190.0,162.0,211.0
17800,Uzbekistan,Eggs,Other uses (non-food),0.0,1.0,4.0,4.0,4.0,6.0,7.0,9.0,20.0,24.0,40.0,57.0,70.0,93.0,96.0,111.0,70.0,134.0
17801,Uzbekistan,Eggs,Processing,0.0,0.0,0.0,0.0,0.0,0.0,0.0,0.0,0.0,0.0,0.0,0.0,0.0,0.0,0.0,0.0,0.0,0.0
17802,Uzbekistan,Eggs,Losses,1.0,1.0,2.0,2.0,2.0,2.0,2.0,2.0,3.0,3.0,3.0,4.0,4.0,5.0,6.0,6.0,5.0,7.0
17803,Uzbekistan,Eggs,Seed,1.0,1.0,1.0,1.0,1.0,1.0,1.0,1.0,1.0,1.0,2.0,2.0,2.0,2.0,3.0,3.0,2.0,3.0
17804,Uzbekistan,Milk - Excluding Butter,Seed,0.0,0.0,0.0,0.0,0.0,0.0,0.0,0.0,0.0,0.0,0.0,0.0,0.0,0.0,0.0,0.0,0.0,0.0
17805,Uzbekistan,Spices,Human Consumption,3.0,3.0,2.0,3.0,3.0,3.0,4.0,4.0,4.0,4.0,4.0,4.0,5.0,7.0,6.0,4.0,3.0,2.0
17806,Uzbekistan,Eggs,Export,0.0,0.0,0.0,0.0,0.0,0.0,0.0,0.0,0.0,0.0,0.0,0.0,0.0,0.0,0.0,0.0,0.0,0.0
17807,Uzbekistan,Stimulants,Import,22.0,26.0,23.0,4.0,22.0,26.0,22.0,24.0,30.0,29.0,28.0,29.0,35.0,35.0,28.0,34.0,29.0,38.0
17808,Uzbekistan,Oilcrops,Export,35.0,12.0,5.0,9.0,13.0,19.0,20.0,16.0,9.0,11.0,8.0,7.0,9.0,9.0,3.0,15.0,9.0,14.0
17809,Uzbekistan,Oilcrops,Stock Variation,12.0,5.0,1.0,-16.0,-5.0,7.0,11.0,11.0,-1.0,1.0,0.0,0.0,-1.0,1.0,4.0,-35.0,-22.0,-1.0
17810,Uzbekistan,Oilcrops,Import,74.0,65.0,128.0,50.0,20.0,13.0,4.0,5.0,14.0,12.0,12.0,11.0,45.0,59.0,88.0,95.0,120.0,182.0
17811,Uzbekistan,Oilcrops,Production,1874.0,2025.0,1926.0,1763.0,2185.0,2315.0,2251.0,2276.0,2484.0,1837.0,1944.0,2019.0,1967.0,1928.0,1954.0,1948.0,1907.0,1882.0
17812,Uzbekistan,Treenuts,Human Consumption,17.0,24.0,27.0,32.0,34.0,34.0,42.0,29.0,29.0,30.0,31.0,30.0,32.0,33.0,65.0,69.0,60.0,38.0
17813,Uzbekistan,Treenuts,Other uses (non-food),0.0,0.0,0.0,0.0,0.0,0.0,0.0,0.0,0.0,0.0,0.0,0.0,0.0,0.0,0.0,0.0,0.0,0.0
17814,Uzbekistan,Treenuts,Processing,0.0,0.0,0.0,0.0,0.0,0.0,0.0,0.0,0.0,0.0,0.0,0.0,0.0,0.0,0.0,0.0,0.0,0.0
17815,Uzbekistan,Treenuts,Losses,0.0,0.0,0.0,0.0,0.0,0.0,0.0,0.0,0.0,0.0,0.0,0.0,0.0,0.0,4.0,5.0,4.0,3.0
17816,Uzbekistan,Treenuts,Seed,0.0,0.0,0.0,0.0,0.0,0.0,0.0,0.0,0.0,0.0,0.0,0.0,0.0,0.0,0.0,0.0,0.0,0.0
17817,Uzbekistan,Treenuts,Feed,0.0,0.0,0.0,0.0,0.0,0.0,0.0,0.0,0.0,0.0,0.0,0.0,0.0,0.0,0.0,0.0,0.0,0.0
17818,Uzbekistan,Treenuts,Domestic supply,17.0,24.0,27.0,32.0,34.0,34.0,42.0,29.0,29.0,30.0,31.0,30.0,32.0,33.0,66.0,71.0,61.0,38.0
17819,Uzbekistan,Treenuts,Export,5.0,2.0,2.0,2.0,3.0,5.0,4.0,8.0,6.0,5.0,3.0,5.0,7.0,6.0,5.0,14.0,17.0,22.0
17820,Uzbekistan,Treenuts,Stock Variation,0.0,0.0,0.0,0.0,0.0,0.0,0.0,0.0,0.0,0.0,0.0,0.0,0.0,0.0,3.0,3.0,3.0,1.0
17821,Uzbekistan,Treenuts,Import,0.0,0.0,0.0,0.0,1.0,1.0,1.0,1.0,1.0,0.0,0.0,0.0,0.0,0.0,0.0,0.0,0.0,0.0
17822,Uzbekistan,Treenuts,Production,21.0,27.0,29.0,33.0,36.0,38.0,45.0,36.0,34.0,35.0,34.0,35.0,38.0,38.0,74.0,87.0,81.0,60.0
17823,Uzbekistan,Pulses,Human Consumption,1.0,1.0,1.0,0.0,1.0,1.0,1.0,1.0,1.0,1.0,1.0,1.0,1.0,1.0,1.0,1.0,1.0,1.0
17824,Uzbekistan,Pulses,Other uses (non-food),0.0,0.0,0.0,0.0,0.0,0.0,0.0,0.0,0.0,0.0,0.0,0.0,0.0,0.0,0.0,0.0,0.0,0.0
17825,Uzbekistan,Pulses,Processing,0.0,0.0,0.0,0.0,0.0,0.0,0.0,0.0,0.0,0.0,0.0,0.0,0.0,0.0,0.0,0.0,0.0,0.0
17826,Uzbekistan,Pulses,Losses,0.0,0.0,0.0,0.0,0.0,0.0,0.0,0.0,0.0,0.0,0.0,0.0,0.0,0.0,4.0,4.0,4.0,4.0
17827,Uzbekistan,Pulses,Seed,0.0,0.0,0.0,0.0,0.0,0.0,0.0,0.0,0.0,0.0,0.0,0.0,0.0,0.0,0.0,0.0,0.0,0.0
17828,Uzbekistan,Pulses,Feed,3.0,15.0,10.0,7.0,11.0,8.0,14.0,17.0,16.0,22.0,16.0,12.0,21.0,35.0,34.0,57.0,42.0,33.0
17829,Uzbekistan,Pulses,Domestic supply,4.0,17.0,11.0,8.0,12.0,9.0,16.0,19.0,17.0,24.0,18.0,13.0,23.0,37.0,37.0,59.0,45.0,53.0
17830,Uzbekistan,Pulses,Export,12.0,1.0,8.0,4.0,1.0,3.0,3.0,5.0,6.0,15.0,23.0,26.0,26.0,26.0,42.0,25.0,41.0,39.0
17831,Uzbekistan,Oilcrops,Domestic supply,1925.0,2083.0,2050.0,1788.0,2188.0,2316.0,2246.0,2276.0,2489.0,1839.0,1948.0,2024.0,2002.0,1980.0,2035.0,2064.0,2039.0,2051.0
17832,Uzbekistan,Oilcrops,Feed,142.0,416.0,391.0,199.0,589.0,523.0,394.0,481.0,601.0,114.0,315.0,383.0,355.0,324.0,403.0,406.0,413.0,427.0
17833,Uzbekistan,Oilcrops,Seed,74.0,73.0,71.0,75.0,73.0,74.0,74.0,73.0,69.0,69.0,68.0,67.0,67.0,66.0,57.0,58.0,58.0,59.0
17834,Uzbekistan,Oilcrops,Losses,0.0,0.0,0.0,0.0,0.0,0.0,0.0,0.0,1.0,1.0,1.0,1.0,2.0,2.0,5.0,5.0,5.0,6.0
17835,Uzbekistan,Sugar Crops,Human Consumption,0.0,0.0,0.0,0.0,0.0,0.0,0.0,0.0,0.0,0.0,0.0,0.0,0.0,0.0,0.0,0.0,0.0,0.0
17836,Uzbekistan,Sugar Crops,Other uses (non-food),0.0,0.0,0.0,0.0,0.0,0.0,0.0,0.0,0.0,0.0,0.0,0.0,0.0,0.0,0.0,0.0,0.0,0.0
17837,Uzbekistan,Sugar Crops,Processing,78.0,43.0,0.0,0.0,0.0,0.0,0.0,0.0,0.0,0.0,0.0,0.0,0.0,0.0,0.0,0.0,0.0,0.0
17838,Uzbekistan,Sugar Crops,Losses,5.0,3.0,0.0,0.0,0.0,0.0,0.0,0.0,0.0,0.0,0.0,0.0,0.0,0.0,0.0,0.0,0.0,0.0
17839,Uzbekistan,Sugar Crops,Seed,0.0,0.0,0.0,0.0,0.0,0.0,0.0,0.0,0.0,0.0,0.0,0.0,0.0,0.0,0.0,0.0,0.0,0.0
17840,Uzbekistan,Sugar Crops,Feed,19.0,15.0,2.0,0.0,0.0,0.0,0.0,0.0,0.0,0.0,0.0,0.0,0.0,0.0,0.0,0.0,0.0,0.0
17841,Uzbekistan,Sugar Crops,Domestic supply,102.0,61.0,3.0,0.0,0.0,0.0,0.0,0.0,0.0,0.0,0.0,0.0,0.0,0.0,0.0,0.0,0.0,0.0
17842,Uzbekistan,Sugar Crops,Export,0.0,0.0,0.0,0.0,0.0,0.0,0.0,0.0,0.0,0.0,0.0,0.0,0.0,0.0,0.0,0.0,0.0,0.0
17843,Uzbekistan,Sugar Crops,Stock Variation,0.0,0.0,0.0,0.0,0.0,0.0,0.0,0.0,0.0,0.0,0.0,0.0,0.0,0.0,0.0,0.0,0.0,0.0
17844,Uzbekistan,Sugar Crops,Import,0.0,0.0,0.0,0.0,0.0,0.0,0.0,0.0,0.0,0.0,0.0,0.0,0.0,0.0,0.0,0.0,0.0,0.0
17845,Uzbekistan,Sugar Crops,Production,102.0,61.0,3.0,0.0,0.0,0.0,0.0,0.0,0.0,0.0,0.0,0.0,0.0,0.0,0.0,0.0,0.0,0.0
17846,Uzbekistan,Pulses,Stock Variation,0.0,0.0,0.0,0.0,0.0,0.0,0.0,0.0,0.0,0.0,0.0,0.0,0.0,0.0,0.0,0.0,-1.0,-1.0
17847,Uzbekistan,Starchy Roots,Human Consumption,675.0,695.0,721.0,770.0,825.0,850.0,918.0,1069.0,1258.0,1320.0,1460.0,1480.0,1500.0,1510.0,1564.0,1621.0,1666.0,1706.0
17848,Uzbekistan,Starchy Roots,Processing,0.0,0.0,0.0,0.0,0.0,0.0,0.0,0.0,0.0,0.0,0.0,0.0,0.0,0.0,0.0,0.0,0.0,0.0
17849,Uzbekistan,Starchy Roots,Losses,7.0,8.0,8.0,8.0,9.0,9.0,10.0,36.0,42.0,61.0,68.0,94.0,104.0,111.0,184.0,202.0,206.0,155.0
17850,Uzbekistan,Starchy Roots,Seed,51.0,49.0,49.0,52.0,50.0,53.0,56.0,60.0,63.0,71.0,73.0,76.0,78.0,80.0,94.0,103.0,107.0,118.0
17851,Uzbekistan,Starchy Roots,Feed,1.0,2.0,3.0,4.0,9.0,11.0,44.0,38.0,39.0,76.0,103.0,222.0,391.0,523.0,447.0,491.0,507.0,560.0
17852,Uzbekistan,Starchy Roots,Domestic supply,735.0,754.0,782.0,838.0,897.0,931.0,1039.0,1210.0,1417.0,1551.0,1722.0,1882.0,2096.0,2254.0,2288.0,2417.0,2485.0,2538.0
17853,Uzbekistan,Starchy Roots,Stock Variation,4.0,1.0,2.0,0.0,0.0,0.0,0.0,0.0,0.0,0.0,0.0,0.0,0.0,0.0,185.0,302.0,322.0,557.0
17854,Uzbekistan,Starchy Roots,Import,9.0,9.0,4.0,5.0,5.0,9.0,18.0,23.0,18.0,27.0,29.0,20.0,39.0,48.0,21.0,22.0,60.0,301.0
17855,Uzbekistan,Starchy Roots,Production,731.0,744.0,777.0,834.0,896.0,924.0,1021.0,1188.0,1399.0,1525.0,1693.0,1862.0,2057.0,2205.0,2452.0,2697.0,2748.0,2794.0
17856,Uzbekistan,Oilcrops,Human Consumption,0.0,3.0,4.0,4.0,4.0,0.0,0.0,2.0,4.0,4.0,3.0,2.0,5.0,4.0,8.0,7.0,6.0,17.0
17857,Uzbekistan,Oilcrops,Other uses (non-food),0.0,0.0,0.0,0.0,0.0,0.0,0.0,0.0,0.0,0.0,0.0,0.0,0.0,0.0,0.0,0.0,0.0,0.0
17858,Uzbekistan,Oilcrops,Processing,1721.0,1590.0,1583.0,1510.0,1529.0,1722.0,1787.0,1728.0,1816.0,1656.0,1562.0,1570.0,1579.0,1583.0,1565.0,1596.0,1560.0,1557.0
17859,Uzbekistan,Starchy Roots,Other uses (non-food),1.0,1.0,2.0,3.0,5.0,8.0,11.0,8.0,15.0,23.0,17.0,10.0,23.0,30.0,0.0,0.0,0.0,0.0
17860,Uzbekistan,Pulses,Import,0.0,2.0,3.0,0.0,1.0,1.0,1.0,1.0,0.0,0.0,0.0,0.0,0.0,1.0,8.0,8.0,7.0,10.0
17861,Uzbekistan,Starchy Roots,Export,9.0,0.0,1.0,2.0,4.0,2.0,0.0,1.0,0.0,0.0,0.0,0.0,0.0,0.0,0.0,0.0,0.0,0.0
17862,Uzbekistan,Sugar & Sweeteners,Human Consumption,379.0,249.0,172.0,115.0,124.0,215.0,329.0,546.0,329.0,286.0,287.0,287.0,288.0,292.0,263.0,308.0,332.0,342.0
17863,Uzbekistan,Vegetables,Stock Variation,30.0,0.0,0.0,0.0,0.0,0.0,0.0,0.0,0.0,0.0,0.0,0.0,0.0,0.0,-3.0,0.0,0.0,1.0
17864,Uzbekistan,Vegetables,Import,1.0,1.0,1.0,0.0,1.0,1.0,1.0,3.0,2.0,2.0,5.0,7.0,15.0,7.0,32.0,30.0,18.0,42.0
17865,Uzbekistan,Vegetables,Production,3095.0,3238.0,3415.0,3883.0,3891.0,4133.0,5024.0,5510.0,6199.0,6776.0,7529.0,8250.0,9179.0,10042.0,10984.0,11984.0,11547.0,11141.0
17866,Uzbekistan,Fruits - Excluding Wine,Human Consumption,949.0,981.0,1028.0,832.0,993.0,1079.0,1448.0,1538.0,1693.0,1875.0,2108.0,2159.0,2422.0,2638.0,3046.0,3223.0,3073.0,3080.0
17867,Uzbekistan,Fruits - Excluding Wine,Other uses (non-food),0.0,0.0,0.0,0.0,0.0,0.0,0.0,0.0,0.0,0.0,0.0,0.0,0.0,0.0,0.0,0.0,0.0,0.0
17868,Uzbekistan,Fruits - Excluding Wine,Processing,65.0,69.0,53.0,73.0,54.0,36.0,34.0,38.0,37.0,31.0,31.0,56.0,59.0,56.0,200.0,217.0,216.0,216.0
17869,Uzbekistan,Fruits - Excluding Wine,Losses,107.0,106.0,96.0,70.0,92.0,85.0,99.0,108.0,96.0,119.0,142.0,106.0,135.0,206.0,220.0,243.0,238.0,240.0
17870,Uzbekistan,Fruits - Excluding Wine,Seed,0.0,0.0,0.0,0.0,0.0,0.0,0.0,0.0,0.0,0.0,0.0,0.0,0.0,0.0,0.0,0.0,0.0,0.0
17871,Uzbekistan,Fruits - Excluding Wine,Feed,21.0,14.0,12.0,8.0,8.0,3.0,5.0,6.0,27.0,87.0,95.0,79.0,90.0,127.0,115.0,126.0,133.0,117.0
17872,Uzbekistan,Fruits - Excluding Wine,Domestic supply,1141.0,1170.0,1189.0,982.0,1147.0,1203.0,1586.0,1690.0,1853.0,2113.0,2376.0,2399.0,2705.0,3027.0,3582.0,3754.0,3569.0,3515.0
17873,Uzbekistan,Fruits - Excluding Wine,Export,297.0,211.0,177.0,185.0,301.0,392.0,493.0,465.0,345.0,334.0,337.0,599.0,560.0,563.0,353.0,535.0,727.0,837.0
17874,Uzbekistan,Vegetables,Export,217.0,120.0,213.0,267.0,344.0,352.0,303.0,242.0,129.0,178.0,199.0,277.0,137.0,294.0,285.0,297.0,235.0,282.0
17875,Uzbekistan,Fruits - Excluding Wine,Stock Variation,0.0,0.0,0.0,0.0,0.0,0.0,0.0,0.0,0.0,0.0,0.0,0.0,0.0,0.0,12.0,47.0,-23.0,-41.0
17876,Uzbekistan,Fruits - Excluding Wine,Production,1415.0,1374.0,1359.0,1160.0,1441.0,1592.0,2075.0,2149.0,2194.0,2443.0,2707.0,2993.0,3258.0,3582.0,3933.0,4327.0,4263.0,4299.0
17877,Uzbekistan,Stimulants,Human Consumption,22.0,26.0,23.0,4.0,22.0,26.0,22.0,24.0,30.0,29.0,28.0,29.0,35.0,35.0,33.0,33.0,30.0,38.0
17878,Uzbekistan,Stimulants,Other uses (non-food),0.0,0.0,0.0,0.0,0.0,0.0,0.0,0.0,0.0,0.0,0.0,0.0,0.0,0.0,0.0,0.0,0.0,0.0
17879,Uzbekistan,Stimulants,Processing,0.0,0.0,0.0,0.0,0.0,0.0,0.0,0.0,0.0,0.0,0.0,0.0,0.0,0.0,0.0,0.0,0.0,0.0
17880,Uzbekistan,Stimulants,Losses,0.0,0.0,0.0,0.0,0.0,0.0,0.0,0.0,0.0,0.0,0.0,0.0,0.0,0.0,0.0,0.0,0.0,0.0
17881,Uzbekistan,Stimulants,Seed,0.0,0.0,0.0,0.0,0.0,0.0,0.0,0.0,0.0,0.0,0.0,0.0,0.0,0.0,0.0,0.0,0.0,0.0
17882,Uzbekistan,Stimulants,Feed,0.0,0.0,0.0,0.0,0.0,0.0,0.0,0.0,0.0,0.0,0.0,0.0,0.0,0.0,0.0,0.0,0.0,0.0
17883,Uzbekistan,Stimulants,Domestic supply,22.0,26.0,23.0,4.0,22.0,26.0,22.0,24.0,30.0,29.0,28.0,29.0,35.0,35.0,33.0,33.0,30.0,38.0
17884,Uzbekistan,Stimulants,Export,0.0,0.0,0.0,0.0,0.0,0.0,0.0,0.0,0.0,0.0,0.0,0.0,0.0,0.0,0.0,0.0,0.0,0.0
17885,Uzbekistan,Stimulants,Stock Variation,0.0,0.0,0.0,0.0,0.0,0.0,0.0,0.0,0.0,0.0,0.0,0.0,0.0,0.0,-5.0,1.0,-1.0,0.0
17886,Uzbekistan,Pulses,Production,16.0,16.0,15.0,12.0,13.0,11.0,18.0,23.0,23.0,39.0,41.0,39.0,49.0,62.0,71.0,76.0,78.0,82.0
17887,Uzbekistan,Fruits - Excluding Wine,Import,23.0,7.0,7.0,7.0,8.0,4.0,4.0,5.0,4.0,5.0,5.0,5.0,6.0,8.0,14.0,9.0,11.0,12.0
17888,Uzbekistan,Vegetables,Domestic supply,2910.0,3119.0,3202.0,3616.0,3548.0,3782.0,4722.0,5272.0,6073.0,6601.0,7335.0,7981.0,9057.0,9756.0,10734.0,11715.0,11330.0,10900.0
17889,Uzbekistan,Stimulants,Production,0.0,0.0,0.0,0.0,0.0,0.0,0.0,0.0,0.0,0.0,0.0,0.0,0.0,0.0,0.0,0.0,0.0,0.0
17890,Uzbekistan,Vegetables,Seed,0.0,0.0,0.0,0.0,0.0,0.0,0.0,0.0,0.0,0.0,0.0,0.0,0.0,0.0,0.0,0.0,0.0,0.0
17891,Uzbekistan,Vegetables,Feed,113.0,92.0,97.0,136.0,188.0,251.0,349.0,466.0,634.0,719.0,955.0,1015.0,1080.0,1249.0,1338.0,1466.0,1581.0,1583.0
17892,Uzbekistan,Sugar & Sweeteners,Other uses (non-food),69.0,147.0,211.0,293.0,339.0,288.0,15.0,168.0,198.0,272.0,303.0,294.0,304.0,313.0,270.0,296.0,309.0,315.0
17893,Uzbekistan,Sugar & Sweeteners,Processing,0.0,0.0,0.0,0.0,0.0,0.0,0.0,0.0,0.0,0.0,0.0,0.0,0.0,0.0,1.0,1.0,1.0,1.0
17894,Uzbekistan,Sugar & Sweeteners,Losses,0.0,0.0,0.0,0.0,0.0,0.0,0.0,0.0,0.0,0.0,0.0,0.0,0.0,0.0,0.0,1.0,1.0,1.0
17895,Uzbekistan,Sugar & Sweeteners,Seed,0.0,0.0,0.0,0.0,0.0,0.0,0.0,0.0,0.0,0.0,0.0,0.0,0.0,0.0,0.0,0.0,0.0,0.0
17896,Uzbekistan,Sugar & Sweeteners,Feed,0.0,0.0,0.0,0.0,0.0,0.0,0.0,0.0,0.0,0.0,0.0,0.0,0.0,0.0,0.0,0.0,0.0,0.0
17897,Uzbekistan,Sugar & Sweeteners,Domestic supply,448.0,396.0,383.0,408.0,462.0,503.0,344.0,715.0,528.0,558.0,590.0,581.0,592.0,605.0,534.0,605.0,642.0,659.0
17898,Uzbekistan,Sugar & Sweeteners,Stock Variation,0.0,0.0,0.0,0.0,0.0,0.0,-163.0,163.0,0.0,0.0,0.0,0.0,0.0,0.0,2.0,4.0,6.0,5.0
17899,Uzbekistan,Sugar & Sweeteners,Import,435.0,388.0,381.0,406.0,461.0,501.0,506.0,550.0,526.0,556.0,587.0,578.0,588.0,598.0,528.0,600.0,637.0,657.0
17900,Uzbekistan,Sugar & Sweeteners,Production,13.0,8.0,3.0,2.0,2.0,2.0,2.0,2.0,2.0,2.0,3.0,4.0,5.0,7.0,12.0,14.0,15.0,16.0
17901,Uzbekistan,Vegetable Oils,Human Consumption,301.0,301.0,272.0,268.0,274.0,291.0,289.0,299.0,288.0,266.0,276.0,287.0,309.0,309.0,333.0,321.0,347.0,361.0
17902,Uzbekistan,Vegetable Oils,Other uses (non-food),15.0,32.0,35.0,34.0,34.0,43.0,49.0,48.0,71.0,104.0,97.0,113.0,114.0,115.0,136.0,114.0,132.0,131.0
17903,Uzbekistan,Vegetable Oils,Processing,0.0,0.0,0.0,0.0,0.0,0.0,0.0,0.0,0.0,0.0,0.0,0.0,0.0,0.0,17.0,18.0,17.0,20.0
17904,Uzbekistan,Sugar & Sweeteners,Export,1.0,0.0,0.0,0.0,0.0,0.0,1.0,0.0,0.0,0.0,0.0,1.0,1.0,1.0,3.0,5.0,4.0,10.0
17905,Uzbekistan,Vegetable Oils,Seed,0.0,0.0,0.0,0.0,0.0,0.0,0.0,0.0,0.0,0.0,0.0,0.0,0.0,0.0,0.0,0.0,0.0,0.0
17906,Uzbekistan,Vegetable Oils,Losses,0.0,0.0,0.0,0.0,0.0,0.0,0.0,0.0,0.0,0.0,0.0,0.0,0.0,0.0,0.0,0.0,0.0,0.0
17907,Uzbekistan,Vegetables,Losses,109.0,117.0,105.0,115.0,122.0,150.0,188.0,212.0,241.0,270.0,306.0,353.0,413.0,425.0,608.0,538.0,574.0,556.0
17908,Uzbekistan,Vegetables,Other uses (non-food),0.0,0.0,0.0,0.0,0.0,0.0,0.0,0.0,0.0,0.0,0.0,0.0,0.0,0.0,0.0,0.0,0.0,0.0
17909,Uzbekistan,Vegetables,Human Consumption,2688.0,2909.0,3000.0,3366.0,3238.0,3381.0,4185.0,4594.0,5198.0,5611.0,6074.0,6613.0,7564.0,8082.0,8788.0,9712.0,9175.0,8762.0
17910,Uzbekistan,Vegetables,Processing,0.0,0.0,0.0,0.0,0.0,0.0,0.0,0.0,0.0,0.0,0.0,0.0,0.0,0.0,0.0,0.0,0.0,0.0
17911,Uzbekistan,Vegetable Oils,Import,23.0,15.0,19.0,37.0,22.0,28.0,34.0,52.0,45.0,91.0,115.0,159.0,159.0,160.0,211.0,171.0,223.0,206.0
17912,Uzbekistan,Vegetable Oils,Production,316.0,291.0,291.0,278.0,282.0,316.0,327.0,317.0,333.0,304.0,283.0,285.0,287.0,287.0,305.0,314.0,307.0,311.0
17913,Uzbekistan,Vegetable Oils,Stock Variation,-14.0,30.0,0.0,-12.0,6.0,6.0,0.0,0.0,0.0,0.0,0.0,-20.0,0.0,0.0,30.0,32.0,33.0,4.0
17914,Uzbekistan,Vegetable Oils,Export,9.0,3.0,3.0,1.0,2.0,16.0,23.0,22.0,18.0,25.0,24.0,24.0,23.0,23.0,1.0,1.0,1.0,1.0
17915,Uzbekistan,Vegetable Oils,Domestic supply,316.0,333.0,307.0,302.0,309.0,334.0,338.0,347.0,360.0,370.0,374.0,401.0,423.0,424.0,485.0,452.0,496.0,512.0
17916,Uzbekistan,Vegetable Oils,Feed,0.0,0.0,0.0,0.0,0.0,0.0,0.0,0.0,0.0,0.0,0.0,0.0,0.0,0.0,0.0,0.0,0.0,0.0
17917,Vanuatu,Offals,Export,0.0,0.0,0.0,0.0,0.0,0.0,0.0,0.0,0.0,0.0,0.0,0.0,0.0,0.0,0.0,0.0,0.0,0.0
17918,Vanuatu,Offals,Production,1.0,1.0,1.0,1.0,1.0,1.0,1.0,1.0,1.0,1.0,1.0,1.0,1.0,1.0,1.0,1.0,1.0,1.0
17919,Vanuatu,Animal fats,Human Consumption,0.0,0.0,0.0,0.0,0.0,0.0,1.0,1.0,1.0,1.0,1.0,1.0,1.0,1.0,0.0,0.0,0.0,0.0
17920,Vanuatu,Offals,Import,0.0,0.0,0.0,0.0,0.0,0.0,0.0,0.0,0.0,0.0,0.0,0.0,0.0,0.0,0.0,0.0,0.0,0.0
17921,Vanuatu,Animal fats,Other uses (non-food),0.0,0.0,0.0,0.0,0.0,0.0,0.0,0.0,0.0,0.0,0.0,0.0,0.0,0.0,0.0,0.0,0.0,0.0
17922,Vanuatu,Animal fats,Stock Variation,0.0,0.0,0.0,0.0,0.0,0.0,0.0,0.0,0.0,0.0,0.0,0.0,0.0,0.0,0.0,0.0,0.0,0.0
17923,Vanuatu,Animal fats,Feed,0.0,0.0,0.0,0.0,0.0,0.0,0.0,0.0,0.0,0.0,0.0,0.0,0.0,0.0,0.0,0.0,0.0,0.0
17924,Vanuatu,Animal fats,Domestic supply,0.0,0.0,0.0,0.0,0.0,0.0,1.0,1.0,1.0,1.0,1.0,1.0,1.0,1.0,0.0,0.0,0.0,0.0
17925,Vanuatu,Animal fats,Export,0.0,0.0,0.0,0.0,0.0,0.0,0.0,0.0,0.0,0.0,0.0,0.0,0.0,0.0,0.0,0.0,0.0,0.0
17926,Vanuatu,Animal fats,Import,0.0,0.0,0.0,0.0,0.0,0.0,0.0,0.0,0.0,0.0,0.0,0.0,0.0,0.0,0.0,0.0,0.0,0.0
17927,Vanuatu,Animal fats,Production,0.0,0.0,0.0,0.0,0.0,0.0,0.0,0.0,0.0,0.0,0.0,0.0,0.0,0.0,0.0,0.0,0.0,0.0
17928,Vanuatu,Milk - Excluding Butter,Human Consumption,5.0,4.0,4.0,4.0,4.0,4.0,5.0,7.0,6.0,6.0,7.0,8.0,6.0,6.0,5.0,4.0,5.0,5.0
17929,Vanuatu,Offals,Domestic supply,1.0,1.0,1.0,1.0,1.0,1.0,1.0,1.0,1.0,1.0,1.0,1.0,1.0,1.0,1.0,1.0,1.0,1.0
17930,Vanuatu,Animal fats,Losses,0.0,0.0,0.0,0.0,0.0,0.0,0.0,0.0,0.0,0.0,0.0,0.0,0.0,0.0,0.0,0.0,0.0,0.0
17931,Vanuatu,Offals,Losses,0.0,0.0,0.0,0.0,0.0,0.0,0.0,0.0,0.0,0.0,0.0,0.0,0.0,0.0,0.0,0.0,0.0,0.0
17932,Vanuatu,Miscellaneous,Domestic supply,0.0,0.0,0.0,0.0,0.0,0.0,0.0,0.0,0.0,0.0,0.0,0.0,0.0,0.0,1.0,1.0,1.0,1.0
17933,Vanuatu,Meat,Production,7.0,6.0,6.0,6.0,6.0,7.0,7.0,7.0,8.0,7.0,8.0,8.0,8.0,8.0,8.0,8.0,8.0,8.0
17934,Vanuatu,Alcoholic Beverages,Domestic supply,1.0,1.0,1.0,1.0,0.0,0.0,1.0,1.0,1.0,1.0,1.0,1.0,1.0,1.0,1.0,1.0,1.0,1.0
17935,Vanuatu,Alcoholic Beverages,Export,0.0,0.0,0.0,0.0,0.0,0.0,0.0,0.0,0.0,1.0,1.0,0.0,0.0,0.0,0.0,0.0,0.0,0.0
17936,Vanuatu,Alcoholic Beverages,Stock Variation,0.0,0.0,0.0,0.0,0.0,0.0,0.0,0.0,0.0,0.0,0.0,0.0,0.0,0.0,0.0,0.0,1.0,0.0
17937,Vanuatu,Alcoholic Beverages,Import,1.0,1.0,0.0,1.0,0.0,0.0,1.0,1.0,1.0,1.0,1.0,2.0,1.0,1.0,1.0,1.0,1.0,1.0
17938,Vanuatu,Miscellaneous,Human Consumption,0.0,0.0,0.0,0.0,0.0,0.0,0.0,0.0,0.0,0.0,0.0,0.0,0.0,0.0,1.0,1.0,1.0,1.0
17939,Vanuatu,Milk - Excluding Butter,Other uses (non-food),0.0,0.0,0.0,0.0,0.0,0.0,0.0,0.0,0.0,0.0,0.0,0.0,0.0,0.0,0.0,0.0,0.0,0.0
17940,Vanuatu,Miscellaneous,Export,0.0,0.0,0.0,0.0,0.0,0.0,0.0,0.0,0.0,0.0,0.0,0.0,0.0,0.0,0.0,0.0,0.0,0.0
17941,Vanuatu,Miscellaneous,Stock Variation,0.0,0.0,0.0,0.0,0.0,0.0,0.0,0.0,0.0,0.0,0.0,0.0,0.0,0.0,0.0,0.0,0.0,0.0
17942,Vanuatu,Miscellaneous,Import,0.0,0.0,0.0,0.0,0.0,0.0,0.0,0.0,0.0,0.0,0.0,0.0,0.0,0.0,1.0,1.0,1.0,1.0
17943,Vanuatu,Meat,Human Consumption,7.0,7.0,6.0,7.0,7.0,7.0,7.0,8.0,9.0,9.0,9.0,9.0,10.0,10.0,10.0,10.0,10.0,10.0
17944,Vanuatu,Meat,Processing,0.0,0.0,0.0,0.0,0.0,0.0,0.0,0.0,0.0,0.0,0.0,0.0,0.0,0.0,0.0,0.0,0.0,0.0
17945,Vanuatu,Meat,Domestic supply,7.0,7.0,6.0,7.0,7.0,7.0,7.0,8.0,9.0,9.0,9.0,9.0,10.0,10.0,10.0,10.0,10.0,10.0
17946,Vanuatu,Meat,Export,2.0,1.0,1.0,1.0,1.0,1.0,1.0,1.0,1.0,1.0,1.0,1.0,1.0,1.0,0.0,0.0,0.0,0.0
17947,Vanuatu,Meat,Stock Variation,0.0,0.0,0.0,0.0,0.0,0.0,0.0,0.0,0.0,0.0,0.0,0.0,0.0,0.0,0.0,0.0,1.0,1.0
17948,Vanuatu,Meat,Import,1.0,1.0,1.0,1.0,1.0,1.0,2.0,1.0,2.0,2.0,2.0,3.0,3.0,3.0,3.0,3.0,4.0,4.0
17949,Vanuatu,Offals,Human Consumption,1.0,1.0,1.0,1.0,1.0,1.0,1.0,1.0,1.0,1.0,1.0,1.0,1.0,1.0,1.0,1.0,1.0,1.0
17950,Vanuatu,Milk - Excluding Butter,Losses,0.0,0.0,0.0,0.0,0.0,0.0,0.0,0.0,0.0,0.0,0.0,0.0,0.0,0.0,0.0,0.0,0.0,0.0
17951,Vanuatu,"Fish, Seafood",Human Consumption,6.0,6.0,6.0,6.0,6.0,6.0,7.0,7.0,8.0,8.0,8.0,8.0,8.0,8.0,8.0,8.0,8.0,8.0
17952,Vanuatu,Milk - Excluding Butter,Domestic supply,5.0,4.0,4.0,4.0,4.0,4.0,5.0,7.0,7.0,6.0,7.0,9.0,6.0,7.0,5.0,5.0,5.0,5.0
17953,Vanuatu,"Aquatic Products, Other",Domestic supply,0.0,0.0,0.0,0.0,0.0,0.0,0.0,0.0,0.0,0.0,0.0,0.0,0.0,0.0,0.0,0.0,0.0,0.0
17954,Vanuatu,"Aquatic Products, Other",Export,0.0,0.0,0.0,0.0,0.0,0.0,0.0,0.0,0.0,0.0,0.0,0.0,0.0,0.0,0.0,0.0,0.0,0.0
17955,Vanuatu,"Aquatic Products, Other",Import,0.0,0.0,0.0,0.0,0.0,0.0,0.0,0.0,0.0,0.0,0.0,0.0,0.0,0.0,0.0,0.0,0.0,0.0
17956,Vanuatu,"Aquatic Products, Other",Production,0.0,0.0,0.0,0.0,0.0,0.0,0.0,0.0,0.0,0.0,0.0,0.0,0.0,0.0,0.0,0.0,0.0,0.0
17957,Vanuatu,Cereals - Excluding Beer,Human Consumption,15.0,16.0,17.0,19.0,20.0,21.0,22.0,21.0,22.0,23.0,22.0,22.0,23.0,24.0,22.0,23.0,22.0,24.0
17958,Vanuatu,Cereals - Excluding Beer,Losses,0.0,0.0,0.0,0.0,0.0,0.0,0.0,0.0,0.0,0.0,0.0,0.0,0.0,0.0,0.0,0.0,0.0,0.0
17959,Vanuatu,"Aquatic Products, Other",Other uses (non-food),0.0,0.0,0.0,0.0,0.0,0.0,0.0,0.0,0.0,0.0,0.0,0.0,0.0,0.0,0.0,0.0,0.0,0.0
17960,Vanuatu,Cereals - Excluding Beer,Seed,0.0,0.0,0.0,0.0,0.0,0.0,0.0,0.0,0.0,0.0,0.0,0.0,0.0,0.0,0.0,0.0,0.0,0.0
17961,Vanuatu,Cereals - Excluding Beer,Domestic supply,18.0,19.0,20.0,21.0,22.0,23.0,24.0,23.0,24.0,25.0,25.0,24.0,25.0,26.0,24.0,31.0,24.0,28.0
17962,Vanuatu,Cereals - Excluding Beer,Export,0.0,0.0,0.0,0.0,0.0,0.0,0.0,0.0,0.0,0.0,0.0,0.0,0.0,0.0,0.0,0.0,0.0,0.0
17963,Vanuatu,Cereals - Excluding Beer,Stock Variation,0.0,0.0,-1.0,0.0,-1.0,0.0,0.0,1.0,2.0,2.0,0.0,0.0,0.0,0.0,-1.0,0.0,0.0,0.0
17964,Vanuatu,Cereals - Excluding Beer,Import,17.0,18.0,20.0,20.0,22.0,22.0,23.0,22.0,21.0,22.0,24.0,24.0,24.0,25.0,23.0,30.0,23.0,27.0
17965,Vanuatu,Cereals - Excluding Beer,Production,1.0,1.0,1.0,1.0,1.0,1.0,1.0,1.0,1.0,1.0,1.0,1.0,1.0,1.0,1.0,1.0,1.0,1.0
17966,Vanuatu,Alcoholic Beverages,Other uses (non-food),0.0,0.0,0.0,0.0,0.0,0.0,0.0,0.0,0.0,0.0,0.0,0.0,0.0,0.0,0.0,0.0,0.0,0.0
17967,Vanuatu,Cereals - Excluding Beer,Feed,1.0,1.0,1.0,1.0,1.0,1.0,1.0,1.0,1.0,1.0,1.0,1.0,1.0,1.0,1.0,1.0,1.0,1.0
17968,Vanuatu,"Aquatic Products, Other",Human Consumption,0.0,0.0,0.0,0.0,0.0,0.0,0.0,0.0,0.0,0.0,0.0,0.0,0.0,0.0,0.0,0.0,0.0,0.0
17969,Vanuatu,"Fish, Seafood",Production,70.0,36.0,45.0,114.0,213.0,229.0,223.0,214.0,173.0,148.0,99.0,57.0,61.0,58.0,58.0,58.0,58.0,58.0
17970,Vanuatu,"Fish, Seafood",Import,2.0,1.0,1.0,2.0,2.0,2.0,3.0,3.0,4.0,4.0,4.0,5.0,4.0,5.0,5.0,5.0,5.0,5.0
17971,Vanuatu,Milk - Excluding Butter,Export,0.0,0.0,0.0,0.0,0.0,0.0,0.0,0.0,0.0,0.0,0.0,0.0,0.0,0.0,0.0,0.0,0.0,0.0
17972,Vanuatu,Milk - Excluding Butter,Stock Variation,0.0,0.0,0.0,0.0,0.0,0.0,0.0,0.0,0.0,0.0,0.0,0.0,0.0,0.0,0.0,0.0,0.0,0.0
17973,Vanuatu,Milk - Excluding Butter,Import,2.0,1.0,1.0,1.0,1.0,1.0,2.0,4.0,3.0,3.0,4.0,5.0,3.0,3.0,1.0,2.0,2.0,2.0
17974,Vanuatu,Milk - Excluding Butter,Production,3.0,3.0,3.0,3.0,3.0,3.0,3.0,3.0,3.0,3.0,3.0,3.0,4.0,4.0,3.0,3.0,3.0,3.0
17975,Vanuatu,Eggs,Human Consumption,0.0,0.0,0.0,0.0,0.0,0.0,0.0,1.0,1.0,1.0,1.0,1.0,1.0,1.0,1.0,1.0,1.0,1.0
17976,Vanuatu,Eggs,Losses,0.0,0.0,0.0,0.0,0.0,0.0,0.0,0.0,0.0,0.0,0.0,0.0,0.0,0.0,0.0,0.0,0.0,0.0
17977,Vanuatu,Eggs,Seed,0.0,0.0,0.0,0.0,0.0,0.0,0.0,0.0,0.0,0.0,0.0,0.0,0.0,0.0,0.0,0.0,0.0,0.0
17978,Vanuatu,Eggs,Feed,0.0,0.0,0.0,0.0,0.0,0.0,0.0,0.0,0.0,0.0,0.0,0.0,0.0,0.0,0.0,0.0,0.0,0.0
17979,Vanuatu,Eggs,Domestic supply,0.0,0.0,0.0,0.0,0.0,0.0,0.0,1.0,1.0,1.0,1.0,1.0,1.0,1.0,1.0,1.0,1.0,1.0
17980,Vanuatu,Eggs,Import,0.0,0.0,0.0,0.0,0.0,0.0,0.0,0.0,0.0,0.0,0.0,0.0,0.0,0.0,0.0,0.0,0.0,0.0
17981,Vanuatu,Eggs,Production,0.0,0.0,0.0,0.0,0.0,0.0,0.0,1.0,1.0,1.0,1.0,1.0,1.0,1.0,1.0,1.0,1.0,1.0
17982,Vanuatu,"Fish, Seafood",Other uses (non-food),6.0,1.0,2.0,61.0,138.0,137.0,142.0,130.0,115.0,90.0,51.0,21.0,20.0,15.0,15.0,15.0,15.0,15.0
17983,Vanuatu,"Fish, Seafood",Domestic supply,11.0,7.0,8.0,66.0,144.0,144.0,148.0,137.0,122.0,98.0,59.0,29.0,28.0,23.0,23.0,23.0,23.0,23.0
17984,Vanuatu,"Fish, Seafood",Export,61.0,30.0,38.0,50.0,71.0,88.0,77.0,80.0,54.0,53.0,44.0,33.0,37.0,40.0,40.0,40.0,40.0,40.0
17985,Vanuatu,"Fish, Seafood",Stock Variation,0.0,0.0,0.0,0.0,0.0,0.0,0.0,0.0,0.0,0.0,0.0,0.0,0.0,0.0,0.0,0.0,0.0,0.0
17986,Vanuatu,Milk - Excluding Butter,Feed,0.0,0.0,0.0,0.0,0.0,0.0,0.0,0.0,0.0,0.0,0.0,0.0,0.0,0.0,0.0,1.0,0.0,0.0
17987,Vanuatu,Cereals - Excluding Beer,Other uses (non-food),2.0,2.0,2.0,1.0,1.0,1.0,1.0,1.0,1.0,1.0,1.0,1.0,1.0,1.0,0.0,0.0,0.0,0.0
17988,Vanuatu,Alcoholic Beverages,Human Consumption,1.0,0.0,0.0,0.0,0.0,0.0,1.0,1.0,1.0,1.0,1.0,1.0,1.0,1.0,1.0,1.0,1.0,1.0
17989,Vanuatu,Spices,Import,0.0,0.0,0.0,0.0,0.0,0.0,0.0,0.0,0.0,0.0,0.0,0.0,0.0,0.0,0.0,0.0,0.0,0.0
17990,Vanuatu,Treenuts,Human Consumption,0.0,0.0,0.0,0.0,0.0,0.0,0.0,0.0,0.0,0.0,0.0,0.0,0.0,0.0,0.0,0.0,0.0,0.0
17991,Vanuatu,Treenuts,Domestic supply,0.0,0.0,0.0,0.0,0.0,0.0,0.0,0.0,0.0,0.0,0.0,0.0,0.0,0.0,0.0,0.0,0.0,0.0
17992,Vanuatu,Treenuts,Export,0.0,0.0,0.0,0.0,0.0,0.0,0.0,0.0,0.0,0.0,0.0,0.0,0.0,0.0,0.0,0.0,0.0,0.0
17993,Vanuatu,Treenuts,Stock Variation,0.0,0.0,0.0,0.0,0.0,0.0,0.0,0.0,0.0,0.0,0.0,0.0,0.0,0.0,0.0,0.0,0.0,0.0
17994,Vanuatu,Treenuts,Import,0.0,0.0,0.0,0.0,0.0,0.0,0.0,0.0,0.0,0.0,0.0,0.0,0.0,0.0,0.0,0.0,0.0,0.0
17995,Vanuatu,Pulses,Human Consumption,0.0,0.0,0.0,0.0,0.0,0.0,0.0,0.0,0.0,0.0,0.0,0.0,0.0,0.0,0.0,0.0,0.0,0.0
17996,Vanuatu,Oilcrops,Production,249.0,275.0,231.0,233.0,251.0,251.0,251.0,257.0,257.0,257.0,402.0,375.0,550.0,590.0,335.0,305.0,562.0,353.0
17997,Vanuatu,Pulses,Feed,0.0,0.0,0.0,0.0,0.0,0.0,0.0,0.0,0.0,0.0,0.0,0.0,0.0,0.0,0.0,0.0,0.0,0.0
17998,Vanuatu,Pulses,Stock Variation,0.0,0.0,0.0,0.0,0.0,0.0,0.0,0.0,0.0,0.0,0.0,0.0,0.0,0.0,0.0,0.0,0.0,0.0
17999,Vanuatu,Pulses,Import,0.0,0.0,0.0,0.0,0.0,0.0,0.0,0.0,0.0,0.0,0.0,0.0,0.0,0.0,0.0,0.0,0.0,0.0
18000,Vanuatu,Sugar & Sweeteners,Human Consumption,3.0,3.0,3.0,3.0,3.0,3.0,3.0,4.0,4.0,5.0,5.0,5.0,4.0,5.0,6.0,5.0,5.0,5.0
18001,Vanuatu,Sugar & Sweeteners,Feed,0.0,0.0,0.0,0.0,0.0,0.0,0.0,0.0,0.0,0.0,0.0,0.0,0.0,0.0,0.0,0.0,0.0,0.0
18002,Vanuatu,Sugar & Sweeteners,Domestic supply,3.0,3.0,3.0,3.0,3.0,3.0,3.0,4.0,4.0,5.0,5.0,5.0,4.0,5.0,6.0,5.0,5.0,5.0
18003,Vanuatu,Sugar & Sweeteners,Export,0.0,0.0,0.0,0.0,0.0,0.0,0.0,0.0,0.0,0.0,0.0,0.0,0.0,0.0,0.0,0.0,0.0,0.0
18004,Vanuatu,Pulses,Domestic supply,0.0,0.0,0.0,0.0,0.0,0.0,0.0,0.0,0.0,0.0,0.0,0.0,0.0,0.0,0.0,0.0,0.0,0.0
18005,Vanuatu,Sugar & Sweeteners,Stock Variation,0.0,0.0,0.0,0.0,0.0,0.0,0.0,0.0,0.0,0.0,0.0,0.0,0.0,0.0,-1.0,0.0,0.0,0.0
18006,Vanuatu,Oilcrops,Import,0.0,0.0,0.0,0.0,0.0,0.0,0.0,0.0,0.0,0.0,0.0,0.0,0.0,0.0,0.0,0.0,0.0,0.0
18007,Vanuatu,Oilcrops,Export,174.0,81.0,42.0,15.0,86.0,27.0,74.0,55.0,87.0,84.0,75.0,79.0,95.0,70.0,1.0,17.0,93.0,114.0
18008,Vanuatu,Spices,Production,0.0,0.0,0.0,0.0,0.0,0.0,0.0,0.0,0.0,0.0,0.0,0.0,0.0,0.0,0.0,0.0,0.0,0.0
18009,Vanuatu,Starchy Roots,Human Consumption,40.0,41.0,42.0,43.0,44.0,45.0,47.0,46.0,49.0,48.0,52.0,53.0,55.0,55.0,48.0,49.0,50.0,48.0
18010,Vanuatu,Starchy Roots,Losses,1.0,1.0,1.0,1.0,1.0,1.0,1.0,1.0,1.0,1.0,2.0,2.0,2.0,2.0,3.0,3.0,3.0,3.0
18011,Vanuatu,Starchy Roots,Feed,4.0,4.0,4.0,4.0,4.0,4.0,5.0,4.0,5.0,5.0,5.0,5.0,5.0,5.0,5.0,5.0,5.0,4.0
18012,Vanuatu,Starchy Roots,Domestic supply,45.0,46.0,48.0,49.0,50.0,51.0,52.0,51.0,54.0,54.0,58.0,60.0,61.0,62.0,57.0,58.0,59.0,55.0
18013,Vanuatu,Starchy Roots,Export,0.0,0.0,0.0,0.0,0.0,0.0,0.0,0.0,0.0,0.0,0.0,0.0,0.0,0.0,0.0,0.0,0.0,0.0
18014,Vanuatu,Oilcrops,Stock Variation,41.0,47.0,-49.0,-76.0,34.0,25.0,0.0,0.0,-14.0,-17.0,-17.0,31.0,28.0,6.0,100.0,-36.0,-35.0,-29.0
18015,Vanuatu,Starchy Roots,Stock Variation,0.0,0.0,0.0,0.0,0.0,0.0,0.0,0.0,0.0,0.0,0.0,0.0,0.0,0.0,-3.0,-4.0,-4.0,0.0
18016,Vanuatu,Oilcrops,Human Consumption,27.0,27.0,27.0,28.0,27.0,29.0,30.0,32.0,32.0,34.0,36.0,37.0,39.0,40.0,42.0,43.0,45.0,46.0
18017,Vanuatu,Oilcrops,Other uses (non-food),55.0,118.0,48.0,28.0,1.0,86.0,95.0,35.0,33.0,33.0,168.0,142.0,304.0,381.0,0.0,0.0,0.0,0.0
18018,Vanuatu,Oilcrops,Processing,21.0,80.0,52.0,72.0,155.0,120.0,37.0,122.0,76.0,75.0,92.0,129.0,111.0,74.0,86.0,103.0,110.0,101.0
18019,Vanuatu,Oilcrops,Losses,14.0,15.0,13.0,13.0,15.0,14.0,14.0,15.0,15.0,15.0,22.0,21.0,30.0,31.0,20.0,18.0,20.0,18.0
18020,Vanuatu,Oilcrops,Feed,0.0,0.0,0.0,0.0,0.0,0.0,0.0,0.0,0.0,0.0,0.0,0.0,0.0,0.0,57.0,71.0,89.0,50.0
18021,Vanuatu,Oilcrops,Domestic supply,116.0,241.0,140.0,142.0,198.0,249.0,176.0,202.0,156.0,156.0,310.0,327.0,484.0,526.0,234.0,324.0,504.0,268.0
18022,Vanuatu,Starchy Roots,Production,39.0,41.0,41.0,43.0,43.0,44.0,45.0,44.0,46.0,46.0,50.0,50.0,52.0,52.0,53.0,53.0,54.0,54.0
18023,Vanuatu,Sugar & Sweeteners,Import,3.0,3.0,3.0,3.0,3.0,3.0,3.0,4.0,4.0,5.0,5.0,5.0,4.0,5.0,5.0,5.0,5.0,5.0
18024,Vanuatu,Starchy Roots,Import,6.0,6.0,6.0,7.0,7.0,7.0,8.0,8.0,9.0,8.0,9.0,10.0,9.0,10.0,1.0,1.0,1.0,1.0
18025,Vanuatu,Vegetable Oils,Other uses (non-food),0.0,0.0,0.0,0.0,0.0,0.0,1.0,12.0,5.0,3.0,3.0,2.0,2.0,2.0,0.0,0.0,0.0,0.0
18026,Vanuatu,Fruits - Excluding Wine,Stock Variation,0.0,0.0,0.0,0.0,0.0,0.0,0.0,0.0,0.0,0.0,0.0,0.0,0.0,0.0,0.0,0.0,0.0,0.0
18027,Vanuatu,Fruits - Excluding Wine,Import,1.0,1.0,1.0,1.0,1.0,0.0,1.0,2.0,2.0,3.0,3.0,3.0,2.0,2.0,1.0,1.0,1.0,1.0
18028,Vanuatu,Fruits - Excluding Wine,Production,19.0,19.0,19.0,20.0,21.0,21.0,21.0,21.0,22.0,21.0,21.0,20.0,21.0,21.0,22.0,22.0,22.0,23.0
18029,Vanuatu,Stimulants,Human Consumption,0.0,0.0,0.0,0.0,0.0,0.0,0.0,0.0,0.0,0.0,0.0,0.0,1.0,0.0,0.0,0.0,0.0,0.0
18030,Vanuatu,Stimulants,Losses,0.0,0.0,0.0,0.0,0.0,0.0,0.0,0.0,0.0,0.0,0.0,0.0,0.0,0.0,0.0,0.0,0.0,0.0
18031,Vanuatu,Stimulants,Domestic supply,0.0,0.0,0.0,0.0,0.0,0.0,0.0,0.0,0.0,0.0,0.0,0.0,1.0,0.0,0.0,1.0,0.0,0.0
18032,Vanuatu,Fruits - Excluding Wine,Export,0.0,0.0,0.0,0.0,0.0,0.0,0.0,0.0,0.0,0.0,0.0,0.0,0.0,0.0,1.0,0.0,0.0,0.0
18033,Vanuatu,Stimulants,Export,2.0,1.0,1.0,2.0,1.0,1.0,2.0,1.0,1.0,1.0,2.0,1.0,1.0,2.0,2.0,1.0,2.0,3.0
18034,Vanuatu,Stimulants,Import,0.0,0.0,0.0,0.0,0.0,0.0,0.0,0.0,0.0,0.0,0.0,0.0,0.0,0.0,0.0,0.0,0.0,0.0
18035,Vanuatu,Spices,Human Consumption,0.0,0.0,0.0,0.0,0.0,0.0,0.0,0.0,0.0,0.0,0.0,0.0,0.0,0.0,0.0,0.0,0.0,0.0
18036,Vanuatu,Spices,Domestic supply,0.0,0.0,0.0,0.0,0.0,0.0,0.0,0.0,0.0,0.0,0.0,0.0,0.0,0.0,0.0,0.0,0.0,0.0
18037,Vanuatu,Spices,Export,0.0,0.0,0.0,0.0,0.0,0.0,0.0,0.0,0.0,0.0,0.0,0.0,0.0,0.0,0.0,0.0,0.0,0.0
18038,Vanuatu,Vegetable Oils,Human Consumption,1.0,1.0,1.0,1.0,1.0,1.0,1.0,1.0,1.0,1.0,1.0,1.0,1.0,1.0,1.0,1.0,1.0,1.0
18039,Vanuatu,Spices,Stock Variation,0.0,0.0,0.0,0.0,0.0,0.0,0.0,0.0,0.0,0.0,0.0,0.0,0.0,0.0,0.0,0.0,0.0,0.0
18040,Vanuatu,Stimulants,Stock Variation,0.0,0.0,0.0,0.0,0.0,0.0,1.0,0.0,0.0,0.0,0.0,0.0,0.0,0.0,0.0,0.0,0.0,-1.0
18041,Vanuatu,Fruits - Excluding Wine,Domestic supply,20.0,20.0,20.0,21.0,22.0,22.0,22.0,23.0,24.0,23.0,24.0,23.0,22.0,23.0,22.0,23.0,24.0,24.0
18042,Vanuatu,Stimulants,Production,2.0,1.0,1.0,2.0,1.0,1.0,1.0,1.0,2.0,2.0,2.0,1.0,2.0,2.0,2.0,2.0,2.0,2.0
18043,Vanuatu,Fruits - Excluding Wine,Other uses (non-food),2.0,2.0,2.0,2.0,2.0,2.0,2.0,2.0,2.0,2.0,2.0,2.0,2.0,2.0,0.0,0.0,0.0,0.0
18044,Vanuatu,Fruits - Excluding Wine,Losses,1.0,1.0,1.0,1.0,1.0,1.0,1.0,1.0,1.0,1.0,1.0,1.0,1.0,1.0,1.0,1.0,1.0,1.0
18045,Vanuatu,Vegetable Oils,Domestic supply,1.0,1.0,1.0,1.0,1.0,1.0,3.0,13.0,7.0,4.0,4.0,3.0,3.0,3.0,8.0,9.0,10.0,9.0
18046,Vanuatu,Vegetable Oils,Stock Variation,0.0,0.0,0.0,0.0,0.0,0.0,0.0,0.0,0.0,0.0,0.0,0.0,0.0,0.0,2.0,3.0,3.0,2.0
18047,Vanuatu,Vegetable Oils,Production,2.0,9.0,6.0,8.0,18.0,14.0,4.0,15.0,11.0,9.0,11.0,15.0,13.0,9.0,10.0,12.0,13.0,12.0
18048,Vanuatu,Vegetables,Human Consumption,11.0,10.0,10.0,11.0,11.0,9.0,9.0,11.0,11.0,13.0,13.0,12.0,13.0,13.0,13.0,14.0,14.0,15.0
18049,Vanuatu,Vegetables,Other uses (non-food),1.0,1.0,1.0,1.0,1.0,0.0,0.0,1.0,1.0,1.0,1.0,1.0,1.0,1.0,0.0,0.0,0.0,0.0
18050,Vanuatu,Vegetable Oils,Import,1.0,1.0,0.0,0.0,1.0,1.0,1.0,1.0,1.0,1.0,1.0,1.0,1.0,1.0,1.0,1.0,1.0,2.0
18051,Vanuatu,Vegetable Oils,Export,2.0,9.0,5.0,8.0,17.0,13.0,2.0,3.0,5.0,5.0,7.0,12.0,10.0,6.0,1.0,1.0,1.0,3.0
18052,Vanuatu,Vegetables,Domestic supply,11.0,11.0,11.0,11.0,12.0,10.0,10.0,12.0,12.0,14.0,14.0,12.0,14.0,14.0,14.0,15.0,15.0,15.0
18053,Vanuatu,Vegetables,Export,0.0,0.0,0.0,0.0,0.0,0.0,0.0,0.0,0.0,0.0,0.0,0.0,0.0,0.0,0.0,0.0,0.0,0.0
18054,Vanuatu,Vegetables,Stock Variation,0.0,0.0,0.0,0.0,0.0,0.0,0.0,0.0,0.0,0.0,0.0,0.0,0.0,0.0,0.0,0.0,0.0,0.0
18055,Vanuatu,Vegetables,Import,1.0,1.0,1.0,1.0,1.0,1.0,1.0,1.0,1.0,1.0,1.0,1.0,1.0,1.0,1.0,1.0,1.0,1.0
18056,Vanuatu,Vegetables,Production,10.0,10.0,11.0,11.0,11.0,9.0,9.0,12.0,11.0,13.0,13.0,11.0,13.0,13.0,13.0,13.0,14.0,14.0
18057,Vanuatu,Vegetables,Losses,0.0,0.0,0.0,0.0,0.0,0.0,0.0,0.0,0.0,0.0,0.0,0.0,0.0,0.0,0.0,0.0,0.0,0.0
18058,Vanuatu,Fruits - Excluding Wine,Human Consumption,18.0,17.0,18.0,19.0,19.0,19.0,20.0,20.0,22.0,21.0,22.0,20.0,20.0,20.0,21.0,21.0,21.0,22.0
18059,Venezuela (Bolivarian Republic of),Meat,Stock Variation,0.0,0.0,0.0,0.0,0.0,0.0,0.0,0.0,0.0,0.0,0.0,0.0,0.0,0.0,-12.0,-11.0,-10.0,-10.0
18060,Venezuela (Bolivarian Republic of),Meat,Export,1.0,1.0,1.0,0.0,0.0,1.0,0.0,0.0,1.0,0.0,0.0,0.0,0.0,0.0,0.0,0.0,0.0,0.0
18061,Venezuela (Bolivarian Republic of),Meat,Domestic supply,1264.0,1430.0,1456.0,1270.0,1365.0,1438.0,1594.0,1831.0,2215.0,2140.0,2103.0,2222.0,2051.0,2244.0,2238.0,1777.0,1350.0,1264.0
18062,Venezuela (Bolivarian Republic of),Meat,Feed,0.0,0.0,0.0,0.0,0.0,0.0,0.0,0.0,0.0,0.0,0.0,0.0,0.0,0.0,0.0,0.0,0.0,0.0
18063,Venezuela (Bolivarian Republic of),Miscellaneous,Production,0.0,0.0,0.0,0.0,0.0,0.0,0.0,0.0,0.0,0.0,0.0,0.0,0.0,0.0,0.0,0.0,0.0,0.0
18064,Venezuela (Bolivarian Republic of),Meat,Losses,23.0,23.0,23.0,24.0,22.0,24.0,29.0,29.0,30.0,30.0,25.0,26.0,27.0,31.0,81.0,73.0,60.0,60.0
18065,Venezuela (Bolivarian Republic of),Meat,Other uses (non-food),0.0,0.0,0.0,0.0,0.0,0.0,0.0,0.0,0.0,0.0,0.0,0.0,0.0,0.0,0.0,0.0,0.0,0.0
18066,Venezuela (Bolivarian Republic of),Meat,Import,7.0,9.0,10.0,32.0,195.0,140.0,198.0,407.0,758.0,566.0,342.0,337.0,359.0,535.0,605.0,319.0,140.0,51.0
18067,Venezuela (Bolivarian Republic of),Meat,Human Consumption,1241.0,1407.0,1433.0,1246.0,1343.0,1415.0,1566.0,1802.0,2186.0,2110.0,2078.0,2195.0,2024.0,2213.0,2157.0,1705.0,1289.0,1204.0
18068,Venezuela (Bolivarian Republic of),Meat,Seed,0.0,0.0,0.0,0.0,0.0,0.0,0.0,0.0,0.0,0.0,0.0,0.0,0.0,0.0,0.0,0.0,0.0,0.0
18069,Venezuela (Bolivarian Republic of),Meat,Processing,0.0,0.0,0.0,0.0,0.0,0.0,0.0,0.0,0.0,0.0,0.0,0.0,0.0,0.0,0.0,0.0,0.0,0.0
18070,Venezuela (Bolivarian Republic of),Offals,Feed,0.0,0.0,0.0,0.0,0.0,0.0,0.0,0.0,0.0,0.0,0.0,0.0,0.0,0.0,6.0,7.0,9.0,0.0
18071,Venezuela (Bolivarian Republic of),Offals,Human Consumption,72.0,69.0,69.0,72.0,60.0,69.0,76.0,78.0,77.0,74.0,75.0,76.0,74.0,90.0,74.0,61.0,58.0,65.0
18072,Venezuela (Bolivarian Republic of),Offals,Other uses (non-food),0.0,0.0,0.0,0.0,0.0,0.0,0.0,0.0,0.0,0.0,0.0,0.0,0.0,0.0,0.0,0.0,0.0,0.0
18073,Venezuela (Bolivarian Republic of),Offals,Processing,0.0,0.0,0.0,0.0,0.0,0.0,0.0,0.0,0.0,0.0,0.0,0.0,0.0,0.0,0.0,0.0,0.0,0.0
18074,Venezuela (Bolivarian Republic of),Offals,Losses,1.0,1.0,1.0,1.0,1.0,1.0,1.0,1.0,1.0,1.0,1.0,1.0,1.0,1.0,4.0,4.0,3.0,1.0
18075,Venezuela (Bolivarian Republic of),Offals,Seed,0.0,0.0,0.0,0.0,0.0,0.0,0.0,0.0,0.0,0.0,0.0,0.0,0.0,0.0,0.0,0.0,0.0,0.0
18076,Venezuela (Bolivarian Republic of),Offals,Domestic supply,73.0,71.0,70.0,73.0,61.0,70.0,77.0,79.0,78.0,75.0,76.0,78.0,75.0,91.0,85.0,71.0,70.0,66.0
18077,Venezuela (Bolivarian Republic of),Offals,Export,0.0,0.0,0.0,0.0,0.0,0.0,0.0,0.0,0.0,0.0,0.0,0.0,0.0,0.0,0.0,0.0,0.0,0.0
18078,Venezuela (Bolivarian Republic of),Offals,Stock Variation,0.0,0.0,0.0,0.0,0.0,0.0,0.0,0.0,0.0,0.0,0.0,0.0,0.0,0.0,0.0,0.0,0.0,0.0
18079,Venezuela (Bolivarian Republic of),Offals,Import,2.0,1.0,1.0,1.0,1.0,1.0,0.0,1.0,0.0,0.0,0.0,0.0,0.0,0.0,0.0,0.0,0.0,0.0
18080,Venezuela (Bolivarian Republic of),Offals,Production,71.0,70.0,69.0,72.0,60.0,69.0,77.0,78.0,78.0,75.0,76.0,78.0,75.0,91.0,84.0,71.0,70.0,66.0
18081,Venezuela (Bolivarian Republic of),Miscellaneous,Import,3.0,7.0,5.0,6.0,7.0,8.0,12.0,12.0,45.0,18.0,14.0,22.0,39.0,23.0,59.0,29.0,18.0,22.0
18082,Venezuela (Bolivarian Republic of),Animal fats,Human Consumption,70.0,50.0,53.0,54.0,41.0,51.0,51.0,60.0,69.0,52.0,50.0,51.0,50.0,49.0,45.0,19.0,15.0,13.0
18083,Venezuela (Bolivarian Republic of),Meat,Production,1257.0,1421.0,1448.0,1238.0,1170.0,1299.0,1397.0,1424.0,1458.0,1574.0,1761.0,1885.0,1692.0,1709.0,1622.0,1447.0,1200.0,1203.0
18084,Venezuela (Bolivarian Republic of),Miscellaneous,Stock Variation,0.0,-2.0,2.0,0.0,0.0,0.0,0.0,0.0,0.0,0.0,0.0,0.0,0.0,0.0,0.0,0.0,0.0,0.0
18085,Venezuela (Bolivarian Republic of),Alcoholic Beverages,Losses,0.0,0.0,0.0,0.0,0.0,0.0,0.0,0.0,0.0,0.0,0.0,0.0,0.0,0.0,0.0,0.0,0.0,0.0
18086,Venezuela (Bolivarian Republic of),Miscellaneous,Domestic supply,2.0,5.0,6.0,6.0,6.0,6.0,9.0,10.0,44.0,18.0,14.0,22.0,39.0,23.0,59.0,28.0,18.0,22.0
18087,Venezuela (Bolivarian Republic of),Animal fats,Other uses (non-food),3.0,2.0,4.0,3.0,11.0,9.0,21.0,19.0,25.0,18.0,5.0,17.0,17.0,15.0,3.0,2.0,2.0,3.0
18088,Venezuela (Bolivarian Republic of),Spices,Losses,0.0,0.0,0.0,0.0,0.0,0.0,0.0,0.0,0.0,0.0,0.0,0.0,0.0,0.0,0.0,0.0,0.0,0.0
18089,Venezuela (Bolivarian Republic of),Spices,Seed,0.0,0.0,0.0,0.0,0.0,0.0,0.0,0.0,0.0,0.0,0.0,0.0,0.0,0.0,0.0,0.0,0.0,0.0
18090,Venezuela (Bolivarian Republic of),Spices,Feed,0.0,0.0,0.0,0.0,0.0,0.0,0.0,0.0,0.0,0.0,0.0,0.0,0.0,0.0,0.0,0.0,0.0,0.0
18091,Venezuela (Bolivarian Republic of),Spices,Domestic supply,3.0,2.0,2.0,2.0,2.0,2.0,2.0,3.0,3.0,3.0,5.0,4.0,4.0,2.0,2.0,0.0,1.0,0.0
18092,Venezuela (Bolivarian Republic of),Spices,Export,0.0,0.0,0.0,0.0,0.0,0.0,0.0,0.0,0.0,0.0,0.0,0.0,0.0,0.0,0.0,0.0,0.0,0.0
18093,Venezuela (Bolivarian Republic of),Spices,Stock Variation,0.0,0.0,0.0,0.0,0.0,0.0,0.0,0.0,0.0,0.0,0.0,0.0,0.0,0.0,0.0,0.0,0.0,0.0
18094,Venezuela (Bolivarian Republic of),Spices,Import,3.0,2.0,2.0,2.0,2.0,2.0,3.0,3.0,3.0,3.0,5.0,4.0,4.0,2.0,2.0,0.0,1.0,0.0
18095,Venezuela (Bolivarian Republic of),Spices,Production,0.0,0.0,0.0,0.0,0.0,0.0,0.0,0.0,0.0,0.0,0.0,0.0,0.0,0.0,0.0,0.0,0.0,0.0
18096,Venezuela (Bolivarian Republic of),Alcoholic Beverages,Human Consumption,2001.0,2200.0,1828.0,1889.0,2139.0,2334.0,2538.0,2679.0,2584.0,2445.0,2298.0,2122.0,2221.0,2090.0,2101.0,2043.0,1016.0,815.0
18097,Venezuela (Bolivarian Republic of),Alcoholic Beverages,Other uses (non-food),0.0,0.0,1.0,1.0,1.0,2.0,1.0,1.0,4.0,5.0,0.0,1.0,2.0,1.0,1.0,1.0,0.0,0.0
18098,Venezuela (Bolivarian Republic of),Alcoholic Beverages,Processing,0.0,0.0,0.0,0.0,0.0,0.0,0.0,0.0,0.0,0.0,0.0,0.0,0.0,0.0,0.0,0.0,0.0,0.0
18099,Venezuela (Bolivarian Republic of),Alcoholic Beverages,Seed,0.0,0.0,0.0,0.0,0.0,0.0,0.0,0.0,0.0,0.0,0.0,0.0,0.0,0.0,0.0,0.0,0.0,0.0
18100,Venezuela (Bolivarian Republic of),Alcoholic Beverages,Feed,0.0,0.0,0.0,0.0,0.0,0.0,0.0,0.0,0.0,0.0,0.0,0.0,0.0,0.0,0.0,0.0,0.0,0.0
18101,Venezuela (Bolivarian Republic of),Alcoholic Beverages,Domestic supply,2001.0,2200.0,1829.0,1889.0,2139.0,2335.0,2539.0,2680.0,2588.0,2450.0,2299.0,2123.0,2222.0,2089.0,2102.0,2043.0,1016.0,816.0
18102,Venezuela (Bolivarian Republic of),Alcoholic Beverages,Export,43.0,61.0,41.0,29.0,30.0,32.0,32.0,25.0,29.0,15.0,13.0,14.0,7.0,10.0,7.0,9.0,7.0,11.0
18103,Venezuela (Bolivarian Republic of),Alcoholic Beverages,Stock Variation,2.0,4.0,2.0,3.0,1.0,1.0,0.0,2.0,1.0,1.0,0.0,1.0,0.0,0.0,75.0,0.0,-25.0,-50.0
18104,Venezuela (Bolivarian Republic of),Alcoholic Beverages,Import,61.0,79.0,42.0,35.0,38.0,41.0,57.0,63.0,48.0,48.0,31.0,45.0,52.0,33.0,19.0,6.0,6.0,4.0
18105,Venezuela (Bolivarian Republic of),Alcoholic Beverages,Production,1981.0,2178.0,1825.0,1881.0,2130.0,2325.0,2514.0,2641.0,2568.0,2416.0,2281.0,2092.0,2178.0,2066.0,2164.0,2046.0,992.0,773.0
18106,Venezuela (Bolivarian Republic of),Miscellaneous,Human Consumption,2.0,5.0,6.0,6.0,6.0,6.0,9.0,10.0,44.0,18.0,14.0,22.0,39.0,23.0,59.0,28.0,18.0,22.0
18107,Venezuela (Bolivarian Republic of),Miscellaneous,Other uses (non-food),0.0,0.0,0.0,0.0,0.0,0.0,0.0,0.0,0.0,0.0,0.0,0.0,0.0,0.0,0.0,0.0,0.0,0.0
18108,Venezuela (Bolivarian Republic of),Miscellaneous,Processing,0.0,0.0,0.0,0.0,0.0,0.0,0.0,0.0,0.0,0.0,0.0,0.0,0.0,0.0,0.0,0.0,0.0,0.0
18109,Venezuela (Bolivarian Republic of),Miscellaneous,Losses,0.0,0.0,0.0,0.0,0.0,0.0,0.0,0.0,0.0,0.0,0.0,0.0,0.0,0.0,0.0,0.0,0.0,0.0
18110,Venezuela (Bolivarian Republic of),Miscellaneous,Seed,0.0,0.0,0.0,0.0,0.0,0.0,0.0,0.0,0.0,0.0,0.0,0.0,0.0,0.0,0.0,0.0,0.0,0.0
18111,Venezuela (Bolivarian Republic of),Miscellaneous,Feed,0.0,0.0,0.0,0.0,0.0,0.0,0.0,0.0,0.0,0.0,0.0,0.0,0.0,0.0,0.0,0.0,0.0,0.0
18112,Venezuela (Bolivarian Republic of),Miscellaneous,Export,0.0,0.0,0.0,0.0,2.0,2.0,3.0,1.0,1.0,0.0,0.0,0.0,0.0,0.0,0.0,0.0,0.0,0.0
18113,Venezuela (Bolivarian Republic of),Animal fats,Processing,0.0,0.0,0.0,0.0,0.0,0.0,0.0,0.0,0.0,0.0,0.0,0.0,0.0,0.0,9.0,0.0,8.0,0.0
18114,Venezuela (Bolivarian Republic of),"Fish, Seafood",Export,45.0,65.0,87.0,76.0,102.0,72.0,12.0,22.0,25.0,18.0,17.0,17.0,17.0,17.0,12.0,17.0,19.0,19.0
18115,Venezuela (Bolivarian Republic of),Animal fats,Seed,0.0,0.0,0.0,0.0,0.0,0.0,0.0,0.0,0.0,0.0,0.0,0.0,0.0,0.0,0.0,0.0,0.0,0.0
18116,Venezuela (Bolivarian Republic of),"Fish, Seafood",Other uses (non-food),0.0,0.0,0.0,0.0,0.0,0.0,0.0,0.0,0.0,0.0,0.0,0.0,0.0,0.0,0.0,0.0,0.0,0.0
18117,Venezuela (Bolivarian Republic of),"Fish, Seafood",Feed,185.0,110.0,29.0,23.0,39.0,31.0,30.0,28.0,23.0,17.0,38.0,38.0,45.0,41.0,44.0,39.0,29.0,29.0
18118,Venezuela (Bolivarian Republic of),"Fish, Seafood",Domestic supply,561.0,600.0,515.0,482.0,563.0,412.0,391.0,446.0,396.0,429.0,317.0,314.0,374.0,332.0,378.0,298.0,326.0,326.0
18119,Venezuela (Bolivarian Republic of),Cereals - Excluding Beer,Production,2723.0,2863.0,2347.0,2865.0,3279.0,3249.0,3460.0,3425.0,4013.0,3028.0,2723.0,2575.0,2526.0,3029.0,3598.0,2295.0,1782.0,1475.0
18120,Venezuela (Bolivarian Republic of),"Fish, Seafood",Stock Variation,0.0,0.0,0.0,0.0,0.0,0.0,0.0,0.0,0.0,0.0,0.0,0.0,0.0,0.0,0.0,0.0,0.0,0.0
18121,Venezuela (Bolivarian Republic of),"Fish, Seafood",Import,234.0,181.0,75.0,39.0,68.0,62.0,65.0,101.0,106.0,116.0,97.0,105.0,151.0,122.0,149.0,55.0,35.0,35.0
18122,Venezuela (Bolivarian Republic of),"Fish, Seafood",Production,373.0,484.0,527.0,519.0,597.0,422.0,339.0,368.0,314.0,331.0,237.0,226.0,239.0,227.0,240.0,260.0,310.0,310.0
18123,Venezuela (Bolivarian Republic of),"Aquatic Products, Other",Human Consumption,0.0,0.0,0.0,0.0,0.0,0.0,0.0,0.0,0.0,0.0,0.0,0.0,0.0,0.0,0.0,0.0,0.0,0.0
18124,Venezuela (Bolivarian Republic of),"Aquatic Products, Other",Other uses (non-food),0.0,0.0,0.0,0.0,0.0,0.0,0.0,0.0,0.0,0.0,0.0,0.0,1.0,0.0,0.0,0.0,0.0,0.0
18125,Venezuela (Bolivarian Republic of),"Aquatic Products, Other",Domestic supply,0.0,0.0,0.0,0.0,0.0,0.0,0.0,0.0,0.0,0.0,0.0,0.0,1.0,0.0,0.0,0.0,0.0,0.0
18126,Venezuela (Bolivarian Republic of),"Aquatic Products, Other",Export,0.0,0.0,0.0,0.0,0.0,0.0,0.0,0.0,0.0,0.0,0.0,0.0,0.0,0.0,0.0,0.0,0.0,0.0
18127,Venezuela (Bolivarian Republic of),"Fish, Seafood",Human Consumption,376.0,490.0,486.0,460.0,525.0,381.0,361.0,417.0,373.0,412.0,280.0,276.0,328.0,291.0,334.0,260.0,297.0,297.0
18128,Venezuela (Bolivarian Republic of),"Aquatic Products, Other",Import,0.0,0.0,0.0,0.0,0.0,0.0,0.0,0.0,0.0,0.0,0.0,0.0,1.0,0.0,0.0,0.0,0.0,0.0
18129,Venezuela (Bolivarian Republic of),Cereals - Excluding Beer,Human Consumption,2872.0,3059.0,2655.0,3306.0,3213.0,3497.0,3426.0,3625.0,3940.0,4205.0,4200.0,4153.0,3973.0,3963.0,4203.0,3978.0,3972.0,4059.0
18130,Venezuela (Bolivarian Republic of),Cereals - Excluding Beer,Other uses (non-food),0.0,0.0,4.0,0.0,1.0,3.0,1.0,6.0,2.0,3.0,2.0,2.0,1.0,1.0,2.0,0.0,0.0,0.0
18131,Venezuela (Bolivarian Republic of),Cereals - Excluding Beer,Processing,398.0,457.0,370.0,369.0,432.0,477.0,523.0,561.0,535.0,496.0,461.0,421.0,452.0,432.0,19.0,21.0,17.0,17.0
18132,Venezuela (Bolivarian Republic of),Cereals - Excluding Beer,Losses,417.0,419.0,302.0,371.0,407.0,383.0,222.0,214.0,231.0,228.0,243.0,220.0,240.0,245.0,187.0,123.0,101.0,163.0
18133,Venezuela (Bolivarian Republic of),Cereals - Excluding Beer,Seed,20.0,17.0,19.0,23.0,23.0,25.0,22.0,26.0,26.0,22.0,20.0,23.0,24.0,20.0,39.0,27.0,11.0,14.0
18134,Venezuela (Bolivarian Republic of),Cereals - Excluding Beer,Feed,1340.0,1426.0,878.0,1098.0,1292.0,620.0,1136.0,1853.0,1971.0,1919.0,1920.0,1850.0,2148.0,2641.0,2588.0,2178.0,1733.0,1075.0
18135,Venezuela (Bolivarian Republic of),Cereals - Excluding Beer,Domestic supply,5043.0,5378.0,4228.0,5167.0,5367.0,5004.0,5326.0,6284.0,6706.0,6874.0,6845.0,6670.0,6837.0,7303.0,6934.0,6326.0,5464.0,5041.0
18136,Venezuela (Bolivarian Republic of),Cereals - Excluding Beer,Export,131.0,105.0,69.0,38.0,40.0,50.0,60.0,38.0,3.0,1.0,5.0,0.0,0.0,0.0,2.0,2.0,1.0,1.0
18137,Venezuela (Bolivarian Republic of),Cereals - Excluding Beer,Stock Variation,-578.0,-86.0,54.0,-86.0,-89.0,-271.0,154.0,325.0,-872.0,190.0,-101.0,630.0,-260.0,-565.0,2026.0,-115.0,-499.0,-750.0
18138,Venezuela (Bolivarian Republic of),Cereals - Excluding Beer,Import,3029.0,2705.0,1896.0,2426.0,2217.0,2076.0,1772.0,2571.0,3568.0,3657.0,4228.0,3465.0,4572.0,4838.0,5364.0,3918.0,3183.0,2816.0
18139,Venezuela (Bolivarian Republic of),Spices,Processing,0.0,0.0,0.0,0.0,0.0,0.0,0.0,0.0,0.0,0.0,0.0,0.0,0.0,0.0,0.0,0.0,0.0,0.0
18140,Venezuela (Bolivarian Republic of),"Aquatic Products, Other",Production,0.0,0.0,0.0,0.0,0.0,0.0,0.0,0.0,0.0,0.0,0.0,0.0,0.0,0.0,0.0,0.0,0.0,0.0
18141,Venezuela (Bolivarian Republic of),Eggs,Production,175.0,188.0,160.0,147.0,146.0,174.0,170.0,154.0,158.0,230.0,242.0,256.0,222.0,210.0,207.0,200.0,168.0,164.0
18142,Venezuela (Bolivarian Republic of),Eggs,Import,8.0,11.0,5.0,3.0,7.0,9.0,5.0,9.0,19.0,3.0,2.0,1.0,1.0,2.0,6.0,2.0,1.0,0.0
18143,Venezuela (Bolivarian Republic of),Eggs,Stock Variation,0.0,0.0,0.0,0.0,0.0,0.0,0.0,0.0,0.0,0.0,0.0,0.0,0.0,0.0,0.0,0.0,0.0,0.0
18144,Venezuela (Bolivarian Republic of),Animal fats,Feed,51.0,60.0,56.0,59.0,52.0,55.0,57.0,59.0,59.0,59.0,59.0,59.0,60.0,59.0,10.0,8.0,8.0,9.0
18145,Venezuela (Bolivarian Republic of),Animal fats,Domestic supply,125.0,116.0,117.0,120.0,107.0,119.0,133.0,144.0,158.0,134.0,119.0,132.0,131.0,128.0,59.0,30.0,26.0,27.0
18146,Venezuela (Bolivarian Republic of),Animal fats,Export,0.0,0.0,0.0,0.0,0.0,0.0,0.0,0.0,0.0,0.0,0.0,0.0,0.0,0.0,0.0,1.0,0.0,0.0
18147,Venezuela (Bolivarian Republic of),Animal fats,Stock Variation,0.0,-15.0,7.0,9.0,0.0,0.0,0.0,0.0,0.0,0.0,0.0,0.0,0.0,0.0,0.0,0.0,0.0,0.0
18148,Venezuela (Bolivarian Republic of),Animal fats,Import,41.0,46.0,24.0,21.0,31.0,29.0,33.0,36.0,41.0,29.0,22.0,32.0,33.0,19.0,30.0,2.0,1.0,3.0
18149,Venezuela (Bolivarian Republic of),Animal fats,Production,84.0,85.0,87.0,89.0,76.0,90.0,100.0,108.0,116.0,105.0,97.0,99.0,98.0,108.0,30.0,29.0,26.0,24.0
18150,Venezuela (Bolivarian Republic of),Milk - Excluding Butter,Human Consumption,2059.0,2007.0,1911.0,2083.0,2202.0,1825.0,2159.0,2846.0,3732.0,3623.0,4493.0,4488.0,4409.0,3582.0,3570.0,3183.0,2663.0,2950.0
18151,Venezuela (Bolivarian Republic of),Milk - Excluding Butter,Other uses (non-food),2.0,3.0,2.0,1.0,1.0,3.0,5.0,32.0,21.0,16.0,22.0,24.0,48.0,42.0,4.0,1.0,1.0,0.0
18152,Venezuela (Bolivarian Republic of),Milk - Excluding Butter,Processing,0.0,0.0,0.0,0.0,0.0,0.0,0.0,0.0,0.0,0.0,0.0,0.0,0.0,0.0,0.0,0.0,0.0,0.0
18153,Venezuela (Bolivarian Republic of),Milk - Excluding Butter,Losses,22.0,21.0,21.0,19.0,18.0,19.0,19.0,25.0,27.0,34.0,36.0,35.0,35.0,33.0,22.0,25.0,20.0,19.0
18154,Venezuela (Bolivarian Republic of),Milk - Excluding Butter,Seed,0.0,0.0,0.0,0.0,0.0,0.0,0.0,0.0,0.0,0.0,0.0,0.0,0.0,0.0,0.0,0.0,0.0,0.0
18155,Venezuela (Bolivarian Republic of),Milk - Excluding Butter,Feed,0.0,0.0,0.0,0.0,0.0,0.0,0.0,0.0,0.0,0.0,0.0,0.0,0.0,0.0,55.0,180.0,42.0,40.0
18156,Venezuela (Bolivarian Republic of),Milk - Excluding Butter,Domestic supply,2082.0,2031.0,1934.0,2103.0,2221.0,1846.0,2183.0,2903.0,3778.0,3671.0,4548.0,4543.0,4488.0,3643.0,3651.0,3389.0,2726.0,3009.0
18157,Venezuela (Bolivarian Republic of),Milk - Excluding Butter,Export,5.0,6.0,5.0,9.0,2.0,4.0,2.0,0.0,1.0,2.0,0.0,0.0,0.0,0.0,1.0,1.0,2.0,1.0
18158,Venezuela (Bolivarian Republic of),Milk - Excluding Butter,Stock Variation,-40.0,0.0,58.0,58.0,0.0,0.0,0.0,0.0,-1268.0,-676.0,507.0,426.0,0.0,0.0,0.0,679.0,-424.0,-329.0
18159,Venezuela (Bolivarian Republic of),Milk - Excluding Butter,Import,713.0,636.0,491.0,816.0,985.0,503.0,754.0,1125.0,2827.0,2164.0,1605.0,1641.0,2211.0,1683.0,1579.0,1777.0,461.0,881.0
18160,Venezuela (Bolivarian Republic of),Milk - Excluding Butter,Production,1415.0,1400.0,1389.0,1238.0,1237.0,1348.0,1431.0,1778.0,2220.0,2185.0,2436.0,2476.0,2277.0,1960.0,2073.0,2292.0,1842.0,1800.0
18161,Venezuela (Bolivarian Republic of),Eggs,Human Consumption,148.0,158.0,124.0,118.0,121.0,145.0,139.0,127.0,140.0,190.0,189.0,202.0,179.0,171.0,129.0,125.0,114.0,106.0
18162,Venezuela (Bolivarian Republic of),Eggs,Other uses (non-food),0.0,0.0,0.0,0.0,0.0,0.0,0.0,0.0,0.0,0.0,0.0,0.0,0.0,0.0,0.0,0.0,0.0,0.0
18163,Venezuela (Bolivarian Republic of),Eggs,Processing,0.0,0.0,0.0,0.0,0.0,0.0,0.0,0.0,0.0,0.0,0.0,0.0,0.0,0.0,0.0,0.0,0.0,0.0
18164,Venezuela (Bolivarian Republic of),Eggs,Losses,9.0,10.0,8.0,7.0,7.0,9.0,9.0,8.0,9.0,12.0,12.0,13.0,11.0,11.0,10.0,10.0,8.0,8.0
18165,Venezuela (Bolivarian Republic of),Eggs,Seed,26.0,31.0,32.0,25.0,25.0,29.0,27.0,28.0,28.0,32.0,42.0,42.0,33.0,31.0,33.0,31.0,26.0,25.0
18166,Venezuela (Bolivarian Republic of),Eggs,Feed,0.0,0.0,0.0,0.0,0.0,0.0,0.0,0.0,0.0,0.0,0.0,0.0,0.0,0.0,41.0,35.0,20.0,24.0
18167,Venezuela (Bolivarian Republic of),Eggs,Domestic supply,183.0,199.0,165.0,150.0,153.0,183.0,174.0,163.0,176.0,233.0,243.0,257.0,223.0,213.0,213.0,202.0,169.0,164.0
18168,Venezuela (Bolivarian Republic of),Eggs,Export,0.0,0.0,0.0,0.0,0.0,0.0,0.0,0.0,0.0,0.0,0.0,0.0,0.0,0.0,0.0,0.0,0.0,0.0
18169,Venezuela (Bolivarian Republic of),Animal fats,Losses,2.0,4.0,4.0,4.0,4.0,4.0,4.0,5.0,5.0,5.0,5.0,5.0,5.0,5.0,1.0,1.0,1.0,1.0
18170,Venezuela (Bolivarian Republic of),Spices,Other uses (non-food),0.0,0.0,0.0,0.0,0.0,0.0,0.0,0.0,0.0,0.0,0.0,0.0,0.0,0.0,0.0,0.0,0.0,0.0
18171,Venezuela (Bolivarian Republic of),Starchy Roots,Export,2.0,1.0,1.0,0.0,2.0,2.0,0.0,1.0,0.0,0.0,0.0,0.0,0.0,1.0,0.0,0.0,0.0,0.0
18172,Venezuela (Bolivarian Republic of),Stimulants,Production,95.0,108.0,101.0,80.0,89.0,81.0,91.0,89.0,92.0,84.0,93.0,95.0,93.0,92.0,76.0,74.0,66.0,70.0
18173,Venezuela (Bolivarian Republic of),Oilcrops,Export,100.0,100.0,62.0,11.0,22.0,38.0,33.0,22.0,10.0,25.0,18.0,30.0,11.0,18.0,28.0,24.0,10.0,13.0
18174,Venezuela (Bolivarian Republic of),Oilcrops,Stock Variation,69.0,23.0,-74.0,4.0,6.0,-25.0,8.0,0.0,-5.0,2.0,-38.0,-4.0,1.0,4.0,127.0,217.0,255.0,357.0
18175,Venezuela (Bolivarian Republic of),Oilcrops,Import,208.0,204.0,180.0,16.0,35.0,31.0,65.0,19.0,36.0,77.0,178.0,155.0,177.0,312.0,173.0,199.0,150.0,57.0
18176,Venezuela (Bolivarian Republic of),Oilcrops,Production,178.0,163.0,209.0,225.0,219.0,238.0,251.0,308.0,266.0,262.0,274.0,299.0,292.0,309.0,620.0,662.0,649.0,670.0
18177,Venezuela (Bolivarian Republic of),Treenuts,Human Consumption,6.0,7.0,4.0,3.0,3.0,4.0,5.0,10.0,14.0,9.0,6.0,10.0,8.0,8.0,5.0,4.0,1.0,0.0
18178,Venezuela (Bolivarian Republic of),Treenuts,Other uses (non-food),0.0,0.0,0.0,0.0,0.0,0.0,0.0,0.0,0.0,0.0,0.0,0.0,0.0,0.0,0.0,0.0,0.0,0.0
18179,Venezuela (Bolivarian Republic of),Treenuts,Processing,0.0,0.0,0.0,0.0,0.0,0.0,0.0,0.0,0.0,0.0,0.0,0.0,0.0,0.0,0.0,0.0,0.0,0.0
18180,Venezuela (Bolivarian Republic of),Treenuts,Losses,0.0,0.0,0.0,0.0,0.0,0.0,0.0,0.0,0.0,0.0,0.0,0.0,0.0,0.0,0.0,0.0,0.0,0.0
18181,Venezuela (Bolivarian Republic of),Treenuts,Seed,0.0,0.0,0.0,0.0,0.0,0.0,0.0,0.0,0.0,0.0,0.0,0.0,0.0,0.0,0.0,0.0,0.0,0.0
18182,Venezuela (Bolivarian Republic of),Treenuts,Feed,0.0,0.0,0.0,0.0,0.0,0.0,0.0,0.0,0.0,0.0,0.0,0.0,0.0,0.0,0.0,0.0,0.0,0.0
18183,Venezuela (Bolivarian Republic of),Treenuts,Domestic supply,6.0,7.0,4.0,3.0,3.0,4.0,5.0,10.0,14.0,9.0,6.0,10.0,8.0,8.0,5.0,4.0,1.0,0.0
18184,Venezuela (Bolivarian Republic of),Oilcrops,Domestic supply,355.0,289.0,253.0,233.0,238.0,206.0,290.0,305.0,288.0,316.0,396.0,421.0,459.0,606.0,638.0,619.0,534.0,357.0
18185,Venezuela (Bolivarian Republic of),Treenuts,Export,0.0,0.0,0.0,0.0,0.0,1.0,1.0,0.0,0.0,0.0,0.0,0.0,0.0,0.0,0.0,0.0,0.0,0.0
18186,Venezuela (Bolivarian Republic of),Treenuts,Import,6.0,7.0,4.0,3.0,4.0,5.0,6.0,11.0,14.0,9.0,6.0,10.0,8.0,8.0,5.0,4.0,1.0,0.0
18187,Venezuela (Bolivarian Republic of),Treenuts,Production,0.0,0.0,0.0,0.0,0.0,0.0,0.0,0.0,0.0,0.0,0.0,0.0,0.0,0.0,0.0,0.0,0.0,0.0
18188,Venezuela (Bolivarian Republic of),Pulses,Human Consumption,132.0,135.0,109.0,167.0,161.0,112.0,119.0,180.0,177.0,198.0,192.0,178.0,220.0,176.0,159.0,91.0,81.0,105.0
18189,Venezuela (Bolivarian Republic of),Pulses,Other uses (non-food),0.0,0.0,0.0,0.0,0.0,0.0,0.0,0.0,0.0,0.0,0.0,0.0,0.0,0.0,0.0,0.0,0.0,0.0
18190,Venezuela (Bolivarian Republic of),Pulses,Processing,0.0,0.0,0.0,0.0,0.0,0.0,0.0,0.0,0.0,0.0,0.0,0.0,0.0,0.0,0.0,0.0,0.0,0.0
18191,Venezuela (Bolivarian Republic of),Pulses,Losses,3.0,3.0,2.0,3.0,4.0,2.0,3.0,4.0,2.0,4.0,4.0,4.0,4.0,3.0,2.0,1.0,1.0,2.0
18192,Venezuela (Bolivarian Republic of),Pulses,Seed,1.0,1.0,1.0,2.0,1.0,1.0,1.0,1.0,0.0,1.0,2.0,2.0,2.0,1.0,1.0,1.0,1.0,1.0
18193,Venezuela (Bolivarian Republic of),Pulses,Feed,0.0,0.0,0.0,0.0,0.0,0.0,0.0,0.0,0.0,0.0,0.0,0.0,0.0,0.0,3.0,61.0,0.0,0.0
18194,Venezuela (Bolivarian Republic of),Pulses,Domestic supply,135.0,138.0,113.0,172.0,165.0,115.0,123.0,185.0,179.0,203.0,199.0,184.0,227.0,181.0,164.0,154.0,83.0,108.0
18195,Venezuela (Bolivarian Republic of),Pulses,Export,0.0,0.0,0.0,0.0,0.0,1.0,0.0,0.0,0.0,0.0,0.0,0.0,0.0,0.0,0.0,0.0,0.0,1.0
18196,Venezuela (Bolivarian Republic of),Pulses,Stock Variation,0.0,0.0,0.0,-1.0,1.0,0.0,0.0,-15.0,10.0,-10.0,-13.0,25.0,-5.0,10.0,24.0,-84.0,-25.0,17.0
18197,Venezuela (Bolivarian Republic of),Treenuts,Stock Variation,0.0,0.0,0.0,0.0,0.0,0.0,0.0,0.0,0.0,0.0,0.0,0.0,0.0,0.0,0.0,0.0,0.0,0.0
18198,Venezuela (Bolivarian Republic of),Pulses,Import,108.0,115.0,93.0,142.0,122.0,70.0,100.0,160.0,119.0,147.0,169.0,114.0,182.0,120.0,172.0,46.0,34.0,101.0
18199,Venezuela (Bolivarian Republic of),Oilcrops,Seed,0.0,0.0,0.0,1.0,1.0,1.0,2.0,2.0,2.0,2.0,2.0,2.0,1.0,0.0,1.0,2.0,1.0,1.0
18200,Venezuela (Bolivarian Republic of),Oilcrops,Processing,310.0,246.0,194.0,174.0,200.0,176.0,249.0,238.0,242.0,280.0,383.0,407.0,434.0,531.0,470.0,391.0,367.0,280.0
18201,Venezuela (Bolivarian Republic of),Spices,Human Consumption,3.0,2.0,2.0,2.0,2.0,2.0,2.0,3.0,3.0,3.0,5.0,4.0,4.0,2.0,2.0,0.0,1.0,0.0
18202,Venezuela (Bolivarian Republic of),Sugar Crops,Human Consumption,17.0,17.0,19.0,16.0,17.0,20.0,23.0,21.0,21.0,21.0,30.0,35.0,20.0,22.0,0.0,0.0,0.0,0.0
18203,Venezuela (Bolivarian Republic of),Sugar Crops,Other uses (non-food),1271.0,2146.0,1018.0,2550.0,1787.0,1276.0,204.0,488.0,23.0,75.0,5.0,2.0,8.0,7.0,5.0,5.0,3.0,3.0
18204,Venezuela (Bolivarian Republic of),Sugar Crops,Processing,7581.0,6727.0,7516.0,7452.0,8113.0,8403.0,9181.0,9203.0,7705.0,6360.0,6552.0,6573.0,6452.0,6993.0,9502.0,3673.0,2404.0,2838.0
18205,Venezuela (Bolivarian Republic of),Sugar Crops,Losses,0.0,0.0,0.0,0.0,0.0,0.0,0.0,0.0,0.0,0.0,0.0,0.0,0.0,0.0,348.0,299.0,179.0,194.0
18206,Venezuela (Bolivarian Republic of),Sugar Crops,Seed,0.0,0.0,0.0,0.0,0.0,0.0,0.0,0.0,0.0,0.0,0.0,0.0,0.0,0.0,0.0,0.0,0.0,0.0
18207,Venezuela (Bolivarian Republic of),Sugar Crops,Feed,0.0,0.0,0.0,0.0,0.0,0.0,0.0,0.0,0.0,0.0,0.0,0.0,0.0,0.0,20.0,22.0,22.0,22.0
18208,Venezuela (Bolivarian Republic of),Sugar Crops,Domestic supply,8869.0,8890.0,8553.0,10018.0,9917.0,9699.0,9407.0,9712.0,7748.0,6456.0,6587.0,6609.0,6480.0,7021.0,9875.0,3999.0,2608.0,3057.0
18209,Venezuela (Bolivarian Republic of),Sugar Crops,Export,0.0,0.0,0.0,0.0,0.0,0.0,0.0,0.0,0.0,0.0,0.0,0.0,0.0,0.0,0.0,0.0,0.0,0.0
18210,Venezuela (Bolivarian Republic of),Sugar Crops,Stock Variation,0.0,0.0,0.0,0.0,0.0,0.0,0.0,0.0,-1600.0,-2500.0,450.0,550.0,-230.0,-350.0,-3365.0,1594.0,746.0,567.0
18211,Venezuela (Bolivarian Republic of),Sugar Crops,Import,21.0,10.0,8.0,52.0,67.0,25.0,62.0,0.0,74.0,28.0,0.0,0.0,0.0,10.0,5.0,0.0,1.0,0.0
18212,Venezuela (Bolivarian Republic of),Oilcrops,Losses,30.0,27.0,44.0,48.0,21.0,18.0,26.0,53.0,30.0,38.0,10.0,10.0,12.0,14.0,46.0,60.0,57.0,9.0
18213,Venezuela (Bolivarian Republic of),Sugar Crops,Production,8848.0,8879.0,8545.0,9966.0,9849.0,9674.0,9346.0,9712.0,9274.0,8928.0,6137.0,6059.0,6710.0,7361.0,6505.0,5593.0,3354.0,3623.0
18214,Venezuela (Bolivarian Republic of),Starchy Roots,Other uses (non-food),28.0,39.0,39.0,20.0,24.0,20.0,27.0,24.0,22.0,22.0,26.0,29.0,24.0,12.0,17.0,10.0,11.0,7.0
18215,Venezuela (Bolivarian Republic of),Starchy Roots,Processing,0.0,0.0,0.0,0.0,0.0,0.0,0.0,0.0,0.0,0.0,0.0,0.0,0.0,0.0,0.0,0.0,0.0,0.0
18216,Venezuela (Bolivarian Republic of),Starchy Roots,Losses,212.0,219.0,197.0,201.0,222.0,203.0,191.0,167.0,164.0,190.0,192.0,202.0,203.0,221.0,153.0,144.0,123.0,103.0
18217,Venezuela (Bolivarian Republic of),Starchy Roots,Seed,30.0,32.0,26.0,29.0,37.0,38.0,38.0,34.0,40.0,44.0,48.0,49.0,50.0,38.0,39.0,41.0,31.0,17.0
18218,Venezuela (Bolivarian Republic of),Starchy Roots,Feed,59.0,63.0,54.0,56.0,52.0,54.0,50.0,42.0,47.0,49.0,50.0,53.0,54.0,69.0,61.0,72.0,116.0,193.0
18219,Venezuela (Bolivarian Republic of),Starchy Roots,Domestic supply,1255.0,1272.0,1178.0,1093.0,1111.0,1246.0,1294.0,1209.0,1213.0,1310.0,1343.0,1431.0,1519.0,1628.0,1236.0,1225.0,1105.0,1126.0
18220,Venezuela (Bolivarian Republic of),Starchy Roots,Stock Variation,15.0,20.0,8.0,1.0,-8.0,1.0,7.0,0.0,4.0,0.0,0.0,0.0,0.0,0.0,-113.0,-130.0,-204.0,-454.0
18221,Venezuela (Bolivarian Republic of),Starchy Roots,Import,144.0,124.0,102.0,72.0,82.0,75.0,95.0,100.0,92.0,87.0,83.0,101.0,87.0,53.0,42.0,21.0,15.0,11.0
18222,Venezuela (Bolivarian Republic of),Starchy Roots,Production,1099.0,1129.0,1069.0,1020.0,1040.0,1172.0,1192.0,1110.0,1118.0,1223.0,1260.0,1330.0,1433.0,1576.0,1080.0,1074.0,887.0,662.0
18223,Venezuela (Bolivarian Republic of),Oilcrops,Human Consumption,9.0,9.0,8.0,8.0,12.0,12.0,11.0,12.0,13.0,12.0,16.0,14.0,17.0,18.0,16.0,9.0,10.0,9.0
18224,Venezuela (Bolivarian Republic of),Oilcrops,Other uses (non-food),8.0,5.0,5.0,2.0,6.0,0.0,1.0,1.0,1.0,0.0,0.0,3.0,1.0,3.0,10.0,13.0,14.0,7.0
18225,Venezuela (Bolivarian Republic of),Starchy Roots,Human Consumption,926.0,919.0,862.0,786.0,777.0,931.0,988.0,943.0,941.0,1005.0,1027.0,1097.0,1188.0,1289.0,965.0,958.0,825.0,805.0
18226,Venezuela (Bolivarian Republic of),Pulses,Production,27.0,24.0,20.0,31.0,43.0,45.0,22.0,40.0,50.0,67.0,43.0,45.0,50.0,51.0,17.0,24.0,24.0,25.0
18227,Venezuela (Bolivarian Republic of),Oilcrops,Feed,0.0,1.0,2.0,3.0,0.0,0.0,0.0,0.0,0.0,0.0,0.0,0.0,0.0,43.0,96.0,143.0,86.0,51.0
18228,Venezuela (Bolivarian Republic of),Sugar & Sweeteners,Other uses (non-food),4.0,6.0,6.0,5.0,5.0,6.0,7.0,7.0,7.0,8.0,8.0,12.0,11.0,11.0,7.0,2.0,2.0,6.0
18229,Venezuela (Bolivarian Republic of),Vegetables,Stock Variation,0.0,0.0,0.0,0.0,0.0,0.0,0.0,0.0,0.0,0.0,0.0,0.0,0.0,0.0,0.0,0.0,0.0,0.0
18230,Venezuela (Bolivarian Republic of),Vegetables,Import,159.0,151.0,134.0,128.0,176.0,147.0,143.0,151.0,229.0,225.0,242.0,254.0,192.0,227.0,155.0,81.0,102.0,56.0
18231,Venezuela (Bolivarian Republic of),Vegetables,Production,1175.0,1238.0,1440.0,1459.0,1529.0,1676.0,1391.0,1578.0,1539.0,1616.0,1823.0,2011.0,1444.0,1644.0,1709.0,1769.0,1447.0,1484.0
18232,Venezuela (Bolivarian Republic of),Fruits - Excluding Wine,Human Consumption,2824.0,2700.0,2220.0,2011.0,1829.0,2074.0,2040.0,2129.0,2101.0,2064.0,2082.0,2395.0,2326.0,2483.0,2638.0,2717.0,2503.0,2401.0
18233,Venezuela (Bolivarian Republic of),Fruits - Excluding Wine,Other uses (non-food),0.0,0.0,0.0,0.0,0.0,0.0,0.0,0.0,0.0,0.0,0.0,0.0,0.0,0.0,0.0,0.0,0.0,0.0
18234,Venezuela (Bolivarian Republic of),Fruits - Excluding Wine,Processing,0.0,0.0,0.0,0.0,0.0,0.0,0.0,0.0,0.0,0.0,0.0,0.0,0.0,0.0,0.0,0.0,0.0,0.0
18235,Venezuela (Bolivarian Republic of),Fruits - Excluding Wine,Losses,396.0,382.0,322.0,295.0,282.0,302.0,292.0,299.0,299.0,275.0,288.0,305.0,306.0,326.0,324.0,336.0,312.0,300.0
18236,Venezuela (Bolivarian Republic of),Fruits - Excluding Wine,Seed,0.0,0.0,0.0,0.0,0.0,0.0,0.0,0.0,0.0,0.0,0.0,0.0,0.0,0.0,0.0,0.0,0.0,0.0
18237,Venezuela (Bolivarian Republic of),Fruits - Excluding Wine,Feed,33.0,38.0,22.0,22.0,21.0,25.0,17.0,20.0,20.0,20.0,22.0,21.0,17.0,25.0,26.0,30.0,28.0,24.0
18238,Venezuela (Bolivarian Republic of),Fruits - Excluding Wine,Export,90.0,51.0,48.0,48.0,78.0,83.0,30.0,25.0,9.0,6.0,5.0,3.0,2.0,4.0,3.0,4.0,3.0,9.0
18239,Venezuela (Bolivarian Republic of),Fruits - Excluding Wine,Stock Variation,0.0,0.0,0.0,0.0,0.0,0.0,0.0,0.0,0.0,0.0,0.0,0.0,0.0,0.0,0.0,0.0,0.0,0.0
18240,Venezuela (Bolivarian Republic of),Vegetables,Export,13.0,11.0,10.0,10.0,17.0,11.0,9.0,7.0,4.0,4.0,4.0,1.0,2.0,4.0,2.0,2.0,2.0,3.0
18241,Venezuela (Bolivarian Republic of),Fruits - Excluding Wine,Import,147.0,192.0,108.0,51.0,70.0,109.0,159.0,175.0,198.0,136.0,99.0,155.0,134.0,97.0,55.0,27.0,9.0,5.0
18242,Venezuela (Bolivarian Republic of),Stimulants,Human Consumption,84.0,107.0,89.0,65.0,82.0,84.0,99.0,93.0,94.0,96.0,120.0,125.0,146.0,121.0,69.0,75.0,49.0,46.0
18243,Venezuela (Bolivarian Republic of),Stimulants,Other uses (non-food),1.0,1.0,1.0,1.0,1.0,1.0,1.0,1.0,1.0,1.0,1.0,1.0,1.0,1.0,1.0,1.0,1.0,0.0
18244,Venezuela (Bolivarian Republic of),Stimulants,Processing,0.0,0.0,0.0,0.0,0.0,0.0,0.0,0.0,0.0,0.0,0.0,0.0,0.0,0.0,16.0,14.0,15.0,15.0
18245,Venezuela (Bolivarian Republic of),Stimulants,Losses,1.0,1.0,1.0,1.0,1.0,1.0,1.0,1.0,1.0,1.0,1.0,1.0,1.0,1.0,3.0,3.0,2.0,3.0
18246,Venezuela (Bolivarian Republic of),Stimulants,Seed,0.0,0.0,0.0,0.0,0.0,0.0,0.0,0.0,0.0,0.0,0.0,0.0,0.0,0.0,0.0,0.0,0.0,0.0
18247,Venezuela (Bolivarian Republic of),Stimulants,Feed,0.0,0.0,0.0,0.0,0.0,0.0,0.0,0.0,0.0,0.0,0.0,0.0,0.0,0.0,0.0,0.0,0.0,0.0
18248,Venezuela (Bolivarian Republic of),Stimulants,Domestic supply,85.0,101.0,90.0,66.0,84.0,85.0,100.0,94.0,95.0,98.0,122.0,127.0,148.0,123.0,89.0,92.0,67.0,64.0
18249,Venezuela (Bolivarian Republic of),Stimulants,Export,9.0,13.0,18.0,20.0,16.0,9.0,7.0,13.0,11.0,3.0,3.0,1.0,3.0,3.0,7.0,9.0,8.0,9.0
18250,Venezuela (Bolivarian Republic of),Stimulants,Stock Variation,-8.0,-4.0,1.0,1.0,0.0,0.0,0.0,0.0,0.0,-2.0,-2.0,0.0,0.0,0.0,-2.0,-2.0,-2.0,-2.0
18251,Venezuela (Bolivarian Republic of),Stimulants,Import,8.0,10.0,7.0,5.0,10.0,13.0,16.0,19.0,14.0,19.0,35.0,33.0,58.0,33.0,18.0,26.0,7.0,1.0
18252,Venezuela (Bolivarian Republic of),Sugar & Sweeteners,Human Consumption,922.0,929.0,849.0,889.0,1002.0,1029.0,1069.0,1084.0,1066.0,1102.0,1130.0,1168.0,1164.0,1173.0,1142.0,1152.0,1113.0,1071.0
18253,Venezuela (Bolivarian Republic of),Fruits - Excluding Wine,Production,3190.0,2973.0,2500.0,2321.0,2136.0,2370.0,2214.0,2292.0,2227.0,2227.0,2298.0,2569.0,2517.0,2741.0,2931.0,3054.0,2829.0,2719.0
18254,Venezuela (Bolivarian Republic of),Vegetables,Domestic supply,1321.0,1378.0,1564.0,1577.0,1688.0,1812.0,1524.0,1721.0,1764.0,1837.0,2061.0,2264.0,1634.0,1868.0,1862.0,1848.0,1547.0,1538.0
18255,Venezuela (Bolivarian Republic of),Fruits - Excluding Wine,Domestic supply,3247.0,3114.0,2560.0,2324.0,2128.0,2396.0,2343.0,2442.0,2416.0,2358.0,2392.0,2721.0,2649.0,2834.0,2982.0,3076.0,2834.0,2714.0
18256,Venezuela (Bolivarian Republic of),Sugar & Sweeteners,Losses,1.0,5.0,4.0,45.0,83.0,5.0,7.0,5.0,51.0,14.0,14.0,14.0,15.0,17.0,12.0,11.0,6.0,5.0
18257,Venezuela (Bolivarian Republic of),Sugar & Sweeteners,Processing,0.0,0.0,0.0,0.0,0.0,0.0,0.0,0.0,0.0,0.0,0.0,0.0,0.0,0.0,5.0,6.0,5.0,5.0
18258,Venezuela (Bolivarian Republic of),Vegetables,Feed,0.0,0.0,0.0,0.0,0.0,0.0,0.0,0.0,0.0,0.0,0.0,0.0,0.0,0.0,0.0,0.0,0.0,0.0
18259,Venezuela (Bolivarian Republic of),Sugar & Sweeteners,Seed,0.0,0.0,0.0,0.0,0.0,0.0,0.0,0.0,0.0,0.0,0.0,0.0,0.0,0.0,0.0,0.0,0.0,0.0
18260,Venezuela (Bolivarian Republic of),Sugar & Sweeteners,Feed,0.0,0.0,0.0,0.0,0.0,0.0,0.0,0.0,0.0,0.0,0.0,0.0,0.0,0.0,0.0,0.0,0.0,0.0
18261,Venezuela (Bolivarian Republic of),Sugar & Sweeteners,Domestic supply,928.0,940.0,859.0,939.0,1091.0,1039.0,1082.0,1096.0,1124.0,1123.0,1152.0,1194.0,1189.0,1201.0,1167.0,1171.0,1126.0,1088.0
18262,Venezuela (Bolivarian Republic of),Sugar & Sweeteners,Export,3.0,3.0,1.0,2.0,2.0,7.0,5.0,2.0,1.0,1.0,0.0,0.0,0.0,0.0,0.0,0.0,0.0,1.0
18263,Venezuela (Bolivarian Republic of),Sugar & Sweeteners,Stock Variation,53.0,-40.0,-68.0,37.0,-65.0,117.0,101.0,-194.0,40.0,105.0,-53.0,-85.0,164.0,-229.0,267.0,74.0,-409.0,-412.0
18264,Venezuela (Bolivarian Republic of),Sugar & Sweeteners,Import,197.0,363.0,276.0,252.0,426.0,173.0,175.0,501.0,477.0,533.0,727.0,799.0,557.0,895.0,781.0,751.0,406.0,317.0
18265,Venezuela (Bolivarian Republic of),Vegetable Oils,Human Consumption,348.0,357.0,331.0,371.0,454.0,394.0,415.0,412.0,480.0,506.0,494.0,497.0,497.0,505.0,509.0,492.0,481.0,431.0
18266,Venezuela (Bolivarian Republic of),Vegetable Oils,Other uses (non-food),151.0,52.0,152.0,202.0,251.0,114.0,319.0,324.0,351.0,239.0,257.0,288.0,255.0,243.0,136.0,114.0,98.0,85.0
18267,Venezuela (Bolivarian Republic of),Vegetable Oils,Processing,0.0,0.0,0.0,0.0,0.0,0.0,0.0,0.0,0.0,0.0,0.0,0.0,0.0,0.0,112.0,126.0,95.0,55.0
18268,Venezuela (Bolivarian Republic of),Vegetable Oils,Losses,0.0,0.0,0.0,0.0,0.0,0.0,0.0,0.0,0.0,0.0,0.0,0.0,0.0,0.0,0.0,0.0,0.0,0.0
18269,Venezuela (Bolivarian Republic of),Sugar & Sweeteners,Production,682.0,620.0,652.0,651.0,732.0,756.0,811.0,790.0,608.0,486.0,479.0,481.0,468.0,535.0,653.0,494.0,311.0,360.0
18270,Venezuela (Bolivarian Republic of),Vegetable Oils,Feed,0.0,0.0,0.0,0.0,0.0,0.0,0.0,0.0,0.0,0.0,0.0,0.0,0.0,0.0,0.0,66.0,3.0,3.0
18271,Venezuela (Bolivarian Republic of),Vegetables,Seed,0.0,0.0,0.0,0.0,0.0,0.0,0.0,0.0,0.0,0.0,0.0,0.0,0.0,0.0,0.0,0.0,0.0,0.0
18272,Venezuela (Bolivarian Republic of),Vegetable Oils,Seed,0.0,0.0,0.0,0.0,0.0,0.0,0.0,0.0,0.0,0.0,0.0,0.0,0.0,0.0,0.0,0.0,0.0,0.0
18273,Venezuela (Bolivarian Republic of),Vegetables,Processing,0.0,0.0,0.0,0.0,0.0,0.0,0.0,0.0,0.0,0.0,0.0,0.0,0.0,0.0,0.0,0.0,0.0,0.0
18274,Venezuela (Bolivarian Republic of),Vegetables,Other uses (non-food),0.0,0.0,0.0,0.0,0.0,0.0,0.0,0.0,0.0,0.0,0.0,0.0,0.0,0.0,0.0,0.0,0.0,0.0
18275,Venezuela (Bolivarian Republic of),Vegetables,Human Consumption,1104.0,1149.0,1306.0,1322.0,1433.0,1541.0,1295.0,1464.0,1505.0,1564.0,1776.0,1946.0,1388.0,1584.0,1592.0,1568.0,1319.0,1302.0
18276,Venezuela (Bolivarian Republic of),Vegetable Oils,Production,165.0,138.0,123.0,111.0,140.0,135.0,154.0,161.0,191.0,186.0,160.0,150.0,155.0,159.0,266.0,278.0,246.0,164.0
18277,Venezuela (Bolivarian Republic of),Vegetables,Losses,217.0,229.0,258.0,255.0,257.0,271.0,229.0,257.0,258.0,272.0,285.0,317.0,247.0,284.0,269.0,280.0,227.0,236.0
18278,Venezuela (Bolivarian Republic of),Vegetable Oils,Stock Variation,-19.0,24.0,7.0,-3.0,6.0,4.0,0.0,0.0,-40.0,0.0,0.0,0.0,0.0,0.0,234.0,72.0,-106.0,-109.0
18279,Venezuela (Bolivarian Republic of),Vegetable Oils,Export,14.0,23.0,15.0,8.0,1.0,4.0,4.0,1.0,0.0,0.0,0.0,0.0,1.0,4.0,1.0,1.0,1.0,3.0
18280,Venezuela (Bolivarian Republic of),Vegetable Oils,Domestic supply,499.0,408.0,483.0,573.0,705.0,508.0,733.0,736.0,831.0,745.0,751.0,785.0,751.0,748.0,757.0,798.0,677.0,575.0
18281,Venezuela (Bolivarian Republic of),Vegetable Oils,Import,368.0,269.0,368.0,473.0,560.0,373.0,583.0,576.0,679.0,560.0,591.0,635.0,598.0,593.0,726.0,593.0,326.0,304.0
18282,Viet Nam,Meat,Import,0.0,0.0,11.0,2.0,41.0,25.0,70.0,223.0,355.0,405.0,612.0,1066.0,794.0,808.0,1473.0,1572.0,1308.0,1173.0
18283,Viet Nam,Miscellaneous,Production,0.0,0.0,0.0,0.0,0.0,0.0,0.0,0.0,0.0,0.0,0.0,0.0,0.0,0.0,34.0,30.0,50.0,38.0
18284,Viet Nam,Meat,Human Consumption,1909.0,2068.0,2294.0,2472.0,2670.0,2968.0,3268.0,3655.0,4027.0,4441.0,4588.0,5179.0,4995.0,5063.0,5638.0,5963.0,5938.0,5991.0
18285,Viet Nam,Meat,Other uses (non-food),0.0,0.0,0.0,0.0,0.0,0.0,0.0,0.0,0.0,0.0,0.0,0.0,0.0,0.0,0.0,0.0,0.0,0.0
18286,Viet Nam,Meat,Processing,0.0,0.0,0.0,0.0,0.0,0.0,0.0,0.0,0.0,0.0,0.0,0.0,0.0,0.0,12.0,0.0,0.0,0.0
18287,Viet Nam,Meat,Losses,0.0,0.0,0.0,0.0,0.0,0.0,0.0,0.0,0.0,0.0,0.0,0.0,0.0,0.0,215.0,225.0,236.0,243.0
18288,Viet Nam,Meat,Seed,0.0,0.0,0.0,0.0,0.0,0.0,0.0,0.0,0.0,0.0,0.0,0.0,0.0,0.0,0.0,0.0,0.0,0.0
18289,Viet Nam,Meat,Feed,0.0,0.0,0.0,0.0,0.0,0.0,0.0,0.0,0.0,0.0,0.0,0.0,0.0,0.0,0.0,0.0,0.0,0.0
18290,Viet Nam,Meat,Domestic supply,1909.0,2068.0,2294.0,2472.0,2670.0,2968.0,3268.0,3655.0,4027.0,4441.0,4588.0,5179.0,4995.0,5063.0,5848.0,6178.0,6165.0,6223.0
18291,Viet Nam,Meat,Export,74.0,50.0,15.0,10.0,18.0,15.0,17.0,14.0,9.0,12.0,11.0,8.0,10.0,10.0,23.0,32.0,33.0,41.0
18292,Viet Nam,Meat,Stock Variation,0.0,0.0,0.0,0.0,0.0,0.0,0.0,0.0,0.0,0.0,0.0,0.0,0.0,0.0,75.0,76.0,51.0,-13.0
18293,Viet Nam,Meat,Production,1983.0,2118.0,2298.0,2481.0,2647.0,2958.0,3215.0,3446.0,3681.0,4048.0,3987.0,4120.0,4212.0,4265.0,4472.0,4714.0,4941.0,5079.0
18294,Viet Nam,Animal fats,Human Consumption,85.0,89.0,102.0,110.0,133.0,146.0,154.0,160.0,165.0,184.0,209.0,212.0,217.0,224.0,192.0,208.0,210.0,222.0
18295,Viet Nam,Offals,Other uses (non-food),0.0,0.0,0.0,0.0,0.0,0.0,0.0,0.0,0.0,0.0,0.0,0.0,0.0,0.0,0.0,0.0,0.0,0.0
18296,Viet Nam,Offals,Processing,0.0,0.0,0.0,0.0,0.0,0.0,0.0,0.0,0.0,0.0,0.0,0.0,0.0,0.0,0.0,0.0,0.0,0.0
18297,Viet Nam,Offals,Losses,0.0,0.0,0.0,0.0,0.0,0.0,0.0,0.0,0.0,0.0,0.0,0.0,0.0,0.0,19.0,20.0,20.0,0.0
18298,Viet Nam,Offals,Seed,0.0,0.0,0.0,0.0,0.0,0.0,0.0,0.0,0.0,0.0,0.0,0.0,0.0,0.0,0.0,0.0,0.0,0.0
18299,Viet Nam,Offals,Feed,0.0,0.0,0.0,0.0,0.0,0.0,0.0,0.0,0.0,0.0,0.0,0.0,0.0,0.0,72.0,79.0,65.0,10.0
18300,Viet Nam,Offals,Domestic supply,175.0,182.0,204.0,222.0,258.0,276.0,293.0,316.0,333.0,363.0,366.0,372.0,379.0,383.0,596.0,721.0,649.0,570.0
18301,Viet Nam,Offals,Export,0.0,0.0,0.0,0.0,0.0,0.0,0.0,0.0,0.0,0.0,0.0,0.0,0.0,0.0,0.0,0.0,0.0,0.0
18302,Viet Nam,Offals,Stock Variation,0.0,0.0,0.0,0.0,0.0,0.0,0.0,0.0,0.0,0.0,0.0,0.0,0.0,0.0,0.0,100.0,0.0,80.0
18303,Viet Nam,Offals,Import,0.0,0.0,0.0,0.0,0.0,0.0,0.0,0.0,0.0,0.0,0.0,0.0,0.0,0.0,208.0,406.0,232.0,207.0
18304,Viet Nam,Offals,Production,175.0,182.0,204.0,222.0,258.0,276.0,293.0,316.0,333.0,363.0,366.0,372.0,379.0,383.0,388.0,415.0,418.0,442.0
18305,Viet Nam,Miscellaneous,Import,6.0,3.0,3.0,4.0,6.0,8.0,9.0,7.0,11.0,11.0,13.0,11.0,11.0,11.0,136.0,148.0,162.0,187.0
18306,Viet Nam,Offals,Human Consumption,175.0,182.0,204.0,222.0,258.0,276.0,293.0,316.0,333.0,363.0,366.0,372.0,379.0,383.0,505.0,621.0,564.0,560.0
18307,Viet Nam,Miscellaneous,Stock Variation,0.0,0.0,0.0,0.0,0.0,0.0,0.0,0.0,0.0,0.0,0.0,0.0,0.0,0.0,0.0,0.0,0.0,0.0
18308,Viet Nam,Spices,Losses,2.0,2.0,2.0,3.0,2.0,3.0,3.0,3.0,3.0,3.0,3.0,3.0,3.0,3.0,13.0,15.0,17.0,19.0
18309,Viet Nam,Miscellaneous,Domestic supply,6.0,3.0,3.0,4.0,6.0,8.0,9.0,7.0,11.0,11.0,13.0,11.0,11.0,11.0,16.0,15.0,16.0,17.0
18310,Viet Nam,Animal fats,Other uses (non-food),1.0,2.0,1.0,2.0,2.0,1.0,2.0,8.0,9.0,8.0,9.0,13.0,13.0,13.0,28.0,42.0,44.0,44.0
18311,Viet Nam,Spices,Seed,0.0,0.0,0.0,0.0,0.0,0.0,0.0,0.0,0.0,0.0,0.0,0.0,0.0,0.0,0.0,0.0,0.0,0.0
18312,Viet Nam,Spices,Feed,0.0,0.0,0.0,0.0,0.0,0.0,0.0,0.0,0.0,0.0,0.0,0.0,0.0,0.0,0.0,0.0,0.0,0.0
18313,Viet Nam,Spices,Domestic supply,78.0,83.0,91.0,102.0,89.0,101.0,112.0,123.0,147.0,119.0,128.0,144.0,171.0,194.0,226.0,229.0,272.0,299.0
18314,Viet Nam,Spices,Export,43.0,65.0,88.0,85.0,125.0,126.0,137.0,107.0,111.0,162.0,139.0,151.0,143.0,165.0,208.0,178.0,189.0,187.0
18315,Viet Nam,Spices,Stock Variation,-15.0,4.0,4.0,-10.0,20.0,10.0,20.0,-25.0,-20.0,0.0,0.0,0.0,0.0,0.0,26.0,88.0,102.0,218.0
18316,Viet Nam,Spices,Import,0.0,1.0,4.0,7.0,6.0,13.0,24.0,21.0,22.0,28.0,21.0,34.0,42.0,77.0,178.0,187.0,212.0,314.0
18317,Viet Nam,Spices,Production,136.0,143.0,171.0,189.0,187.0,204.0,206.0,234.0,256.0,253.0,247.0,260.0,272.0,282.0,282.0,309.0,351.0,390.0
18318,Viet Nam,Alcoholic Beverages,Human Consumption,639.0,629.0,706.0,864.0,1043.0,1149.0,1039.0,1192.0,1196.0,1302.0,1357.0,1419.0,1466.0,1520.0,1616.0,1651.0,1888.0,1969.0
18319,Viet Nam,Alcoholic Beverages,Other uses (non-food),0.0,0.0,0.0,0.0,0.0,0.0,0.0,0.0,0.0,0.0,0.0,0.0,0.0,0.0,0.0,0.0,0.0,0.0
18320,Viet Nam,Alcoholic Beverages,Processing,0.0,0.0,0.0,0.0,0.0,0.0,0.0,0.0,0.0,0.0,0.0,0.0,0.0,0.0,0.0,0.0,0.0,0.0
18321,Viet Nam,Alcoholic Beverages,Losses,0.0,0.0,0.0,0.0,0.0,0.0,0.0,0.0,0.0,0.0,0.0,0.0,0.0,0.0,0.0,0.0,0.0,0.0
18322,Viet Nam,Alcoholic Beverages,Seed,0.0,0.0,0.0,0.0,0.0,0.0,0.0,0.0,0.0,0.0,0.0,0.0,0.0,0.0,0.0,0.0,0.0,0.0
18323,Viet Nam,Alcoholic Beverages,Feed,0.0,0.0,0.0,0.0,0.0,0.0,0.0,0.0,0.0,0.0,0.0,0.0,0.0,0.0,0.0,0.0,0.0,0.0
18324,Viet Nam,Alcoholic Beverages,Domestic supply,639.0,629.0,706.0,864.0,1043.0,1149.0,1039.0,1192.0,1196.0,1302.0,1357.0,1419.0,1466.0,1520.0,1617.0,1651.0,1888.0,1969.0
18325,Viet Nam,Alcoholic Beverages,Export,6.0,6.0,8.0,8.0,9.0,9.0,8.0,9.0,11.0,16.0,21.0,47.0,57.0,52.0,157.0,146.0,117.0,77.0
18326,Viet Nam,Alcoholic Beverages,Stock Variation,0.0,0.0,0.0,0.0,0.0,0.0,0.0,0.0,0.0,0.0,0.0,0.0,0.0,0.0,0.0,0.0,0.0,37.0
18327,Viet Nam,Alcoholic Beverages,Import,8.0,4.0,8.0,9.0,12.0,15.0,21.0,24.0,41.0,63.0,46.0,60.0,49.0,58.0,80.0,92.0,82.0,124.0
18328,Viet Nam,Alcoholic Beverages,Production,638.0,631.0,706.0,862.0,1040.0,1143.0,1026.0,1177.0,1167.0,1256.0,1332.0,1406.0,1474.0,1514.0,1694.0,1704.0,1923.0,1959.0
18329,Viet Nam,Miscellaneous,Human Consumption,6.0,3.0,3.0,4.0,6.0,8.0,9.0,7.0,11.0,11.0,13.0,11.0,11.0,11.0,16.0,15.0,16.0,17.0
18330,Viet Nam,Miscellaneous,Other uses (non-food),0.0,0.0,0.0,0.0,0.0,0.0,0.0,0.0,0.0,0.0,0.0,0.0,0.0,0.0,0.0,0.0,0.0,0.0
18331,Viet Nam,Miscellaneous,Processing,0.0,0.0,0.0,0.0,0.0,0.0,0.0,0.0,0.0,0.0,0.0,0.0,0.0,0.0,0.0,0.0,0.0,0.0
18332,Viet Nam,Miscellaneous,Losses,0.0,0.0,0.0,0.0,0.0,0.0,0.0,0.0,0.0,0.0,0.0,0.0,0.0,0.0,0.0,0.0,0.0,0.0
18333,Viet Nam,Miscellaneous,Seed,0.0,0.0,0.0,0.0,0.0,0.0,0.0,0.0,0.0,0.0,0.0,0.0,0.0,0.0,0.0,0.0,0.0,0.0
18334,Viet Nam,Miscellaneous,Feed,0.0,0.0,0.0,0.0,0.0,0.0,0.0,0.0,0.0,0.0,0.0,0.0,0.0,0.0,0.0,0.0,0.0,0.0
18335,Viet Nam,Miscellaneous,Export,0.0,0.0,0.0,0.0,0.0,0.0,0.0,0.0,0.0,0.0,0.0,0.0,0.0,0.0,154.0,163.0,196.0,208.0
18336,Viet Nam,Animal fats,Processing,0.0,0.0,0.0,0.0,0.0,0.0,0.0,0.0,0.0,0.0,0.0,0.0,0.0,0.0,0.0,0.0,0.0,0.0
18337,Viet Nam,Cereals - Excluding Beer,Production,23705.0,23580.0,25489.0,26195.0,27543.0,27689.0,27768.0,28279.0,30408.0,30353.0,31292.0,33117.0,33927.0,34567.0,50178.0,50379.0,48360.0,47877.0
18338,Viet Nam,Animal fats,Seed,0.0,0.0,0.0,0.0,0.0,0.0,0.0,0.0,0.0,0.0,0.0,0.0,0.0,0.0,0.0,0.0,0.0,0.0
18339,Viet Nam,"Fish, Seafood",Other uses (non-food),0.0,0.0,0.0,0.0,0.0,0.0,0.0,0.0,0.0,0.0,0.0,0.0,0.0,0.0,0.0,0.0,0.0,0.0
18340,Viet Nam,"Fish, Seafood",Feed,96.0,267.0,222.0,400.0,165.0,609.0,654.0,723.0,779.0,749.0,841.0,709.0,709.0,709.0,565.0,716.0,754.0,1079.0
18341,Viet Nam,"Fish, Seafood",Domestic supply,1707.0,1801.0,1817.0,2363.0,2345.0,2905.0,2743.0,3242.0,3424.0,3781.0,3860.0,3705.0,3705.0,3705.0,3397.0,4003.0,4118.0,4642.0
18342,Viet Nam,"Fish, Seafood",Export,408.0,632.0,777.0,684.0,1133.0,1067.0,1597.0,1608.0,1940.0,1563.0,2255.0,2493.0,2493.0,2493.0,3573.0,3332.0,3559.0,3764.0
18343,Viet Nam,"Fish, Seafood",Stock Variation,0.0,0.0,0.0,0.0,0.0,0.0,0.0,0.0,0.0,-200.0,100.0,100.0,100.0,100.0,-1.0,1.0,0.0,0.0
18344,Viet Nam,"Fish, Seafood",Import,12.0,166.0,142.0,303.0,340.0,547.0,656.0,689.0,764.0,707.0,929.0,767.0,767.0,767.0,941.0,970.0,985.0,1314.0
18345,Viet Nam,"Fish, Seafood",Production,2103.0,2266.0,2451.0,2745.0,3139.0,3425.0,3684.0,4160.0,4599.0,4837.0,5086.0,5330.0,5330.0,5330.0,6030.0,6364.0,6692.0,7093.0
18346,Viet Nam,"Aquatic Products, Other",Human Consumption,25.0,47.0,54.0,49.0,0.0,0.0,0.0,0.0,0.0,1.0,0.0,30.0,30.0,30.0,5.0,5.0,7.0,6.0
18347,Viet Nam,"Aquatic Products, Other",Other uses (non-food),15.0,20.0,25.0,30.0,30.0,30.0,36.0,38.0,36.0,34.0,35.0,207.0,207.0,207.0,14.0,11.0,11.0,10.0
18348,Viet Nam,"Aquatic Products, Other",Domestic supply,40.0,67.0,80.0,79.0,30.0,30.0,36.0,38.0,36.0,34.0,35.0,237.0,237.0,237.0,19.0,16.0,17.0,16.0
18349,Viet Nam,"Aquatic Products, Other",Export,0.0,0.0,0.0,0.0,0.0,1.0,0.0,0.0,1.0,0.0,1.0,1.0,1.0,1.0,2.0,2.0,2.0,2.0
18350,Viet Nam,"Fish, Seafood",Human Consumption,1611.0,1534.0,1594.0,1963.0,2180.0,2296.0,2089.0,2518.0,2645.0,3032.0,3019.0,2995.0,2995.0,2995.0,2832.0,3287.0,3363.0,3563.0
18351,Viet Nam,"Aquatic Products, Other",Import,0.0,0.0,0.0,0.0,1.0,0.0,1.0,1.0,1.0,1.0,1.0,0.0,0.0,0.0,2.0,2.0,3.0,2.0
18352,Viet Nam,Cereals - Excluding Beer,Human Consumption,13279.0,13582.0,13962.0,14194.0,14395.0,14156.0,13836.0,14264.0,14671.0,14663.0,14882.0,15015.0,14746.0,15113.0,21914.0,22429.0,22646.0,22778.0
18353,Viet Nam,Cereals - Excluding Beer,Other uses (non-food),531.0,555.0,979.0,980.0,1013.0,1030.0,992.0,995.0,1501.0,1319.0,1144.0,1425.0,1468.0,1481.0,1841.0,3152.0,2919.0,1945.0
18354,Viet Nam,Cereals - Excluding Beer,Processing,292.0,296.0,324.0,363.0,403.0,499.0,569.0,698.0,676.0,742.0,740.0,716.0,720.0,702.0,789.0,574.0,766.0,769.0
18355,Viet Nam,Cereals - Excluding Beer,Losses,2002.0,2030.0,2254.0,2281.0,2384.0,2406.0,2382.0,2409.0,2596.0,2657.0,2763.0,2866.0,2961.0,2999.0,2704.0,2720.0,2635.0,2612.0
18356,Viet Nam,Cereals - Excluding Beer,Seed,669.0,663.0,712.0,717.0,750.0,743.0,745.0,755.0,802.0,808.0,829.0,876.0,903.0,911.0,1382.0,1381.0,1322.0,1311.0
18357,Viet Nam,Cereals - Excluding Beer,Feed,3962.0,3098.0,4153.0,4484.0,5127.0,5349.0,6015.0,6284.0,6658.0,7796.0,8240.0,8127.0,8691.0,9014.0,11404.0,11228.0,11516.0,11415.0
18358,Viet Nam,Cereals - Excluding Beer,Domestic supply,20735.0,20224.0,22384.0,23018.0,24071.0,24183.0,24539.0,25406.0,26903.0,27984.0,28598.0,29026.0,29489.0,30219.0,40026.0,41484.0,41798.0,40830.0
18359,Viet Nam,Cereals - Excluding Beer,Export,3618.0,3903.0,3386.0,4026.0,4319.0,5474.0,4858.0,4758.0,4955.0,6224.0,7181.0,7422.0,8376.0,7047.0,10517.0,10911.0,8373.0,6400.0
18360,Viet Nam,Cereals - Excluding Beer,Stock Variation,-354.0,-514.0,-1033.0,-491.0,-621.0,318.0,-352.0,-307.0,-324.0,614.0,50.0,-403.0,-250.0,-1034.0,7078.0,8542.0,11880.0,14442.0
18361,Viet Nam,Cereals - Excluding Beer,Import,1003.0,1060.0,1314.0,1339.0,1467.0,1649.0,1982.0,2192.0,1774.0,3241.0,4437.0,3735.0,4188.0,3733.0,7442.0,10558.0,13691.0,13795.0
18362,Viet Nam,Spices,Processing,0.0,0.0,0.0,0.0,0.0,0.0,0.0,0.0,0.0,0.0,0.0,0.0,0.0,0.0,0.0,0.0,0.0,0.0
18363,Viet Nam,"Aquatic Products, Other",Production,40.0,66.0,79.0,79.0,30.0,30.0,36.0,38.0,36.0,34.0,35.0,237.0,237.0,237.0,19.0,16.0,17.0,16.0
18364,Viet Nam,Eggs,Production,185.0,201.0,227.0,243.0,197.0,197.0,199.0,223.0,247.0,273.0,321.0,345.0,365.0,378.0,414.0,444.0,472.0,532.0
18365,Viet Nam,Eggs,Import,0.0,0.0,0.0,0.0,0.0,0.0,0.0,0.0,0.0,0.0,0.0,0.0,0.0,0.0,3.0,2.0,3.0,4.0
18366,Viet Nam,Eggs,Stock Variation,0.0,0.0,0.0,0.0,0.0,0.0,0.0,0.0,0.0,0.0,0.0,0.0,0.0,0.0,0.0,0.0,0.0,0.0
18367,Viet Nam,Animal fats,Feed,0.0,0.0,0.0,0.0,0.0,0.0,0.0,0.0,0.0,0.0,0.0,0.0,0.0,0.0,0.0,0.0,0.0,0.0
18368,Viet Nam,Animal fats,Domestic supply,86.0,91.0,104.0,112.0,135.0,147.0,156.0,169.0,174.0,192.0,219.0,225.0,230.0,237.0,220.0,250.0,254.0,266.0
18369,Viet Nam,Animal fats,Export,0.0,0.0,0.0,0.0,1.0,2.0,2.0,8.0,29.0,26.0,30.0,51.0,51.0,51.0,38.0,18.0,20.0,13.0
18370,Viet Nam,Animal fats,Stock Variation,0.0,0.0,0.0,0.0,0.0,0.0,0.0,0.0,0.0,0.0,0.0,0.0,0.0,0.0,0.0,0.0,0.0,0.0
18371,Viet Nam,Animal fats,Import,7.0,8.0,10.0,10.0,17.0,23.0,25.0,26.0,25.0,29.0,56.0,59.0,61.0,65.0,30.0,32.0,36.0,35.0
18372,Viet Nam,Animal fats,Production,79.0,82.0,93.0,102.0,119.0,126.0,134.0,150.0,179.0,189.0,193.0,217.0,220.0,223.0,228.0,237.0,238.0,243.0
18373,Viet Nam,Milk - Excluding Butter,Human Consumption,664.0,908.0,593.0,785.0,777.0,950.0,936.0,995.0,735.0,981.0,1270.0,1356.0,1541.0,1500.0,506.0,655.0,903.0,820.0
18374,Viet Nam,Milk - Excluding Butter,Other uses (non-food),0.0,0.0,0.0,0.0,0.0,0.0,0.0,0.0,0.0,0.0,0.0,0.0,0.0,0.0,0.0,0.0,0.0,0.0
18375,Viet Nam,Milk - Excluding Butter,Processing,0.0,0.0,0.0,0.0,0.0,0.0,0.0,0.0,0.0,0.0,0.0,0.0,0.0,0.0,0.0,0.0,0.0,0.0
18376,Viet Nam,Milk - Excluding Butter,Losses,3.0,3.0,3.0,5.0,6.0,7.0,8.0,8.0,9.0,9.0,11.0,11.0,13.0,15.0,18.0,23.0,25.0,28.0
18377,Viet Nam,Milk - Excluding Butter,Seed,0.0,0.0,0.0,0.0,0.0,0.0,0.0,0.0,0.0,0.0,0.0,0.0,0.0,0.0,0.0,0.0,0.0,0.0
18378,Viet Nam,Milk - Excluding Butter,Feed,0.0,0.0,0.0,0.0,0.0,0.0,0.0,0.0,0.0,0.0,0.0,0.0,0.0,0.0,102.0,132.0,153.0,196.0
18379,Viet Nam,Milk - Excluding Butter,Domestic supply,667.0,912.0,596.0,790.0,783.0,957.0,944.0,1003.0,744.0,990.0,1280.0,1367.0,1553.0,1515.0,626.0,811.0,1082.0,1044.0
18380,Viet Nam,Milk - Excluding Butter,Export,5.0,3.0,5.0,3.0,7.0,5.0,3.0,34.0,33.0,29.0,27.0,11.0,24.0,13.0,23.0,37.0,35.0,26.0
18381,Viet Nam,Milk - Excluding Butter,Stock Variation,0.0,0.0,0.0,0.0,0.0,0.0,0.0,0.0,0.0,0.0,0.0,0.0,0.0,0.0,0.0,0.0,0.0,0.0
18382,Viet Nam,Milk - Excluding Butter,Import,576.0,805.0,492.0,635.0,606.0,732.0,692.0,769.0,483.0,708.0,969.0,1001.0,1163.0,1041.0,72.0,97.0,293.0,160.0
18383,Viet Nam,Milk - Excluding Butter,Production,96.0,110.0,109.0,158.0,183.0,230.0,255.0,267.0,294.0,311.0,339.0,377.0,414.0,487.0,578.0,751.0,823.0,909.0
18384,Viet Nam,Eggs,Human Consumption,169.0,185.0,207.0,222.0,180.0,181.0,181.0,204.0,224.0,247.0,297.0,320.0,339.0,352.0,321.0,354.0,376.0,415.0
18385,Viet Nam,Eggs,Other uses (non-food),0.0,0.0,0.0,0.0,0.0,0.0,0.0,0.0,0.0,0.0,0.0,0.0,0.0,0.0,0.0,0.0,0.0,0.0
18386,Viet Nam,Eggs,Processing,0.0,0.0,0.0,0.0,0.0,0.0,0.0,0.0,0.0,0.0,0.0,0.0,0.0,0.0,0.0,0.0,0.0,0.0
18387,Viet Nam,Eggs,Losses,0.0,0.0,0.0,0.0,0.0,0.0,0.0,0.0,0.0,0.0,0.0,0.0,0.0,0.0,21.0,22.0,24.0,27.0
18388,Viet Nam,Eggs,Seed,14.0,15.0,17.0,18.0,16.0,16.0,16.0,17.0,21.0,25.0,22.0,23.0,25.0,24.0,21.0,24.0,32.0,36.0
18389,Viet Nam,Eggs,Feed,0.0,0.0,0.0,0.0,0.0,0.0,0.0,0.0,0.0,0.0,0.0,0.0,0.0,0.0,51.0,44.0,41.0,57.0
18390,Viet Nam,Eggs,Domestic supply,183.0,200.0,224.0,240.0,196.0,196.0,197.0,221.0,245.0,272.0,319.0,343.0,364.0,376.0,415.0,444.0,473.0,534.0
18391,Viet Nam,Eggs,Export,3.0,1.0,3.0,2.0,1.0,1.0,1.0,2.0,2.0,1.0,2.0,2.0,2.0,2.0,2.0,2.0,2.0,2.0
18392,Viet Nam,Animal fats,Losses,0.0,0.0,0.0,0.0,0.0,0.0,0.0,0.0,0.0,0.0,0.0,0.0,0.0,0.0,0.0,0.0,0.0,0.0
18393,Viet Nam,Spices,Other uses (non-food),0.0,0.0,0.0,0.0,0.0,0.0,0.0,0.0,0.0,0.0,0.0,0.0,0.0,0.0,0.0,0.0,0.0,0.0
18394,Viet Nam,Spices,Human Consumption,76.0,82.0,89.0,101.0,89.0,101.0,114.0,125.0,147.0,119.0,128.0,143.0,171.0,195.0,212.0,215.0,255.0,280.0
18395,Viet Nam,Stimulants,Production,872.0,916.0,794.0,898.0,1033.0,964.0,1136.0,1415.0,1229.0,1243.0,1304.0,1483.0,1782.0,1675.0,1637.0,1691.0,1704.0,1805.0
18396,Viet Nam,Oilcrops,Export,155.0,178.0,211.0,186.0,152.0,158.0,144.0,171.0,139.0,190.0,172.0,141.0,166.0,162.0,286.0,185.0,150.0,113.0
18397,Viet Nam,Oilcrops,Stock Variation,-25.0,-9.0,4.0,-17.0,-19.0,-19.0,-37.0,-28.0,-47.0,0.0,0.0,-520.0,-50.0,0.0,-464.0,-447.0,-348.0,-400.0
18398,Viet Nam,Oilcrops,Import,1.0,9.0,34.0,50.0,7.0,9.0,49.0,80.0,138.0,188.0,271.0,997.0,660.0,602.0,1738.0,1670.0,1521.0,1757.0
18399,Viet Nam,Oilcrops,Production,1317.0,1367.0,1446.0,1440.0,1578.0,1668.0,1629.0,1705.0,1768.0,1739.0,1833.0,1842.0,1820.0,1858.0,2028.0,2095.0,2109.0,2098.0
18400,Viet Nam,Treenuts,Human Consumption,63.0,128.0,148.0,272.0,366.0,453.0,471.0,528.0,530.0,440.0,446.0,470.0,377.0,325.0,437.0,404.0,409.0,415.0
18401,Viet Nam,Treenuts,Other uses (non-food),0.0,0.0,0.0,0.0,0.0,0.0,0.0,0.0,0.0,0.0,0.0,0.0,0.0,0.0,0.0,0.0,0.0,0.0
18402,Viet Nam,Treenuts,Processing,0.0,0.0,0.0,0.0,0.0,0.0,0.0,0.0,0.0,0.0,0.0,0.0,0.0,0.0,0.0,0.0,0.0,0.0
18403,Viet Nam,Treenuts,Losses,0.0,0.0,0.0,0.0,0.0,0.0,0.0,1.0,1.0,1.0,1.0,1.0,1.0,1.0,53.0,76.0,66.0,46.0
18404,Viet Nam,Treenuts,Seed,0.0,0.0,0.0,0.0,0.0,0.0,0.0,0.0,0.0,0.0,0.0,0.0,0.0,0.0,0.0,0.0,0.0,0.0
18405,Viet Nam,Treenuts,Feed,0.0,0.0,0.0,0.0,0.0,0.0,0.0,0.0,0.0,0.0,0.0,0.0,0.0,0.0,0.0,0.0,0.0,0.0
18406,Viet Nam,Treenuts,Domestic supply,63.0,128.0,149.0,272.0,366.0,453.0,471.0,529.0,530.0,441.0,447.0,470.0,378.0,326.0,489.0,479.0,44.0,212.0
18407,Viet Nam,Oilcrops,Feed,59.0,72.0,110.0,134.0,132.0,130.0,110.0,112.0,145.0,132.0,121.0,97.0,100.0,95.0,617.0,506.0,473.0,618.0
18408,Viet Nam,Treenuts,Export,163.0,178.0,255.0,336.0,422.0,438.0,514.0,620.0,644.0,711.0,780.0,715.0,887.0,1047.0,910.0,1048.0,1109.0,1121.0
18409,Viet Nam,Treenuts,Import,0.0,0.0,0.0,1.0,1.0,0.0,9.0,14.0,16.0,21.0,19.0,23.0,29.0,17.0,575.0,733.0,705.0,635.0
18410,Viet Nam,Treenuts,Production,275.0,298.0,523.0,668.0,827.0,970.0,1097.0,1254.0,1239.0,1170.0,1247.0,1243.0,1197.0,1117.0,986.0,1414.0,1227.0,869.0
18411,Viet Nam,Pulses,Human Consumption,216.0,238.0,198.0,224.0,220.0,224.0,238.0,247.0,250.0,252.0,268.0,285.0,275.0,273.0,262.0,282.0,290.0,274.0
18412,Viet Nam,Pulses,Other uses (non-food),0.0,0.0,0.0,0.0,0.0,0.0,0.0,0.0,0.0,0.0,0.0,0.0,0.0,0.0,0.0,0.0,0.0,0.0
18413,Viet Nam,Pulses,Processing,0.0,0.0,0.0,0.0,0.0,0.0,0.0,0.0,0.0,0.0,0.0,0.0,0.0,0.0,0.0,0.0,0.0,0.0
18414,Viet Nam,Pulses,Losses,7.0,8.0,7.0,8.0,8.0,8.0,8.0,8.0,8.0,9.0,9.0,10.0,9.0,9.0,15.0,15.0,14.0,15.0
18415,Viet Nam,Pulses,Seed,21.0,20.0,21.0,21.0,21.0,22.0,23.0,23.0,23.0,23.0,21.0,20.0,19.0,19.0,9.0,9.0,9.0,8.0
18416,Viet Nam,Pulses,Feed,0.0,0.0,0.0,0.0,0.0,0.0,0.0,0.0,0.0,0.0,0.0,0.0,0.0,0.0,59.0,64.0,67.0,58.0
18417,Viet Nam,Pulses,Domestic supply,245.0,267.0,226.0,253.0,249.0,253.0,269.0,278.0,281.0,283.0,299.0,314.0,303.0,301.0,344.0,370.0,380.0,355.0
18418,Viet Nam,Pulses,Export,1.0,4.0,3.0,2.0,3.0,2.0,1.0,3.0,1.0,5.0,5.0,3.0,2.0,1.0,1.0,1.0,11.0,62.0
18419,Viet Nam,Pulses,Stock Variation,0.0,0.0,0.0,0.0,0.0,0.0,0.0,0.0,0.0,0.0,0.0,0.0,0.0,0.0,32.0,56.0,31.0,41.0
18420,Viet Nam,Treenuts,Stock Variation,-48.0,8.0,-120.0,-60.0,-40.0,-80.0,-120.0,-120.0,-80.0,-40.0,-40.0,-80.0,40.0,240.0,162.0,620.0,778.0,171.0
18421,Viet Nam,Pulses,Import,1.0,15.0,0.0,1.0,0.0,0.0,0.0,0.0,0.0,0.0,0.0,0.0,0.0,0.0,76.0,124.0,139.0,162.0
18422,Viet Nam,Oilcrops,Seed,17.0,18.0,18.0,19.0,20.0,18.0,18.0,18.0,16.0,18.0,17.0,14.0,14.0,14.0,15.0,15.0,15.0,15.0
18423,Viet Nam,Oilcrops,Processing,853.0,854.0,888.0,895.0,908.0,920.0,914.0,921.0,927.0,927.0,945.0,1013.0,968.0,959.0,1921.0,2081.0,1871.0,2130.0
18424,Viet Nam,Sugar Crops,Human Consumption,1204.0,1173.0,1370.0,1348.0,939.0,897.0,1003.0,1044.0,969.0,936.0,970.0,1052.0,1142.0,1007.0,1150.0,1100.0,1050.0,1100.0
18425,Viet Nam,Sugar Crops,Other uses (non-food),836.0,1917.0,4018.0,875.0,47.0,1394.0,496.0,392.0,92.0,420.0,706.0,2317.0,394.0,247.0,1034.0,957.0,851.0,1010.0
18426,Viet Nam,Sugar Crops,Processing,12087.0,10673.0,10688.0,13603.0,13709.0,11746.0,14200.0,14900.0,14100.0,13300.0,13500.0,13100.0,16343.0,17650.0,18714.0,18421.0,16953.0,17190.0
18427,Viet Nam,Sugar Crops,Losses,752.0,733.0,856.0,843.0,782.0,747.0,836.0,870.0,807.0,780.0,808.0,877.0,952.0,1007.0,1060.0,981.0,873.0,982.0
18428,Viet Nam,Sugar Crops,Seed,165.0,161.0,188.0,185.0,172.0,164.0,184.0,191.0,178.0,172.0,178.0,193.0,209.0,221.0,218.0,202.0,179.0,202.0
18429,Viet Nam,Sugar Crops,Feed,0.0,0.0,0.0,0.0,0.0,0.0,0.0,0.0,0.0,0.0,0.0,0.0,0.0,0.0,2445.0,1779.0,1610.0,2209.0
18430,Viet Nam,Sugar Crops,Domestic supply,15044.0,14657.0,17120.0,16855.0,15649.0,14949.0,16720.0,17397.0,16146.0,15608.0,16162.0,17540.0,19041.0,20131.0,24622.0,23440.0,21516.0,22693.0
18431,Viet Nam,Sugar Crops,Export,0.0,0.0,0.0,0.0,0.0,0.0,0.0,0.0,0.0,0.0,0.0,0.0,0.0,0.0,2.0,3.0,2.0,1.0
18432,Viet Nam,Sugar Crops,Stock Variation,0.0,0.0,0.0,0.0,0.0,0.0,0.0,0.0,0.0,0.0,0.0,0.0,0.0,0.0,-4801.0,-5105.0,-5205.0,-4337.0
18433,Viet Nam,Sugar Crops,Import,0.0,0.0,0.0,0.0,0.0,0.0,0.0,0.0,0.0,0.0,0.0,0.0,0.0,0.0,0.0,0.0,0.0,0.0
18434,Viet Nam,Sugar Crops,Production,15044.0,14657.0,17120.0,16855.0,15649.0,14949.0,16720.0,17397.0,16146.0,15608.0,16162.0,17540.0,19041.0,20131.0,19823.0,18337.0,16313.0,18356.0
18435,Viet Nam,Oilcrops,Losses,18.0,20.0,23.0,24.0,25.0,28.0,27.0,29.0,31.0,31.0,35.0,55.0,43.0,41.0,178.0,187.0,184.0,170.0
18436,Viet Nam,Starchy Roots,Human Consumption,888.0,1016.0,1198.0,1260.0,1225.0,1248.0,1354.0,1358.0,1456.0,1443.0,1504.0,1558.0,1651.0,1545.0,1336.0,1352.0,1372.0,1430.0
18437,Viet Nam,Starchy Roots,Processing,0.0,0.0,0.0,0.0,0.0,0.0,0.0,0.0,0.0,0.0,0.0,0.0,0.0,0.0,0.0,0.0,0.0,0.0
18438,Viet Nam,Starchy Roots,Losses,196.0,274.0,327.0,364.0,387.0,429.0,484.0,503.0,554.0,510.0,518.0,583.0,583.0,576.0,893.0,928.0,934.0,892.0
18439,Viet Nam,Starchy Roots,Seed,30.0,32.0,34.0,32.0,33.0,35.0,36.0,36.0,37.0,37.0,23.0,28.0,23.0,23.0,16.0,15.0,14.0,14.0
18440,Viet Nam,Starchy Roots,Feed,2422.0,3761.0,4041.0,3814.0,3945.0,3916.0,3971.0,3827.0,2599.0,1629.0,2311.0,1833.0,1605.0,1538.0,4228.0,2572.0,3288.0,2260.0
18441,Viet Nam,Starchy Roots,Domestic supply,3537.0,5084.0,5599.0,5470.0,5590.0,5628.0,5845.0,5725.0,4646.0,3619.0,4356.0,4001.0,3861.0,3682.0,6474.0,4866.0,5609.0,4597.0
18442,Viet Nam,Starchy Roots,Export,387.0,400.0,941.0,1812.0,2147.0,1530.0,2978.0,3771.0,2156.0,9439.0,4863.0,7660.0,12081.0,8975.0,6924.0,8700.0,8146.0,8818.0
18443,Viet Nam,Starchy Roots,Stock Variation,0.0,0.0,0.0,0.0,0.0,-1429.0,-857.0,-571.0,-4286.0,2857.0,-1143.0,0.0,4286.0,1143.0,-1278.0,-1046.0,-1083.0,-1286.0
18444,Viet Nam,Starchy Roots,Import,10.0,5.0,21.0,35.0,39.0,57.0,67.0,65.0,72.0,70.0,53.0,90.0,85.0,85.0,187.0,126.0,191.0,206.0
18445,Viet Nam,Starchy Roots,Production,3914.0,5479.0,6519.0,7248.0,7698.0,8529.0,9613.0,10002.0,11016.0,10130.0,10309.0,11572.0,11572.0,11429.0,11933.0,12394.0,12481.0,11924.0
18446,Viet Nam,Oilcrops,Human Consumption,176.0,207.0,212.0,196.0,306.0,372.0,399.0,480.0,574.0,595.0,767.0,919.0,1062.0,1138.0,1149.0,1166.0,1200.0,1136.0
18447,Viet Nam,Oilcrops,Other uses (non-food),16.0,18.0,22.0,20.0,24.0,33.0,28.0,26.0,27.0,35.0,49.0,79.0,77.0,51.0,74.0,77.0,88.0,76.0
18448,Viet Nam,Starchy Roots,Other uses (non-food),0.0,0.0,0.0,0.0,0.0,0.0,0.0,0.0,0.0,0.0,0.0,0.0,0.0,0.0,0.0,0.0,0.0,0.0
18449,Viet Nam,Pulses,Production,245.0,256.0,229.0,254.0,252.0,255.0,270.0,280.0,282.0,288.0,303.0,317.0,305.0,302.0,301.0,303.0,282.0,296.0
18450,Viet Nam,Oilcrops,Domestic supply,1138.0,1189.0,1273.0,1287.0,1415.0,1500.0,1496.0,1587.0,1720.0,1738.0,1932.0,2178.0,2263.0,2298.0,3944.0,4027.0,3828.0,4143.0
18451,Viet Nam,Sugar & Sweeteners,Other uses (non-food),129.0,9.0,54.0,272.0,283.0,272.0,489.0,598.0,739.0,815.0,870.0,870.0,1087.0,1087.0,1158.0,1271.0,1127.0,1065.0
18452,Viet Nam,Vegetables,Stock Variation,-9.0,-3.0,5.0,0.0,0.0,0.0,0.0,0.0,0.0,0.0,0.0,0.0,0.0,0.0,65.0,55.0,57.0,0.0
18453,Viet Nam,Vegetables,Import,21.0,15.0,101.0,145.0,113.0,121.0,142.0,206.0,260.0,292.0,282.0,314.0,306.0,338.0,751.0,886.0,1034.0,1402.0
18454,Viet Nam,Vegetables,Production,6494.0,7242.0,7373.0,7603.0,7801.0,8011.0,7824.0,8057.0,7753.0,8139.0,8655.0,7575.0,14177.0,14976.0,15537.0,15715.0,16351.0,16899.0
18455,Viet Nam,Fruits - Excluding Wine,Human Consumption,4178.0,4058.0,4410.0,4800.0,5173.0,5396.0,5352.0,5544.0,5754.0,5940.0,6060.0,6128.0,6207.0,6240.0,6945.0,6750.0,7026.0,7969.0
18456,Viet Nam,Fruits - Excluding Wine,Other uses (non-food),0.0,0.0,0.0,0.0,0.0,0.0,0.0,0.0,0.0,0.0,0.0,0.0,0.0,0.0,0.0,0.0,0.0,0.0
18457,Viet Nam,Fruits - Excluding Wine,Processing,0.0,0.0,0.0,0.0,0.0,0.0,0.0,0.0,0.0,0.0,0.0,0.0,0.0,0.0,0.0,0.0,0.0,0.0
18458,Viet Nam,Fruits - Excluding Wine,Losses,402.0,409.0,442.0,477.0,497.0,514.0,521.0,519.0,535.0,553.0,574.0,599.0,591.0,603.0,751.0,774.0,762.0,792.0
18459,Viet Nam,Fruits - Excluding Wine,Seed,0.0,0.0,0.0,0.0,0.0,0.0,0.0,0.0,0.0,0.0,0.0,0.0,0.0,0.0,0.0,0.0,0.0,0.0
18460,Viet Nam,Fruits - Excluding Wine,Feed,0.0,0.0,0.0,0.0,0.0,0.0,0.0,0.0,0.0,0.0,0.0,0.0,0.0,0.0,0.0,0.0,0.0,0.0
18461,Viet Nam,Fruits - Excluding Wine,Domestic supply,4579.0,4467.0,4851.0,5276.0,5670.0,5910.0,5873.0,6063.0,6288.0,6492.0,6633.0,6726.0,6797.0,6842.0,7675.0,7507.0,7775.0,8746.0
18462,Viet Nam,Fruits - Excluding Wine,Export,90.0,144.0,261.0,249.0,183.0,205.0,284.0,292.0,418.0,483.0,561.0,721.0,774.0,817.0,1051.0,1358.0,1201.0,1231.0
18463,Viet Nam,Vegetables,Export,45.0,35.0,118.0,115.0,133.0,210.0,240.0,234.0,208.0,274.0,286.0,281.0,294.0,306.0,441.0,415.0,422.0,342.0
18464,Viet Nam,Fruits - Excluding Wine,Stock Variation,-37.0,8.0,30.0,0.0,0.0,0.0,-9.0,-3.0,11.0,0.0,0.0,-50.0,0.0,0.0,0.0,0.0,0.0,0.0
18465,Viet Nam,Fruits - Excluding Wine,Production,4565.0,4576.0,4995.0,5398.0,5693.0,5918.0,6010.0,6174.0,6390.0,6519.0,6803.0,7064.0,7066.0,7127.0,7344.0,7556.0,7488.0,7876.0
18466,Viet Nam,Stimulants,Human Consumption,16.0,11.0,20.0,50.0,20.0,50.0,52.0,58.0,79.0,61.0,72.0,83.0,80.0,83.0,276.0,309.0,312.0,389.0
18467,Viet Nam,Stimulants,Other uses (non-food),0.0,0.0,0.0,0.0,0.0,0.0,0.0,0.0,0.0,0.0,0.0,0.0,0.0,0.0,0.0,0.0,0.0,0.0
18468,Viet Nam,Stimulants,Processing,0.0,0.0,0.0,0.0,0.0,0.0,0.0,0.0,0.0,0.0,0.0,0.0,0.0,0.0,0.0,0.0,0.0,0.0
18469,Viet Nam,Stimulants,Losses,0.0,0.0,0.0,0.0,0.0,0.0,0.0,0.0,0.0,0.0,0.0,0.0,0.0,0.0,87.0,90.0,91.0,96.0
18470,Viet Nam,Stimulants,Seed,0.0,0.0,0.0,0.0,0.0,0.0,0.0,0.0,0.0,0.0,0.0,0.0,0.0,0.0,0.0,0.0,0.0,0.0
18471,Viet Nam,Stimulants,Feed,0.0,0.0,0.0,0.0,0.0,0.0,0.0,0.0,0.0,0.0,0.0,0.0,0.0,0.0,0.0,0.0,0.0,0.0
18472,Viet Nam,Stimulants,Domestic supply,16.0,11.0,20.0,50.0,20.0,50.0,52.0,58.0,79.0,61.0,72.0,83.0,80.0,83.0,299.0,295.0,204.0,319.0
18473,Viet Nam,Stimulants,Export,790.0,999.0,796.0,808.0,974.0,980.0,1086.0,1346.0,1166.0,1301.0,1354.0,1390.0,1879.0,1443.0,1363.0,1427.0,1563.0,1549.0
18474,Viet Nam,Stimulants,Stock Variation,-68.0,83.0,15.0,-47.0,-45.0,61.0,-4.0,-19.0,5.0,107.0,109.0,-23.0,159.0,-171.0,0.0,0.0,0.0,1.0
18475,Viet Nam,Sugar & Sweeteners,Human Consumption,1054.0,1027.0,1007.0,1063.0,1163.0,992.0,1122.0,1001.0,1006.0,863.0,933.0,892.0,967.0,916.0,1260.0,1354.0,1404.0,1734.0
18476,Viet Nam,Fruits - Excluding Wine,Import,142.0,27.0,87.0,127.0,160.0,197.0,155.0,184.0,305.0,456.0,391.0,433.0,505.0,532.0,1382.0,1308.0,1488.0,2101.0
18477,Viet Nam,Vegetables,Domestic supply,6461.0,7219.0,7361.0,7634.0,7781.0,7922.0,7725.0,8029.0,7805.0,8158.0,8650.0,7608.0,14190.0,15008.0,15782.0,16131.0,16905.0,17959.0
18478,Viet Nam,Stimulants,Import,1.0,10.0,7.0,7.0,5.0,5.0,6.0,8.0,11.0,12.0,14.0,13.0,18.0,22.0,25.0,31.0,65.0,63.0
18479,Viet Nam,Vegetables,Seed,0.0,0.0,0.0,0.0,0.0,0.0,0.0,0.0,0.0,0.0,0.0,0.0,0.0,0.0,0.0,0.0,0.0,0.0
18480,Viet Nam,Vegetables,Feed,0.0,0.0,0.0,0.0,0.0,0.0,0.0,0.0,0.0,0.0,0.0,0.0,0.0,0.0,0.0,0.0,0.0,0.0
18481,Viet Nam,Sugar & Sweeteners,Losses,0.0,0.0,0.0,0.0,0.0,0.0,0.0,0.0,0.0,0.0,0.0,0.0,0.0,0.0,1.0,1.0,1.0,1.0
18482,Viet Nam,Sugar & Sweeteners,Seed,0.0,0.0,0.0,0.0,0.0,0.0,0.0,0.0,0.0,0.0,0.0,0.0,0.0,0.0,0.0,0.0,0.0,0.0
18483,Viet Nam,Sugar & Sweeteners,Feed,0.0,0.0,0.0,0.0,0.0,0.0,0.0,0.0,0.0,0.0,0.0,0.0,0.0,0.0,0.0,0.0,0.0,0.0
18484,Viet Nam,Sugar & Sweeteners,Domestic supply,1183.0,1036.0,1062.0,1335.0,1445.0,1264.0,1611.0,1599.0,1745.0,1678.0,1803.0,1761.0,2054.0,2003.0,2419.0,2626.0,2532.0,2800.0
18485,Viet Nam,Sugar & Sweeteners,Export,79.0,132.0,31.0,44.0,22.0,23.0,24.0,60.0,36.0,39.0,38.0,43.0,44.0,51.0,171.0,154.0,196.0,170.0
18486,Viet Nam,Sugar & Sweeteners,Stock Variation,-2.0,1.0,5.0,-3.0,6.0,3.0,-3.0,-1.0,0.0,0.0,0.0,0.0,0.0,0.0,-134.0,87.0,87.0,-111.0
18487,Viet Nam,Sugar & Sweeteners,Import,50.0,92.0,8.0,9.0,16.0,96.0,156.0,86.0,160.0,197.0,406.0,482.0,451.0,276.0,570.0,1009.0,1103.0,1121.0
18488,Viet Nam,Sugar & Sweeteners,Production,1214.0,1075.0,1080.0,1373.0,1445.0,1188.0,1482.0,1574.0,1621.0,1521.0,1435.0,1322.0,1647.0,1778.0,1886.0,1858.0,1712.0,1738.0
18489,Viet Nam,Vegetable Oils,Human Consumption,221.0,239.0,256.0,223.0,208.0,199.0,274.0,253.0,289.0,310.0,280.0,307.0,240.0,266.0,263.0,269.0,294.0,297.0
18490,Viet Nam,Vegetable Oils,Other uses (non-food),162.0,240.0,180.0,192.0,279.0,267.0,447.0,514.0,500.0,562.0,630.0,637.0,672.0,729.0,748.0,769.0,778.0,848.0
18491,Viet Nam,Vegetable Oils,Processing,0.0,0.0,0.0,0.0,0.0,0.0,0.0,0.0,0.0,0.0,0.0,0.0,0.0,0.0,0.0,1.0,1.0,0.0
18492,Viet Nam,Sugar & Sweeteners,Processing,0.0,0.0,0.0,0.0,0.0,0.0,0.0,0.0,0.0,0.0,0.0,0.0,0.0,0.0,172.0,189.0,229.0,0.0
18493,Viet Nam,Vegetable Oils,Seed,0.0,0.0,0.0,0.0,0.0,0.0,0.0,0.0,0.0,0.0,0.0,0.0,0.0,0.0,0.0,0.0,0.0,0.0
18494,Viet Nam,Vegetable Oils,Feed,0.0,0.0,0.0,0.0,0.0,0.0,0.0,0.0,0.0,0.0,0.0,0.0,0.0,0.0,0.0,0.0,0.0,0.0
18495,Viet Nam,Vegetable Oils,Domestic supply,383.0,478.0,436.0,415.0,487.0,466.0,721.0,767.0,790.0,872.0,910.0,944.0,912.0,994.0,1011.0,1038.0,1070.0,1146.0
18496,Viet Nam,Vegetable Oils,Export,67.0,64.0,19.0,14.0,11.0,5.0,2.0,8.0,13.0,2.0,2.0,4.0,7.0,3.0,112.0,149.0,56.0,51.0
18497,Viet Nam,Vegetable Oils,Stock Variation,0.0,0.0,0.0,0.0,0.0,0.0,0.0,0.0,0.0,0.0,-40.0,0.0,0.0,0.0,92.0,84.0,93.0,84.0
18498,Viet Nam,Vegetable Oils,Import,262.0,345.0,253.0,226.0,295.0,264.0,519.0,568.0,592.0,663.0,738.0,721.0,699.0,781.0,798.0,827.0,823.0,839.0
18499,Viet Nam,Vegetable Oils,Production,188.0,197.0,202.0,203.0,203.0,206.0,204.0,207.0,210.0,210.0,214.0,228.0,219.0,216.0,417.0,444.0,397.0,442.0
18500,Viet Nam,Vegetables,Human Consumption,5824.0,6507.0,6635.0,6884.0,7013.0,7132.0,6955.0,7235.0,7040.0,7354.0,7795.0,6861.0,12782.0,13520.0,14107.0,14431.0,15137.0,16133.0
18501,Viet Nam,Vegetables,Other uses (non-food),0.0,0.0,0.0,0.0,0.0,0.0,0.0,0.0,0.0,0.0,0.0,0.0,0.0,0.0,0.0,0.0,0.0,0.0
18502,Viet Nam,Vegetables,Processing,0.0,0.0,0.0,0.0,0.0,0.0,0.0,0.0,0.0,0.0,0.0,0.0,0.0,0.0,0.0,0.0,0.0,0.0
18503,Viet Nam,Vegetables,Losses,637.0,712.0,726.0,749.0,767.0,790.0,769.0,794.0,765.0,804.0,855.0,747.0,1408.0,1488.0,1722.0,1741.0,1812.0,1873.0
18504,Viet Nam,Vegetable Oils,Losses,0.0,0.0,0.0,0.0,0.0,0.0,0.0,0.0,0.0,0.0,0.0,0.0,0.0,0.0,0.0,0.0,0.0,0.0
18505,Yemen,Meat,Export,0.0,0.0,0.0,0.0,1.0,0.0,0.0,0.0,0.0,0.0,0.0,0.0,1.0,0.0,0.0,0.0,0.0,0.0
18506,Yemen,Meat,Domestic supply,233.0,253.0,281.0,333.0,327.0,344.0,323.0,369.0,367.0,419.0,435.0,434.0,483.0,498.0,548.0,500.0,494.0,490.0
18507,Yemen,Meat,Feed,0.0,0.0,0.0,0.0,0.0,0.0,0.0,0.0,0.0,0.0,0.0,0.0,0.0,0.0,0.0,0.0,0.0,0.0
18508,Yemen,Meat,Seed,0.0,0.0,0.0,0.0,0.0,0.0,0.0,0.0,0.0,0.0,0.0,0.0,0.0,0.0,0.0,0.0,0.0,0.0
18509,Yemen,Miscellaneous,Import,2.0,2.0,2.0,1.0,1.0,1.0,1.0,1.0,1.0,0.0,2.0,2.0,4.0,4.0,48.0,31.0,39.0,34.0
18510,Yemen,Meat,Processing,0.0,0.0,0.0,0.0,0.0,0.0,0.0,0.0,0.0,0.0,0.0,0.0,0.0,0.0,0.0,0.0,0.0,0.0
18511,Yemen,Meat,Other uses (non-food),0.0,0.0,0.0,0.0,0.0,0.0,0.0,0.0,0.0,0.0,0.0,0.0,0.0,0.0,0.0,0.0,0.0,0.0
18512,Yemen,Meat,Human Consumption,233.0,253.0,281.0,333.0,327.0,344.0,323.0,369.0,367.0,419.0,435.0,434.0,483.0,498.0,526.0,479.0,474.0,469.0
18513,Yemen,Miscellaneous,Production,0.0,0.0,0.0,0.0,0.0,0.0,0.0,0.0,0.0,0.0,0.0,0.0,0.0,0.0,0.0,0.0,0.0,0.0
18514,Yemen,Cereals - Excluding Beer,Production,672.0,700.0,560.0,418.0,490.0,562.0,809.0,1029.0,714.0,674.0,1013.0,817.0,910.0,863.0,700.0,459.0,357.0,501.0
18515,Yemen,Meat,Losses,0.0,0.0,0.0,0.0,0.0,0.0,0.0,0.0,0.0,0.0,0.0,0.0,0.0,0.0,22.0,21.0,20.0,20.0
18516,Yemen,Meat,Stock Variation,0.0,0.0,0.0,0.0,0.0,0.0,0.0,0.0,0.0,0.0,0.0,0.0,0.0,0.0,2.0,0.0,-1.0,-1.0
18517,Yemen,Offals,Losses,0.0,0.0,0.0,0.0,0.0,0.0,0.0,1.0,1.0,1.0,1.0,1.0,1.0,1.0,2.0,2.0,2.0,1.0
18518,Yemen,Meat,Production,168.0,186.0,196.0,226.0,230.0,235.0,241.0,267.0,287.0,301.0,323.0,347.0,364.0,384.0,438.0,430.0,411.0,411.0
18519,Yemen,Offals,Human Consumption,20.0,21.0,22.0,23.0,24.0,24.0,25.0,28.0,30.0,32.0,36.0,39.0,42.0,46.0,49.0,49.0,46.0,48.0
18520,Yemen,Offals,Other uses (non-food),0.0,0.0,0.0,0.0,0.0,0.0,0.0,0.0,0.0,0.0,0.0,0.0,0.0,0.0,0.0,0.0,0.0,0.0
18521,Yemen,Offals,Processing,0.0,0.0,0.0,0.0,0.0,0.0,0.0,0.0,0.0,0.0,0.0,0.0,0.0,0.0,0.0,0.0,0.0,0.0
18522,Yemen,Offals,Seed,0.0,0.0,0.0,0.0,0.0,0.0,0.0,0.0,0.0,0.0,0.0,0.0,0.0,0.0,0.0,0.0,0.0,0.0
18523,Yemen,Offals,Feed,0.0,0.0,0.0,0.0,0.0,0.0,0.0,0.0,0.0,0.0,0.0,0.0,0.0,0.0,0.0,0.0,0.0,0.0
18524,Yemen,Offals,Domestic supply,20.0,21.0,22.0,24.0,24.0,25.0,26.0,29.0,31.0,33.0,36.0,40.0,42.0,47.0,51.0,50.0,48.0,48.0
18525,Yemen,Offals,Export,0.0,0.0,0.0,0.0,0.0,0.0,0.0,0.0,0.0,0.0,0.0,0.0,0.0,0.0,0.0,0.0,0.0,0.0
18526,Yemen,Offals,Stock Variation,0.0,0.0,0.0,0.0,0.0,0.0,0.0,0.0,0.0,0.0,0.0,0.0,0.0,0.0,0.0,0.0,0.0,0.0
18527,Yemen,Offals,Import,0.0,0.0,0.0,0.0,0.0,1.0,1.0,2.0,1.0,1.0,1.0,1.0,0.0,1.0,1.0,0.0,0.0,0.0
18528,Yemen,Miscellaneous,Stock Variation,0.0,0.0,0.0,0.0,0.0,0.0,0.0,0.0,0.0,0.0,0.0,0.0,0.0,0.0,0.0,0.0,0.0,0.0
18529,Yemen,Meat,Import,65.0,67.0,85.0,107.0,98.0,108.0,83.0,103.0,80.0,118.0,112.0,87.0,119.0,114.0,112.0,70.0,82.0,78.0
18530,Yemen,Miscellaneous,Export,0.0,0.0,0.0,0.0,0.0,0.0,0.0,0.0,0.0,0.0,0.0,0.0,0.0,0.0,0.0,0.0,0.0,0.0
18531,Yemen,Alcoholic Beverages,Feed,0.0,0.0,0.0,0.0,0.0,0.0,0.0,0.0,0.0,0.0,0.0,0.0,0.0,0.0,0.0,0.0,0.0,0.0
18532,Yemen,Miscellaneous,Feed,0.0,0.0,0.0,0.0,0.0,0.0,0.0,0.0,0.0,0.0,0.0,0.0,0.0,0.0,0.0,0.0,0.0,0.0
18533,Yemen,Animal fats,Human Consumption,12.0,12.0,13.0,13.0,15.0,16.0,17.0,12.0,11.0,16.0,18.0,15.0,17.0,18.0,20.0,15.0,13.0,8.0
18534,Yemen,Spices,Losses,0.0,0.0,0.0,0.0,0.0,0.0,0.0,0.0,0.0,0.0,0.0,0.0,0.0,0.0,0.0,0.0,0.0,0.0
18535,Yemen,Spices,Seed,0.0,0.0,0.0,0.0,0.0,0.0,0.0,0.0,0.0,0.0,0.0,0.0,0.0,0.0,0.0,0.0,0.0,0.0
18536,Yemen,Spices,Feed,0.0,0.0,0.0,0.0,0.0,0.0,0.0,0.0,0.0,0.0,0.0,0.0,0.0,0.0,0.0,0.0,0.0,0.0
18537,Yemen,Spices,Domestic supply,4.0,3.0,5.0,5.0,6.0,11.0,11.0,17.0,14.0,19.0,9.0,14.0,24.0,23.0,14.0,13.0,8.0,6.0
18538,Yemen,Spices,Export,0.0,1.0,0.0,0.0,1.0,0.0,0.0,1.0,2.0,1.0,0.0,1.0,1.0,0.0,0.0,0.0,0.0,0.0
18539,Yemen,Spices,Stock Variation,0.0,0.0,0.0,0.0,0.0,0.0,0.0,0.0,0.0,0.0,0.0,0.0,0.0,0.0,0.0,0.0,0.0,0.0
18540,Yemen,Spices,Import,5.0,4.0,5.0,5.0,7.0,11.0,12.0,18.0,16.0,20.0,9.0,15.0,25.0,23.0,14.0,13.0,8.0,6.0
18541,Yemen,Spices,Production,0.0,0.0,0.0,0.0,0.0,0.0,0.0,0.0,0.0,0.0,0.0,0.0,0.0,0.0,0.0,0.0,0.0,0.0
18542,Yemen,Alcoholic Beverages,Human Consumption,14.0,15.0,13.0,9.0,11.0,8.0,9.0,11.0,9.0,7.0,15.0,9.0,11.0,11.0,10.0,8.0,8.0,6.0
18543,Yemen,Alcoholic Beverages,Other uses (non-food),0.0,0.0,0.0,0.0,1.0,0.0,0.0,0.0,0.0,1.0,0.0,0.0,1.0,0.0,1.0,0.0,0.0,0.0
18544,Yemen,Miscellaneous,Domestic supply,2.0,2.0,2.0,1.0,1.0,1.0,1.0,1.0,1.0,0.0,2.0,2.0,4.0,4.0,48.0,31.0,39.0,34.0
18545,Yemen,Alcoholic Beverages,Processing,0.0,0.0,0.0,0.0,0.0,0.0,0.0,0.0,0.0,0.0,0.0,0.0,0.0,0.0,0.0,0.0,0.0,0.0
18546,Yemen,Alcoholic Beverages,Seed,0.0,0.0,0.0,0.0,0.0,0.0,0.0,0.0,0.0,0.0,0.0,0.0,0.0,0.0,0.0,0.0,0.0,0.0
18547,Yemen,Alcoholic Beverages,Domestic supply,14.0,15.0,13.0,9.0,12.0,8.0,9.0,11.0,9.0,8.0,15.0,10.0,12.0,11.0,11.0,9.0,8.0,6.0
18548,Yemen,Alcoholic Beverages,Export,0.0,0.0,0.0,0.0,0.0,0.0,0.0,0.0,0.0,0.0,0.0,0.0,0.0,0.0,0.0,0.0,0.0,0.0
18549,Yemen,Alcoholic Beverages,Stock Variation,0.0,0.0,0.0,0.0,0.0,0.0,0.0,0.0,0.0,0.0,0.0,0.0,0.0,0.0,0.0,0.0,0.0,0.0
18550,Yemen,Alcoholic Beverages,Import,0.0,0.0,0.0,0.0,4.0,1.0,0.0,0.0,0.0,1.0,0.0,1.0,1.0,0.0,1.0,1.0,1.0,0.0
18551,Yemen,Alcoholic Beverages,Production,14.0,15.0,13.0,9.0,8.0,7.0,9.0,11.0,9.0,7.0,15.0,9.0,11.0,10.0,10.0,8.0,7.0,6.0
18552,Yemen,Miscellaneous,Human Consumption,2.0,2.0,2.0,1.0,1.0,1.0,1.0,1.0,1.0,0.0,2.0,2.0,4.0,4.0,48.0,31.0,39.0,34.0
18553,Yemen,Miscellaneous,Other uses (non-food),0.0,0.0,0.0,0.0,0.0,0.0,0.0,0.0,0.0,0.0,0.0,0.0,0.0,0.0,0.0,0.0,0.0,0.0
18554,Yemen,Miscellaneous,Processing,0.0,0.0,0.0,0.0,0.0,0.0,0.0,0.0,0.0,0.0,0.0,0.0,0.0,0.0,0.0,0.0,0.0,0.0
18555,Yemen,Miscellaneous,Losses,0.0,0.0,0.0,0.0,0.0,0.0,0.0,0.0,0.0,0.0,0.0,0.0,0.0,0.0,0.0,0.0,0.0,0.0
18556,Yemen,Miscellaneous,Seed,0.0,0.0,0.0,0.0,0.0,0.0,0.0,0.0,0.0,0.0,0.0,0.0,0.0,0.0,0.0,0.0,0.0,0.0
18557,Yemen,Alcoholic Beverages,Losses,0.0,0.0,0.0,0.0,0.0,0.0,0.0,0.0,0.0,0.0,0.0,0.0,0.0,0.0,0.0,0.0,0.0,0.0
18558,Yemen,Animal fats,Other uses (non-food),0.0,0.0,0.0,0.0,0.0,0.0,0.0,0.0,0.0,0.0,0.0,0.0,0.0,0.0,0.0,0.0,0.0,0.0
18559,Yemen,Cereals - Excluding Beer,Import,2602.0,2450.0,2516.0,2496.0,2530.0,2738.0,3203.0,3230.0,2951.0,3865.0,3620.0,3602.0,5138.0,4123.0,4798.0,4727.0,4231.0,4623.0
18560,Yemen,Animal fats,Losses,0.0,0.0,0.0,0.0,0.0,0.0,0.0,0.0,0.0,0.0,0.0,0.0,0.0,0.0,0.0,0.0,0.0,0.0
18561,Yemen,"Fish, Seafood",Human Consumption,86.0,91.0,118.0,160.0,181.0,149.0,135.0,80.0,59.0,78.0,69.0,60.0,60.0,60.0,141.0,127.0,107.0,88.0
18562,Yemen,"Fish, Seafood",Other uses (non-food),0.0,0.0,0.0,0.0,0.0,0.0,0.0,0.0,0.0,0.0,0.0,0.0,0.0,0.0,0.0,3.0,2.0,4.0
18563,Yemen,"Fish, Seafood",Feed,0.0,0.0,0.0,0.0,0.0,0.0,0.0,0.0,0.0,0.0,0.0,0.0,0.0,0.0,0.0,0.0,0.0,0.0
18564,Yemen,"Fish, Seafood",Domestic supply,86.0,91.0,118.0,160.0,181.0,149.0,135.0,81.0,59.0,78.0,69.0,60.0,60.0,60.0,141.0,130.0,109.0,92.0
18565,Yemen,"Fish, Seafood",Export,35.0,63.0,68.0,75.0,75.0,91.0,98.0,107.0,124.0,111.0,126.0,131.0,131.0,131.0,104.0,68.0,61.0,59.0
18566,Yemen,"Fish, Seafood",Stock Variation,-2.0,5.0,0.0,0.0,-5.0,-9.0,-14.0,-10.0,31.0,-8.0,5.0,10.0,10.0,10.0,0.0,1.0,0.0,0.0
18567,Yemen,"Fish, Seafood",Import,7.0,8.0,6.0,9.0,7.0,11.0,18.0,18.0,21.0,18.0,27.0,24.0,24.0,24.0,25.0,16.0,16.0,19.0
18568,Yemen,"Fish, Seafood",Production,115.0,142.0,179.0,227.0,254.0,237.0,229.0,179.0,131.0,179.0,163.0,157.0,157.0,157.0,220.0,181.0,154.0,131.0
18569,Yemen,"Aquatic Products, Other",Human Consumption,0.0,0.0,0.0,0.0,0.0,0.0,0.0,0.0,0.0,0.0,0.0,0.0,0.0,0.0,0.0,0.0,0.0,0.0
18570,Yemen,"Aquatic Products, Other",Other uses (non-food),0.0,0.0,0.0,0.0,0.0,0.0,0.0,0.0,0.0,0.0,0.0,0.0,0.0,0.0,0.0,0.0,0.0,0.0
18571,Yemen,"Aquatic Products, Other",Domestic supply,0.0,0.0,0.0,0.0,0.0,0.0,0.0,0.0,0.0,0.0,0.0,0.0,0.0,0.0,0.0,0.0,0.0,0.0
18572,Yemen,Eggs,Production,31.0,32.0,32.0,46.0,47.0,48.0,51.0,54.0,56.0,59.0,61.0,62.0,63.0,67.0,69.0,68.0,65.0,66.0
18573,Yemen,"Aquatic Products, Other",Export,0.0,0.0,1.0,1.0,2.0,1.0,1.0,1.0,1.0,0.0,0.0,0.0,0.0,0.0,0.0,0.0,0.0,0.0
18574,Yemen,"Aquatic Products, Other",Production,0.0,0.0,1.0,1.0,2.0,1.0,1.0,1.0,1.0,0.0,0.0,0.0,0.0,0.0,0.0,0.0,0.0,0.0
18575,Yemen,Cereals - Excluding Beer,Human Consumption,2856.0,2932.0,2935.0,2862.0,2916.0,3031.0,3139.0,3298.0,3402.0,3555.0,3733.0,3895.0,3892.0,3949.0,4370.0,4667.0,4387.0,4581.0
18576,Yemen,Cereals - Excluding Beer,Other uses (non-food),0.0,0.0,0.0,0.0,2.0,3.0,1.0,1.0,1.0,0.0,0.0,1.0,2.0,4.0,0.0,0.0,0.0,0.0
18577,Yemen,Cereals - Excluding Beer,Processing,3.0,3.0,2.0,2.0,5.0,6.0,6.0,10.0,10.0,10.0,10.0,8.0,11.0,8.0,15.0,9.0,12.0,11.0
18578,Yemen,Cereals - Excluding Beer,Losses,83.0,85.0,84.0,82.0,85.0,96.0,122.0,131.0,113.0,142.0,143.0,137.0,184.0,152.0,133.0,25.0,19.0,27.0
18579,Yemen,Cereals - Excluding Beer,Seed,25.0,23.0,21.0,25.0,27.0,31.0,37.0,29.0,26.0,35.0,30.0,33.0,33.0,32.0,45.0,27.0,24.0,32.0
18580,Yemen,Cereals - Excluding Beer,Feed,98.0,97.0,107.0,80.0,64.0,80.0,109.0,192.0,108.0,235.0,163.0,173.0,221.0,210.0,538.0,901.0,590.0,282.0
18581,Yemen,Cereals - Excluding Beer,Domestic supply,3064.0,3140.0,3150.0,3050.0,3099.0,3246.0,3414.0,3661.0,3650.0,3974.0,4079.0,4246.0,4342.0,4355.0,5101.0,5797.0,4892.0,4790.0
18582,Yemen,Cereals - Excluding Beer,Export,9.0,11.0,15.0,15.0,34.0,107.0,88.0,28.0,120.0,146.0,23.0,134.0,204.0,182.0,18.0,11.0,6.0,0.0
18583,Yemen,Cereals - Excluding Beer,Stock Variation,-201.0,1.0,89.0,151.0,113.0,53.0,-510.0,-570.0,105.0,-420.0,-530.0,-39.0,-1502.0,-449.0,380.0,-622.0,-310.0,334.0
18584,Yemen,Spices,Processing,0.0,0.0,0.0,0.0,0.0,0.0,0.0,0.0,0.0,0.0,0.0,0.0,0.0,0.0,0.0,0.0,0.0,0.0
18585,Yemen,"Aquatic Products, Other",Import,0.0,0.0,0.0,0.0,0.0,0.0,0.0,0.0,0.0,0.0,0.0,0.0,0.0,0.0,0.0,0.0,0.0,0.0
18586,Yemen,Eggs,Import,2.0,1.0,1.0,0.0,0.0,0.0,0.0,1.0,0.0,1.0,0.0,1.0,1.0,0.0,0.0,0.0,1.0,0.0
18587,Yemen,Eggs,Stock Variation,0.0,0.0,0.0,0.0,0.0,0.0,0.0,0.0,0.0,0.0,0.0,0.0,0.0,0.0,0.0,0.0,0.0,0.0
18588,Yemen,Eggs,Export,0.0,0.0,0.0,0.0,0.0,0.0,0.0,0.0,2.0,0.0,0.0,1.0,0.0,0.0,0.0,0.0,0.0,0.0
18589,Yemen,Animal fats,Seed,0.0,0.0,0.0,0.0,0.0,0.0,0.0,0.0,0.0,0.0,0.0,0.0,0.0,0.0,0.0,0.0,0.0,0.0
18590,Yemen,Animal fats,Feed,0.0,0.0,0.0,0.0,0.0,0.0,0.0,0.0,0.0,0.0,0.0,0.0,0.0,0.0,0.0,0.0,0.0,0.0
18591,Yemen,Animal fats,Domestic supply,12.0,12.0,13.0,13.0,15.0,16.0,17.0,12.0,11.0,16.0,18.0,15.0,17.0,18.0,20.0,15.0,13.0,13.0
18592,Yemen,Animal fats,Export,0.0,0.0,0.0,0.0,0.0,0.0,0.0,9.0,8.0,3.0,1.0,4.0,3.0,6.0,0.0,0.0,0.0,0.0
18593,Yemen,Animal fats,Stock Variation,0.0,0.0,0.0,0.0,0.0,0.0,0.0,0.0,0.0,0.0,0.0,0.0,0.0,0.0,0.0,0.0,0.0,0.0
18594,Yemen,Animal fats,Import,2.0,1.0,2.0,2.0,4.0,4.0,5.0,8.0,3.0,4.0,4.0,2.0,2.0,4.0,7.0,2.0,1.0,0.0
18595,Yemen,Animal fats,Production,10.0,11.0,11.0,11.0,11.0,12.0,12.0,13.0,16.0,16.0,15.0,16.0,18.0,20.0,14.0,13.0,13.0,12.0
18596,Yemen,Milk - Excluding Butter,Human Consumption,589.0,585.0,595.0,746.0,726.0,760.0,760.0,849.0,812.0,984.0,738.0,854.0,1050.0,1073.0,399.0,352.0,324.0,318.0
18597,Yemen,Milk - Excluding Butter,Other uses (non-food),0.0,0.0,0.0,0.0,0.0,0.0,0.0,0.0,0.0,0.0,0.0,0.0,25.0,7.0,338.0,104.0,0.0,2.0
18598,Yemen,Milk - Excluding Butter,Processing,0.0,0.0,0.0,0.0,0.0,0.0,0.0,0.0,0.0,0.0,0.0,0.0,0.0,0.0,0.0,0.0,0.0,0.0
18599,Yemen,Milk - Excluding Butter,Losses,12.0,12.0,12.0,14.0,14.0,14.0,15.0,17.0,19.0,19.0,14.0,14.0,15.0,15.0,19.0,17.0,16.0,16.0
18600,Yemen,Milk - Excluding Butter,Seed,0.0,0.0,0.0,0.0,0.0,0.0,0.0,0.0,0.0,0.0,0.0,0.0,0.0,0.0,0.0,0.0,0.0,0.0
18601,Yemen,Milk - Excluding Butter,Feed,0.0,0.0,0.0,0.0,0.0,0.0,0.0,0.0,0.0,0.0,0.0,0.0,0.0,0.0,2.0,6.0,8.0,9.0
18602,Yemen,Milk - Excluding Butter,Domestic supply,601.0,597.0,607.0,759.0,740.0,774.0,773.0,866.0,831.0,998.0,749.0,856.0,1078.0,1075.0,756.0,477.0,346.0,343.0
18603,Yemen,Milk - Excluding Butter,Export,1.0,3.0,5.0,11.0,17.0,37.0,27.0,27.0,34.0,30.0,14.0,41.0,63.0,41.0,1.0,0.0,0.0,0.0
18604,Yemen,Milk - Excluding Butter,Stock Variation,0.0,0.0,0.0,0.0,-9.0,-9.0,7.0,2.0,9.0,0.0,0.0,0.0,0.0,0.0,0.0,0.0,0.0,0.0
18605,Yemen,Milk - Excluding Butter,Import,355.0,340.0,349.0,482.0,472.0,521.0,480.0,544.0,477.0,623.0,439.0,563.0,790.0,743.0,366.0,137.0,13.0,10.0
18606,Yemen,Milk - Excluding Butter,Production,246.0,259.0,263.0,289.0,294.0,299.0,314.0,347.0,379.0,405.0,323.0,334.0,352.0,373.0,390.0,341.0,333.0,333.0
18607,Yemen,Eggs,Human Consumption,27.0,26.0,25.0,36.0,38.0,38.0,41.0,44.0,45.0,47.0,48.0,49.0,51.0,54.0,53.0,47.0,44.0,43.0
18608,Yemen,Eggs,Other uses (non-food),0.0,0.0,0.0,0.0,0.0,0.0,0.0,0.0,0.0,0.0,0.0,0.0,0.0,0.0,0.0,0.0,0.0,0.0
18609,Yemen,Eggs,Processing,0.0,0.0,0.0,0.0,0.0,0.0,0.0,0.0,0.0,0.0,0.0,0.0,0.0,0.0,0.0,0.0,0.0,0.0
18610,Yemen,Eggs,Losses,1.0,1.0,1.0,1.0,1.0,1.0,2.0,2.0,2.0,2.0,2.0,2.0,2.0,2.0,3.0,3.0,3.0,3.0
18611,Yemen,Eggs,Seed,5.0,6.0,6.0,8.0,8.0,9.0,9.0,9.0,10.0,10.0,11.0,11.0,11.0,11.0,13.0,16.0,12.0,11.0
18612,Yemen,Eggs,Feed,0.0,0.0,0.0,0.0,0.0,0.0,0.0,0.0,0.0,0.0,0.0,0.0,0.0,0.0,0.0,1.0,7.0,8.0
18613,Yemen,Eggs,Domestic supply,33.0,33.0,33.0,46.0,47.0,48.0,51.0,55.0,55.0,59.0,61.0,62.0,64.0,67.0,70.0,68.0,66.0,66.0
18614,Yemen,Animal fats,Processing,0.0,0.0,0.0,0.0,0.0,0.0,0.0,0.0,0.0,0.0,0.0,0.0,0.0,0.0,0.0,0.0,0.0,0.0
18615,Yemen,Spices,Other uses (non-food),0.0,0.0,0.0,0.0,0.0,0.0,0.0,0.0,0.0,0.0,0.0,0.0,0.0,0.0,0.0,0.0,0.0,0.0
18616,Yemen,Offals,Production,20.0,21.0,22.0,23.0,24.0,24.0,25.0,27.0,30.0,32.0,36.0,39.0,42.0,46.0,51.0,50.0,48.0,48.0
18617,Yemen,Stimulants,Production,11.0,12.0,11.0,12.0,10.0,11.0,17.0,18.0,19.0,19.0,19.0,19.0,20.0,20.0,20.0,19.0,19.0,20.0
18618,Yemen,Spices,Human Consumption,4.0,3.0,5.0,5.0,6.0,11.0,11.0,17.0,14.0,19.0,9.0,14.0,24.0,23.0,14.0,13.0,8.0,6.0
18619,Yemen,Oilcrops,Export,1.0,1.0,1.0,1.0,0.0,0.0,0.0,0.0,1.0,1.0,0.0,1.0,0.0,1.0,0.0,1.0,0.0,0.0
18620,Yemen,Oilcrops,Stock Variation,0.0,0.0,0.0,0.0,0.0,0.0,0.0,0.0,0.0,0.0,0.0,0.0,0.0,0.0,0.0,0.0,0.0,0.0
18621,Yemen,Oilcrops,Import,47.0,43.0,93.0,75.0,16.0,43.0,33.0,26.0,19.0,25.0,18.0,16.0,35.0,21.0,24.0,13.0,12.0,9.0
18622,Yemen,Oilcrops,Production,37.0,39.0,37.0,38.0,32.0,33.0,37.0,39.0,40.0,41.0,42.0,41.0,39.0,37.0,36.0,32.0,31.0,31.0
18623,Yemen,Treenuts,Human Consumption,5.0,0.0,5.0,10.0,6.0,4.0,2.0,4.0,2.0,6.0,1.0,3.0,6.0,4.0,4.0,2.0,4.0,0.0
18624,Yemen,Treenuts,Other uses (non-food),0.0,0.0,0.0,0.0,0.0,0.0,0.0,0.0,0.0,0.0,0.0,0.0,0.0,0.0,0.0,0.0,0.0,0.0
18625,Yemen,Treenuts,Processing,0.0,0.0,0.0,0.0,0.0,0.0,0.0,0.0,0.0,0.0,0.0,0.0,0.0,0.0,0.0,0.0,0.0,0.0
18626,Yemen,Treenuts,Losses,0.0,0.0,0.0,0.0,0.0,0.0,0.0,0.0,0.0,0.0,0.0,0.0,0.0,0.0,0.0,0.0,0.0,0.0
18627,Yemen,Treenuts,Seed,0.0,0.0,0.0,0.0,0.0,0.0,0.0,0.0,0.0,0.0,0.0,0.0,0.0,0.0,0.0,0.0,0.0,0.0
18628,Yemen,Treenuts,Feed,0.0,0.0,0.0,0.0,0.0,0.0,0.0,0.0,0.0,0.0,0.0,0.0,0.0,0.0,0.0,0.0,0.0,0.0
18629,Yemen,Oilcrops,Feed,0.0,0.0,0.0,0.0,0.0,0.0,0.0,0.0,0.0,0.0,0.0,0.0,0.0,0.0,0.0,0.0,0.0,0.0
18630,Yemen,Treenuts,Domestic supply,5.0,0.0,5.0,10.0,6.0,4.0,2.0,4.0,2.0,6.0,1.0,2.0,6.0,5.0,4.0,2.0,4.0,0.0
18631,Yemen,Treenuts,Stock Variation,0.0,0.0,0.0,0.0,0.0,0.0,0.0,0.0,0.0,0.0,0.0,0.0,0.0,0.0,0.0,0.0,0.0,0.0
18632,Yemen,Treenuts,Import,5.0,0.0,5.0,10.0,6.0,4.0,2.0,4.0,2.0,6.0,1.0,3.0,6.0,5.0,4.0,2.0,4.0,0.0
18633,Yemen,Treenuts,Production,0.0,0.0,0.0,0.0,0.0,0.0,0.0,0.0,0.0,0.0,0.0,0.0,0.0,0.0,0.0,0.0,0.0,0.0
18634,Yemen,Pulses,Human Consumption,104.0,93.0,95.0,101.0,102.0,105.0,127.0,144.0,140.0,139.0,158.0,129.0,145.0,153.0,161.0,145.0,133.0,146.0
18635,Yemen,Pulses,Other uses (non-food),0.0,0.0,0.0,0.0,0.0,0.0,0.0,0.0,0.0,0.0,0.0,0.0,0.0,0.0,0.0,0.0,0.0,0.0
18636,Yemen,Pulses,Processing,0.0,0.0,0.0,0.0,0.0,0.0,0.0,0.0,0.0,0.0,0.0,0.0,0.0,0.0,0.0,0.0,0.0,0.0
18637,Yemen,Pulses,Losses,0.0,0.0,0.0,0.0,0.0,0.0,0.0,0.0,0.0,0.0,0.0,0.0,0.0,0.0,5.0,4.0,4.0,4.0
18638,Yemen,Pulses,Seed,0.0,0.0,0.0,0.0,0.0,0.0,0.0,0.0,0.0,0.0,0.0,0.0,0.0,0.0,0.0,0.0,0.0,0.0
18639,Yemen,Pulses,Feed,0.0,0.0,0.0,0.0,0.0,0.0,0.0,0.0,0.0,0.0,0.0,0.0,0.0,0.0,1.0,8.0,1.0,4.0
18640,Yemen,Pulses,Domestic supply,104.0,93.0,95.0,101.0,102.0,105.0,127.0,144.0,140.0,139.0,158.0,129.0,146.0,153.0,166.0,157.0,138.0,154.0
18641,Yemen,Pulses,Export,0.0,0.0,0.0,0.0,1.0,0.0,0.0,0.0,0.0,1.0,0.0,1.0,0.0,0.0,1.0,0.0,0.0,0.0
18642,Yemen,Treenuts,Export,0.0,0.0,0.0,0.0,0.0,0.0,0.0,0.0,0.0,0.0,0.0,2.0,0.0,0.0,0.0,0.0,0.0,0.0
18643,Yemen,Pulses,Stock Variation,0.0,0.0,0.0,0.0,0.0,0.0,0.0,0.0,0.0,0.0,0.0,0.0,0.0,0.0,0.0,-18.0,-3.0,7.0
18644,Yemen,Oilcrops,Seed,2.0,2.0,2.0,1.0,1.0,1.0,1.0,1.0,1.0,1.0,1.0,1.0,1.0,1.0,1.0,1.0,1.0,1.0
18645,Yemen,Oilcrops,Processing,32.0,34.0,34.0,36.0,28.0,31.0,33.0,35.0,34.0,35.0,34.0,35.0,34.0,30.0,66.0,24.0,22.0,22.0
18646,Yemen,Sugar Crops,Human Consumption,0.0,0.0,0.0,0.0,0.0,0.0,0.0,0.0,0.0,0.0,0.0,0.0,0.0,0.0,0.0,0.0,0.0,0.0
18647,Yemen,Sugar Crops,Other uses (non-food),0.0,0.0,0.0,0.0,0.0,0.0,0.0,0.0,0.0,0.0,0.0,0.0,0.0,0.0,0.0,0.0,0.0,0.0
18648,Yemen,Sugar Crops,Processing,0.0,0.0,0.0,0.0,0.0,0.0,0.0,0.0,0.0,0.0,0.0,0.0,0.0,0.0,0.0,0.0,0.0,0.0
18649,Yemen,Sugar Crops,Losses,0.0,0.0,0.0,0.0,0.0,0.0,0.0,0.0,0.0,0.0,0.0,0.0,0.0,0.0,0.0,0.0,0.0,0.0
18650,Yemen,Sugar Crops,Seed,0.0,0.0,0.0,0.0,0.0,0.0,0.0,0.0,0.0,0.0,0.0,0.0,0.0,0.0,0.0,0.0,0.0,0.0
18651,Yemen,Sugar Crops,Feed,0.0,0.0,0.0,0.0,0.0,0.0,1.0,13.0,0.0,0.0,0.0,0.0,0.0,0.0,0.0,0.0,0.0,0.0
18652,Yemen,Sugar Crops,Domestic supply,0.0,0.0,0.0,0.0,0.0,-1.0,1.0,13.0,0.0,0.0,0.0,0.0,0.0,0.0,0.0,0.0,0.0,0.0
18653,Yemen,Sugar Crops,Export,0.0,0.0,0.0,0.0,0.0,1.0,0.0,0.0,0.0,0.0,0.0,0.0,0.0,0.0,0.0,0.0,0.0,0.0
18654,Yemen,Sugar Crops,Stock Variation,0.0,0.0,0.0,0.0,0.0,0.0,0.0,0.0,0.0,0.0,0.0,0.0,0.0,0.0,0.0,0.0,0.0,0.0
18655,Yemen,Sugar Crops,Import,0.0,0.0,0.0,0.0,0.0,0.0,1.0,13.0,0.0,0.0,0.0,0.0,0.0,0.0,0.0,0.0,0.0,0.0
18656,Yemen,Sugar Crops,Production,0.0,0.0,0.0,0.0,0.0,0.0,0.0,0.0,0.0,0.0,0.0,0.0,0.0,0.0,0.0,0.0,0.0,0.0
18657,Yemen,Oilcrops,Losses,2.0,2.0,2.0,2.0,2.0,2.0,2.0,2.0,2.0,2.0,2.0,2.0,2.0,2.0,2.0,2.0,2.0,2.0
18658,Yemen,Starchy Roots,Human Consumption,186.0,185.0,186.0,191.0,176.0,196.0,202.0,222.0,241.0,266.0,279.0,252.0,282.0,269.0,245.0,206.0,188.0,182.0
18659,Yemen,Starchy Roots,Processing,0.0,0.0,0.0,0.0,0.0,0.0,0.0,0.0,0.0,0.0,0.0,0.0,0.0,0.0,0.0,0.0,0.0,0.0
18660,Yemen,Starchy Roots,Losses,6.0,6.0,6.0,6.0,6.0,7.0,7.0,8.0,8.0,9.0,9.0,8.0,9.0,9.0,8.0,8.0,7.0,8.0
18661,Yemen,Starchy Roots,Seed,17.0,18.0,18.0,17.0,17.0,18.0,19.0,23.0,21.0,23.0,19.0,22.0,23.0,22.0,14.0,11.0,20.0,12.0
18662,Yemen,Starchy Roots,Feed,0.0,0.0,0.0,0.0,0.0,0.0,0.0,0.0,0.0,0.0,0.0,0.0,0.0,0.0,1.0,1.0,1.0,1.0
18663,Yemen,Starchy Roots,Domestic supply,209.0,209.0,210.0,214.0,200.0,222.0,228.0,253.0,272.0,298.0,309.0,282.0,314.0,300.0,267.0,226.0,215.0,202.0
18664,Yemen,Starchy Roots,Export,2.0,1.0,1.0,0.0,1.0,0.0,1.0,5.0,1.0,0.0,0.0,0.0,0.0,4.0,8.0,0.0,0.0,2.0
18665,Yemen,Starchy Roots,Stock Variation,0.0,0.0,0.0,0.0,0.0,0.0,-2.0,2.0,0.0,0.0,0.0,0.0,0.0,0.0,0.0,46.0,36.0,54.0
18666,Yemen,Starchy Roots,Import,0.0,0.0,0.0,1.0,2.0,4.0,4.0,7.0,8.0,20.0,5.0,17.0,19.0,22.0,10.0,14.0,8.0,6.0
18667,Yemen,Starchy Roots,Production,211.0,209.0,211.0,214.0,198.0,218.0,227.0,249.0,264.0,278.0,304.0,265.0,295.0,282.0,265.0,257.0,243.0,252.0
18668,Yemen,Oilcrops,Human Consumption,47.0,43.0,92.0,73.0,16.0,41.0,34.0,26.0,21.0,27.0,23.0,18.0,35.0,24.0,25.0,17.0,18.0,15.0
18669,Yemen,Oilcrops,Other uses (non-food),0.0,0.0,0.0,0.0,0.0,0.0,0.0,0.0,0.0,0.0,0.0,0.0,0.0,0.0,0.0,0.0,0.0,0.0
18670,Yemen,Starchy Roots,Other uses (non-food),0.0,0.0,0.0,0.0,0.0,1.0,1.0,0.0,1.0,0.0,1.0,0.0,1.0,1.0,0.0,0.0,0.0,0.0
18671,Yemen,Pulses,Import,41.0,29.0,34.0,42.0,39.0,44.0,44.0,47.0,48.0,56.0,59.0,41.0,50.0,57.0,75.0,57.0,54.0,74.0
18672,Yemen,Oilcrops,Domestic supply,83.0,81.0,130.0,112.0,47.0,76.0,69.0,64.0,58.0,65.0,60.0,56.0,73.0,58.0,59.0,44.0,44.0,40.0
18673,Yemen,Sugar & Sweeteners,Human Consumption,414.0,433.0,452.0,490.0,498.0,515.0,551.0,574.0,583.0,606.0,653.0,693.0,694.0,694.0,847.0,751.0,688.0,850.0
18674,Yemen,Vegetables,Stock Variation,0.0,0.0,0.0,0.0,0.0,0.0,0.0,-3.0,-3.0,-4.0,-5.0,5.0,6.0,4.0,0.0,0.0,0.0,0.0
18675,Yemen,Vegetables,Import,11.0,16.0,13.0,100.0,79.0,108.0,112.0,134.0,124.0,131.0,91.0,123.0,197.0,188.0,141.0,107.0,83.0,73.0
18676,Yemen,Vegetables,Production,590.0,620.0,634.0,649.0,647.0,668.0,686.0,754.0,781.0,820.0,869.0,731.0,847.0,755.0,749.0,668.0,601.0,602.0
18677,Yemen,Fruits - Excluding Wine,Human Consumption,621.0,681.0,670.0,763.0,773.0,829.0,1021.0,1149.0,1280.0,1139.0,1116.0,1038.0,1089.0,1285.0,1047.0,904.0,863.0,864.0
18678,Yemen,Fruits - Excluding Wine,Other uses (non-food),0.0,0.0,0.0,0.0,0.0,0.0,0.0,0.0,0.0,0.0,0.0,0.0,0.0,0.0,0.0,0.0,0.0,0.0
18679,Yemen,Fruits - Excluding Wine,Processing,0.0,0.0,0.0,0.0,0.0,0.0,0.0,0.0,0.0,0.0,0.0,0.0,0.0,0.0,0.0,0.0,0.0,0.0
18680,Yemen,Fruits - Excluding Wine,Losses,31.0,34.0,35.0,36.0,36.0,37.0,41.0,45.0,47.0,47.0,49.0,48.0,48.0,49.0,54.0,55.0,44.0,44.0
18681,Yemen,Fruits - Excluding Wine,Seed,0.0,0.0,0.0,0.0,0.0,0.0,0.0,0.0,0.0,0.0,0.0,0.0,0.0,0.0,0.0,0.0,0.0,0.0
18682,Yemen,Fruits - Excluding Wine,Feed,0.0,0.0,0.0,0.0,0.0,0.0,0.0,0.0,0.0,0.0,0.0,0.0,0.0,0.0,0.0,0.0,0.0,0.0
18683,Yemen,Fruits - Excluding Wine,Domestic supply,652.0,715.0,705.0,799.0,807.0,866.0,1042.0,1194.0,1325.0,1186.0,1165.0,1082.0,1127.0,1321.0,1084.0,954.0,904.0,859.0
18684,Yemen,Fruits - Excluding Wine,Export,34.0,43.0,72.0,67.0,67.0,89.0,108.0,188.0,142.0,155.0,119.0,206.0,229.0,190.0,106.0,77.0,63.0,103.0
18685,Yemen,Vegetables,Export,26.0,31.0,32.0,45.0,50.0,65.0,61.0,70.0,97.0,105.0,104.0,158.0,148.0,148.0,141.0,118.0,44.0,110.0
18686,Yemen,Fruits - Excluding Wine,Stock Variation,0.0,0.0,0.0,0.0,0.0,0.0,0.0,0.0,0.0,0.0,0.0,0.0,-30.0,30.0,0.0,0.0,0.0,0.0
18687,Yemen,Fruits - Excluding Wine,Production,661.0,708.0,731.0,748.0,741.0,767.0,862.0,937.0,974.0,981.0,1031.0,988.0,999.0,995.0,987.0,914.0,898.0,896.0
18688,Yemen,Stimulants,Human Consumption,16.0,20.0,20.0,19.0,21.0,24.0,33.0,39.0,35.0,31.0,39.0,37.0,39.0,37.0,19.0,18.0,19.0,37.0
18689,Yemen,Stimulants,Other uses (non-food),0.0,0.0,0.0,0.0,0.0,0.0,0.0,0.0,0.0,0.0,0.0,0.0,0.0,0.0,0.0,0.0,0.0,0.0
18690,Yemen,Stimulants,Processing,0.0,0.0,0.0,0.0,0.0,0.0,0.0,0.0,0.0,0.0,0.0,0.0,0.0,0.0,0.0,0.0,0.0,0.0
18691,Yemen,Stimulants,Losses,0.0,0.0,0.0,0.0,0.0,0.0,0.0,0.0,0.0,0.0,0.0,0.0,0.0,0.0,1.0,1.0,1.0,1.0
18692,Yemen,Stimulants,Seed,0.0,0.0,0.0,0.0,0.0,0.0,0.0,0.0,0.0,0.0,0.0,0.0,0.0,0.0,0.0,0.0,0.0,0.0
18693,Yemen,Stimulants,Feed,0.0,0.0,0.0,0.0,0.0,0.0,0.0,0.0,0.0,0.0,0.0,0.0,0.0,0.0,0.0,0.0,0.0,0.0
18694,Yemen,Stimulants,Domestic supply,16.0,20.0,20.0,19.0,21.0,24.0,33.0,39.0,35.0,31.0,39.0,37.0,39.0,37.0,20.0,19.0,20.0,38.0
18695,Yemen,Stimulants,Export,4.0,4.0,4.0,5.0,4.0,6.0,4.0,5.0,6.0,5.0,4.0,6.0,6.0,7.0,6.0,4.0,1.0,1.0
18696,Yemen,Stimulants,Stock Variation,0.0,0.0,0.0,0.0,0.0,0.0,0.0,0.0,0.0,0.0,0.0,0.0,0.0,0.0,-3.0,-2.0,-1.0,-1.0
18697,Yemen,Pulses,Production,63.0,64.0,61.0,60.0,64.0,61.0,83.0,97.0,92.0,84.0,98.0,90.0,96.0,97.0,92.0,83.0,80.0,87.0
18698,Yemen,Fruits - Excluding Wine,Import,25.0,50.0,46.0,118.0,134.0,188.0,287.0,445.0,493.0,359.0,253.0,300.0,387.0,485.0,203.0,118.0,69.0,67.0
18699,Yemen,Vegetables,Domestic supply,575.0,605.0,616.0,704.0,676.0,710.0,737.0,814.0,805.0,843.0,851.0,702.0,902.0,798.0,749.0,656.0,640.0,565.0
18700,Yemen,Stimulants,Import,9.0,12.0,12.0,12.0,14.0,19.0,19.0,26.0,22.0,17.0,25.0,24.0,25.0,24.0,3.0,2.0,1.0,18.0
18701,Yemen,Vegetables,Seed,0.0,0.0,0.0,0.0,0.0,0.0,0.0,0.0,0.0,0.0,0.0,0.0,0.0,0.0,0.0,0.0,0.0,0.0
18702,Yemen,Vegetables,Feed,0.0,0.0,0.0,0.0,0.0,0.0,0.0,0.0,0.0,0.0,0.0,0.0,0.0,0.0,0.0,0.0,0.0,0.0
18703,Yemen,Sugar & Sweeteners,Processing,0.0,0.0,0.0,0.0,0.0,0.0,0.0,0.0,0.0,0.0,0.0,0.0,0.0,0.0,0.0,0.0,0.0,0.0
18704,Yemen,Sugar & Sweeteners,Losses,0.0,0.0,0.0,0.0,0.0,0.0,0.0,0.0,0.0,0.0,0.0,0.0,0.0,0.0,0.0,0.0,0.0,0.0
18705,Yemen,Sugar & Sweeteners,Seed,0.0,0.0,0.0,0.0,0.0,0.0,0.0,0.0,0.0,0.0,0.0,0.0,0.0,0.0,0.0,0.0,0.0,0.0
18706,Yemen,Sugar & Sweeteners,Feed,0.0,0.0,0.0,0.0,0.0,0.0,0.0,0.0,0.0,0.0,0.0,0.0,0.0,0.0,0.0,0.0,0.0,0.0
18707,Yemen,Sugar & Sweeteners,Domestic supply,463.0,482.0,501.0,563.0,537.0,573.0,601.0,640.0,644.0,671.0,741.0,763.0,764.0,694.0,1014.0,818.0,767.0,965.0
18708,Yemen,Sugar & Sweeteners,Export,0.0,0.0,5.0,3.0,2.0,14.0,12.0,5.0,7.0,29.0,1.0,26.0,4.0,4.0,3.0,1.0,1.0,0.0
18709,Yemen,Sugar & Sweeteners,Stock Variation,-32.0,-13.0,5.0,-188.0,129.0,-28.0,58.0,-72.0,-19.0,11.0,-163.0,15.0,-16.0,-11.0,21.0,-170.0,137.0,-53.0
18710,Yemen,Sugar & Sweeteners,Import,495.0,495.0,501.0,753.0,406.0,610.0,550.0,708.0,660.0,679.0,896.0,766.0,774.0,701.0,1026.0,642.0,895.0,903.0
18711,Yemen,Sugar & Sweeteners,Production,1.0,1.0,1.0,1.0,5.0,6.0,6.0,9.0,9.0,10.0,9.0,7.0,10.0,8.0,12.0,8.0,10.0,9.0
18712,Yemen,Vegetable Oils,Human Consumption,131.0,122.0,133.0,155.0,187.0,179.0,187.0,184.0,176.0,156.0,160.0,170.0,183.0,201.0,131.0,163.0,160.0,182.0
18713,Yemen,Vegetable Oils,Other uses (non-food),26.0,25.0,28.0,25.0,34.0,26.0,26.0,8.0,0.0,0.0,0.0,21.0,40.0,60.0,26.0,37.0,35.0,35.0
18714,Yemen,Sugar & Sweeteners,Other uses (non-food),49.0,49.0,49.0,73.0,39.0,59.0,50.0,66.0,61.0,65.0,88.0,70.0,69.0,0.0,167.0,67.0,78.0,115.0
18715,Yemen,Vegetable Oils,Losses,0.0,0.0,0.0,0.0,0.0,0.0,0.0,0.0,0.0,0.0,0.0,0.0,0.0,0.0,0.0,0.0,0.0,0.0
18716,Yemen,Vegetables,Losses,30.0,31.0,32.0,33.0,33.0,34.0,35.0,38.0,40.0,42.0,44.0,37.0,43.0,38.0,38.0,34.0,30.0,30.0
18717,Yemen,Vegetables,Processing,0.0,0.0,0.0,0.0,0.0,0.0,0.0,0.0,0.0,0.0,0.0,0.0,0.0,0.0,0.0,0.0,0.0,0.0
18718,Yemen,Vegetables,Other uses (non-food),0.0,0.0,0.0,0.0,0.0,0.0,0.0,0.0,0.0,0.0,0.0,0.0,0.0,0.0,0.0,0.0,0.0,0.0
18719,Yemen,Vegetable Oils,Processing,0.0,0.0,0.0,0.0,0.0,0.0,0.0,0.0,0.0,0.0,0.0,0.0,0.0,0.0,0.0,0.0,0.0,0.0
18720,Yemen,Vegetable Oils,Production,11.0,11.0,11.0,12.0,10.0,11.0,12.0,13.0,12.0,12.0,12.0,12.0,13.0,11.0,18.0,9.0,8.0,8.0
18721,Yemen,Vegetables,Human Consumption,545.0,573.0,584.0,671.0,643.0,676.0,702.0,776.0,765.0,801.0,808.0,664.0,859.0,760.0,712.0,623.0,610.0,541.0
18722,Yemen,Vegetable Oils,Stock Variation,0.0,0.0,0.0,-2.0,-2.0,-2.0,1.0,-8.0,13.0,-2.0,-5.0,3.0,-8.0,8.0,0.0,0.0,0.0,0.0
18723,Yemen,Vegetable Oils,Export,0.0,0.0,0.0,7.0,7.0,7.0,10.0,8.0,6.0,5.0,1.0,8.0,8.0,6.0,5.0,3.0,1.0,3.0
18724,Yemen,Vegetable Oils,Domestic supply,157.0,146.0,161.0,181.0,220.0,205.0,213.0,192.0,177.0,157.0,160.0,191.0,224.0,261.0,155.0,198.0,194.0,217.0
18725,Yemen,Vegetable Oils,Feed,0.0,0.0,0.0,0.0,0.0,0.0,0.0,0.0,0.0,0.0,0.0,0.0,0.0,0.0,0.0,0.0,0.0,0.0
18726,Yemen,Vegetable Oils,Seed,0.0,0.0,0.0,0.0,0.0,0.0,0.0,0.0,0.0,0.0,0.0,0.0,0.0,0.0,0.0,0.0,0.0,0.0
18727,Yemen,Vegetable Oils,Import,146.0,136.0,150.0,177.0,219.0,202.0,211.0,196.0,157.0,151.0,155.0,184.0,226.0,247.0,143.0,192.0,187.0,212.0
18728,Zambia,Meat,Export,0.0,0.0,0.0,0.0,1.0,0.0,0.0,0.0,0.0,0.0,0.0,0.0,0.0,1.0,0.0,0.0,0.0,1.0
18729,Zambia,Meat,Domestic supply,137.0,143.0,148.0,152.0,147.0,156.0,149.0,155.0,159.0,172.0,186.0,183.0,187.0,189.0,214.0,217.0,224.0,236.0
18730,Zambia,Meat,Feed,0.0,0.0,0.0,0.0,0.0,0.0,0.0,0.0,0.0,0.0,0.0,0.0,0.0,0.0,0.0,0.0,0.0,0.0
18731,Zambia,Meat,Seed,0.0,0.0,0.0,0.0,0.0,0.0,0.0,0.0,0.0,0.0,0.0,0.0,0.0,0.0,0.0,0.0,0.0,0.0
18732,Zambia,Miscellaneous,Import,0.0,0.0,0.0,0.0,0.0,0.0,1.0,1.0,1.0,1.0,0.0,0.0,1.0,1.0,23.0,25.0,21.0,27.0
18733,Zambia,Meat,Processing,0.0,0.0,0.0,0.0,0.0,0.0,0.0,0.0,0.0,0.0,0.0,0.0,0.0,0.0,0.0,0.0,0.0,0.0
18734,Zambia,Meat,Other uses (non-food),0.0,0.0,0.0,0.0,0.0,0.0,0.0,0.0,0.0,0.0,0.0,0.0,0.0,0.0,11.0,10.0,0.0,0.0
18735,Zambia,Meat,Human Consumption,137.0,143.0,148.0,152.0,148.0,156.0,149.0,155.0,159.0,172.0,186.0,183.0,187.0,190.0,199.0,204.0,212.0,221.0
18736,Zambia,Miscellaneous,Production,0.0,0.0,0.0,0.0,0.0,0.0,0.0,0.0,0.0,0.0,0.0,0.0,0.0,0.0,0.0,0.0,0.0,0.0
18737,Zambia,Meat,Losses,0.0,0.0,0.0,0.0,0.0,0.0,0.0,0.0,0.0,0.0,0.0,0.0,0.0,0.0,15.0,12.0,12.0,15.0
18738,Zambia,Meat,Stock Variation,0.0,0.0,0.0,0.0,0.0,0.0,0.0,0.0,0.0,0.0,0.0,0.0,0.0,0.0,123.0,76.0,72.0,116.0
18739,Zambia,Offals,Losses,0.0,0.0,0.0,0.0,0.0,0.0,0.0,0.0,0.0,0.0,0.0,0.0,0.0,0.0,2.0,2.0,2.0,0.0
18740,Zambia,Meat,Production,137.0,142.0,148.0,151.0,148.0,156.0,149.0,155.0,159.0,172.0,185.0,181.0,183.0,187.0,331.0,284.0,285.0,341.0
18741,Zambia,Offals,Human Consumption,10.0,10.0,11.0,11.0,11.0,11.0,11.0,12.0,13.0,14.0,16.0,16.0,17.0,15.0,34.0,33.0,34.0,37.0
18742,Zambia,Offals,Other uses (non-food),0.0,0.0,0.0,0.0,0.0,0.0,0.0,0.0,0.0,0.0,0.0,0.0,0.0,0.0,0.0,0.0,0.0,0.0
18743,Zambia,Offals,Processing,0.0,0.0,0.0,0.0,0.0,0.0,0.0,0.0,0.0,0.0,0.0,0.0,0.0,0.0,0.0,0.0,0.0,0.0
18744,Zambia,Offals,Seed,0.0,0.0,0.0,0.0,0.0,0.0,0.0,0.0,0.0,0.0,0.0,0.0,0.0,0.0,0.0,0.0,0.0,0.0
18745,Zambia,Offals,Feed,0.0,0.0,0.0,0.0,0.0,0.0,0.0,0.0,0.0,0.0,0.0,0.0,0.0,0.0,0.0,1.0,1.0,0.0
18746,Zambia,Offals,Domestic supply,10.0,10.0,11.0,11.0,11.0,11.0,11.0,12.0,13.0,14.0,16.0,16.0,17.0,15.0,36.0,35.0,36.0,37.0
18747,Zambia,Offals,Export,0.0,0.0,0.0,0.0,0.0,0.0,0.0,0.0,0.0,0.0,0.0,0.0,0.0,0.0,0.0,0.0,0.0,0.0
18748,Zambia,Offals,Stock Variation,0.0,0.0,0.0,0.0,0.0,0.0,0.0,0.0,0.0,0.0,0.0,0.0,0.0,0.0,0.0,0.0,0.0,0.0
18749,Zambia,Offals,Import,0.0,0.0,0.0,0.0,0.0,0.0,0.0,0.0,1.0,1.0,1.0,2.0,3.0,1.0,0.0,0.0,0.0,0.0
18750,Zambia,Miscellaneous,Stock Variation,0.0,0.0,0.0,0.0,0.0,0.0,0.0,0.0,0.0,0.0,0.0,0.0,0.0,0.0,0.0,0.0,0.0,0.0
18751,Zambia,Meat,Import,1.0,0.0,0.0,1.0,0.0,0.0,0.0,0.0,1.0,0.0,1.0,2.0,4.0,3.0,6.0,8.0,11.0,12.0
18752,Zambia,Miscellaneous,Export,0.0,0.0,0.0,0.0,0.0,0.0,0.0,0.0,0.0,0.0,0.0,0.0,0.0,0.0,8.0,7.0,1.0,1.0
18753,Zambia,Alcoholic Beverages,Seed,0.0,0.0,0.0,0.0,0.0,0.0,0.0,0.0,0.0,0.0,0.0,0.0,0.0,0.0,0.0,0.0,0.0,0.0
18754,Zambia,Miscellaneous,Feed,0.0,0.0,0.0,0.0,0.0,0.0,0.0,0.0,0.0,0.0,0.0,0.0,0.0,0.0,0.0,0.0,0.0,0.0
18755,Zambia,Spices,Processing,0.0,0.0,0.0,0.0,0.0,0.0,0.0,0.0,0.0,0.0,0.0,0.0,0.0,0.0,0.0,0.0,0.0,0.0
18756,Zambia,Spices,Losses,0.0,0.0,0.0,0.0,0.0,0.0,0.0,0.0,0.0,0.0,0.0,0.0,0.0,0.0,0.0,0.0,0.0,0.0
18757,Zambia,Spices,Seed,0.0,0.0,0.0,0.0,0.0,0.0,0.0,0.0,0.0,0.0,0.0,0.0,0.0,0.0,0.0,0.0,0.0,0.0
18758,Zambia,Spices,Feed,0.0,0.0,0.0,0.0,0.0,0.0,0.0,0.0,0.0,0.0,0.0,0.0,0.0,0.0,0.0,0.0,0.0,0.0
18759,Zambia,Spices,Domestic supply,4.0,2.0,2.0,4.0,4.0,4.0,4.0,5.0,5.0,5.0,5.0,4.0,5.0,4.0,5.0,5.0,6.0,6.0
18760,Zambia,Spices,Export,1.0,2.0,2.0,1.0,1.0,0.0,1.0,1.0,1.0,0.0,0.0,0.0,0.0,1.0,0.0,0.0,0.0,0.0
18761,Zambia,Spices,Stock Variation,1.0,0.0,0.0,0.0,0.0,0.0,0.0,0.0,0.0,0.0,0.0,0.0,0.0,0.0,0.0,0.0,0.0,0.0
18762,Zambia,Spices,Import,0.0,1.0,0.0,0.0,0.0,0.0,1.0,1.0,1.0,1.0,1.0,1.0,2.0,1.0,2.0,1.0,3.0,2.0
18763,Zambia,Spices,Production,4.0,3.0,4.0,5.0,5.0,4.0,4.0,6.0,5.0,4.0,4.0,3.0,3.0,3.0,4.0,4.0,4.0,4.0
18764,Zambia,Alcoholic Beverages,Human Consumption,326.0,316.0,299.0,304.0,313.0,292.0,339.0,293.0,315.0,359.0,383.0,405.0,418.0,449.0,646.0,661.0,672.0,688.0
18765,Zambia,Alcoholic Beverages,Other uses (non-food),0.0,0.0,0.0,0.0,0.0,0.0,0.0,1.0,3.0,3.0,9.0,12.0,6.0,6.0,14.0,7.0,13.0,9.0
18766,Zambia,Miscellaneous,Domestic supply,0.0,0.0,0.0,0.0,0.0,0.0,1.0,1.0,1.0,0.0,0.0,0.0,1.0,1.0,15.0,18.0,20.0,26.0
18767,Zambia,Alcoholic Beverages,Processing,0.0,0.0,0.0,0.0,0.0,0.0,0.0,0.0,0.0,0.0,0.0,0.0,0.0,0.0,0.0,0.0,0.0,0.0
18768,Zambia,Alcoholic Beverages,Feed,0.0,0.0,0.0,0.0,0.0,0.0,0.0,0.0,0.0,0.0,0.0,0.0,0.0,0.0,0.0,0.0,0.0,0.0
18769,Zambia,Alcoholic Beverages,Domestic supply,326.0,316.0,299.0,304.0,313.0,293.0,339.0,294.0,318.0,362.0,392.0,416.0,424.0,455.0,661.0,667.0,685.0,697.0
18770,Zambia,Alcoholic Beverages,Export,0.0,0.0,0.0,0.0,0.0,0.0,0.0,0.0,0.0,0.0,0.0,0.0,0.0,22.0,1.0,2.0,0.0,4.0
18771,Zambia,Alcoholic Beverages,Stock Variation,0.0,0.0,0.0,0.0,0.0,0.0,-1.0,-1.0,-1.0,-1.0,-1.0,-1.0,-1.0,5.0,5.0,2.0,5.0,4.0
18772,Zambia,Alcoholic Beverages,Import,4.0,2.0,1.0,1.0,1.0,2.0,5.0,5.0,10.0,10.0,14.0,28.0,36.0,37.0,46.0,37.0,54.0,51.0
18773,Zambia,Alcoholic Beverages,Production,323.0,315.0,298.0,304.0,312.0,291.0,335.0,290.0,309.0,353.0,378.0,390.0,390.0,435.0,621.0,635.0,636.0,654.0
18774,Zambia,Miscellaneous,Human Consumption,0.0,0.0,0.0,0.0,0.0,0.0,1.0,1.0,1.0,0.0,0.0,0.0,1.0,1.0,15.0,18.0,20.0,26.0
18775,Zambia,Miscellaneous,Other uses (non-food),0.0,0.0,0.0,0.0,0.0,0.0,0.0,0.0,0.0,0.0,0.0,0.0,0.0,0.0,0.0,0.0,0.0,0.0
18776,Zambia,Miscellaneous,Processing,0.0,0.0,0.0,0.0,0.0,0.0,0.0,0.0,0.0,0.0,0.0,0.0,0.0,0.0,0.0,0.0,0.0,0.0
18777,Zambia,Miscellaneous,Losses,0.0,0.0,0.0,0.0,0.0,0.0,0.0,0.0,0.0,0.0,0.0,0.0,0.0,0.0,0.0,0.0,0.0,0.0
18778,Zambia,Miscellaneous,Seed,0.0,0.0,0.0,0.0,0.0,0.0,0.0,0.0,0.0,0.0,0.0,0.0,0.0,0.0,0.0,0.0,0.0,0.0
18779,Zambia,Alcoholic Beverages,Losses,0.0,0.0,0.0,0.0,0.0,0.0,0.0,0.0,0.0,0.0,0.0,0.0,0.0,0.0,0.0,0.0,0.0,0.0
18780,Zambia,Animal fats,Human Consumption,3.0,3.0,4.0,3.0,3.0,4.0,4.0,5.0,5.0,6.0,5.0,5.0,6.0,5.0,10.0,10.0,11.0,10.0
18781,Zambia,Cereals - Excluding Beer,Production,1203.0,946.0,750.0,1361.0,1375.0,1063.0,1599.0,1531.0,1388.0,2186.0,3083.0,3357.0,3188.0,2885.0,3666.0,2915.0,3122.0,3909.0
18782,Zambia,Animal fats,Processing,0.0,0.0,0.0,0.0,0.0,0.0,0.0,0.0,0.0,0.0,0.0,0.0,0.0,0.0,0.0,0.0,0.0,0.0
18783,Zambia,Eggs,Production,39.0,41.0,41.0,41.0,42.0,42.0,43.0,43.0,43.0,45.0,50.0,54.0,55.0,55.0,50.0,50.0,52.0,52.0
18784,Zambia,"Fish, Seafood",Human Consumption,72.0,67.0,70.0,77.0,79.0,80.0,72.0,86.0,84.0,96.0,92.0,90.0,90.0,90.0,163.0,194.0,197.0,203.0
18785,Zambia,"Fish, Seafood",Other uses (non-food),0.0,0.0,0.0,0.0,0.0,0.0,0.0,0.0,0.0,0.0,0.0,0.0,0.0,0.0,0.0,0.0,0.0,0.0
18786,Zambia,"Fish, Seafood",Feed,3.0,10.0,7.0,8.0,17.0,13.0,11.0,11.0,20.0,11.0,11.0,1.0,1.0,1.0,11.0,11.0,61.0,54.0
18787,Zambia,"Fish, Seafood",Domestic supply,75.0,77.0,77.0,84.0,96.0,93.0,83.0,97.0,104.0,107.0,103.0,92.0,92.0,92.0,173.0,204.0,258.0,257.0
18788,Zambia,"Fish, Seafood",Export,2.0,3.0,2.0,2.0,4.0,4.0,1.0,1.0,5.0,2.0,3.0,5.0,5.0,5.0,2.0,1.0,1.0,2.0
18789,Zambia,"Fish, Seafood",Stock Variation,0.0,0.0,0.0,0.0,0.0,0.0,0.0,0.0,0.0,0.0,0.0,0.0,0.0,0.0,0.0,0.0,0.0,0.0
18790,Zambia,"Fish, Seafood",Import,6.0,12.0,11.0,15.0,27.0,27.0,19.0,19.0,25.0,16.0,19.0,17.0,17.0,17.0,75.0,99.0,146.0,144.0
18791,Zambia,"Fish, Seafood",Production,71.0,68.0,68.0,71.0,73.0,71.0,65.0,79.0,85.0,93.0,87.0,80.0,80.0,80.0,100.0,106.0,113.0,114.0
18792,Zambia,"Aquatic Products, Other",Human Consumption,0.0,0.0,0.0,0.0,0.0,0.0,0.0,0.0,0.0,0.0,0.0,0.0,0.0,0.0,0.0,0.0,0.0,0.0
18793,Zambia,"Aquatic Products, Other",Other uses (non-food),0.0,0.0,0.0,0.0,0.0,0.0,0.0,0.0,0.0,0.0,0.0,0.0,0.0,0.0,0.0,0.0,0.0,0.0
18794,Zambia,Eggs,Import,0.0,0.0,0.0,0.0,0.0,0.0,0.0,6.0,0.0,0.0,0.0,0.0,0.0,0.0,0.0,0.0,0.0,0.0
18795,Zambia,"Aquatic Products, Other",Domestic supply,0.0,0.0,0.0,0.0,0.0,0.0,0.0,0.0,0.0,0.0,0.0,0.0,0.0,0.0,0.0,0.0,0.0,0.0
18796,Zambia,Cereals - Excluding Beer,Human Consumption,1397.0,1437.0,1441.0,1521.0,1502.0,1495.0,1541.0,1578.0,1559.0,1630.0,1662.0,1797.0,1873.0,1965.0,2240.0,2454.0,2433.0,2543.0
18797,Zambia,Cereals - Excluding Beer,Other uses (non-food),3.0,3.0,6.0,2.0,2.0,2.0,2.0,3.0,4.0,7.0,1.0,20.0,39.0,32.0,31.0,146.0,141.0,158.0
18798,Zambia,Cereals - Excluding Beer,Processing,64.0,62.0,59.0,59.0,61.0,56.0,66.0,55.0,60.0,69.0,74.0,78.0,79.0,79.0,66.0,70.0,80.0,70.0
18799,Zambia,Cereals - Excluding Beer,Losses,51.0,51.0,50.0,55.0,58.0,58.0,62.0,61.0,62.0,72.0,97.0,105.0,97.0,88.0,113.0,94.0,97.0,121.0
18800,Zambia,Cereals - Excluding Beer,Seed,20.0,15.0,24.0,22.0,17.0,26.0,20.0,19.0,32.0,37.0,38.0,37.0,36.0,36.0,44.0,34.0,38.0,43.0
18801,Zambia,Cereals - Excluding Beer,Feed,28.0,28.0,28.0,27.0,33.0,22.0,34.0,27.0,27.0,103.0,183.0,283.0,322.0,402.0,469.0,286.0,322.0,367.0
18802,Zambia,Cereals - Excluding Beer,Domestic supply,1563.0,1596.0,1607.0,1686.0,1673.0,1659.0,1725.0,1742.0,1745.0,1918.0,2055.0,2320.0,2426.0,2598.0,2964.0,3085.0,3110.0,3303.0
18803,Zambia,Cereals - Excluding Beer,Export,24.0,24.0,9.0,56.0,128.0,80.0,59.0,268.0,255.0,86.0,141.0,599.0,846.0,301.0,206.0,766.0,325.0,372.0
18804,Zambia,Cereals - Excluding Beer,Stock Variation,303.0,545.0,594.0,117.0,246.0,450.0,-126.0,410.0,546.0,-270.0,-921.0,-488.0,5.0,-44.0,532.0,-836.0,-275.0,331.0
18805,Zambia,Cereals - Excluding Beer,Import,80.0,129.0,272.0,264.0,180.0,227.0,310.0,70.0,66.0,88.0,34.0,50.0,79.0,58.0,36.0,100.0,38.0,97.0
18806,Zambia,Spices,Other uses (non-food),0.0,0.0,0.0,0.0,0.0,0.0,0.0,0.0,0.0,0.0,0.0,0.0,0.0,0.0,0.0,0.0,0.0,0.0
18807,Zambia,"Aquatic Products, Other",Import,0.0,0.0,0.0,0.0,0.0,0.0,0.0,0.0,0.0,0.0,0.0,0.0,0.0,0.0,0.0,0.0,0.0,0.0
18808,Zambia,Eggs,Stock Variation,0.0,0.0,0.0,0.0,0.0,0.0,0.0,0.0,0.0,0.0,0.0,0.0,0.0,0.0,0.0,0.0,0.0,0.0
18809,Zambia,Eggs,Export,0.0,0.0,1.0,0.0,0.0,0.0,1.0,1.0,1.0,1.0,1.0,1.0,1.0,1.0,1.0,1.0,0.0,1.0
18810,Zambia,Eggs,Domestic supply,39.0,41.0,40.0,41.0,42.0,42.0,42.0,48.0,42.0,44.0,49.0,53.0,54.0,54.0,49.0,49.0,51.0,51.0
18811,Zambia,Animal fats,Losses,0.0,0.0,0.0,0.0,0.0,0.0,0.0,0.0,0.0,0.0,0.0,0.0,0.0,0.0,0.0,0.0,0.0,0.0
18812,Zambia,Animal fats,Seed,0.0,0.0,0.0,0.0,0.0,0.0,0.0,0.0,0.0,0.0,0.0,0.0,0.0,0.0,0.0,0.0,0.0,0.0
18813,Zambia,Animal fats,Feed,0.0,0.0,0.0,0.0,0.0,0.0,0.0,0.0,0.0,0.0,0.0,0.0,0.0,0.0,0.0,0.0,0.0,0.0
18814,Zambia,Animal fats,Domestic supply,10.0,7.0,7.0,7.0,7.0,7.0,6.0,9.0,8.0,9.0,7.0,5.0,7.0,6.0,11.0,10.0,11.0,10.0
18815,Zambia,Animal fats,Export,0.0,0.0,0.0,0.0,0.0,0.0,0.0,0.0,0.0,0.0,1.0,1.0,1.0,2.0,0.0,0.0,0.0,0.0
18816,Zambia,Animal fats,Stock Variation,0.0,0.0,0.0,0.0,0.0,0.0,0.0,0.0,0.0,0.0,0.0,0.0,0.0,0.0,0.0,0.0,0.0,0.0
18817,Zambia,Animal fats,Import,7.0,4.0,4.0,4.0,4.0,4.0,3.0,5.0,5.0,4.0,3.0,2.0,4.0,2.0,0.0,0.0,0.0,0.0
18818,Zambia,Animal fats,Production,3.0,3.0,3.0,3.0,3.0,3.0,3.0,4.0,4.0,4.0,5.0,4.0,4.0,4.0,10.0,10.0,11.0,10.0
18819,Zambia,Milk - Excluding Butter,Human Consumption,83.0,84.0,85.0,84.0,88.0,88.0,88.0,95.0,98.0,97.0,112.0,113.0,129.0,141.0,208.0,199.0,196.0,211.0
18820,Zambia,Milk - Excluding Butter,Other uses (non-food),0.0,0.0,0.0,0.0,0.0,0.0,0.0,0.0,0.0,0.0,0.0,0.0,0.0,0.0,0.0,0.0,0.0,0.0
18821,Zambia,Milk - Excluding Butter,Processing,0.0,0.0,0.0,0.0,0.0,0.0,0.0,0.0,0.0,0.0,0.0,0.0,0.0,0.0,0.0,0.0,0.0,0.0
18822,Zambia,Milk - Excluding Butter,Losses,4.0,4.0,4.0,4.0,4.0,4.0,4.0,4.0,4.0,4.0,4.0,4.0,4.0,4.0,21.0,19.0,19.0,20.0
18823,Zambia,Milk - Excluding Butter,Seed,0.0,0.0,0.0,0.0,0.0,0.0,0.0,0.0,0.0,0.0,0.0,0.0,0.0,0.0,0.0,0.0,0.0,0.0
18824,Zambia,Milk - Excluding Butter,Feed,0.0,0.0,0.0,0.0,0.0,0.0,0.0,0.0,0.0,0.0,0.0,0.0,3.0,5.0,197.0,185.0,177.0,178.0
18825,Zambia,Milk - Excluding Butter,Domestic supply,87.0,88.0,90.0,89.0,92.0,92.0,92.0,100.0,102.0,101.0,117.0,118.0,136.0,150.0,425.0,403.0,392.0,405.0
18826,Zambia,Milk - Excluding Butter,Export,1.0,2.0,1.0,1.0,0.0,1.0,1.0,1.0,2.0,39.0,4.0,3.0,2.0,3.0,1.0,0.0,0.0,6.0
18827,Zambia,Milk - Excluding Butter,Stock Variation,0.0,0.0,0.0,0.0,-4.0,-4.0,-4.0,-4.0,-8.0,23.0,0.0,0.0,0.0,0.0,0.0,0.0,0.0,0.0
18828,Zambia,Milk - Excluding Butter,Import,13.0,12.0,6.0,6.0,16.0,12.0,15.0,21.0,26.0,30.0,32.0,32.0,50.0,65.0,9.0,21.0,16.0,14.0
18829,Zambia,Milk - Excluding Butter,Production,75.0,78.0,84.0,84.0,81.0,84.0,81.0,84.0,86.0,87.0,89.0,89.0,89.0,89.0,417.0,383.0,376.0,397.0
18830,Zambia,Eggs,Human Consumption,34.0,36.0,36.0,36.0,37.0,37.0,38.0,43.0,37.0,39.0,43.0,47.0,48.0,48.0,37.0,38.0,39.0,41.0
18831,Zambia,Eggs,Other uses (non-food),0.0,0.0,0.0,0.0,0.0,0.0,0.0,0.0,0.0,0.0,0.0,0.0,0.0,0.0,0.0,0.0,0.0,0.0
18832,Zambia,Eggs,Processing,0.0,0.0,0.0,0.0,0.0,0.0,0.0,0.0,0.0,0.0,0.0,0.0,0.0,0.0,0.0,0.0,0.0,0.0
18833,Zambia,Eggs,Losses,2.0,2.0,2.0,2.0,2.0,2.0,2.0,2.0,2.0,2.0,2.0,3.0,3.0,3.0,2.0,2.0,3.0,3.0
18834,Zambia,Eggs,Seed,3.0,3.0,3.0,3.0,3.0,3.0,3.0,3.0,3.0,3.0,3.0,3.0,3.0,3.0,2.0,3.0,3.0,3.0
18835,Zambia,Eggs,Feed,0.0,0.0,0.0,0.0,0.0,0.0,0.0,0.0,0.0,0.0,0.0,0.0,0.0,0.0,7.0,6.0,6.0,5.0
18836,Zambia,Animal fats,Other uses (non-food),7.0,4.0,4.0,3.0,4.0,3.0,2.0,4.0,3.0,3.0,2.0,1.0,2.0,1.0,0.0,0.0,0.0,0.0
18837,Zambia,Spices,Human Consumption,4.0,2.0,2.0,4.0,4.0,4.0,4.0,5.0,5.0,5.0,5.0,4.0,5.0,4.0,5.0,5.0,6.0,6.0
18838,Zambia,Offals,Production,10.0,10.0,11.0,11.0,11.0,11.0,11.0,12.0,12.0,14.0,15.0,14.0,14.0,14.0,36.0,35.0,36.0,36.0
18839,Zambia,Stimulants,Import,1.0,1.0,1.0,1.0,1.0,1.0,2.0,2.0,2.0,2.0,3.0,3.0,3.0,3.0,3.0,2.0,2.0,2.0
18840,Zambia,Oilcrops,Domestic supply,120.0,104.0,100.0,100.0,110.0,150.0,109.0,101.0,204.0,258.0,278.0,332.0,358.0,329.0,433.0,465.0,482.0,508.0
18841,Zambia,Oilcrops,Export,12.0,1.0,15.0,32.0,31.0,72.0,64.0,71.0,9.0,20.0,48.0,18.0,74.0,60.0,39.0,22.0,17.0,90.0
18842,Zambia,Oilcrops,Stock Variation,-1.0,9.0,3.0,-4.0,-12.0,-36.0,-41.0,-27.0,-29.0,-59.0,-3.0,-101.0,-128.0,-82.0,7.0,11.0,65.0,46.0
18843,Zambia,Oilcrops,Import,8.0,10.0,1.0,9.0,3.0,13.0,4.0,4.0,41.0,10.0,5.0,9.0,80.0,10.0,8.0,8.0,2.0,3.0
18844,Zambia,Oilcrops,Production,125.0,86.0,111.0,127.0,151.0,244.0,210.0,195.0,202.0,327.0,324.0,442.0,480.0,462.0,470.0,489.0,563.0,640.0
18845,Zambia,Treenuts,Human Consumption,0.0,0.0,0.0,0.0,0.0,0.0,0.0,0.0,1.0,0.0,0.0,1.0,0.0,0.0,0.0,0.0,0.0,0.0
18846,Zambia,Treenuts,Other uses (non-food),0.0,0.0,0.0,0.0,0.0,0.0,0.0,0.0,0.0,0.0,0.0,0.0,0.0,0.0,0.0,0.0,0.0,0.0
18847,Zambia,Treenuts,Processing,0.0,0.0,0.0,0.0,0.0,0.0,0.0,0.0,0.0,0.0,0.0,0.0,0.0,0.0,0.0,0.0,0.0,0.0
18848,Zambia,Treenuts,Losses,0.0,0.0,0.0,0.0,0.0,0.0,0.0,0.0,0.0,0.0,0.0,0.0,0.0,0.0,0.0,0.0,0.0,0.0
18849,Zambia,Treenuts,Seed,0.0,0.0,0.0,0.0,0.0,0.0,0.0,0.0,0.0,0.0,0.0,0.0,0.0,0.0,0.0,0.0,0.0,0.0
18850,Zambia,Treenuts,Feed,0.0,0.0,0.0,0.0,0.0,0.0,0.0,0.0,0.0,0.0,0.0,0.0,0.0,0.0,0.0,0.0,0.0,0.0
18851,Zambia,Oilcrops,Seed,10.0,11.0,11.0,13.0,16.0,15.0,13.0,14.0,22.0,24.0,25.0,33.0,32.0,32.0,29.0,31.0,33.0,40.0
18852,Zambia,Treenuts,Domestic supply,0.0,0.0,0.0,0.0,0.0,0.0,0.0,0.0,1.0,0.0,0.0,1.0,0.0,0.0,0.0,0.0,0.0,0.0
18853,Zambia,Treenuts,Stock Variation,0.0,0.0,0.0,0.0,0.0,0.0,0.0,0.0,0.0,0.0,0.0,0.0,0.0,0.0,0.0,0.0,0.0,0.0
18854,Zambia,Treenuts,Import,0.0,0.0,0.0,0.0,0.0,0.0,0.0,0.0,1.0,0.0,0.0,1.0,0.0,0.0,0.0,0.0,0.0,0.0
18855,Zambia,Treenuts,Production,0.0,0.0,0.0,0.0,0.0,0.0,0.0,0.0,0.0,0.0,0.0,0.0,0.0,0.0,0.0,0.0,0.0,0.0
18856,Zambia,Pulses,Human Consumption,14.0,18.0,21.0,30.0,28.0,37.0,39.0,22.0,20.0,24.0,22.0,25.0,26.0,27.0,22.0,20.0,20.0,21.0
18857,Zambia,Pulses,Other uses (non-food),0.0,0.0,0.0,0.0,0.0,0.0,0.0,0.0,0.0,0.0,0.0,0.0,0.0,0.0,0.0,0.0,0.0,0.0
18858,Zambia,Pulses,Processing,0.0,0.0,0.0,0.0,0.0,0.0,0.0,0.0,0.0,0.0,0.0,0.0,0.0,0.0,0.0,0.0,0.0,0.0
18859,Zambia,Pulses,Losses,1.0,1.0,1.0,1.0,1.0,1.0,1.0,1.0,1.0,1.0,1.0,2.0,2.0,2.0,2.0,2.0,2.0,2.0
18860,Zambia,Pulses,Seed,3.0,3.0,4.0,4.0,4.0,4.0,4.0,4.0,4.0,5.0,5.0,5.0,5.0,5.0,5.0,5.0,5.0,5.0
18861,Zambia,Pulses,Feed,0.0,0.0,0.0,0.0,0.0,0.0,0.0,0.0,0.0,0.0,0.0,0.0,0.0,0.0,5.0,5.0,4.0,4.0
18862,Zambia,Pulses,Domestic supply,18.0,22.0,25.0,34.0,33.0,42.0,44.0,27.0,26.0,30.0,28.0,32.0,33.0,33.0,33.0,32.0,31.0,31.0
18863,Zambia,Pulses,Export,0.0,0.0,0.0,0.0,0.0,1.0,1.0,2.0,3.0,2.0,2.0,0.0,1.0,1.0,4.0,9.0,2.0,12.0
18864,Zambia,Treenuts,Export,0.0,0.0,0.0,0.0,0.0,0.0,0.0,0.0,0.0,0.0,0.0,0.0,0.0,0.0,0.0,0.0,0.0,0.0
18865,Zambia,Pulses,Stock Variation,0.0,0.0,-1.0,-2.0,-2.0,-2.0,-2.0,0.0,2.0,2.0,2.0,0.0,1.0,1.0,-5.0,-9.0,-2.0,-12.0
18866,Zambia,Oilcrops,Losses,5.0,4.0,5.0,5.0,5.0,8.0,8.0,5.0,7.0,13.0,15.0,24.0,13.0,14.0,18.0,19.0,22.0,23.0
18867,Zambia,Oilcrops,Other uses (non-food),0.0,0.0,0.0,0.0,0.0,0.0,0.0,0.0,0.0,0.0,0.0,0.0,0.0,0.0,0.0,0.0,0.0,0.0
18868,Zambia,Stimulants,Production,6.0,6.0,7.0,7.0,6.0,5.0,6.0,6.0,7.0,6.0,7.0,7.0,7.0,7.0,7.0,7.0,8.0,8.0
18869,Zambia,Sugar Crops,Human Consumption,0.0,0.0,0.0,0.0,0.0,0.0,0.0,0.0,0.0,0.0,0.0,0.0,0.0,0.0,0.0,0.0,0.0,0.0
18870,Zambia,Sugar Crops,Other uses (non-food),0.0,0.0,0.0,0.0,0.0,0.0,0.0,0.0,0.0,0.0,0.0,0.0,0.0,0.0,0.0,0.0,0.0,0.0
18871,Zambia,Sugar Crops,Processing,1600.0,2000.0,2300.0,2300.0,2350.0,2300.0,2450.0,2430.0,2050.0,3200.0,3500.0,3500.0,3900.0,4000.0,4301.0,3894.0,3743.0,3970.0
18872,Zambia,Sugar Crops,Losses,0.0,0.0,0.0,0.0,0.0,0.0,0.0,0.0,0.0,0.0,0.0,0.0,0.0,0.0,216.0,223.0,230.0,238.0
18873,Zambia,Sugar Crops,Seed,0.0,0.0,0.0,0.0,0.0,0.0,0.0,0.0,0.0,0.0,0.0,0.0,0.0,0.0,0.0,0.0,0.0,0.0
18874,Zambia,Sugar Crops,Feed,0.0,0.0,0.0,0.0,0.0,0.0,0.0,0.0,0.0,0.0,0.0,0.0,0.0,0.0,757.0,45.0,332.0,243.0
18875,Zambia,Sugar Crops,Domestic supply,1600.0,2000.0,2300.0,2300.0,2350.0,2300.0,2450.0,2430.0,2050.0,3200.0,3500.0,3500.0,3900.0,4000.0,5274.0,4162.0,4305.0,4451.0
18876,Zambia,Sugar Crops,Export,0.0,0.0,0.0,0.0,0.0,0.0,0.0,0.0,0.0,0.0,0.0,0.0,0.0,0.0,0.0,0.0,0.0,0.0
18877,Zambia,Sugar Crops,Stock Variation,0.0,0.0,0.0,0.0,0.0,0.0,0.0,0.0,0.0,0.0,0.0,0.0,0.0,0.0,-1228.0,0.0,0.0,0.0
18878,Zambia,Sugar Crops,Import,0.0,0.0,0.0,0.0,0.0,0.0,0.0,0.0,0.0,0.0,0.0,0.0,0.0,0.0,0.0,0.0,0.0,0.0
18879,Zambia,Oilcrops,Processing,70.0,68.0,57.0,54.0,61.0,40.0,37.0,48.0,91.0,106.0,76.0,117.0,137.0,100.0,136.0,122.0,124.0,127.0
18880,Zambia,Sugar Crops,Production,1600.0,2000.0,2300.0,2300.0,2350.0,2300.0,2450.0,2430.0,2050.0,3200.0,3500.0,3500.0,3900.0,4000.0,4046.0,4162.0,4305.0,4451.0
18881,Zambia,Starchy Roots,Other uses (non-food),0.0,0.0,0.0,0.0,0.0,0.0,0.0,0.0,0.0,0.0,0.0,0.0,0.0,0.0,0.0,0.0,0.0,0.0
18882,Zambia,Starchy Roots,Processing,0.0,0.0,0.0,0.0,0.0,0.0,0.0,0.0,0.0,0.0,0.0,0.0,0.0,0.0,0.0,0.0,0.0,0.0
18883,Zambia,Starchy Roots,Losses,47.0,56.0,53.0,59.0,60.0,60.0,64.0,61.0,71.0,79.0,84.0,70.0,71.0,74.0,82.0,84.0,96.0,95.0
18884,Zambia,Starchy Roots,Seed,1.0,1.0,1.0,1.0,1.0,1.0,1.0,1.0,1.0,1.0,1.0,1.0,1.0,1.0,1.0,2.0,1.0,1.0
18885,Zambia,Starchy Roots,Feed,0.0,0.0,0.0,0.0,0.0,0.0,0.0,0.0,0.0,0.0,0.0,0.0,0.0,0.0,198.0,244.0,267.0,236.0
18886,Zambia,Starchy Roots,Domestic supply,879.0,1043.0,997.0,1077.0,1080.0,1149.0,1185.0,1154.0,1307.0,1387.0,1433.0,1264.0,1262.0,1296.0,1108.0,1159.0,1301.0,1287.0
18887,Zambia,Starchy Roots,Export,0.0,0.0,0.0,1.0,5.0,0.0,0.0,0.0,0.0,0.0,1.0,0.0,1.0,3.0,4.0,7.0,0.0,1.0
18888,Zambia,Starchy Roots,Stock Variation,0.0,0.0,0.0,0.0,0.0,0.0,0.0,0.0,0.0,0.0,0.0,0.0,0.0,0.0,0.0,-37.0,0.0,-1.0
18889,Zambia,Starchy Roots,Import,2.0,6.0,7.0,5.0,5.0,12.0,10.0,4.0,5.0,5.0,6.0,5.0,7.0,9.0,11.0,12.0,13.0,12.0
18890,Zambia,Starchy Roots,Production,877.0,1038.0,990.0,1073.0,1081.0,1137.0,1175.0,1150.0,1302.0,1383.0,1428.0,1259.0,1256.0,1289.0,1101.0,1117.0,1288.0,1275.0
18891,Zambia,Oilcrops,Human Consumption,34.0,22.0,27.0,29.0,28.0,87.0,52.0,34.0,84.0,115.0,162.0,159.0,176.0,183.0,192.0,211.0,217.0,225.0
18892,Zambia,Starchy Roots,Human Consumption,832.0,986.0,944.0,1017.0,1020.0,1088.0,1120.0,1091.0,1235.0,1307.0,1347.0,1192.0,1190.0,1221.0,831.0,832.0,936.0,956.0
18893,Zambia,Pulses,Import,2.0,5.0,8.0,16.0,12.0,23.0,24.0,6.0,3.0,2.0,1.0,2.0,0.0,1.0,1.0,1.0,0.0,1.0
18894,Zambia,Oilcrops,Feed,0.0,0.0,0.0,0.0,0.0,0.0,0.0,0.0,0.0,0.0,0.0,0.0,0.0,0.0,62.0,83.0,87.0,93.0
18895,Zambia,Sugar & Sweeteners,Human Consumption,163.0,118.0,135.0,131.0,130.0,126.0,134.0,119.0,120.0,133.0,135.0,142.0,154.0,149.0,315.0,216.0,234.0,188.0
18896,Zambia,Vegetables,Domestic supply,268.0,271.0,267.0,290.0,294.0,289.0,351.0,366.0,370.0,329.0,370.0,406.0,420.0,412.0,427.0,452.0,464.0,424.0
18897,Zambia,Vegetables,Export,2.0,4.0,4.0,4.0,6.0,9.0,7.0,6.0,5.0,5.0,3.0,3.0,11.0,19.0,3.0,1.0,7.0,52.0
18898,Zambia,Vegetables,Stock Variation,0.0,0.0,0.0,0.0,0.0,1.0,0.0,0.0,0.0,0.0,0.0,0.0,0.0,0.0,0.0,0.0,0.0,0.0
18899,Zambia,Vegetables,Import,3.0,4.0,4.0,8.0,3.0,4.0,6.0,5.0,5.0,4.0,7.0,9.0,13.0,12.0,11.0,14.0,17.0,12.0
18900,Zambia,Vegetables,Production,267.0,272.0,267.0,286.0,297.0,293.0,353.0,367.0,370.0,330.0,366.0,401.0,419.0,420.0,419.0,440.0,453.0,464.0
18901,Zambia,Fruits - Excluding Wine,Human Consumption,104.0,117.0,116.0,111.0,113.0,117.0,134.0,130.0,130.0,132.0,128.0,130.0,147.0,149.0,153.0,137.0,141.0,122.0
18902,Zambia,Fruits - Excluding Wine,Other uses (non-food),0.0,0.0,0.0,0.0,0.0,0.0,0.0,0.0,0.0,0.0,0.0,0.0,0.0,0.0,0.0,0.0,0.0,0.0
18903,Zambia,Fruits - Excluding Wine,Processing,0.0,0.0,0.0,0.0,0.0,0.0,0.0,0.0,0.0,0.0,0.0,0.0,0.0,0.0,0.0,0.0,0.0,0.0
18904,Zambia,Fruits - Excluding Wine,Losses,11.0,12.0,12.0,12.0,12.0,12.0,13.0,13.0,13.0,13.0,13.0,13.0,13.0,14.0,17.0,15.0,15.0,14.0
18905,Zambia,Fruits - Excluding Wine,Seed,0.0,0.0,0.0,0.0,0.0,0.0,0.0,0.0,0.0,0.0,0.0,0.0,0.0,0.0,0.0,0.0,0.0,0.0
18906,Zambia,Fruits - Excluding Wine,Domestic supply,114.0,128.0,128.0,123.0,123.0,129.0,147.0,143.0,143.0,145.0,140.0,142.0,161.0,162.0,170.0,152.0,156.0,136.0
18907,Zambia,Vegetables,Feed,0.0,0.0,0.0,0.0,1.0,0.0,0.0,0.0,0.0,0.0,0.0,0.0,0.0,0.0,0.0,0.0,0.0,0.0
18908,Zambia,Fruits - Excluding Wine,Export,1.0,0.0,0.0,1.0,2.0,1.0,0.0,2.0,3.0,3.0,5.0,32.0,6.0,11.0,1.0,1.0,0.0,1.0
18909,Zambia,Fruits - Excluding Wine,Import,14.0,26.0,24.0,19.0,22.0,24.0,39.0,37.0,40.0,31.0,37.0,42.0,54.0,59.0,58.0,41.0,43.0,22.0
18910,Zambia,Fruits - Excluding Wine,Production,101.0,103.0,104.0,105.0,104.0,106.0,113.0,112.0,111.0,119.0,112.0,111.0,113.0,113.0,113.0,113.0,113.0,114.0
18911,Zambia,Stimulants,Human Consumption,2.0,1.0,2.0,2.0,2.0,2.0,3.0,4.0,6.0,6.0,9.0,9.0,10.0,9.0,9.0,9.0,9.0,7.0
18912,Zambia,Stimulants,Other uses (non-food),0.0,0.0,0.0,0.0,0.0,0.0,0.0,0.0,0.0,0.0,0.0,0.0,0.0,0.0,0.0,0.0,0.0,0.0
18913,Zambia,Stimulants,Processing,0.0,0.0,0.0,0.0,0.0,0.0,0.0,0.0,0.0,0.0,0.0,0.0,0.0,0.0,0.0,0.0,0.0,0.0
18914,Zambia,Stimulants,Losses,0.0,0.0,0.0,0.0,0.0,0.0,0.0,0.0,0.0,0.0,0.0,0.0,0.0,0.0,0.0,0.0,0.0,0.0
18915,Zambia,Stimulants,Seed,0.0,0.0,0.0,0.0,0.0,0.0,0.0,0.0,0.0,0.0,0.0,0.0,0.0,0.0,0.0,0.0,0.0,0.0
18916,Zambia,Stimulants,Feed,0.0,0.0,0.0,0.0,0.0,0.0,0.0,0.0,0.0,0.0,0.0,0.0,0.0,0.0,0.0,0.0,0.0,0.0
18917,Zambia,Stimulants,Domestic supply,2.0,1.0,2.0,2.0,2.0,2.0,3.0,4.0,6.0,6.0,9.0,9.0,10.0,6.0,9.0,9.0,10.0,5.0
18918,Zambia,Stimulants,Export,5.0,6.0,6.0,7.0,7.0,7.0,5.0,4.0,3.0,2.0,1.0,1.0,1.0,5.0,0.0,1.0,1.0,5.0
18919,Zambia,Pulses,Production,16.0,17.0,19.0,21.0,23.0,23.0,23.0,24.0,24.0,28.0,27.0,30.0,32.0,32.0,31.0,31.0,31.0,31.0
18920,Zambia,Fruits - Excluding Wine,Stock Variation,0.0,0.0,0.0,0.0,0.0,0.0,-4.0,-4.0,-6.0,-3.0,-4.0,20.0,0.0,0.0,0.0,0.0,0.0,0.0
18921,Zambia,Vegetables,Seed,0.0,0.0,0.0,0.0,0.0,0.0,0.0,0.0,0.0,0.0,0.0,0.0,0.0,0.0,0.0,0.0,0.0,0.0
18922,Zambia,Fruits - Excluding Wine,Feed,0.0,0.0,0.0,0.0,0.0,0.0,0.0,0.0,0.0,0.0,0.0,0.0,0.0,0.0,0.0,0.0,0.0,0.0
18923,Zambia,Stimulants,Stock Variation,0.0,0.0,0.0,1.0,3.0,3.0,0.0,0.0,0.0,0.0,0.0,0.0,0.0,0.0,0.0,0.0,0.0,0.0
18924,Zambia,Vegetables,Losses,27.0,27.0,27.0,29.0,30.0,30.0,36.0,37.0,37.0,33.0,37.0,40.0,43.0,43.0,47.0,49.0,50.0,52.0
18925,Zambia,Sugar & Sweeteners,Processing,0.0,0.0,0.0,0.0,0.0,0.0,0.0,0.0,0.0,0.0,0.0,0.0,0.0,0.0,13.0,7.0,13.0,9.0
18926,Zambia,Sugar & Sweeteners,Losses,0.0,0.0,0.0,0.0,0.0,0.0,0.0,0.0,0.0,0.0,0.0,0.0,0.0,0.0,0.0,0.0,0.0,0.0
18927,Zambia,Sugar & Sweeteners,Seed,0.0,0.0,0.0,0.0,0.0,0.0,0.0,0.0,0.0,0.0,0.0,0.0,0.0,0.0,0.0,0.0,0.0,0.0
18928,Zambia,Sugar & Sweeteners,Feed,0.0,0.0,0.0,0.0,0.0,0.0,0.0,0.0,0.0,0.0,0.0,0.0,0.0,0.0,0.0,0.0,0.0,0.0
18929,Zambia,Sugar & Sweeteners,Domestic supply,163.0,118.0,135.0,130.0,130.0,126.0,134.0,119.0,120.0,133.0,135.0,142.0,154.0,149.0,328.0,224.0,397.0,248.0
18930,Zambia,Sugar & Sweeteners,Export,76.0,102.0,101.0,108.0,112.0,117.0,115.0,142.0,105.0,166.0,282.0,272.0,236.0,224.0,245.0,256.0,75.0,283.0
18931,Zambia,Sugar & Sweeteners,Stock Variation,46.0,11.0,0.0,0.0,0.0,0.0,-11.0,5.0,5.0,-33.0,-1.0,22.0,-53.0,-65.0,-42.0,-6.0,13.0,-16.0
18932,Zambia,Sugar & Sweeteners,Import,4.0,9.0,3.0,5.0,3.0,11.0,11.0,10.0,12.0,8.0,8.0,10.0,13.0,14.0,16.0,28.0,30.0,51.0
18933,Zambia,Sugar & Sweeteners,Production,189.0,200.0,233.0,233.0,239.0,232.0,249.0,246.0,207.0,324.0,410.0,382.0,431.0,424.0,516.0,446.0,455.0,463.0
18934,Zambia,Vegetable Oils,Human Consumption,37.0,37.0,46.0,49.0,64.0,55.0,48.0,54.0,55.0,63.0,61.0,65.0,66.0,71.0,84.0,82.0,86.0,80.0
18935,Zambia,Vegetable Oils,Other uses (non-food),6.0,8.0,2.0,2.0,2.0,10.0,20.0,23.0,17.0,14.0,18.0,21.0,29.0,30.0,17.0,19.0,20.0,21.0
18936,Zambia,Sugar & Sweeteners,Other uses (non-food),0.0,0.0,0.0,0.0,0.0,0.0,0.0,0.0,0.0,0.0,0.0,0.0,0.0,0.0,0.0,0.0,150.0,51.0
18937,Zambia,Vegetable Oils,Losses,0.0,0.0,0.0,0.0,0.0,0.0,0.0,0.0,0.0,0.0,0.0,0.0,0.0,0.0,0.0,0.0,0.0,0.0
18938,Zambia,Vegetable Oils,Processing,0.0,0.0,0.0,0.0,0.0,0.0,0.0,0.0,0.0,0.0,0.0,0.0,0.0,0.0,0.0,0.0,0.0,0.0
18939,Zambia,Vegetables,Other uses (non-food),0.0,0.0,0.0,0.0,0.0,0.0,0.0,0.0,0.0,0.0,0.0,0.0,0.0,0.0,0.0,0.0,0.0,0.0
18940,Zambia,Vegetables,Human Consumption,241.0,244.0,240.0,262.0,265.0,260.0,317.0,330.0,333.0,296.0,333.0,366.0,387.0,375.0,382.0,404.0,414.0,416.0
18941,Zambia,Vegetable Oils,Production,14.0,13.0,11.0,10.0,12.0,8.0,8.0,9.0,16.0,20.0,16.0,23.0,25.0,21.0,36.0,38.0,25.0,27.0
18942,Zambia,Vegetable Oils,Import,29.0,36.0,37.0,42.0,55.0,60.0,67.0,63.0,56.0,65.0,82.0,90.0,98.0,89.0,75.0,82.0,83.0,76.0
18943,Zambia,Vegetables,Processing,0.0,0.0,0.0,0.0,0.0,0.0,0.0,0.0,0.0,0.0,0.0,0.0,0.0,0.0,0.0,0.0,0.0,0.0
18944,Zambia,Vegetable Oils,Export,0.0,0.0,0.0,0.0,0.0,0.0,1.0,2.0,1.0,1.0,3.0,13.0,23.0,19.0,10.0,19.0,1.0,3.0
18945,Zambia,Vegetable Oils,Domestic supply,43.0,45.0,48.0,52.0,66.0,64.0,68.0,76.0,73.0,77.0,79.0,82.0,74.0,93.0,101.0,101.0,106.0,101.0
18946,Zambia,Vegetable Oils,Feed,0.0,0.0,0.0,0.0,0.0,0.0,0.0,0.0,0.0,0.0,0.0,0.0,0.0,0.0,0.0,0.0,0.0,0.0
18947,Zambia,Vegetable Oils,Seed,0.0,0.0,0.0,0.0,0.0,0.0,0.0,0.0,0.0,0.0,0.0,0.0,0.0,0.0,0.0,0.0,0.0,0.0
18948,Zambia,Vegetable Oils,Stock Variation,0.0,-4.0,0.0,0.0,0.0,-3.0,-6.0,6.0,2.0,-7.0,-15.0,-18.0,-26.0,2.0,0.0,0.0,1.0,0.0
18949,Zimbabwe,Meat,Import,0.0,0.0,0.0,0.0,2.0,1.0,2.0,2.0,1.0,18.0,21.0,32.0,36.0,13.0,12.0,10.0,10.0,8.0
18950,Zimbabwe,Meat,Other uses (non-food),0.0,0.0,0.0,1.0,0.0,1.0,1.0,1.0,1.0,1.0,1.0,1.0,1.0,1.0,0.0,0.0,0.0,0.0
18951,Zimbabwe,Meat,Processing,0.0,0.0,0.0,0.0,0.0,0.0,0.0,0.0,0.0,0.0,0.0,0.0,0.0,0.0,5.0,6.0,6.0,6.0
18952,Zimbabwe,Meat,Losses,0.0,0.0,0.0,0.0,0.0,0.0,0.0,0.0,0.0,0.0,0.0,0.0,0.0,0.0,8.0,8.0,9.0,9.0
18953,Zimbabwe,Meat,Seed,0.0,0.0,0.0,0.0,0.0,0.0,0.0,0.0,0.0,0.0,0.0,0.0,0.0,0.0,0.0,0.0,0.0,0.0
18954,Zimbabwe,Meat,Feed,0.0,0.0,0.0,0.0,0.0,0.0,0.0,0.0,0.0,0.0,0.0,0.0,0.0,0.0,0.0,0.0,0.0,0.0
18955,Zimbabwe,Meat,Domestic supply,167.0,215.0,193.0,206.0,222.0,229.0,234.0,239.0,243.0,266.0,263.0,278.0,280.0,259.0,257.0,260.0,267.0,267.0
18956,Zimbabwe,Meat,Human Consumption,167.0,214.0,193.0,206.0,222.0,228.0,233.0,238.0,242.0,265.0,262.0,277.0,280.0,258.0,243.0,246.0,253.0,252.0
18957,Zimbabwe,Meat,Export,21.0,1.0,13.0,9.0,7.0,3.0,3.0,4.0,3.0,1.0,0.0,1.0,5.0,3.0,0.0,0.0,0.0,0.0
18958,Zimbabwe,Meat,Stock Variation,-1.0,-1.0,0.0,0.0,2.0,0.0,0.0,0.0,0.0,0.0,0.0,0.0,0.0,0.0,-3.0,-2.0,-2.0,-2.0
18959,Zimbabwe,Meat,Production,189.0,217.0,206.0,215.0,225.0,232.0,235.0,241.0,245.0,249.0,243.0,246.0,249.0,249.0,242.0,248.0,255.0,257.0
18960,Zimbabwe,Offals,Feed,0.0,0.0,0.0,0.0,0.0,0.0,0.0,0.0,0.0,0.0,0.0,0.0,0.0,0.0,0.0,0.0,0.0,0.0
18961,Zimbabwe,Offals,Other uses (non-food),0.0,0.0,0.0,0.0,0.0,0.0,0.0,0.0,0.0,0.0,0.0,0.0,0.0,0.0,0.0,0.0,0.0,0.0
18962,Zimbabwe,Offals,Processing,0.0,0.0,0.0,0.0,0.0,0.0,0.0,0.0,0.0,0.0,0.0,0.0,0.0,0.0,0.0,0.0,0.0,0.0
18963,Zimbabwe,Offals,Losses,0.0,0.0,0.0,0.0,0.0,0.0,0.0,0.0,0.0,0.0,0.0,0.0,0.0,0.0,0.0,0.0,0.0,0.0
18964,Zimbabwe,Offals,Seed,0.0,0.0,0.0,0.0,0.0,0.0,0.0,0.0,0.0,0.0,0.0,0.0,0.0,0.0,0.0,0.0,0.0,0.0
18965,Zimbabwe,Offals,Domestic supply,18.0,20.0,19.0,19.0,20.0,20.0,21.0,21.0,21.0,21.0,21.0,21.0,22.0,22.0,18.0,18.0,19.0,20.0
18966,Zimbabwe,Offals,Export,0.0,0.0,0.0,0.0,0.0,0.0,0.0,0.0,0.0,0.0,0.0,0.0,0.0,0.0,0.0,0.0,0.0,0.0
18967,Zimbabwe,Offals,Stock Variation,0.0,0.0,0.0,0.0,0.0,0.0,0.0,0.0,0.0,0.0,0.0,0.0,0.0,0.0,0.0,0.0,0.0,0.0
18968,Zimbabwe,Offals,Import,0.0,0.0,0.0,0.0,0.0,0.0,0.0,0.0,0.0,0.0,0.0,0.0,0.0,0.0,1.0,0.0,0.0,0.0
18969,Zimbabwe,Offals,Production,17.0,20.0,19.0,19.0,20.0,20.0,20.0,21.0,21.0,21.0,21.0,21.0,21.0,22.0,17.0,18.0,19.0,20.0
18970,Zimbabwe,Animal fats,Human Consumption,29.0,30.0,27.0,28.0,26.0,26.0,29.0,29.0,27.0,31.0,30.0,25.0,26.0,20.0,7.0,7.0,7.0,7.0
18971,Zimbabwe,Miscellaneous,Production,0.0,0.0,0.0,0.0,0.0,0.0,0.0,0.0,0.0,0.0,0.0,0.0,0.0,0.0,0.0,0.0,0.0,0.0
18972,Zimbabwe,Offals,Human Consumption,18.0,20.0,19.0,19.0,20.0,20.0,21.0,21.0,21.0,21.0,21.0,21.0,22.0,22.0,17.0,17.0,18.0,20.0
18973,Zimbabwe,Miscellaneous,Import,0.0,0.0,0.0,0.0,0.0,0.0,0.0,0.0,0.0,0.0,0.0,0.0,0.0,0.0,42.0,47.0,34.0,20.0
18974,Zimbabwe,Spices,Feed,0.0,0.0,0.0,0.0,0.0,0.0,0.0,0.0,0.0,0.0,0.0,0.0,0.0,0.0,0.0,0.0,0.0,0.0
18975,Zimbabwe,Miscellaneous,Export,0.0,0.0,0.0,0.0,0.0,0.0,1.0,0.0,0.0,0.0,0.0,0.0,0.0,0.0,1.0,1.0,1.0,1.0
18976,Zimbabwe,Animal fats,Other uses (non-food),5.0,8.0,6.0,6.0,6.0,6.0,5.0,7.0,0.0,0.0,0.0,2.0,0.0,2.0,0.0,0.0,0.0,0.0
18977,Zimbabwe,Spices,Domestic supply,8.0,8.0,7.0,9.0,7.0,11.0,7.0,12.0,16.0,16.0,14.0,11.0,12.0,12.0,2.0,2.0,2.0,3.0
18978,Zimbabwe,Spices,Export,10.0,0.0,14.0,9.0,9.0,2.0,5.0,5.0,2.0,1.0,1.0,1.0,1.0,1.0,1.0,1.0,1.0,2.0
18979,Zimbabwe,Spices,Stock Variation,0.0,-7.0,5.0,2.0,0.0,-4.0,0.0,2.0,0.0,0.0,0.0,0.0,0.0,0.0,0.0,0.0,0.0,-1.0
18980,Zimbabwe,Spices,Import,0.0,0.0,1.0,0.0,1.0,1.0,1.0,0.0,0.0,0.0,2.0,1.0,1.0,1.0,0.0,1.0,1.0,1.0
18981,Zimbabwe,Spices,Production,17.0,15.0,16.0,16.0,16.0,15.0,11.0,15.0,18.0,16.0,13.0,12.0,12.0,12.0,3.0,3.0,3.0,3.0
18982,Zimbabwe,Alcoholic Beverages,Human Consumption,306.0,304.0,304.0,284.0,294.0,290.0,316.0,355.0,398.0,437.0,448.0,476.0,525.0,516.0,433.0,353.0,368.0,390.0
18983,Zimbabwe,Alcoholic Beverages,Other uses (non-food),0.0,0.0,0.0,0.0,1.0,1.0,1.0,1.0,0.0,0.0,0.0,3.0,4.0,0.0,3.0,3.0,3.0,3.0
18984,Zimbabwe,Alcoholic Beverages,Processing,0.0,0.0,0.0,0.0,0.0,0.0,0.0,0.0,0.0,0.0,0.0,0.0,0.0,0.0,0.0,0.0,0.0,0.0
18985,Zimbabwe,Alcoholic Beverages,Losses,0.0,0.0,0.0,0.0,0.0,0.0,0.0,0.0,0.0,0.0,0.0,0.0,0.0,0.0,0.0,0.0,0.0,0.0
18986,Zimbabwe,Alcoholic Beverages,Seed,0.0,0.0,0.0,0.0,0.0,0.0,0.0,0.0,0.0,0.0,0.0,0.0,0.0,0.0,0.0,0.0,0.0,0.0
18987,Zimbabwe,Miscellaneous,Stock Variation,0.0,0.0,0.0,0.0,0.0,0.0,0.0,0.0,0.0,0.0,0.0,0.0,0.0,0.0,0.0,0.0,0.0,0.0
18988,Zimbabwe,Alcoholic Beverages,Feed,0.0,0.0,0.0,0.0,0.0,0.0,0.0,0.0,0.0,0.0,0.0,0.0,0.0,0.0,0.0,0.0,0.0,0.0
18989,Zimbabwe,Alcoholic Beverages,Export,8.0,1.0,13.0,28.0,1.0,11.0,12.0,12.0,10.0,9.0,12.0,8.0,9.0,15.0,4.0,2.0,1.0,0.0
18990,Zimbabwe,Alcoholic Beverages,Stock Variation,1.0,-12.0,-19.0,11.0,-22.0,4.0,31.0,4.0,4.0,3.0,-3.0,0.0,0.0,3.0,3.0,3.0,-2.0,29.0
18991,Zimbabwe,Alcoholic Beverages,Import,2.0,2.0,6.0,3.0,2.0,1.0,2.0,3.0,9.0,18.0,26.0,18.0,17.0,13.0,14.0,9.0,8.0,11.0
18992,Zimbabwe,Alcoholic Beverages,Production,312.0,315.0,331.0,299.0,316.0,296.0,296.0,362.0,395.0,425.0,437.0,468.0,520.0,515.0,427.0,351.0,363.0,411.0
18993,Zimbabwe,Miscellaneous,Human Consumption,0.0,0.0,0.0,0.0,0.0,0.0,0.0,0.0,0.0,0.0,0.0,0.0,0.0,0.0,42.0,46.0,33.0,19.0
18994,Zimbabwe,Miscellaneous,Other uses (non-food),0.0,0.0,0.0,0.0,0.0,0.0,0.0,0.0,0.0,0.0,0.0,0.0,0.0,0.0,0.0,0.0,0.0,0.0
18995,Zimbabwe,Miscellaneous,Processing,0.0,0.0,0.0,0.0,0.0,0.0,0.0,0.0,0.0,0.0,0.0,0.0,0.0,0.0,0.0,0.0,0.0,0.0
18996,Zimbabwe,Miscellaneous,Losses,0.0,0.0,0.0,0.0,0.0,0.0,0.0,0.0,0.0,0.0,0.0,0.0,0.0,0.0,0.0,0.0,0.0,0.0
18997,Zimbabwe,Miscellaneous,Seed,0.0,0.0,0.0,0.0,0.0,0.0,0.0,0.0,0.0,0.0,0.0,0.0,0.0,0.0,0.0,0.0,0.0,0.0
18998,Zimbabwe,Miscellaneous,Feed,0.0,0.0,0.0,0.0,0.0,0.0,0.0,0.0,0.0,0.0,0.0,0.0,0.0,0.0,0.0,0.0,0.0,0.0
18999,Zimbabwe,Miscellaneous,Domestic supply,0.0,0.0,0.0,0.0,0.0,0.0,-1.0,0.0,0.0,0.0,0.0,0.0,0.0,0.0,42.0,46.0,33.0,19.0
19000,Zimbabwe,Alcoholic Beverages,Domestic supply,307.0,304.0,305.0,285.0,295.0,290.0,317.0,356.0,398.0,437.0,449.0,478.0,529.0,516.0,436.0,356.0,371.0,393.0
19001,Zimbabwe,Animal fats,Processing,0.0,0.0,0.0,0.0,0.0,0.0,0.0,0.0,0.0,0.0,0.0,0.0,0.0,0.0,0.0,1.0,1.0,0.0
19002,Zimbabwe,Pulses,Processing,0.0,0.0,0.0,0.0,0.0,0.0,0.0,0.0,0.0,0.0,0.0,0.0,0.0,0.0,0.0,0.0,0.0,0.0
19003,Zimbabwe,Animal fats,Seed,0.0,0.0,0.0,0.0,0.0,0.0,0.0,0.0,0.0,0.0,0.0,0.0,0.0,0.0,0.0,0.0,0.0,0.0
19004,Zimbabwe,"Fish, Seafood",Human Consumption,26.0,18.0,16.0,14.0,18.0,14.0,17.0,14.0,15.0,18.0,29.0,40.0,40.0,40.0,46.0,53.0,53.0,53.0
19005,Zimbabwe,"Fish, Seafood",Other uses (non-food),0.0,0.0,0.0,0.0,0.0,0.0,0.0,0.0,0.0,0.0,0.0,0.0,0.0,0.0,0.0,0.0,0.0,0.0
19006,Zimbabwe,"Fish, Seafood",Feed,7.0,5.0,1.0,0.0,5.0,4.0,9.0,6.0,9.0,5.0,15.0,15.0,15.0,15.0,7.0,7.0,4.0,4.0
19007,Zimbabwe,"Fish, Seafood",Domestic supply,33.0,23.0,17.0,14.0,23.0,18.0,27.0,20.0,24.0,22.0,44.0,55.0,55.0,55.0,53.0,60.0,58.0,58.0
19008,Zimbabwe,"Fish, Seafood",Export,2.0,2.0,2.0,1.0,2.0,1.0,2.0,2.0,2.0,1.0,1.0,2.0,2.0,2.0,7.0,6.0,4.0,4.0
19009,Zimbabwe,"Fish, Seafood",Stock Variation,0.0,-1.0,0.0,0.0,0.0,0.0,0.0,0.0,0.0,0.0,0.0,0.0,0.0,0.0,0.0,0.0,0.0,0.0
19010,Zimbabwe,"Fish, Seafood",Import,19.0,11.0,4.0,2.0,11.0,6.0,15.0,9.0,12.0,10.0,32.0,39.0,39.0,39.0,35.0,40.0,36.0,36.0
19011,Zimbabwe,"Fish, Seafood",Production,15.0,15.0,14.0,13.0,13.0,13.0,13.0,13.0,13.0,13.0,13.0,18.0,18.0,18.0,25.0,26.0,26.0,26.0
19012,Zimbabwe,"Aquatic Products, Other",Human Consumption,0.0,0.0,0.0,0.0,0.0,0.0,0.0,0.0,0.0,0.0,0.0,0.0,0.0,0.0,0.0,0.0,0.0,0.0
19013,Zimbabwe,"Aquatic Products, Other",Other uses (non-food),0.0,0.0,0.0,0.0,0.0,0.0,0.0,0.0,0.0,0.0,0.0,0.0,0.0,0.0,0.0,0.0,0.0,0.0
19014,Zimbabwe,"Aquatic Products, Other",Domestic supply,0.0,0.0,0.0,0.0,0.0,0.0,0.0,0.0,0.0,0.0,0.0,0.0,0.0,0.0,0.0,0.0,0.0,0.0
19015,Zimbabwe,Eggs,Production,22.0,22.0,22.0,24.0,25.0,26.0,27.0,28.0,29.0,30.0,30.0,30.0,30.0,30.0,30.0,28.0,29.0,29.0
19016,Zimbabwe,"Aquatic Products, Other",Import,0.0,0.0,0.0,0.0,0.0,0.0,0.0,0.0,0.0,0.0,0.0,0.0,0.0,0.0,0.0,0.0,0.0,0.0
19017,Zimbabwe,Cereals - Excluding Beer,Other uses (non-food),0.0,0.0,0.0,0.0,0.0,0.0,0.0,0.0,0.0,0.0,0.0,0.0,0.0,0.0,0.0,0.0,0.0,0.0
19018,Zimbabwe,Cereals - Excluding Beer,Processing,58.0,58.0,64.0,59.0,59.0,53.0,56.0,68.0,75.0,82.0,92.0,102.0,110.0,109.0,83.0,65.0,70.0,72.0
19019,Zimbabwe,Cereals - Excluding Beer,Losses,126.0,107.0,76.0,58.0,58.0,49.0,119.0,94.0,88.0,96.0,97.0,118.0,96.0,94.0,66.0,77.0,57.0,59.0
19020,Zimbabwe,Cereals - Excluding Beer,Seed,39.0,41.0,42.0,51.0,55.0,57.0,48.0,52.0,57.0,52.0,60.0,39.0,37.0,37.0,40.0,35.0,44.0,42.0
19021,Zimbabwe,Cereals - Excluding Beer,Feed,405.0,304.0,184.0,136.0,75.0,54.0,75.0,55.0,63.0,62.0,55.0,55.0,55.0,55.0,53.0,74.0,68.0,44.0
19022,Zimbabwe,Cereals - Excluding Beer,Domestic supply,2375.0,2273.0,2131.0,2079.0,2091.0,2055.0,2241.0,2229.0,2201.0,2273.0,2314.0,2408.0,2369.0,2311.0,2310.0,2311.0,2356.0,2394.0
19023,Zimbabwe,Cereals - Excluding Beer,Export,192.0,29.0,51.0,28.0,25.0,16.0,18.0,8.0,6.0,4.0,2.0,3.0,13.0,13.0,11.0,18.0,10.0,12.0
19024,Zimbabwe,Cereals - Excluding Beer,Stock Variation,-76.0,352.0,488.0,131.0,-719.0,571.0,-701.0,269.0,665.0,-187.0,-45.0,-523.0,222.0,494.0,-370.0,-511.0,27.0,-658.0
19025,Zimbabwe,Cereals - Excluding Beer,Import,123.0,105.0,785.0,647.0,666.0,243.0,1011.0,695.0,850.0,1582.0,955.0,1236.0,1000.0,819.0,712.0,1018.0,1329.0,628.0
19026,Zimbabwe,Cereals - Excluding Beer,Production,2519.0,1846.0,909.0,1329.0,2169.0,1256.0,1948.0,1273.0,692.0,883.0,1405.0,1698.0,1160.0,1011.0,1239.0,799.0,1065.0,1121.0
19027,Zimbabwe,Spices,Seed,0.0,0.0,0.0,0.0,0.0,0.0,0.0,0.0,0.0,0.0,0.0,0.0,0.0,0.0,0.0,0.0,0.0,0.0
19028,Zimbabwe,Cereals - Excluding Beer,Human Consumption,1748.0,1763.0,1765.0,1776.0,1844.0,1842.0,1944.0,1962.0,1918.0,1980.0,2011.0,2094.0,2071.0,2016.0,2068.0,2060.0,2118.0,2177.0
19029,Zimbabwe,Animal fats,Losses,0.0,0.0,0.0,0.0,0.0,0.0,0.0,0.0,0.0,0.0,0.0,0.0,0.0,0.0,0.0,0.0,0.0,0.0
19030,Zimbabwe,Eggs,Import,0.0,0.0,0.0,0.0,0.0,0.0,0.0,0.0,0.0,3.0,3.0,1.0,1.0,1.0,2.0,3.0,1.0,1.0
19031,Zimbabwe,Eggs,Export,3.0,0.0,7.0,1.0,6.0,3.0,4.0,2.0,2.0,1.0,0.0,1.0,1.0,1.0,0.0,0.0,0.0,0.0
19032,Zimbabwe,Animal fats,Feed,0.0,0.0,0.0,0.0,0.0,0.0,0.0,0.0,0.0,0.0,0.0,0.0,0.0,0.0,0.0,0.0,0.0,0.0
19033,Zimbabwe,Animal fats,Domestic supply,35.0,37.0,33.0,34.0,32.0,31.0,35.0,37.0,27.0,31.0,30.0,27.0,26.0,22.0,8.0,7.0,7.0,7.0
19034,Zimbabwe,Animal fats,Export,0.0,0.0,1.0,0.0,0.0,0.0,0.0,0.0,0.0,0.0,0.0,0.0,0.0,0.0,0.0,0.0,0.0,0.0
19035,Zimbabwe,Animal fats,Stock Variation,11.0,5.0,14.0,23.0,21.0,21.0,2.0,3.0,0.0,0.0,0.0,0.0,0.0,0.0,0.0,0.0,0.0,0.0
19036,Zimbabwe,Animal fats,Import,13.0,21.0,9.0,2.0,2.0,1.0,22.0,24.0,17.0,21.0,20.0,17.0,16.0,12.0,1.0,1.0,1.0,0.0
19037,Zimbabwe,Animal fats,Production,11.0,11.0,10.0,10.0,10.0,10.0,10.0,10.0,10.0,10.0,10.0,10.0,10.0,10.0,7.0,6.0,7.0,7.0
19038,Zimbabwe,Milk - Excluding Butter,Human Consumption,380.0,439.0,360.0,386.0,373.0,357.0,359.0,356.0,341.0,385.0,418.0,457.0,426.0,451.0,415.0,378.0,396.0,426.0
19039,Zimbabwe,Milk - Excluding Butter,Other uses (non-food),0.0,0.0,0.0,0.0,0.0,0.0,0.0,0.0,0.0,0.0,0.0,0.0,0.0,0.0,0.0,0.0,0.0,0.0
19040,Zimbabwe,Milk - Excluding Butter,Processing,0.0,0.0,0.0,0.0,0.0,0.0,0.0,0.0,0.0,0.0,0.0,0.0,0.0,0.0,0.0,0.0,0.0,0.0
19041,Zimbabwe,Milk - Excluding Butter,Losses,17.0,17.0,14.0,14.0,14.0,13.0,13.0,13.0,21.0,22.0,22.0,22.0,23.0,23.0,21.0,20.0,21.0,21.0
19042,Zimbabwe,Milk - Excluding Butter,Seed,0.0,0.0,0.0,0.0,0.0,0.0,0.0,0.0,0.0,0.0,0.0,0.0,0.0,0.0,0.0,0.0,0.0,0.0
19043,Zimbabwe,Eggs,Stock Variation,0.0,0.0,0.0,0.0,0.0,0.0,0.0,0.0,0.0,0.0,0.0,0.0,0.0,0.0,0.0,0.0,0.0,0.0
19044,Zimbabwe,Milk - Excluding Butter,Feed,36.0,36.0,28.0,21.0,21.0,21.0,21.0,21.0,21.0,23.0,25.0,25.0,30.0,31.0,31.0,29.0,36.0,34.0
19045,Zimbabwe,Milk - Excluding Butter,Export,76.0,11.0,14.0,2.0,20.0,7.0,8.0,8.0,15.0,9.0,1.0,0.0,1.0,2.0,0.0,1.0,0.0,0.0
19046,Zimbabwe,Milk - Excluding Butter,Stock Variation,24.0,-2.0,-6.0,-1.0,9.0,0.0,6.0,6.0,0.0,0.0,0.0,0.0,0.0,0.0,0.0,0.0,0.0,0.0
19047,Zimbabwe,Milk - Excluding Butter,Import,7.0,7.0,16.0,14.0,13.0,12.0,4.0,5.0,10.0,50.0,70.0,104.0,71.0,97.0,47.0,33.0,26.0,54.0
19048,Zimbabwe,Milk - Excluding Butter,Production,479.0,497.0,406.0,410.0,405.0,386.0,391.0,388.0,389.0,389.0,396.0,400.0,410.0,410.0,420.0,393.0,426.0,426.0
19049,Zimbabwe,Eggs,Human Consumption,16.0,18.0,11.0,19.0,15.0,18.0,18.0,21.0,22.0,27.0,27.0,24.0,24.0,25.0,26.0,25.0,26.0,26.0
19050,Zimbabwe,Eggs,Other uses (non-food),0.0,0.0,0.0,0.0,0.0,0.0,0.0,0.0,0.0,0.0,0.0,0.0,0.0,0.0,0.0,0.0,0.0,0.0
19051,Zimbabwe,Eggs,Processing,0.0,0.0,0.0,0.0,0.0,0.0,0.0,0.0,0.0,0.0,0.0,0.0,0.0,0.0,0.0,0.0,0.0,0.0
19052,Zimbabwe,Eggs,Losses,1.0,1.0,1.0,1.0,1.0,1.0,1.0,1.0,1.0,2.0,2.0,2.0,2.0,2.0,2.0,1.0,1.0,1.0
19053,Zimbabwe,Eggs,Seed,2.0,2.0,3.0,3.0,3.0,3.0,3.0,4.0,4.0,4.0,4.0,4.0,4.0,4.0,4.0,4.0,3.0,3.0
19054,Zimbabwe,Eggs,Feed,0.0,0.0,0.0,0.0,0.0,0.0,0.0,0.0,0.0,0.0,0.0,0.0,0.0,0.0,0.0,0.0,0.0,0.0
19055,Zimbabwe,Eggs,Domestic supply,19.0,22.0,15.0,23.0,19.0,23.0,23.0,26.0,27.0,32.0,32.0,29.0,29.0,30.0,32.0,31.0,30.0,30.0
19056,Zimbabwe,Milk - Excluding Butter,Domestic supply,433.0,492.0,402.0,421.0,407.0,391.0,393.0,391.0,384.0,430.0,465.0,504.0,480.0,506.0,467.0,425.0,452.0,480.0
19057,Zimbabwe,Spices,Losses,0.0,0.0,0.0,0.0,0.0,0.0,0.0,0.0,0.0,0.0,0.0,0.0,0.0,0.0,0.0,0.0,0.0,0.0
19058,Zimbabwe,Sugar & Sweeteners,Losses,0.0,0.0,0.0,0.0,0.0,0.0,0.0,0.0,0.0,0.0,0.0,0.0,0.0,0.0,0.0,0.0,0.0,0.0
19059,Zimbabwe,Spices,Other uses (non-food),0.0,0.0,0.0,0.0,0.0,0.0,0.0,0.0,0.0,0.0,0.0,0.0,0.0,0.0,0.0,0.0,0.0,0.0
19060,Zimbabwe,Oilcrops,Seed,21.0,23.0,23.0,17.0,17.0,16.0,24.0,21.0,22.0,23.0,25.0,27.0,26.0,26.0,12.0,11.0,14.0,14.0
19061,Zimbabwe,Oilcrops,Feed,6.0,16.0,25.0,28.0,36.0,46.0,41.0,33.0,31.0,19.0,24.0,17.0,27.0,30.0,14.0,36.0,23.0,24.0
19062,Zimbabwe,Oilcrops,Domestic supply,400.0,426.0,471.0,429.0,343.0,358.0,336.0,435.0,410.0,355.0,353.0,390.0,413.0,386.0,277.0,253.0,256.0,234.0
19063,Zimbabwe,Oilcrops,Export,93.0,13.0,6.0,9.0,22.0,8.0,6.0,12.0,14.0,46.0,16.0,17.0,2.0,13.0,2.0,2.0,4.0,1.0
19064,Zimbabwe,Oilcrops,Stock Variation,-15.0,-112.0,133.0,74.0,-36.0,11.0,-7.0,56.0,6.0,70.0,-14.0,61.0,15.0,10.0,-17.0,-47.0,6.0,36.0
19065,Zimbabwe,Oilcrops,Import,4.0,10.0,32.0,11.0,36.0,113.0,61.0,4.0,13.0,13.0,49.0,7.0,15.0,24.0,37.0,54.0,39.0,71.0
19066,Zimbabwe,Oilcrops,Production,503.0,541.0,313.0,353.0,365.0,241.0,288.0,386.0,406.0,317.0,335.0,338.0,385.0,365.0,225.0,153.0,227.0,200.0
19067,Zimbabwe,Treenuts,Human Consumption,1.0,1.0,1.0,1.0,1.0,2.0,1.0,2.0,2.0,3.0,4.0,2.0,4.0,3.0,4.0,3.0,2.0,5.0
19068,Zimbabwe,Treenuts,Other uses (non-food),0.0,0.0,0.0,0.0,0.0,0.0,0.0,0.0,0.0,0.0,0.0,0.0,0.0,0.0,0.0,0.0,0.0,0.0
19069,Zimbabwe,Treenuts,Processing,0.0,0.0,0.0,0.0,0.0,0.0,0.0,0.0,0.0,0.0,0.0,0.0,0.0,0.0,0.0,0.0,0.0,0.0
19070,Zimbabwe,Treenuts,Losses,0.0,0.0,0.0,0.0,0.0,0.0,0.0,0.0,0.0,0.0,0.0,0.0,0.0,0.0,0.0,0.0,0.0,0.0
19071,Zimbabwe,Oilcrops,Losses,10.0,11.0,8.0,8.0,5.0,5.0,5.0,7.0,6.0,5.0,6.0,5.0,6.0,6.0,10.0,8.0,11.0,9.0
19072,Zimbabwe,Treenuts,Seed,0.0,0.0,0.0,0.0,0.0,0.0,0.0,0.0,0.0,0.0,0.0,0.0,0.0,0.0,0.0,0.0,0.0,0.0
19073,Zimbabwe,Treenuts,Domestic supply,1.0,1.0,1.0,1.0,1.0,2.0,1.0,2.0,2.0,3.0,4.0,2.0,4.0,3.0,4.0,3.0,3.0,5.0
19074,Zimbabwe,Treenuts,Export,0.0,0.0,0.0,1.0,1.0,1.0,1.0,1.0,0.0,1.0,2.0,3.0,3.0,4.0,3.0,4.0,5.0,1.0
19075,Zimbabwe,Treenuts,Stock Variation,0.0,-1.0,-1.0,0.0,1.0,0.0,0.0,0.0,0.0,0.0,0.0,0.0,0.0,0.0,0.0,0.0,0.0,1.0
19076,Zimbabwe,Treenuts,Import,0.0,0.0,0.0,0.0,0.0,0.0,0.0,0.0,0.0,0.0,2.0,0.0,0.0,0.0,0.0,0.0,0.0,0.0
19077,Zimbabwe,Treenuts,Production,1.0,1.0,1.0,2.0,2.0,2.0,2.0,2.0,3.0,3.0,4.0,5.0,6.0,7.0,8.0,7.0,7.0,7.0
19078,Zimbabwe,Pulses,Human Consumption,43.0,47.0,51.0,56.0,63.0,59.0,61.0,57.0,69.0,78.0,68.0,56.0,52.0,55.0,47.0,44.0,40.0,41.0
19079,Zimbabwe,Pulses,Other uses (non-food),0.0,0.0,0.0,0.0,0.0,0.0,0.0,0.0,0.0,0.0,0.0,0.0,0.0,0.0,0.0,0.0,0.0,0.0
19080,Zimbabwe,Pulses,Domestic supply,51.0,54.0,59.0,65.0,70.0,67.0,67.0,64.0,76.0,85.0,76.0,64.0,60.0,63.0,50.0,54.0,44.0,44.0
19081,Zimbabwe,Pulses,Export,5.0,1.0,1.0,0.0,1.0,1.0,0.0,0.0,0.0,0.0,0.0,1.0,0.0,1.0,2.0,1.0,1.0,0.0
19082,Zimbabwe,Pulses,Stock Variation,2.0,0.0,-15.0,-30.0,-27.0,37.0,-4.0,2.0,-5.0,-13.0,24.0,12.0,4.0,16.0,-22.0,-29.0,-6.0,-13.0
19083,Zimbabwe,Pulses,Import,2.0,1.0,18.0,34.0,37.0,6.0,37.0,29.0,51.0,60.0,26.0,22.0,23.0,14.0,10.0,7.0,14.0,4.0
19084,Zimbabwe,Treenuts,Feed,0.0,0.0,0.0,0.0,0.0,0.0,0.0,0.0,0.0,0.0,0.0,0.0,0.0,0.0,0.0,0.0,0.0,0.0
19085,Zimbabwe,Pulses,Production,52.0,53.0,58.0,61.0,60.0,25.0,34.0,34.0,31.0,39.0,26.0,31.0,33.0,33.0,20.0,20.0,25.0,27.0
19086,Zimbabwe,Oilcrops,Processing,293.0,301.0,336.0,309.0,221.0,232.0,201.0,307.0,269.0,241.0,238.0,280.0,287.0,278.0,201.0,155.0,158.0,143.0
19087,Zimbabwe,Oilcrops,Human Consumption,65.0,71.0,69.0,66.0,60.0,59.0,61.0,62.0,48.0,44.0,41.0,40.0,38.0,38.0,37.0,38.0,43.0,43.0
19088,Zimbabwe,Pulses,Feed,0.0,0.0,0.0,0.0,0.0,0.0,0.0,0.0,0.0,0.0,0.0,0.0,0.0,0.0,0.0,8.0,1.0,0.0
19089,Zimbabwe,Pulses,Seed,5.0,5.0,5.0,5.0,4.0,5.0,4.0,4.0,5.0,4.0,5.0,5.0,5.0,5.0,2.0,2.0,2.0,2.0
19090,Zimbabwe,Sugar Crops,Human Consumption,0.0,0.0,0.0,0.0,0.0,0.0,0.0,0.0,0.0,0.0,0.0,0.0,0.0,0.0,0.0,0.0,0.0,0.0
19091,Zimbabwe,Sugar Crops,Other uses (non-food),0.0,0.0,0.0,0.0,0.0,0.0,0.0,0.0,0.0,0.0,0.0,0.0,0.0,0.0,0.0,0.0,0.0,0.0
19092,Zimbabwe,Sugar Crops,Processing,4228.0,4100.0,4200.0,4533.0,4121.0,3530.0,3682.0,2897.0,2582.0,2338.0,2692.0,3058.0,3929.0,3880.0,3752.0,3626.0,3820.0,3452.0
19093,Zimbabwe,Sugar Crops,Losses,0.0,0.0,0.0,0.0,0.0,0.0,0.0,0.0,0.0,0.0,0.0,0.0,0.0,0.0,206.0,179.0,186.0,192.0
19094,Zimbabwe,Sugar Crops,Seed,0.0,0.0,0.0,0.0,0.0,0.0,0.0,0.0,0.0,0.0,0.0,0.0,0.0,0.0,0.0,0.0,0.0,0.0
19095,Zimbabwe,Sugar Crops,Feed,0.0,0.0,0.0,0.0,0.0,0.0,0.0,0.0,0.0,0.0,0.0,0.0,0.0,0.0,0.0,0.0,0.0,0.0
19096,Zimbabwe,Sugar Crops,Domestic supply,4228.0,4100.0,4200.0,4533.0,4121.0,3530.0,3682.0,2897.0,2582.0,2338.0,2692.0,3058.0,3929.0,3880.0,3958.0,3805.0,4006.0,3644.0
19097,Zimbabwe,Sugar Crops,Export,0.0,0.0,0.0,0.0,0.0,0.0,0.0,0.0,0.0,0.0,0.0,0.0,0.0,0.0,0.0,0.0,0.0,0.0
19098,Zimbabwe,Sugar Crops,Stock Variation,0.0,0.0,0.0,0.0,0.0,0.0,0.0,0.0,0.0,0.0,0.0,0.0,0.0,0.0,-102.0,-457.0,-523.0,-60.0
19099,Zimbabwe,Oilcrops,Other uses (non-food),4.0,5.0,9.0,1.0,3.0,1.0,4.0,4.0,34.0,23.0,19.0,21.0,29.0,9.0,3.0,4.0,7.0,1.0
19100,Zimbabwe,Sugar Crops,Import,0.0,0.0,0.0,0.0,0.0,0.0,0.0,0.0,0.0,0.0,0.0,0.0,0.0,0.0,0.0,0.0,0.0,0.0
19101,Zimbabwe,Starchy Roots,Human Consumption,197.0,204.0,193.0,204.0,223.0,236.0,238.0,228.0,245.0,258.0,258.0,269.0,272.0,276.0,275.0,279.0,282.0,288.0
19102,Zimbabwe,Starchy Roots,Other uses (non-food),1.0,0.0,1.0,1.0,1.0,1.0,1.0,1.0,0.0,1.0,1.0,1.0,1.0,2.0,2.0,2.0,2.0,1.0
19103,Zimbabwe,Starchy Roots,Processing,0.0,0.0,0.0,0.0,0.0,0.0,0.0,0.0,0.0,0.0,0.0,0.0,0.0,0.0,0.0,0.0,0.0,0.0
19104,Zimbabwe,Starchy Roots,Losses,11.0,11.0,11.0,11.0,12.0,13.0,13.0,12.0,13.0,14.0,14.0,14.0,14.0,15.0,22.0,23.0,23.0,23.0
19105,Zimbabwe,Starchy Roots,Seed,2.0,2.0,3.0,3.0,3.0,3.0,3.0,3.0,3.0,3.0,3.0,3.0,4.0,4.0,2.0,3.0,3.0,3.0
19106,Zimbabwe,Starchy Roots,Feed,0.0,0.0,0.0,0.0,0.0,0.0,0.0,0.0,0.0,0.0,0.0,0.0,0.0,0.0,0.0,3.0,3.0,8.0
19107,Zimbabwe,Starchy Roots,Domestic supply,210.0,218.0,207.0,218.0,239.0,253.0,254.0,244.0,261.0,276.0,276.0,288.0,291.0,296.0,301.0,309.0,313.0,322.0
19108,Zimbabwe,Starchy Roots,Export,1.0,0.0,7.0,6.0,1.0,0.0,7.0,0.0,0.0,0.0,0.0,0.0,0.0,0.0,0.0,0.0,0.0,0.0
19109,Zimbabwe,Starchy Roots,Stock Variation,0.0,0.0,0.0,0.0,0.0,0.0,0.0,0.0,0.0,0.0,0.0,0.0,0.0,0.0,-1.0,-1.0,-1.0,-1.0
19110,Zimbabwe,Starchy Roots,Import,1.0,1.0,0.0,1.0,1.0,1.0,1.0,1.0,2.0,6.0,11.0,6.0,4.0,5.0,4.0,7.0,6.0,11.0
19111,Zimbabwe,Starchy Roots,Production,210.0,217.0,213.0,223.0,239.0,253.0,261.0,243.0,260.0,270.0,266.0,281.0,286.0,291.0,296.0,301.0,305.0,310.0
19112,Zimbabwe,Sugar Crops,Production,4228.0,4100.0,4200.0,4533.0,4121.0,3530.0,3682.0,2897.0,2582.0,2338.0,2692.0,3058.0,3929.0,3880.0,3856.0,3348.0,3483.0,3584.0
19113,Zimbabwe,Spices,Processing,0.0,0.0,0.0,0.0,0.0,0.0,0.0,0.0,0.0,0.0,0.0,0.0,0.0,0.0,0.0,0.0,0.0,0.0
19114,Zimbabwe,Sugar & Sweeteners,Human Consumption,349.0,374.0,385.0,347.0,335.0,313.0,339.0,302.0,285.0,287.0,314.0,336.0,396.0,416.0,482.0,513.0,470.0,447.0
19115,Zimbabwe,Sugar & Sweeteners,Processing,12.0,17.0,17.0,17.0,24.0,24.0,23.0,24.0,24.0,27.0,26.0,29.0,52.0,58.0,36.0,37.0,38.0,38.0
19116,Zimbabwe,Vegetables,Production,149.0,162.0,161.0,181.0,187.0,174.0,216.0,200.0,144.0,182.0,208.0,208.0,231.0,231.0,231.0,236.0,241.0,245.0
19117,Zimbabwe,Fruits - Excluding Wine,Human Consumption,133.0,153.0,163.0,182.0,191.0,134.0,167.0,177.0,185.0,184.0,211.0,230.0,246.0,217.0,209.0,213.0,180.0,212.0
19118,Zimbabwe,Fruits - Excluding Wine,Other uses (non-food),0.0,0.0,0.0,0.0,0.0,0.0,0.0,0.0,0.0,0.0,0.0,0.0,0.0,0.0,0.0,0.0,0.0,0.0
19119,Zimbabwe,Fruits - Excluding Wine,Processing,3.0,3.0,3.0,3.0,3.0,3.0,3.0,3.0,3.0,3.0,3.0,3.0,3.0,3.0,26.0,29.0,18.0,30.0
19120,Zimbabwe,Fruits - Excluding Wine,Losses,25.0,22.0,24.0,25.0,25.0,24.0,24.0,24.0,24.0,21.0,24.0,24.0,25.0,25.0,29.0,29.0,30.0,30.0
19121,Zimbabwe,Fruits - Excluding Wine,Seed,0.0,0.0,0.0,0.0,0.0,0.0,0.0,0.0,0.0,0.0,0.0,0.0,0.0,0.0,0.0,0.0,0.0,0.0
19122,Zimbabwe,Fruits - Excluding Wine,Feed,0.0,0.0,0.0,0.0,0.0,0.0,0.0,0.0,0.0,0.0,0.0,0.0,0.0,0.0,0.0,0.0,0.0,0.0
19123,Zimbabwe,Fruits - Excluding Wine,Domestic supply,162.0,178.0,190.0,209.0,219.0,161.0,194.0,204.0,212.0,207.0,238.0,257.0,274.0,245.0,264.0,272.0,227.0,271.0
19124,Zimbabwe,Fruits - Excluding Wine,Export,108.0,56.0,78.0,51.0,56.0,96.0,72.0,55.0,46.0,35.0,50.0,33.0,36.0,56.0,54.0,51.0,85.0,52.0
19125,Zimbabwe,Fruits - Excluding Wine,Stock Variation,29.0,6.0,15.0,-6.0,2.0,18.0,4.0,0.0,0.0,0.0,0.0,0.0,0.0,0.0,0.0,0.0,0.0,0.0
19126,Zimbabwe,Fruits - Excluding Wine,Import,10.0,6.0,7.0,5.0,11.0,2.0,5.0,6.0,5.0,21.0,45.0,44.0,55.0,46.0,45.0,47.0,39.0,41.0
19127,Zimbabwe,Vegetables,Import,3.0,3.0,3.0,5.0,4.0,5.0,11.0,2.0,3.0,11.0,19.0,22.0,18.0,18.0,15.0,11.0,9.0,10.0
19128,Zimbabwe,Fruits - Excluding Wine,Production,231.0,222.0,246.0,261.0,263.0,237.0,258.0,254.0,253.0,221.0,243.0,246.0,255.0,255.0,272.0,276.0,273.0,281.0
19129,Zimbabwe,Stimulants,Other uses (non-food),0.0,0.0,0.0,0.0,0.0,0.0,0.0,0.0,0.0,0.0,0.0,0.0,0.0,0.0,0.0,0.0,0.0,0.0
19130,Zimbabwe,Stimulants,Processing,0.0,0.0,0.0,0.0,0.0,0.0,0.0,0.0,0.0,0.0,0.0,0.0,0.0,0.0,0.0,0.0,0.0,0.0
19131,Zimbabwe,Stimulants,Losses,0.0,0.0,0.0,0.0,0.0,0.0,0.0,0.0,0.0,0.0,0.0,0.0,0.0,0.0,1.0,1.0,1.0,1.0
19132,Zimbabwe,Stimulants,Seed,0.0,0.0,0.0,0.0,0.0,0.0,0.0,0.0,0.0,0.0,0.0,0.0,0.0,0.0,0.0,0.0,0.0,0.0
19133,Zimbabwe,Stimulants,Feed,0.0,0.0,0.0,0.0,0.0,0.0,0.0,0.0,0.0,0.0,0.0,0.0,0.0,0.0,0.0,0.0,0.0,0.0
19134,Zimbabwe,Stimulants,Domestic supply,9.0,21.0,10.0,13.0,7.0,21.0,14.0,24.0,16.0,11.0,23.0,11.0,10.0,10.0,14.0,14.0,16.0,16.0
19135,Zimbabwe,Stimulants,Export,23.0,8.0,23.0,19.0,20.0,6.0,13.0,9.0,7.0,9.0,10.0,12.0,12.0,12.0,14.0,14.0,12.0,12.0
19136,Zimbabwe,Stimulants,Stock Variation,-1.0,-3.0,0.0,-1.0,1.0,-2.0,0.0,3.0,2.0,1.0,1.0,1.0,0.0,0.0,0.0,0.0,0.0,0.0
19137,Zimbabwe,Stimulants,Import,1.0,1.0,3.0,1.0,1.0,3.0,2.0,6.0,1.0,1.0,13.0,4.0,2.0,3.0,2.0,3.0,2.0,2.0
19138,Zimbabwe,Stimulants,Production,31.0,30.0,30.0,32.0,25.0,26.0,25.0,24.0,21.0,18.0,20.0,19.0,20.0,20.0,25.0,25.0,26.0,26.0
19139,Zimbabwe,Spices,Human Consumption,8.0,8.0,7.0,9.0,7.0,11.0,7.0,12.0,16.0,16.0,14.0,11.0,12.0,12.0,2.0,2.0,2.0,2.0
19140,Zimbabwe,Stimulants,Human Consumption,9.0,21.0,10.0,13.0,7.0,21.0,14.0,24.0,16.0,11.0,23.0,11.0,10.0,10.0,13.0,12.0,15.0,14.0
19141,Zimbabwe,Sugar & Sweeteners,Other uses (non-food),0.0,0.0,0.0,0.0,0.0,0.0,0.0,0.0,0.0,0.0,0.0,0.0,0.0,0.0,0.0,0.0,0.0,0.0
19142,Zimbabwe,Vegetables,Stock Variation,0.0,0.0,0.0,0.0,0.0,0.0,0.0,0.0,0.0,0.0,0.0,0.0,0.0,0.0,0.0,0.0,0.0,0.0
19143,Zimbabwe,Vegetables,Domestic supply,140.0,160.0,149.0,170.0,178.0,176.0,220.0,197.0,145.0,189.0,227.0,229.0,247.0,247.0,245.0,246.0,249.0,249.0
19144,Zimbabwe,Sugar & Sweeteners,Seed,0.0,0.0,0.0,0.0,0.0,0.0,0.0,0.0,0.0,0.0,0.0,0.0,0.0,0.0,0.0,0.0,0.0,0.0
19145,Zimbabwe,Sugar & Sweeteners,Feed,0.0,0.0,0.0,0.0,0.0,0.0,0.0,0.0,0.0,0.0,0.0,0.0,0.0,0.0,0.0,0.0,0.0,0.0
19146,Zimbabwe,Sugar & Sweeteners,Domestic supply,362.0,391.0,402.0,364.0,359.0,337.0,363.0,326.0,309.0,314.0,341.0,365.0,448.0,474.0,517.0,550.0,508.0,486.0
19147,Zimbabwe,Sugar & Sweeteners,Export,282.0,179.0,156.0,99.0,110.0,189.0,172.0,65.0,105.0,141.0,114.0,105.0,160.0,156.0,264.0,200.0,110.0,126.0
19148,Zimbabwe,Sugar & Sweeteners,Stock Variation,51.0,13.0,-18.0,-32.0,0.0,56.0,7.0,33.0,109.0,138.0,-116.0,10.0,-15.0,-10.0,-101.0,-69.0,46.0,-26.0
19149,Zimbabwe,Sugar & Sweeteners,Import,2.0,2.0,4.0,4.0,6.0,33.0,75.0,1.0,6.0,48.0,222.0,70.0,99.0,157.0,120.0,133.0,89.0,59.0
19150,Zimbabwe,Sugar & Sweeteners,Production,591.0,555.0,573.0,491.0,464.0,437.0,453.0,357.0,299.0,269.0,348.0,390.0,524.0,483.0,560.0,548.0,574.0,526.0
19151,Zimbabwe,Vegetable Oils,Human Consumption,104.0,102.0,112.0,112.0,111.0,114.0,112.0,114.0,134.0,135.0,137.0,147.0,159.0,160.0,158.0,162.0,166.0,165.0
19152,Zimbabwe,Vegetable Oils,Other uses (non-food),11.0,9.0,13.0,11.0,11.0,10.0,8.0,5.0,8.0,8.0,5.0,7.0,11.0,10.0,8.0,9.0,11.0,11.0
19153,Zimbabwe,Vegetable Oils,Processing,0.0,0.0,0.0,0.0,0.0,0.0,0.0,0.0,0.0,0.0,0.0,0.0,0.0,0.0,17.0,19.0,21.0,21.0
19154,Zimbabwe,Vegetable Oils,Losses,0.0,0.0,0.0,0.0,0.0,0.0,0.0,0.0,0.0,0.0,0.0,0.0,0.0,0.0,0.0,0.0,0.0,0.0
19155,Zimbabwe,Vegetables,Export,13.0,5.0,15.0,16.0,13.0,3.0,6.0,6.0,3.0,4.0,1.0,1.0,1.0,1.0,1.0,2.0,1.0,7.0
19156,Zimbabwe,Vegetable Oils,Seed,0.0,0.0,0.0,0.0,0.0,0.0,0.0,0.0,0.0,0.0,0.0,0.0,0.0,0.0,0.0,0.0,0.0,0.0
19157,Zimbabwe,Vegetable Oils,Domestic supply,114.0,111.0,125.0,124.0,122.0,124.0,120.0,119.0,142.0,143.0,142.0,154.0,170.0,169.0,186.0,216.0,226.0,212.0
19158,Zimbabwe,Vegetable Oils,Export,5.0,1.0,5.0,3.0,4.0,3.0,3.0,2.0,2.0,4.0,3.0,7.0,4.0,2.0,1.0,0.0,0.0,0.0
19159,Zimbabwe,Vegetable Oils,Stock Variation,-15.0,-14.0,-19.0,21.0,2.0,19.0,-12.0,-24.0,-1.0,-22.0,-31.0,-37.0,-35.0,18.0,-26.0,-11.0,-3.0,-19.0
19160,Zimbabwe,Vegetable Oils,Import,52.0,48.0,67.0,36.0,65.0,48.0,80.0,71.0,76.0,106.0,113.0,129.0,138.0,83.0,84.0,128.0,146.0,121.0
19161,Zimbabwe,Vegetable Oils,Production,82.0,78.0,82.0,70.0,59.0,59.0,55.0,75.0,69.0,62.0,62.0,69.0,71.0,70.0,77.0,77.0,77.0,73.0
19162,Zimbabwe,Vegetables,Human Consumption,126.0,145.0,135.0,153.0,161.0,166.0,208.0,185.0,137.0,179.0,215.0,217.0,227.0,227.0,221.0,221.0,224.0,223.0
19163,Zimbabwe,Vegetables,Other uses (non-food),0.0,0.0,0.0,0.0,0.0,0.0,0.0,0.0,0.0,0.0,0.0,0.0,0.0,0.0,0.0,0.0,0.0,0.0
19164,Zimbabwe,Vegetables,Processing,0.0,0.0,0.0,0.0,0.0,0.0,0.0,0.0,0.0,0.0,0.0,0.0,0.0,0.0,0.0,0.0,0.0,0.0
19165,Zimbabwe,Vegetables,Losses,13.0,15.0,14.0,16.0,17.0,10.0,12.0,11.0,8.0,10.0,12.0,12.0,20.0,20.0,24.0,24.0,25.0,25.0
19166,Zimbabwe,Vegetables,Seed,0.0,0.0,0.0,0.0,0.0,0.0,0.0,0.0,0.0,0.0,0.0,0.0,0.0,0.0,0.0,0.0,0.0,0.0
19167,Zimbabwe,Vegetables,Feed,0.0,0.0,0.0,0.0,0.0,0.0,0.0,0.0,0.0,0.0,0.0,0.0,0.0,0.0,0.0,0.0,0.0,0.0
19168,Zimbabwe,Vegetable Oils,Feed,0.0,0.0,0.0,0.0,0.0,0.0,0.0,0.0,0.0,0.0,0.0,0.0,0.0,0.0,3.0,19.0,24.0,15.0
19169,Zimbabwe,Pulses,Losses,3.0,3.0,4.0,4.0,4.0,3.0,3.0,3.0,2.0,3.0,2.0,2.0,2.0,2.0,1.0,1.0,1.0,1.0
